8.139000000000000000e+03 7.035000000000000000e+03 1.047999999999999972e+02 9.599999999999999645e+00 1.718000000000000000e+03
8.045000000000000000e+03 7.110000000000000000e+03 7.959999999999999432e+01 9.599999999999999645e+00 1.824000000000000000e+03
8.093000000000000000e+03 7.047000000000000000e+03 1.002000000000000028e+02 9.699999999999999289e+00 1.766000000000000000e+03
8.134000000000000000e+03 7.005000000000000000e+03 1.057000000000000028e+02 9.300000000000000711e+00 1.716000000000000000e+03
8.038000000000000000e+03 7.013000000000000000e+03 9.359999999999999432e+01 9.000000000000000000e+00 1.811000000000000000e+03
8.039000000000000000e+03 7.164000000000000000e+03 9.250000000000000000e+01 9.500000000000000000e+00 1.833000000000000000e+03
8.081000000000000000e+03 7.122000000000000000e+03 8.320000000000000284e+01 9.199999999999999289e+00 1.771000000000000000e+03
8.111000000000000000e+03 6.978000000000000000e+03 7.450000000000000000e+01 9.000000000000000000e+00 1.729000000000000000e+03
8.094000000000000000e+03 6.936000000000000000e+03 1.112999999999999972e+02 9.400000000000000355e+00 1.741000000000000000e+03
8.066000000000000000e+03 7.061000000000000000e+03 1.130999999999999943e+02 1.000000000000000000e+01 1.785000000000000000e+03
8.084000000000000000e+03 7.161000000000000000e+03 8.209999999999999432e+01 9.699999999999999289e+00 1.768000000000000000e+03
8.055000000000000000e+03 7.114000000000000000e+03 8.250000000000000000e+01 9.400000000000000355e+00 1.790000000000000000e+03
8.127000000000000000e+03 7.068000000000000000e+03 7.700000000000000000e+01 1.019999999999999929e+01 1.723000000000000000e+03
8.040000000000000000e+03 6.996000000000000000e+03 1.065000000000000000e+02 1.000000000000000000e+01 1.797000000000000000e+03
8.111000000000000000e+03 7.105000000000000000e+03 9.729999999999999716e+01 9.199999999999999289e+00 1.734000000000000000e+03
8.085000000000000000e+03 6.975000000000000000e+03 9.490000000000000568e+01 1.000000000000000000e+01 1.737000000000000000e+03
8.093000000000000000e+03 7.144000000000000000e+03 8.720000000000000284e+01 9.599999999999999645e+00 1.767000000000000000e+03
8.035000000000000000e+03 7.127000000000000000e+03 8.000000000000000000e+01 1.019999999999999929e+01 1.822000000000000000e+03
8.036000000000000000e+03 7.091000000000000000e+03 7.790000000000000568e+01 9.400000000000000355e+00 1.829000000000000000e+03
8.137000000000000000e+03 7.155000000000000000e+03 8.009999999999999432e+01 8.800000000000000711e+00 1.699000000000000000e+03
8.140000000000000000e+03 7.125000000000000000e+03 9.929999999999999716e+01 9.000000000000000000e+00 1.693000000000000000e+03
8.072000000000000000e+03 7.124000000000000000e+03 8.950000000000000000e+01 9.000000000000000000e+00 1.797000000000000000e+03
8.143000000000000000e+03 7.152000000000000000e+03 8.790000000000000568e+01 9.400000000000000355e+00 1.724000000000000000e+03
8.069000000000000000e+03 7.146000000000000000e+03 1.012000000000000028e+02 9.500000000000000000e+00 1.775000000000000000e+03
8.100000000000000000e+03 7.079000000000000000e+03 9.729999999999999716e+01 1.059999999999999964e+01 1.754000000000000000e+03
8.114000000000000000e+03 6.990000000000000000e+03 9.509999999999999432e+01 1.000000000000000000e+01 1.736000000000000000e+03
8.089000000000000000e+03 7.115000000000000000e+03 9.520000000000000284e+01 9.500000000000000000e+00 1.756000000000000000e+03
8.119000000000000000e+03 6.947000000000000000e+03 1.355999999999999943e+02 1.000000000000000000e+01 1.738000000000000000e+03
8.094000000000000000e+03 7.140000000000000000e+03 9.600000000000000000e+01 9.800000000000000711e+00 1.733000000000000000e+03
8.052000000000000000e+03 7.103000000000000000e+03 9.379999999999999716e+01 9.699999999999999289e+00 1.798000000000000000e+03
8.035000000000000000e+03 7.062000000000000000e+03 1.032000000000000028e+02 9.199999999999999289e+00 1.816000000000000000e+03
8.082000000000000000e+03 6.999000000000000000e+03 1.020000000000000000e+02 9.400000000000000355e+00 1.768000000000000000e+03
8.164000000000000000e+03 6.982000000000000000e+03 8.100000000000000000e+01 9.400000000000000355e+00 1.682000000000000000e+03
8.046000000000000000e+03 7.004000000000000000e+03 7.859999999999999432e+01 1.009999999999999964e+01 1.803000000000000000e+03
8.056000000000000000e+03 7.145000000000000000e+03 8.590000000000000568e+01 9.599999999999999645e+00 1.796000000000000000e+03
8.054000000000000000e+03 6.974000000000000000e+03 9.009999999999999432e+01 1.000000000000000000e+01 1.790000000000000000e+03
8.046000000000000000e+03 7.048000000000000000e+03 8.390000000000000568e+01 9.199999999999999289e+00 1.799000000000000000e+03
8.036000000000000000e+03 7.152000000000000000e+03 8.420000000000000284e+01 9.099999999999999645e+00 1.804000000000000000e+03
8.085000000000000000e+03 7.046000000000000000e+03 1.017000000000000028e+02 9.800000000000000711e+00 1.770000000000000000e+03
8.091000000000000000e+03 7.078000000000000000e+03 8.529999999999999716e+01 1.040000000000000036e+01 1.767000000000000000e+03
8.081000000000000000e+03 7.112000000000000000e+03 1.017000000000000028e+02 9.000000000000000000e+00 1.754000000000000000e+03
8.007000000000000000e+03 7.155000000000000000e+03 7.790000000000000568e+01 9.300000000000000711e+00 1.818000000000000000e+03
8.119000000000000000e+03 7.147000000000000000e+03 9.390000000000000568e+01 1.000000000000000000e+01 1.737000000000000000e+03
8.076000000000000000e+03 6.960000000000000000e+03 9.479999999999999716e+01 9.199999999999999289e+00 1.777000000000000000e+03
8.129000000000000000e+03 7.080000000000000000e+03 1.132999999999999972e+02 9.800000000000000711e+00 1.742000000000000000e+03
8.106000000000000000e+03 7.130000000000000000e+03 9.409999999999999432e+01 9.699999999999999289e+00 1.750000000000000000e+03
8.100000000000000000e+03 7.073000000000000000e+03 8.659999999999999432e+01 9.199999999999999289e+00 1.769000000000000000e+03
8.060000000000000000e+03 7.206000000000000000e+03 9.429999999999999716e+01 9.400000000000000355e+00 1.802000000000000000e+03
8.042000000000000000e+03 7.124000000000000000e+03 9.059999999999999432e+01 9.599999999999999645e+00 1.815000000000000000e+03
8.026000000000000000e+03 7.087000000000000000e+03 9.500000000000000000e+01 1.009999999999999964e+01 1.801000000000000000e+03
8.074000000000000000e+03 7.186000000000000000e+03 8.720000000000000284e+01 9.000000000000000000e+00 1.767000000000000000e+03
8.050000000000000000e+03 6.957000000000000000e+03 9.920000000000000284e+01 9.500000000000000000e+00 1.775000000000000000e+03
8.097000000000000000e+03 7.052000000000000000e+03 1.002999999999999972e+02 9.800000000000000711e+00 1.752000000000000000e+03
8.009000000000000000e+03 7.031000000000000000e+03 1.004000000000000057e+02 1.000000000000000000e+01 1.840000000000000000e+03
8.068000000000000000e+03 7.170000000000000000e+03 1.097000000000000028e+02 9.400000000000000355e+00 1.789000000000000000e+03
8.132000000000000000e+03 7.119000000000000000e+03 8.329999999999999716e+01 1.040000000000000036e+01 1.713000000000000000e+03
8.079000000000000000e+03 7.160000000000000000e+03 9.079999999999999716e+01 9.000000000000000000e+00 1.772000000000000000e+03
8.130000000000000000e+03 7.112000000000000000e+03 1.000999999999999943e+02 9.199999999999999289e+00 1.731000000000000000e+03
8.078000000000000000e+03 7.220000000000000000e+03 1.092000000000000028e+02 1.009999999999999964e+01 1.754000000000000000e+03
8.131000000000000000e+03 7.017000000000000000e+03 9.370000000000000284e+01 1.080000000000000071e+01 1.731000000000000000e+03
8.050000000000000000e+03 7.165000000000000000e+03 9.179999999999999716e+01 9.699999999999999289e+00 1.791000000000000000e+03
8.013000000000000000e+03 7.111000000000000000e+03 1.069000000000000057e+02 9.500000000000000000e+00 1.835000000000000000e+03
8.050000000000000000e+03 7.075000000000000000e+03 9.559999999999999432e+01 1.000000000000000000e+01 1.787000000000000000e+03
8.061000000000000000e+03 7.080000000000000000e+03 1.017000000000000028e+02 1.019999999999999929e+01 1.791000000000000000e+03
8.145000000000000000e+03 7.019000000000000000e+03 1.030000000000000000e+02 9.599999999999999645e+00 1.742000000000000000e+03
8.033000000000000000e+03 7.080000000000000000e+03 9.600000000000000000e+01 9.699999999999999289e+00 1.823000000000000000e+03
8.086000000000000000e+03 7.075000000000000000e+03 1.585000000000000000e+02 9.099999999999999645e+00 1.761000000000000000e+03
8.177000000000000000e+03 7.037000000000000000e+03 7.429999999999999716e+01 9.599999999999999645e+00 1.669000000000000000e+03
8.041000000000000000e+03 7.214000000000000000e+03 1.110000000000000000e+02 9.500000000000000000e+00 1.799000000000000000e+03
8.054000000000000000e+03 7.163000000000000000e+03 8.650000000000000000e+01 9.800000000000000711e+00 1.790000000000000000e+03
8.066000000000000000e+03 6.973000000000000000e+03 9.700000000000000000e+01 1.000000000000000000e+01 1.769000000000000000e+03
8.051000000000000000e+03 7.197000000000000000e+03 1.025999999999999943e+02 9.199999999999999289e+00 1.773000000000000000e+03
8.102000000000000000e+03 7.025000000000000000e+03 1.160999999999999943e+02 1.000000000000000000e+01 1.742000000000000000e+03
8.045000000000000000e+03 7.062000000000000000e+03 1.242000000000000028e+02 9.300000000000000711e+00 1.820000000000000000e+03
8.082000000000000000e+03 7.177000000000000000e+03 9.500000000000000000e+01 9.000000000000000000e+00 1.775000000000000000e+03
8.017000000000000000e+03 6.983000000000000000e+03 1.269000000000000057e+02 9.000000000000000000e+00 1.839000000000000000e+03
8.057000000000000000e+03 7.155000000000000000e+03 9.879999999999999716e+01 9.400000000000000355e+00 1.805000000000000000e+03
8.046000000000000000e+03 6.898000000000000000e+03 8.100000000000000000e+01 1.040000000000000036e+01 1.800000000000000000e+03
8.039000000000000000e+03 7.143000000000000000e+03 9.200000000000000000e+01 9.500000000000000000e+00 1.808000000000000000e+03
8.055000000000000000e+03 7.036000000000000000e+03 9.509999999999999432e+01 9.500000000000000000e+00 1.811000000000000000e+03
8.024000000000000000e+03 7.108000000000000000e+03 9.120000000000000284e+01 9.800000000000000711e+00 1.814000000000000000e+03
8.057000000000000000e+03 7.161000000000000000e+03 9.829999999999999716e+01 9.500000000000000000e+00 1.787000000000000000e+03
8.015000000000000000e+03 6.985000000000000000e+03 7.840000000000000568e+01 1.009999999999999964e+01 1.845000000000000000e+03
8.036000000000000000e+03 7.149000000000000000e+03 1.005999999999999943e+02 9.300000000000000711e+00 1.786000000000000000e+03
8.043000000000000000e+03 7.082000000000000000e+03 9.620000000000000284e+01 9.000000000000000000e+00 1.787000000000000000e+03
8.081000000000000000e+03 7.071000000000000000e+03 1.704000000000000057e+02 1.000000000000000000e+01 1.774000000000000000e+03
8.115000000000000000e+03 7.043000000000000000e+03 8.779999999999999716e+01 9.400000000000000355e+00 1.755000000000000000e+03
8.055000000000000000e+03 7.029000000000000000e+03 8.759999999999999432e+01 1.040000000000000036e+01 1.785000000000000000e+03
7.997000000000000000e+03 7.132000000000000000e+03 8.340000000000000568e+01 9.300000000000000711e+00 1.851000000000000000e+03
8.073000000000000000e+03 7.121000000000000000e+03 1.002999999999999972e+02 9.300000000000000711e+00 1.782000000000000000e+03
8.069000000000000000e+03 7.079000000000000000e+03 7.929999999999999716e+01 9.699999999999999289e+00 1.790000000000000000e+03
8.067000000000000000e+03 6.948000000000000000e+03 8.400000000000000000e+01 9.699999999999999289e+00 1.795000000000000000e+03
8.072000000000000000e+03 7.250000000000000000e+03 9.670000000000000284e+01 1.000000000000000000e+01 1.789000000000000000e+03
8.085000000000000000e+03 7.061000000000000000e+03 9.200000000000000000e+01 9.800000000000000711e+00 1.782000000000000000e+03
8.042000000000000000e+03 7.138000000000000000e+03 8.709999999999999432e+01 9.699999999999999289e+00 1.799000000000000000e+03
8.044000000000000000e+03 7.108000000000000000e+03 9.300000000000000000e+01 9.500000000000000000e+00 1.774000000000000000e+03
8.052000000000000000e+03 7.196000000000000000e+03 1.015000000000000000e+02 1.040000000000000036e+01 1.807000000000000000e+03
8.047000000000000000e+03 7.170000000000000000e+03 1.020999999999999943e+02 9.300000000000000711e+00 1.798000000000000000e+03
8.072000000000000000e+03 7.038000000000000000e+03 1.606999999999999886e+02 1.030000000000000071e+01 1.781000000000000000e+03
8.072000000000000000e+03 7.101000000000000000e+03 9.000000000000000000e+01 1.080000000000000071e+01 1.789000000000000000e+03
8.101000000000000000e+03 6.986000000000000000e+03 7.900000000000000000e+01 9.800000000000000711e+00 1.751000000000000000e+03
8.097000000000000000e+03 7.058000000000000000e+03 1.047999999999999972e+02 9.099999999999999645e+00 1.748000000000000000e+03
8.037000000000000000e+03 7.209000000000000000e+03 1.057000000000000028e+02 1.000000000000000000e+01 1.801000000000000000e+03
8.067000000000000000e+03 7.043000000000000000e+03 9.420000000000000284e+01 9.300000000000000711e+00 1.768000000000000000e+03
8.083000000000000000e+03 7.210000000000000000e+03 8.770000000000000284e+01 9.300000000000000711e+00 1.761000000000000000e+03
8.075000000000000000e+03 7.115000000000000000e+03 1.385000000000000000e+02 9.300000000000000711e+00 1.772000000000000000e+03
8.074000000000000000e+03 7.083000000000000000e+03 9.340000000000000568e+01 9.400000000000000355e+00 1.788000000000000000e+03
8.085000000000000000e+03 7.071000000000000000e+03 9.850000000000000000e+01 9.500000000000000000e+00 1.759000000000000000e+03
8.076000000000000000e+03 7.077000000000000000e+03 9.770000000000000284e+01 9.300000000000000711e+00 1.763000000000000000e+03
8.113000000000000000e+03 7.062000000000000000e+03 1.090000000000000000e+02 9.800000000000000711e+00 1.724000000000000000e+03
8.066000000000000000e+03 6.883000000000000000e+03 7.270000000000000284e+01 1.000000000000000000e+01 1.783000000000000000e+03
8.097000000000000000e+03 7.059000000000000000e+03 9.820000000000000284e+01 9.300000000000000711e+00 1.770000000000000000e+03
8.160000000000000000e+03 6.977000000000000000e+03 1.014000000000000057e+02 9.699999999999999289e+00 1.687000000000000000e+03
8.077000000000000000e+03 7.171000000000000000e+03 9.109999999999999432e+01 9.400000000000000355e+00 1.748000000000000000e+03
8.007000000000000000e+03 7.176000000000000000e+03 9.520000000000000284e+01 9.400000000000000355e+00 1.828000000000000000e+03
8.090000000000000000e+03 6.961000000000000000e+03 9.259999999999999432e+01 1.040000000000000036e+01 1.751000000000000000e+03
8.057000000000000000e+03 7.028000000000000000e+03 8.209999999999999432e+01 1.000000000000000000e+01 1.786000000000000000e+03
8.031000000000000000e+03 7.080000000000000000e+03 8.959999999999999432e+01 9.699999999999999289e+00 1.834000000000000000e+03
8.072000000000000000e+03 7.188000000000000000e+03 9.420000000000000284e+01 9.300000000000000711e+00 1.797000000000000000e+03
8.119000000000000000e+03 6.936000000000000000e+03 9.920000000000000284e+01 9.199999999999999289e+00 1.716000000000000000e+03
8.060000000000000000e+03 6.991000000000000000e+03 8.409999999999999432e+01 1.000000000000000000e+01 1.802000000000000000e+03
8.038000000000000000e+03 7.034000000000000000e+03 7.629999999999999716e+01 9.500000000000000000e+00 1.772000000000000000e+03
8.042000000000000000e+03 7.056000000000000000e+03 7.729999999999999716e+01 9.500000000000000000e+00 1.799000000000000000e+03
8.026000000000000000e+03 7.109000000000000000e+03 1.107000000000000028e+02 1.030000000000000071e+01 1.798000000000000000e+03
8.052000000000000000e+03 7.118000000000000000e+03 8.690000000000000568e+01 9.099999999999999645e+00 1.800000000000000000e+03
8.086000000000000000e+03 7.084000000000000000e+03 8.400000000000000000e+01 1.000000000000000000e+01 1.781000000000000000e+03
8.024000000000000000e+03 7.034000000000000000e+03 8.670000000000000284e+01 1.040000000000000036e+01 1.832000000000000000e+03
8.025000000000000000e+03 7.015000000000000000e+03 9.940000000000000568e+01 9.500000000000000000e+00 1.802000000000000000e+03
8.070000000000000000e+03 7.139000000000000000e+03 7.679999999999999716e+01 9.199999999999999289e+00 1.767000000000000000e+03
8.014000000000000000e+03 7.138000000000000000e+03 9.170000000000000284e+01 9.400000000000000355e+00 1.841000000000000000e+03
8.011000000000000000e+03 7.140000000000000000e+03 1.045000000000000000e+02 1.000000000000000000e+01 1.809000000000000000e+03
8.123000000000000000e+03 6.937000000000000000e+03 8.479999999999999716e+01 9.599999999999999645e+00 1.734000000000000000e+03
8.006000000000000000e+03 7.087000000000000000e+03 7.559999999999999432e+01 9.599999999999999645e+00 1.829000000000000000e+03
8.021000000000000000e+03 7.114000000000000000e+03 1.145999999999999943e+02 1.040000000000000036e+01 1.815000000000000000e+03
8.078000000000000000e+03 7.158000000000000000e+03 9.040000000000000568e+01 1.000000000000000000e+01 1.792000000000000000e+03
8.173000000000000000e+03 7.043000000000000000e+03 1.242000000000000028e+02 9.099999999999999645e+00 1.678000000000000000e+03
7.991000000000000000e+03 7.033000000000000000e+03 8.509999999999999432e+01 9.199999999999999289e+00 1.838000000000000000e+03
8.054000000000000000e+03 7.143000000000000000e+03 8.100000000000000000e+01 9.400000000000000355e+00 1.786000000000000000e+03
8.070000000000000000e+03 7.045000000000000000e+03 8.500000000000000000e+01 9.500000000000000000e+00 1.791000000000000000e+03
8.086000000000000000e+03 7.100000000000000000e+03 9.270000000000000284e+01 9.699999999999999289e+00 1.759000000000000000e+03
8.126000000000000000e+03 7.131000000000000000e+03 1.035000000000000000e+02 1.000000000000000000e+01 1.740000000000000000e+03
8.027000000000000000e+03 7.086000000000000000e+03 1.022000000000000028e+02 9.500000000000000000e+00 1.812000000000000000e+03
8.046000000000000000e+03 7.035000000000000000e+03 1.032999999999999972e+02 9.500000000000000000e+00 1.809000000000000000e+03
8.042000000000000000e+03 6.933000000000000000e+03 9.320000000000000284e+01 9.800000000000000711e+00 1.814000000000000000e+03
8.074000000000000000e+03 6.986000000000000000e+03 8.359999999999999432e+01 1.059999999999999964e+01 1.765000000000000000e+03
8.088000000000000000e+03 7.178000000000000000e+03 8.620000000000000284e+01 9.500000000000000000e+00 1.768000000000000000e+03
8.056000000000000000e+03 7.048000000000000000e+03 7.809999999999999432e+01 9.599999999999999645e+00 1.780000000000000000e+03
8.122000000000000000e+03 7.109000000000000000e+03 8.409999999999999432e+01 1.000000000000000000e+01 1.727000000000000000e+03
8.058000000000000000e+03 7.009000000000000000e+03 8.420000000000000284e+01 1.000000000000000000e+01 1.784000000000000000e+03
8.071000000000000000e+03 7.012000000000000000e+03 7.500000000000000000e+01 1.000000000000000000e+01 1.786000000000000000e+03
8.039000000000000000e+03 7.051000000000000000e+03 8.470000000000000284e+01 1.000000000000000000e+01 1.810000000000000000e+03
8.113000000000000000e+03 6.938000000000000000e+03 8.420000000000000284e+01 1.000000000000000000e+01 1.759000000000000000e+03
8.040000000000000000e+03 7.154000000000000000e+03 1.102999999999999972e+02 1.050000000000000000e+01 1.822000000000000000e+03
8.044000000000000000e+03 6.986000000000000000e+03 8.979999999999999716e+01 9.199999999999999289e+00 1.799000000000000000e+03
8.064000000000000000e+03 7.080000000000000000e+03 9.770000000000000284e+01 9.900000000000000355e+00 1.769000000000000000e+03
8.106000000000000000e+03 6.988000000000000000e+03 1.044000000000000057e+02 9.199999999999999289e+00 1.757000000000000000e+03
8.115000000000000000e+03 7.052000000000000000e+03 1.005999999999999943e+02 1.000000000000000000e+01 1.748000000000000000e+03
8.037000000000000000e+03 7.049000000000000000e+03 1.057000000000000028e+02 1.019999999999999929e+01 1.788000000000000000e+03
8.140000000000000000e+03 7.152000000000000000e+03 9.350000000000000000e+01 9.699999999999999289e+00 1.719000000000000000e+03
8.130000000000000000e+03 7.143000000000000000e+03 8.820000000000000284e+01 1.050000000000000000e+01 1.707000000000000000e+03
8.060000000000000000e+03 7.183000000000000000e+03 9.200000000000000000e+01 9.400000000000000355e+00 1.799000000000000000e+03
8.112000000000000000e+03 7.087000000000000000e+03 8.500000000000000000e+01 1.040000000000000036e+01 1.754000000000000000e+03
8.049000000000000000e+03 7.081000000000000000e+03 8.140000000000000568e+01 9.300000000000000711e+00 1.786000000000000000e+03
8.025000000000000000e+03 7.133000000000000000e+03 7.850000000000000000e+01 9.300000000000000711e+00 1.845000000000000000e+03
8.126000000000000000e+03 7.093000000000000000e+03 8.890000000000000568e+01 9.099999999999999645e+00 1.724000000000000000e+03
8.120000000000000000e+03 7.066000000000000000e+03 8.229999999999999716e+01 1.019999999999999929e+01 1.736000000000000000e+03
8.145000000000000000e+03 7.228000000000000000e+03 1.077999999999999972e+02 9.000000000000000000e+00 1.702000000000000000e+03
7.980000000000000000e+03 7.036000000000000000e+03 9.120000000000000284e+01 1.030000000000000071e+01 1.846000000000000000e+03
8.008000000000000000e+03 7.028000000000000000e+03 8.770000000000000284e+01 9.400000000000000355e+00 1.829000000000000000e+03
8.152000000000000000e+03 7.218000000000000000e+03 8.220000000000000284e+01 9.699999999999999289e+00 1.691000000000000000e+03
8.025000000000000000e+03 7.024000000000000000e+03 1.027000000000000028e+02 1.009999999999999964e+01 1.812000000000000000e+03
8.029000000000000000e+03 7.062000000000000000e+03 8.390000000000000568e+01 9.199999999999999289e+00 1.803000000000000000e+03
8.162000000000000000e+03 7.224000000000000000e+03 8.970000000000000284e+01 9.400000000000000355e+00 1.700000000000000000e+03
8.039000000000000000e+03 7.083000000000000000e+03 8.620000000000000284e+01 9.199999999999999289e+00 1.809000000000000000e+03
8.098000000000000000e+03 7.000000000000000000e+03 9.100000000000000000e+01 1.050000000000000000e+01 1.767000000000000000e+03
8.096000000000000000e+03 7.103000000000000000e+03 8.450000000000000000e+01 9.699999999999999289e+00 1.728000000000000000e+03
8.164000000000000000e+03 7.088000000000000000e+03 9.720000000000000284e+01 9.400000000000000355e+00 1.684000000000000000e+03
8.065000000000000000e+03 7.078000000000000000e+03 7.900000000000000000e+01 9.900000000000000355e+00 1.786000000000000000e+03
8.104000000000000000e+03 7.162000000000000000e+03 7.859999999999999432e+01 1.019999999999999929e+01 1.728000000000000000e+03
8.040000000000000000e+03 7.090000000000000000e+03 7.870000000000000284e+01 1.050000000000000000e+01 1.811000000000000000e+03
8.098000000000000000e+03 7.037000000000000000e+03 9.859999999999999432e+01 9.400000000000000355e+00 1.740000000000000000e+03
8.151000000000000000e+03 7.030000000000000000e+03 9.490000000000000568e+01 9.199999999999999289e+00 1.724000000000000000e+03
8.104000000000000000e+03 7.057000000000000000e+03 9.659999999999999432e+01 1.030000000000000071e+01 1.756000000000000000e+03
8.023000000000000000e+03 7.063000000000000000e+03 1.107000000000000028e+02 9.599999999999999645e+00 1.833000000000000000e+03
8.119000000000000000e+03 7.067000000000000000e+03 9.120000000000000284e+01 9.099999999999999645e+00 1.741000000000000000e+03
8.122000000000000000e+03 7.079000000000000000e+03 8.000000000000000000e+01 1.009999999999999964e+01 1.740000000000000000e+03
8.066000000000000000e+03 7.092000000000000000e+03 9.429999999999999716e+01 9.400000000000000355e+00 1.762000000000000000e+03
7.953000000000000000e+03 7.109000000000000000e+03 8.879999999999999716e+01 1.009999999999999964e+01 1.888000000000000000e+03
8.078000000000000000e+03 7.253000000000000000e+03 8.320000000000000284e+01 9.199999999999999289e+00 1.763000000000000000e+03
8.120000000000000000e+03 7.141000000000000000e+03 9.350000000000000000e+01 9.800000000000000711e+00 1.738000000000000000e+03
8.138000000000000000e+03 7.168000000000000000e+03 9.890000000000000568e+01 1.050000000000000000e+01 1.701000000000000000e+03
8.058000000000000000e+03 7.040000000000000000e+03 1.049000000000000057e+02 9.500000000000000000e+00 1.798000000000000000e+03
8.084000000000000000e+03 7.173000000000000000e+03 8.509999999999999432e+01 1.009999999999999964e+01 1.769000000000000000e+03
8.068000000000000000e+03 7.019000000000000000e+03 9.359999999999999432e+01 9.599999999999999645e+00 1.779000000000000000e+03
8.086000000000000000e+03 6.998000000000000000e+03 9.100000000000000000e+01 9.599999999999999645e+00 1.748000000000000000e+03
8.029000000000000000e+03 7.206000000000000000e+03 1.100000000000000000e+02 9.400000000000000355e+00 1.822000000000000000e+03
8.116000000000000000e+03 7.115000000000000000e+03 9.720000000000000284e+01 9.099999999999999645e+00 1.724000000000000000e+03
8.071000000000000000e+03 7.227000000000000000e+03 1.000000000000000000e+02 9.500000000000000000e+00 1.750000000000000000e+03
7.998000000000000000e+03 7.123000000000000000e+03 8.829999999999999716e+01 9.300000000000000711e+00 1.852000000000000000e+03
8.050000000000000000e+03 7.197000000000000000e+03 1.045000000000000000e+02 9.500000000000000000e+00 1.799000000000000000e+03
8.061000000000000000e+03 7.066000000000000000e+03 9.420000000000000284e+01 9.500000000000000000e+00 1.801000000000000000e+03
8.042000000000000000e+03 7.058000000000000000e+03 8.950000000000000000e+01 9.599999999999999645e+00 1.791000000000000000e+03
8.078000000000000000e+03 7.024000000000000000e+03 1.050000000000000000e+02 9.500000000000000000e+00 1.757000000000000000e+03
8.053000000000000000e+03 7.083000000000000000e+03 9.859999999999999432e+01 1.009999999999999964e+01 1.802000000000000000e+03
8.159000000000000000e+03 7.208000000000000000e+03 9.640000000000000568e+01 9.500000000000000000e+00 1.694000000000000000e+03
8.109000000000000000e+03 7.164000000000000000e+03 9.800000000000000000e+01 1.040000000000000036e+01 1.747000000000000000e+03
8.054000000000000000e+03 6.952000000000000000e+03 9.129999999999999716e+01 1.009999999999999964e+01 1.777000000000000000e+03
8.049000000000000000e+03 7.114000000000000000e+03 8.640000000000000568e+01 9.199999999999999289e+00 1.794000000000000000e+03
8.055000000000000000e+03 6.979000000000000000e+03 7.779999999999999716e+01 9.400000000000000355e+00 1.787000000000000000e+03
8.069000000000000000e+03 7.066000000000000000e+03 9.820000000000000284e+01 9.400000000000000355e+00 1.771000000000000000e+03
8.077000000000000000e+03 7.019000000000000000e+03 8.290000000000000568e+01 9.500000000000000000e+00 1.772000000000000000e+03
8.088000000000000000e+03 7.159000000000000000e+03 8.559999999999999432e+01 9.699999999999999289e+00 1.770000000000000000e+03
8.051000000000000000e+03 6.988000000000000000e+03 9.000000000000000000e+01 1.000000000000000000e+01 1.795000000000000000e+03
8.117000000000000000e+03 7.116000000000000000e+03 9.670000000000000284e+01 9.099999999999999645e+00 1.727000000000000000e+03
7.975000000000000000e+03 7.057000000000000000e+03 1.059000000000000057e+02 1.009999999999999964e+01 1.847000000000000000e+03
8.029000000000000000e+03 7.035000000000000000e+03 1.000999999999999943e+02 1.009999999999999964e+01 1.823000000000000000e+03
8.039000000000000000e+03 7.145000000000000000e+03 1.030000000000000000e+02 1.019999999999999929e+01 1.815000000000000000e+03
8.123000000000000000e+03 7.223000000000000000e+03 8.890000000000000568e+01 9.300000000000000711e+00 1.733000000000000000e+03
8.111000000000000000e+03 7.174000000000000000e+03 1.373000000000000114e+02 1.030000000000000071e+01 1.736000000000000000e+03
7.995000000000000000e+03 7.064000000000000000e+03 1.594000000000000057e+02 1.009999999999999964e+01 1.860000000000000000e+03
8.104000000000000000e+03 7.154000000000000000e+03 9.700000000000000000e+01 1.059999999999999964e+01 1.746000000000000000e+03
8.080000000000000000e+03 7.020000000000000000e+03 9.970000000000000284e+01 9.500000000000000000e+00 1.752000000000000000e+03
8.041000000000000000e+03 7.016000000000000000e+03 9.309999999999999432e+01 1.019999999999999929e+01 1.797000000000000000e+03
8.130000000000000000e+03 7.162000000000000000e+03 7.920000000000000284e+01 9.699999999999999289e+00 1.719000000000000000e+03
8.010000000000000000e+03 7.103000000000000000e+03 9.150000000000000000e+01 9.599999999999999645e+00 1.837000000000000000e+03
8.056000000000000000e+03 7.068000000000000000e+03 1.155000000000000000e+02 1.100000000000000000e+01 1.789000000000000000e+03
8.067000000000000000e+03 7.084000000000000000e+03 8.190000000000000568e+01 8.500000000000000000e+00 1.797000000000000000e+03
8.079000000000000000e+03 7.070000000000000000e+03 1.065000000000000000e+02 1.000000000000000000e+01 1.774000000000000000e+03
8.073000000000000000e+03 7.194000000000000000e+03 9.550000000000000000e+01 1.109999999999999964e+01 1.771000000000000000e+03
8.034000000000000000e+03 7.058000000000000000e+03 8.209999999999999432e+01 1.000000000000000000e+01 1.795000000000000000e+03
8.074000000000000000e+03 7.027000000000000000e+03 9.020000000000000284e+01 9.500000000000000000e+00 1.782000000000000000e+03
8.068000000000000000e+03 7.048000000000000000e+03 1.187999999999999972e+02 9.400000000000000355e+00 1.771000000000000000e+03
8.102000000000000000e+03 7.128000000000000000e+03 7.520000000000000284e+01 9.300000000000000711e+00 1.741000000000000000e+03
8.127000000000000000e+03 7.036000000000000000e+03 1.002000000000000028e+02 9.699999999999999289e+00 1.725000000000000000e+03
8.116000000000000000e+03 7.124000000000000000e+03 9.709999999999999432e+01 1.030000000000000071e+01 1.741000000000000000e+03
8.109000000000000000e+03 7.197000000000000000e+03 1.295000000000000000e+02 1.000000000000000000e+01 1.735000000000000000e+03
8.030000000000000000e+03 7.078000000000000000e+03 8.420000000000000284e+01 9.800000000000000711e+00 1.824000000000000000e+03
8.026000000000000000e+03 7.085000000000000000e+03 9.720000000000000284e+01 9.699999999999999289e+00 1.816000000000000000e+03
8.078000000000000000e+03 7.077000000000000000e+03 1.095999999999999943e+02 9.400000000000000355e+00 1.772000000000000000e+03
8.139000000000000000e+03 7.120000000000000000e+03 7.829999999999999716e+01 9.699999999999999289e+00 1.704000000000000000e+03
8.032000000000000000e+03 7.110000000000000000e+03 1.225999999999999943e+02 9.000000000000000000e+00 1.815000000000000000e+03
8.105000000000000000e+03 7.034000000000000000e+03 1.002000000000000028e+02 9.599999999999999645e+00 1.737000000000000000e+03
8.106000000000000000e+03 7.010000000000000000e+03 1.067999999999999972e+02 1.050000000000000000e+01 1.741000000000000000e+03
8.112000000000000000e+03 7.216000000000000000e+03 9.609999999999999432e+01 1.019999999999999929e+01 1.721000000000000000e+03
8.124000000000000000e+03 7.150000000000000000e+03 1.107999999999999972e+02 9.000000000000000000e+00 1.741000000000000000e+03
8.078000000000000000e+03 7.104000000000000000e+03 8.409999999999999432e+01 9.500000000000000000e+00 1.781000000000000000e+03
8.055000000000000000e+03 7.120000000000000000e+03 8.509999999999999432e+01 9.300000000000000711e+00 1.798000000000000000e+03
8.096000000000000000e+03 7.197000000000000000e+03 9.100000000000000000e+01 9.199999999999999289e+00 1.769000000000000000e+03
8.100000000000000000e+03 7.215000000000000000e+03 9.679999999999999716e+01 1.000000000000000000e+01 1.758000000000000000e+03
8.007000000000000000e+03 7.166000000000000000e+03 8.220000000000000284e+01 9.599999999999999645e+00 1.834000000000000000e+03
