8.287000000000000000e+03 6.142000000000000000e+03 4.473000000000000114e+02 3.250000000000000000e+01 1.200000000000000000e+03
8.358000000000000000e+03 6.134000000000000000e+03 5.445000000000000000e+02 3.600000000000000000e+01 1.190000000000000000e+03
8.349000000000000000e+03 6.146000000000000000e+03 7.122999999999999545e+02 3.770000000000000284e+01 1.171000000000000000e+03
8.324000000000000000e+03 6.200000000000000000e+03 5.802999999999999545e+02 3.310000000000000142e+01 1.239000000000000000e+03
8.364000000000000000e+03 6.173000000000000000e+03 6.991000000000000227e+02 3.300000000000000000e+01 1.208000000000000000e+03
8.448000000000000000e+03 6.248000000000000000e+03 5.848999999999999773e+02 3.720000000000000284e+01 1.202000000000000000e+03
8.353000000000000000e+03 6.192000000000000000e+03 6.038999999999999773e+02 4.000000000000000000e+01 1.253000000000000000e+03
8.333000000000000000e+03 6.279000000000000000e+03 5.680000000000000000e+02 3.200000000000000000e+01 1.177000000000000000e+03
8.353000000000000000e+03 6.189000000000000000e+03 4.466000000000000227e+02 3.900000000000000000e+01 1.166000000000000000e+03
8.353000000000000000e+03 6.177000000000000000e+03 4.656000000000000227e+02 3.420000000000000284e+01 1.177000000000000000e+03
8.327000000000000000e+03 6.079000000000000000e+03 6.226000000000000227e+02 3.410000000000000142e+01 1.202000000000000000e+03
8.385000000000000000e+03 6.094000000000000000e+03 5.993999999999999773e+02 3.100000000000000000e+01 1.194000000000000000e+03
8.338000000000000000e+03 6.219000000000000000e+03 5.441000000000000227e+02 3.320000000000000284e+01 1.190000000000000000e+03
8.459000000000000000e+03 6.276000000000000000e+03 4.840000000000000000e+02 3.310000000000000142e+01 1.175000000000000000e+03
8.307000000000000000e+03 6.162000000000000000e+03 5.238999999999999773e+02 3.820000000000000284e+01 1.212000000000000000e+03
8.359000000000000000e+03 6.150000000000000000e+03 7.862999999999999545e+02 3.300000000000000000e+01 1.217000000000000000e+03
8.377000000000000000e+03 6.158000000000000000e+03 6.117999999999999545e+02 3.600000000000000000e+01 1.196000000000000000e+03
8.366000000000000000e+03 6.258000000000000000e+03 6.181000000000000227e+02 3.350000000000000000e+01 1.212000000000000000e+03
8.368000000000000000e+03 6.200000000000000000e+03 5.742999999999999545e+02 3.910000000000000142e+01 1.191000000000000000e+03
8.409000000000000000e+03 6.165000000000000000e+03 6.302999999999999545e+02 4.010000000000000142e+01 1.210000000000000000e+03
8.417000000000000000e+03 6.235000000000000000e+03 5.435000000000000000e+02 3.320000000000000284e+01 1.216000000000000000e+03
8.351000000000000000e+03 6.266000000000000000e+03 9.182000000000000455e+02 3.270000000000000284e+01 1.216000000000000000e+03
8.361000000000000000e+03 6.215000000000000000e+03 5.857000000000000455e+02 3.420000000000000284e+01 1.184000000000000000e+03
8.410000000000000000e+03 6.207000000000000000e+03 6.367999999999999545e+02 3.600000000000000000e+01 1.200000000000000000e+03
8.362000000000000000e+03 6.180000000000000000e+03 6.227000000000000455e+02 2.910000000000000142e+01 1.221000000000000000e+03
8.391000000000000000e+03 6.167000000000000000e+03 5.481000000000000227e+02 2.539999999999999858e+01 1.198000000000000000e+03
8.315000000000000000e+03 6.324000000000000000e+03 6.541000000000000227e+02 3.520000000000000284e+01 1.201000000000000000e+03
8.345000000000000000e+03 6.196000000000000000e+03 4.338000000000000114e+02 3.429999999999999716e+01 1.171000000000000000e+03
8.317000000000000000e+03 6.164000000000000000e+03 4.908000000000000114e+02 3.700000000000000000e+01 1.234000000000000000e+03
8.390000000000000000e+03 6.199000000000000000e+03 9.288999999999999773e+02 3.100000000000000000e+01 1.211000000000000000e+03
8.330000000000000000e+03 6.177000000000000000e+03 6.290000000000000000e+02 3.400000000000000000e+01 1.202000000000000000e+03
8.335000000000000000e+03 6.208000000000000000e+03 4.996000000000000227e+02 3.100000000000000000e+01 1.173000000000000000e+03
8.368000000000000000e+03 6.134000000000000000e+03 6.056000000000000227e+02 3.100000000000000000e+01 1.225000000000000000e+03
8.384000000000000000e+03 6.167000000000000000e+03 6.297000000000000455e+02 3.539999999999999858e+01 1.171000000000000000e+03
8.312000000000000000e+03 6.193000000000000000e+03 4.551000000000000227e+02 3.700000000000000000e+01 1.226000000000000000e+03
8.429000000000000000e+03 6.058000000000000000e+03 8.202000000000000455e+02 3.400000000000000000e+01 1.225000000000000000e+03
8.348000000000000000e+03 6.203000000000000000e+03 5.927999999999999545e+02 3.800000000000000000e+01 1.205000000000000000e+03
8.394000000000000000e+03 6.077000000000000000e+03 6.418999999999999773e+02 3.100000000000000000e+01 1.185000000000000000e+03
8.405000000000000000e+03 6.134000000000000000e+03 4.608000000000000114e+02 3.500000000000000000e+01 1.183000000000000000e+03
8.381000000000000000e+03 6.219000000000000000e+03 6.475000000000000000e+02 3.400000000000000000e+01 1.159000000000000000e+03
8.366000000000000000e+03 6.280000000000000000e+03 6.220000000000000000e+02 3.200000000000000000e+01 1.189000000000000000e+03
8.364000000000000000e+03 6.136000000000000000e+03 5.562000000000000455e+02 3.300000000000000000e+01 1.150000000000000000e+03
8.321000000000000000e+03 6.173000000000000000e+03 6.343999999999999773e+02 3.310000000000000142e+01 1.234000000000000000e+03
8.317000000000000000e+03 6.184000000000000000e+03 5.136000000000000227e+02 3.600000000000000000e+01 1.189000000000000000e+03
8.342000000000000000e+03 6.305000000000000000e+03 5.502999999999999545e+02 3.900000000000000000e+01 1.202000000000000000e+03
8.382000000000000000e+03 6.193000000000000000e+03 5.315000000000000000e+02 3.400000000000000000e+01 1.184000000000000000e+03
8.382000000000000000e+03 6.058000000000000000e+03 6.010000000000000000e+02 3.500000000000000000e+01 1.215000000000000000e+03
8.374000000000000000e+03 6.116000000000000000e+03 9.855000000000000000e+02 3.500000000000000000e+01 1.169000000000000000e+03
8.351000000000000000e+03 6.237000000000000000e+03 5.877999999999999545e+02 4.029999999999999716e+01 1.184000000000000000e+03
8.377000000000000000e+03 6.289000000000000000e+03 6.873999999999999773e+02 3.200000000000000000e+01 1.212000000000000000e+03
8.365000000000000000e+03 6.149000000000000000e+03 5.876000000000000227e+02 3.139999999999999858e+01 1.212000000000000000e+03
8.336000000000000000e+03 6.327000000000000000e+03 6.843999999999999773e+02 3.800000000000000000e+01 1.208000000000000000e+03
8.385000000000000000e+03 6.180000000000000000e+03 7.663999999999999773e+02 3.100000000000000000e+01 1.202000000000000000e+03
8.363000000000000000e+03 6.223000000000000000e+03 4.783000000000000114e+02 3.100000000000000000e+01 1.168000000000000000e+03
8.357000000000000000e+03 6.051000000000000000e+03 6.225000000000000000e+02 3.420000000000000284e+01 1.174000000000000000e+03
8.367000000000000000e+03 6.171000000000000000e+03 7.082999999999999545e+02 4.020000000000000284e+01 1.184000000000000000e+03
8.379000000000000000e+03 6.157000000000000000e+03 7.887999999999999545e+02 3.320000000000000284e+01 1.192000000000000000e+03
8.392000000000000000e+03 6.378000000000000000e+03 7.685000000000000000e+02 3.400000000000000000e+01 1.236000000000000000e+03
8.433000000000000000e+03 6.218000000000000000e+03 7.142999999999999545e+02 3.410000000000000142e+01 1.198000000000000000e+03
8.388000000000000000e+03 6.182000000000000000e+03 5.706000000000000227e+02 3.300000000000000000e+01 1.167000000000000000e+03
8.353000000000000000e+03 6.057000000000000000e+03 5.267999999999999545e+02 3.600000000000000000e+01 1.219000000000000000e+03
8.416000000000000000e+03 6.248000000000000000e+03 5.323999999999999773e+02 3.229999999999999716e+01 1.191000000000000000e+03
8.364000000000000000e+03 6.216000000000000000e+03 5.113999999999999773e+02 3.529999999999999716e+01 1.220000000000000000e+03
8.331000000000000000e+03 6.161000000000000000e+03 5.471000000000000227e+02 3.600000000000000000e+01 1.205000000000000000e+03
8.391000000000000000e+03 6.160000000000000000e+03 5.855000000000000000e+02 3.400000000000000000e+01 1.230000000000000000e+03
8.362000000000000000e+03 6.246000000000000000e+03 5.732000000000000455e+02 3.150000000000000000e+01 1.279000000000000000e+03
8.441000000000000000e+03 6.237000000000000000e+03 5.581000000000000227e+02 3.520000000000000284e+01 1.234000000000000000e+03
8.370000000000000000e+03 6.260000000000000000e+03 6.277999999999999545e+02 3.500000000000000000e+01 1.175000000000000000e+03
8.385000000000000000e+03 6.086000000000000000e+03 5.952999999999999545e+02 3.439999999999999858e+01 1.205000000000000000e+03
8.384000000000000000e+03 6.080000000000000000e+03 4.541000000000000227e+02 4.000000000000000000e+01 1.194000000000000000e+03
8.366000000000000000e+03 6.203000000000000000e+03 5.655000000000000000e+02 3.520000000000000284e+01 1.197000000000000000e+03
8.388000000000000000e+03 6.150000000000000000e+03 8.310000000000000000e+02 3.300000000000000000e+01 1.213000000000000000e+03
8.314000000000000000e+03 6.128000000000000000e+03 5.263999999999999773e+02 3.400000000000000000e+01 1.233000000000000000e+03
8.391000000000000000e+03 6.097000000000000000e+03 5.000000000000000000e+02 3.500000000000000000e+01 1.176000000000000000e+03
8.364000000000000000e+03 6.241000000000000000e+03 5.842000000000000455e+02 3.100000000000000000e+01 1.177000000000000000e+03
8.350000000000000000e+03 6.222000000000000000e+03 6.597999999999999545e+02 3.320000000000000284e+01 1.228000000000000000e+03
8.386000000000000000e+03 6.109000000000000000e+03 5.781000000000000227e+02 3.700000000000000000e+01 1.169000000000000000e+03
8.407000000000000000e+03 6.188000000000000000e+03 5.127000000000000455e+02 3.210000000000000142e+01 1.213000000000000000e+03
8.403000000000000000e+03 6.275000000000000000e+03 7.793999999999999773e+02 3.600000000000000000e+01 1.201000000000000000e+03
8.425000000000000000e+03 6.119000000000000000e+03 6.411000000000000227e+02 3.329999999999999716e+01 1.169000000000000000e+03
8.365000000000000000e+03 6.268000000000000000e+03 7.177000000000000455e+02 3.500000000000000000e+01 1.272000000000000000e+03
8.382000000000000000e+03 6.107000000000000000e+03 5.375000000000000000e+02 3.820000000000000284e+01 1.208000000000000000e+03
8.423000000000000000e+03 6.184000000000000000e+03 5.578999999999999773e+02 3.100000000000000000e+01 1.183000000000000000e+03
8.363000000000000000e+03 6.150000000000000000e+03 5.146000000000000227e+02 3.200000000000000000e+01 1.175000000000000000e+03
8.394000000000000000e+03 6.132000000000000000e+03 5.270000000000000000e+02 3.510000000000000142e+01 1.227000000000000000e+03
8.357000000000000000e+03 6.149000000000000000e+03 6.135000000000000000e+02 4.210000000000000142e+01 1.217000000000000000e+03
8.319000000000000000e+03 6.232000000000000000e+03 7.121000000000000227e+02 3.300000000000000000e+01 1.208000000000000000e+03
8.435000000000000000e+03 6.110000000000000000e+03 6.685000000000000000e+02 3.600000000000000000e+01 1.186000000000000000e+03
8.383000000000000000e+03 6.124000000000000000e+03 6.966000000000000227e+02 3.210000000000000142e+01 1.204000000000000000e+03
8.386000000000000000e+03 6.244000000000000000e+03 5.631000000000000227e+02 3.700000000000000000e+01 1.202000000000000000e+03
8.309000000000000000e+03 6.276000000000000000e+03 6.743999999999999773e+02 3.570000000000000284e+01 1.213000000000000000e+03
8.336000000000000000e+03 6.269000000000000000e+03 6.666000000000000227e+02 3.300000000000000000e+01 1.200000000000000000e+03
8.404000000000000000e+03 6.130000000000000000e+03 4.968000000000000114e+02 3.210000000000000142e+01 1.232000000000000000e+03
8.376000000000000000e+03 6.155000000000000000e+03 5.406000000000000227e+02 3.300000000000000000e+01 1.204000000000000000e+03
8.376000000000000000e+03 6.164000000000000000e+03 6.337000000000000455e+02 3.229999999999999716e+01 1.162000000000000000e+03
8.388000000000000000e+03 6.205000000000000000e+03 5.043999999999999773e+02 3.620000000000000284e+01 1.181000000000000000e+03
8.344000000000000000e+03 6.121000000000000000e+03 4.981999999999999886e+02 3.300000000000000000e+01 1.195000000000000000e+03
8.349000000000000000e+03 6.132000000000000000e+03 5.726000000000000227e+02 3.510000000000000142e+01 1.155000000000000000e+03
8.376000000000000000e+03 6.259000000000000000e+03 5.392000000000000455e+02 3.400000000000000000e+01 1.187000000000000000e+03
8.362000000000000000e+03 6.265000000000000000e+03 4.796999999999999886e+02 3.300000000000000000e+01 1.174000000000000000e+03
8.378000000000000000e+03 6.184000000000000000e+03 6.447000000000000455e+02 3.900000000000000000e+01 1.195000000000000000e+03
8.356000000000000000e+03 6.147000000000000000e+03 6.412000000000000455e+02 3.200000000000000000e+01 1.196000000000000000e+03
8.384000000000000000e+03 6.201000000000000000e+03 5.862999999999999545e+02 3.610000000000000142e+01 1.155000000000000000e+03
8.316000000000000000e+03 6.090000000000000000e+03 7.006000000000000227e+02 3.729999999999999716e+01 1.172000000000000000e+03
8.375000000000000000e+03 6.225000000000000000e+03 7.158999999999999773e+02 4.000000000000000000e+01 1.215000000000000000e+03
8.376000000000000000e+03 6.182000000000000000e+03 5.688999999999999773e+02 3.300000000000000000e+01 1.231000000000000000e+03
8.331000000000000000e+03 6.232000000000000000e+03 6.190000000000000000e+02 3.400000000000000000e+01 1.139000000000000000e+03
8.404000000000000000e+03 6.148000000000000000e+03 5.952999999999999545e+02 3.700000000000000000e+01 1.161000000000000000e+03
8.317000000000000000e+03 6.069000000000000000e+03 6.313999999999999773e+02 3.239999999999999858e+01 1.222000000000000000e+03
8.332000000000000000e+03 6.189000000000000000e+03 4.648000000000000114e+02 3.400000000000000000e+01 1.217000000000000000e+03
8.320000000000000000e+03 6.155000000000000000e+03 5.405000000000000000e+02 3.420000000000000284e+01 1.229000000000000000e+03
8.364000000000000000e+03 6.263000000000000000e+03 5.492000000000000455e+02 3.400000000000000000e+01 1.197000000000000000e+03
8.450000000000000000e+03 6.255000000000000000e+03 7.022000000000000455e+02 3.600000000000000000e+01 1.161000000000000000e+03
8.422000000000000000e+03 6.320000000000000000e+03 6.653999999999999773e+02 3.300000000000000000e+01 1.180000000000000000e+03
8.311000000000000000e+03 6.191000000000000000e+03 5.592000000000000455e+02 3.210000000000000142e+01 1.217000000000000000e+03
8.349000000000000000e+03 6.185000000000000000e+03 6.015000000000000000e+02 3.329999999999999716e+01 1.209000000000000000e+03
8.319000000000000000e+03 6.201000000000000000e+03 5.046999999999999886e+02 4.300000000000000000e+01 1.192000000000000000e+03
8.367000000000000000e+03 6.228000000000000000e+03 5.175000000000000000e+02 3.100000000000000000e+01 1.169000000000000000e+03
8.363000000000000000e+03 6.259000000000000000e+03 7.142999999999999545e+02 3.200000000000000000e+01 1.164000000000000000e+03
8.352000000000000000e+03 6.181000000000000000e+03 4.908999999999999773e+02 3.700000000000000000e+01 1.205000000000000000e+03
8.371000000000000000e+03 6.127000000000000000e+03 5.626000000000000227e+02 3.210000000000000142e+01 1.152000000000000000e+03
8.387000000000000000e+03 6.204000000000000000e+03 4.933999999999999773e+02 3.710000000000000142e+01 1.147000000000000000e+03
8.386000000000000000e+03 6.215000000000000000e+03 5.487999999999999545e+02 3.300000000000000000e+01 1.246000000000000000e+03
8.373000000000000000e+03 6.156000000000000000e+03 1.008399999999999977e+03 3.510000000000000142e+01 1.211000000000000000e+03
8.351000000000000000e+03 6.176000000000000000e+03 6.462000000000000455e+02 3.200000000000000000e+01 1.241000000000000000e+03
8.268000000000000000e+03 6.102000000000000000e+03 5.023000000000000114e+02 3.500000000000000000e+01 1.201000000000000000e+03
8.344000000000000000e+03 6.090000000000000000e+03 6.131000000000000227e+02 3.300000000000000000e+01 1.194000000000000000e+03
8.371000000000000000e+03 6.207000000000000000e+03 6.760000000000000000e+02 3.900000000000000000e+01 1.188000000000000000e+03
8.376000000000000000e+03 6.176000000000000000e+03 5.467999999999999545e+02 3.500000000000000000e+01 1.188000000000000000e+03
8.343000000000000000e+03 6.182000000000000000e+03 7.091000000000000227e+02 3.300000000000000000e+01 1.180000000000000000e+03
8.329000000000000000e+03 6.153000000000000000e+03 6.047000000000000455e+02 3.400000000000000000e+01 1.191000000000000000e+03
8.490000000000000000e+03 6.208000000000000000e+03 5.481000000000000227e+02 3.200000000000000000e+01 1.175000000000000000e+03
8.395000000000000000e+03 6.059000000000000000e+03 5.646000000000000227e+02 3.229999999999999716e+01 1.223000000000000000e+03
8.385000000000000000e+03 6.161000000000000000e+03 5.255000000000000000e+02 3.310000000000000142e+01 1.211000000000000000e+03
8.410000000000000000e+03 6.171000000000000000e+03 5.583999999999999773e+02 3.439999999999999858e+01 1.229000000000000000e+03
8.352000000000000000e+03 6.242000000000000000e+03 6.217999999999999545e+02 3.300000000000000000e+01 1.239000000000000000e+03
8.390000000000000000e+03 6.095000000000000000e+03 6.646000000000000227e+02 4.000000000000000000e+01 1.214000000000000000e+03
8.356000000000000000e+03 6.138000000000000000e+03 4.768000000000000114e+02 3.600000000000000000e+01 1.196000000000000000e+03
8.381000000000000000e+03 6.179000000000000000e+03 5.966000000000000227e+02 3.520000000000000284e+01 1.187000000000000000e+03
8.351000000000000000e+03 6.278000000000000000e+03 7.195000000000000000e+02 3.220000000000000284e+01 1.231000000000000000e+03
8.366000000000000000e+03 6.307000000000000000e+03 5.737000000000000455e+02 3.410000000000000142e+01 1.209000000000000000e+03
8.380000000000000000e+03 6.422000000000000000e+03 4.708000000000000114e+02 3.200000000000000000e+01 1.155000000000000000e+03
8.362000000000000000e+03 6.176000000000000000e+03 5.756000000000000227e+02 3.300000000000000000e+01 1.173000000000000000e+03
8.434000000000000000e+03 6.233000000000000000e+03 5.712999999999999545e+02 3.310000000000000142e+01 1.231000000000000000e+03
8.364000000000000000e+03 6.200000000000000000e+03 7.137999999999999545e+02 3.720000000000000284e+01 1.220000000000000000e+03
8.355000000000000000e+03 6.296000000000000000e+03 8.235000000000000000e+02 3.520000000000000284e+01 1.186000000000000000e+03
8.322000000000000000e+03 6.225000000000000000e+03 4.861000000000000227e+02 3.229999999999999716e+01 1.176000000000000000e+03
8.395000000000000000e+03 6.236000000000000000e+03 6.266000000000000227e+02 3.510000000000000142e+01 1.200000000000000000e+03
8.373000000000000000e+03 6.430000000000000000e+03 5.283999999999999773e+02 3.400000000000000000e+01 1.161000000000000000e+03
8.391000000000000000e+03 6.219000000000000000e+03 7.403999999999999773e+02 3.200000000000000000e+01 1.179000000000000000e+03
8.351000000000000000e+03 6.234000000000000000e+03 5.878999999999999773e+02 3.520000000000000284e+01 1.187000000000000000e+03
8.400000000000000000e+03 6.140000000000000000e+03 5.336000000000000227e+02 3.710000000000000142e+01 1.225000000000000000e+03
8.447000000000000000e+03 6.195000000000000000e+03 1.208500000000000000e+03 3.400000000000000000e+01 1.167000000000000000e+03
8.338000000000000000e+03 6.211000000000000000e+03 8.495000000000000000e+02 3.500000000000000000e+01 1.188000000000000000e+03
8.402000000000000000e+03 6.193000000000000000e+03 6.837000000000000455e+02 4.150000000000000000e+01 1.224000000000000000e+03
8.351000000000000000e+03 6.221000000000000000e+03 6.557000000000000455e+02 3.700000000000000000e+01 1.220000000000000000e+03
8.376000000000000000e+03 6.135000000000000000e+03 4.995000000000000000e+02 3.510000000000000142e+01 1.166000000000000000e+03
8.371000000000000000e+03 6.124000000000000000e+03 5.021999999999999886e+02 3.710000000000000142e+01 1.192000000000000000e+03
8.371000000000000000e+03 6.140000000000000000e+03 6.443999999999999773e+02 3.300000000000000000e+01 1.162000000000000000e+03
8.357000000000000000e+03 6.252000000000000000e+03 4.836999999999999886e+02 3.729999999999999716e+01 1.200000000000000000e+03
8.313000000000000000e+03 6.084000000000000000e+03 4.991999999999999886e+02 3.600000000000000000e+01 1.189000000000000000e+03
8.421000000000000000e+03 6.248000000000000000e+03 6.147999999999999545e+02 3.300000000000000000e+01 1.176000000000000000e+03
8.389000000000000000e+03 6.105000000000000000e+03 5.722000000000000455e+02 4.200000000000000000e+01 1.175000000000000000e+03
8.348000000000000000e+03 6.121000000000000000e+03 4.983999999999999773e+02 3.500000000000000000e+01 1.162000000000000000e+03
8.363000000000000000e+03 6.191000000000000000e+03 5.545000000000000000e+02 3.200000000000000000e+01 1.129000000000000000e+03
8.392000000000000000e+03 6.196000000000000000e+03 5.676000000000000227e+02 3.200000000000000000e+01 1.184000000000000000e+03
8.368000000000000000e+03 6.261000000000000000e+03 5.886000000000000227e+02 3.320000000000000284e+01 1.176000000000000000e+03
8.360000000000000000e+03 6.120000000000000000e+03 5.536000000000000227e+02 3.800000000000000000e+01 1.194000000000000000e+03
8.377000000000000000e+03 6.181000000000000000e+03 6.227999999999999545e+02 3.800000000000000000e+01 1.154000000000000000e+03
8.385000000000000000e+03 6.141000000000000000e+03 7.867999999999999545e+02 3.620000000000000284e+01 1.172000000000000000e+03
8.340000000000000000e+03 6.139000000000000000e+03 5.376000000000000227e+02 3.600000000000000000e+01 1.229000000000000000e+03
8.328000000000000000e+03 6.268000000000000000e+03 5.782000000000000455e+02 3.510000000000000142e+01 1.200000000000000000e+03
8.352000000000000000e+03 6.254000000000000000e+03 6.417000000000000455e+02 3.200000000000000000e+01 1.227000000000000000e+03
8.433000000000000000e+03 6.197000000000000000e+03 6.468999999999999773e+02 3.400000000000000000e+01 1.154000000000000000e+03
8.381000000000000000e+03 6.191000000000000000e+03 6.537999999999999545e+02 3.600000000000000000e+01 1.166000000000000000e+03
8.394000000000000000e+03 6.153000000000000000e+03 6.067999999999999545e+02 3.200000000000000000e+01 1.250000000000000000e+03
8.405000000000000000e+03 6.278000000000000000e+03 5.846000000000000227e+02 3.400000000000000000e+01 1.170000000000000000e+03
8.387000000000000000e+03 6.247000000000000000e+03 5.516000000000000227e+02 3.810000000000000142e+01 1.213000000000000000e+03
8.424000000000000000e+03 6.243000000000000000e+03 4.943000000000000114e+02 3.300000000000000000e+01 1.204000000000000000e+03
8.398000000000000000e+03 6.176000000000000000e+03 5.043000000000000114e+02 3.320000000000000284e+01 1.168000000000000000e+03
8.404000000000000000e+03 6.268000000000000000e+03 5.557999999999999545e+02 3.700000000000000000e+01 1.170000000000000000e+03
8.396000000000000000e+03 6.167000000000000000e+03 8.707999999999999545e+02 3.729999999999999716e+01 1.209000000000000000e+03
8.350000000000000000e+03 6.110000000000000000e+03 6.767999999999999545e+02 3.310000000000000142e+01 1.207000000000000000e+03
8.327000000000000000e+03 6.081000000000000000e+03 5.746000000000000227e+02 3.710000000000000142e+01 1.220000000000000000e+03
8.378000000000000000e+03 6.136000000000000000e+03 6.542000000000000455e+02 3.700000000000000000e+01 1.191000000000000000e+03
8.346000000000000000e+03 6.154000000000000000e+03 9.081000000000000227e+02 3.400000000000000000e+01 1.209000000000000000e+03
8.353000000000000000e+03 6.171000000000000000e+03 4.563000000000000114e+02 3.300000000000000000e+01 1.231000000000000000e+03
8.326000000000000000e+03 6.222000000000000000e+03 5.030000000000000000e+02 4.000000000000000000e+01 1.159000000000000000e+03
8.381000000000000000e+03 6.159000000000000000e+03 5.792999999999999545e+02 3.610000000000000142e+01 1.193000000000000000e+03
8.316000000000000000e+03 6.090000000000000000e+03 7.600000000000000000e+02 3.800000000000000000e+01 1.197000000000000000e+03
8.329000000000000000e+03 6.278000000000000000e+03 5.643999999999999773e+02 3.310000000000000142e+01 1.195000000000000000e+03
8.379000000000000000e+03 6.258000000000000000e+03 6.157999999999999545e+02 4.110000000000000142e+01 1.181000000000000000e+03
8.440000000000000000e+03 6.282000000000000000e+03 5.577999999999999545e+02 3.600000000000000000e+01 1.224000000000000000e+03
8.393000000000000000e+03 6.258000000000000000e+03 5.547999999999999545e+02 3.729999999999999716e+01 1.206000000000000000e+03
8.314000000000000000e+03 6.115000000000000000e+03 7.076000000000000227e+02 3.300000000000000000e+01 1.201000000000000000e+03
8.349000000000000000e+03 6.131000000000000000e+03 6.385000000000000000e+02 3.900000000000000000e+01 1.207000000000000000e+03
8.353000000000000000e+03 6.300000000000000000e+03 5.577000000000000455e+02 3.310000000000000142e+01 1.189000000000000000e+03
8.311000000000000000e+03 6.172000000000000000e+03 6.497000000000000455e+02 3.300000000000000000e+01 1.183000000000000000e+03
8.385000000000000000e+03 6.156000000000000000e+03 5.967000000000000455e+02 3.600000000000000000e+01 1.208000000000000000e+03
8.433000000000000000e+03 6.209000000000000000e+03 6.140000000000000000e+02 3.200000000000000000e+01 1.166000000000000000e+03
8.346000000000000000e+03 6.331000000000000000e+03 6.581000000000000227e+02 3.400000000000000000e+01 1.136000000000000000e+03
8.341000000000000000e+03 6.229000000000000000e+03 5.733999999999999773e+02 3.800000000000000000e+01 1.267000000000000000e+03
8.423000000000000000e+03 6.155000000000000000e+03 5.465000000000000000e+02 4.210000000000000142e+01 1.208000000000000000e+03
8.409000000000000000e+03 6.237000000000000000e+03 1.268599999999999909e+03 4.100000000000000000e+01 1.152000000000000000e+03
8.432000000000000000e+03 5.987000000000000000e+03 5.086999999999999886e+02 3.300000000000000000e+01 1.152000000000000000e+03
8.385000000000000000e+03 6.131000000000000000e+03 5.947000000000000455e+02 3.300000000000000000e+01 1.203000000000000000e+03
8.319000000000000000e+03 6.164000000000000000e+03 6.915000000000000000e+02 3.229999999999999716e+01 1.171000000000000000e+03
8.363000000000000000e+03 6.294000000000000000e+03 5.186000000000000227e+02 3.700000000000000000e+01 1.208000000000000000e+03
8.369000000000000000e+03 6.075000000000000000e+03 7.373999999999999773e+02 3.710000000000000142e+01 1.203000000000000000e+03
8.308000000000000000e+03 6.135000000000000000e+03 6.687999999999999545e+02 3.400000000000000000e+01 1.203000000000000000e+03
8.406000000000000000e+03 6.161000000000000000e+03 7.186000000000000227e+02 3.150000000000000000e+01 1.194000000000000000e+03
8.403000000000000000e+03 6.060000000000000000e+03 5.193999999999999773e+02 3.500000000000000000e+01 1.175000000000000000e+03
8.406000000000000000e+03 6.187000000000000000e+03 6.367000000000000455e+02 3.520000000000000284e+01 1.213000000000000000e+03
8.374000000000000000e+03 6.168000000000000000e+03 7.401000000000000227e+02 3.400000000000000000e+01 1.136000000000000000e+03
8.369000000000000000e+03 6.133000000000000000e+03 5.881000000000000227e+02 3.600000000000000000e+01 1.197000000000000000e+03
8.370000000000000000e+03 6.156000000000000000e+03 6.136000000000000227e+02 3.710000000000000142e+01 1.196000000000000000e+03
8.438000000000000000e+03 6.087000000000000000e+03 5.161000000000000227e+02 3.410000000000000142e+01 1.203000000000000000e+03
8.404000000000000000e+03 6.008000000000000000e+03 5.412999999999999545e+02 3.400000000000000000e+01 1.181000000000000000e+03
8.382000000000000000e+03 6.159000000000000000e+03 6.406000000000000227e+02 3.400000000000000000e+01 1.200000000000000000e+03
8.341000000000000000e+03 6.175000000000000000e+03 5.992999999999999545e+02 3.700000000000000000e+01 1.172000000000000000e+03
8.344000000000000000e+03 6.278000000000000000e+03 5.856000000000000227e+02 3.200000000000000000e+01 1.181000000000000000e+03
8.312000000000000000e+03 6.058000000000000000e+03 6.727999999999999545e+02 3.720000000000000284e+01 1.149000000000000000e+03
8.398000000000000000e+03 6.230000000000000000e+03 7.170000000000000000e+02 3.539999999999999858e+01 1.158000000000000000e+03
8.402000000000000000e+03 6.225000000000000000e+03 6.242999999999999545e+02 3.220000000000000284e+01 1.232000000000000000e+03
8.417000000000000000e+03 6.090000000000000000e+03 5.540000000000000000e+02 3.400000000000000000e+01 1.203000000000000000e+03
8.308000000000000000e+03 6.226000000000000000e+03 4.981000000000000227e+02 3.400000000000000000e+01 1.201000000000000000e+03
8.439000000000000000e+03 6.114000000000000000e+03 4.671000000000000227e+02 3.350000000000000000e+01 1.205000000000000000e+03
8.379000000000000000e+03 6.198000000000000000e+03 5.802999999999999545e+02 3.339999999999999858e+01 1.225000000000000000e+03
8.331000000000000000e+03 6.293000000000000000e+03 6.522999999999999545e+02 3.200000000000000000e+01 1.196000000000000000e+03
8.422000000000000000e+03 6.184000000000000000e+03 5.248999999999999773e+02 4.639999999999999858e+01 1.243000000000000000e+03
8.406000000000000000e+03 6.232000000000000000e+03 5.046999999999999886e+02 3.300000000000000000e+01 1.179000000000000000e+03
8.394000000000000000e+03 6.183000000000000000e+03 5.200000000000000000e+02 3.410000000000000142e+01 1.175000000000000000e+03
8.342000000000000000e+03 6.169000000000000000e+03 5.310000000000000000e+02 3.220000000000000284e+01 1.175000000000000000e+03
8.316000000000000000e+03 6.059000000000000000e+03 5.163999999999999773e+02 3.900000000000000000e+01 1.203000000000000000e+03
8.367000000000000000e+03 6.111000000000000000e+03 6.392999999999999545e+02 3.520000000000000284e+01 1.180000000000000000e+03
8.355000000000000000e+03 6.195000000000000000e+03 5.177999999999999545e+02 3.270000000000000284e+01 1.214000000000000000e+03
8.331000000000000000e+03 6.161000000000000000e+03 4.871000000000000227e+02 3.400000000000000000e+01 1.174000000000000000e+03
8.343000000000000000e+03 6.199000000000000000e+03 6.397999999999999545e+02 3.300000000000000000e+01 1.190000000000000000e+03
8.392000000000000000e+03 6.124000000000000000e+03 5.951000000000000227e+02 3.400000000000000000e+01 1.192000000000000000e+03
8.395000000000000000e+03 6.189000000000000000e+03 7.238999999999999773e+02 3.229999999999999716e+01 1.187000000000000000e+03
8.395000000000000000e+03 6.192000000000000000e+03 4.673000000000000114e+02 3.600000000000000000e+01 1.181000000000000000e+03
8.431000000000000000e+03 6.071000000000000000e+03 6.405000000000000000e+02 3.600000000000000000e+01 1.206000000000000000e+03
8.362000000000000000e+03 6.168000000000000000e+03 6.693999999999999773e+02 3.320000000000000284e+01 1.180000000000000000e+03
8.341000000000000000e+03 6.189000000000000000e+03 5.462000000000000455e+02 3.520000000000000284e+01 1.183000000000000000e+03
8.367000000000000000e+03 6.170000000000000000e+03 6.321000000000000227e+02 3.600000000000000000e+01 1.208000000000000000e+03
8.307000000000000000e+03 6.166000000000000000e+03 4.698999999999999773e+02 3.329999999999999716e+01 1.200000000000000000e+03
8.385000000000000000e+03 6.191000000000000000e+03 5.160000000000000000e+02 3.410000000000000142e+01 1.159000000000000000e+03
8.315000000000000000e+03 6.277000000000000000e+03 4.701999999999999886e+02 3.410000000000000142e+01 1.195000000000000000e+03
8.374000000000000000e+03 6.145000000000000000e+03 7.951000000000000227e+02 3.420000000000000284e+01 1.176000000000000000e+03
8.338000000000000000e+03 6.325000000000000000e+03 5.602999999999999545e+02 3.600000000000000000e+01 1.197000000000000000e+03
