7.797000000000000000e+03 3.026000000000000000e+03 2.656999999999999886e+02 8.209999999999999432e+01 1.653000000000000000e+03
7.876000000000000000e+03 3.467000000000000000e+03 3.363000000000000114e+02 7.140000000000000568e+01 1.683000000000000000e+03
7.848000000000000000e+03 2.971000000000000000e+03 2.860000000000000000e+02 6.550000000000000000e+01 1.634000000000000000e+03
7.829000000000000000e+03 2.766000000000000000e+03 3.745000000000000000e+02 8.079999999999999716e+01 1.629000000000000000e+03
7.803000000000000000e+03 2.936000000000000000e+03 2.840000000000000000e+02 9.390000000000000568e+01 1.654000000000000000e+03
7.901000000000000000e+03 2.848000000000000000e+03 3.613000000000000114e+02 7.959999999999999432e+01 1.554000000000000000e+03
7.811000000000000000e+03 3.372000000000000000e+03 2.595000000000000000e+02 6.709999999999999432e+01 1.718000000000000000e+03
7.827000000000000000e+03 3.802000000000000000e+03 3.008000000000000114e+02 6.809999999999999432e+01 1.782000000000000000e+03
7.858000000000000000e+03 2.920000000000000000e+03 3.265000000000000000e+02 7.570000000000000284e+01 1.628000000000000000e+03
7.827000000000000000e+03 3.343000000000000000e+03 3.201000000000000227e+02 7.440000000000000568e+01 1.724000000000000000e+03
7.798000000000000000e+03 3.080000000000000000e+03 2.578999999999999773e+02 7.729999999999999716e+01 1.661000000000000000e+03
7.795000000000000000e+03 2.478000000000000000e+03 4.053000000000000114e+02 7.240000000000000568e+01 1.541000000000000000e+03
7.849000000000000000e+03 3.149000000000000000e+03 3.013999999999999773e+02 8.090000000000000568e+01 1.696000000000000000e+03
7.818000000000000000e+03 2.977000000000000000e+03 4.176000000000000227e+02 7.470000000000000284e+01 1.683000000000000000e+03
7.820000000000000000e+03 3.465000000000000000e+03 3.438999999999999773e+02 6.990000000000000568e+01 1.715000000000000000e+03
7.777000000000000000e+03 2.668000000000000000e+03 3.496999999999999886e+02 7.779999999999999716e+01 1.584000000000000000e+03
7.789000000000000000e+03 3.049000000000000000e+03 2.703000000000000114e+02 7.090000000000000568e+01 1.692000000000000000e+03
7.883000000000000000e+03 3.008000000000000000e+03 3.485000000000000000e+02 8.170000000000000284e+01 1.646000000000000000e+03
7.810000000000000000e+03 3.136000000000000000e+03 2.523000000000000114e+02 6.479999999999999716e+01 1.691000000000000000e+03
7.805000000000000000e+03 3.428000000000000000e+03 2.936000000000000227e+02 6.620000000000000284e+01 1.724000000000000000e+03
7.868000000000000000e+03 3.282000000000000000e+03 2.459000000000000057e+02 7.029999999999999716e+01 1.664000000000000000e+03
7.805000000000000000e+03 3.113000000000000000e+03 3.183999999999999773e+02 7.840000000000000568e+01 1.704000000000000000e+03
7.871000000000000000e+03 2.806000000000000000e+03 2.343000000000000114e+02 7.390000000000000568e+01 1.567000000000000000e+03
7.812000000000000000e+03 2.593000000000000000e+03 2.430000000000000000e+02 7.979999999999999716e+01 1.628000000000000000e+03
7.916000000000000000e+03 3.100000000000000000e+03 3.596999999999999886e+02 8.070000000000000284e+01 1.658000000000000000e+03
7.817000000000000000e+03 3.469000000000000000e+03 3.813999999999999773e+02 6.909999999999999432e+01 1.730000000000000000e+03
7.786000000000000000e+03 3.320000000000000000e+03 3.471000000000000227e+02 6.959999999999999432e+01 1.708000000000000000e+03
7.881000000000000000e+03 3.261000000000000000e+03 2.966000000000000227e+02 6.139999999999999858e+01 1.649000000000000000e+03
7.859000000000000000e+03 2.764000000000000000e+03 2.713999999999999773e+02 8.370000000000000284e+01 1.597000000000000000e+03
7.805000000000000000e+03 3.080000000000000000e+03 2.603999999999999773e+02 7.159999999999999432e+01 1.703000000000000000e+03
7.787000000000000000e+03 2.824000000000000000e+03 2.578999999999999773e+02 6.550000000000000000e+01 1.714000000000000000e+03
7.868000000000000000e+03 2.546000000000000000e+03 2.856999999999999886e+02 8.250000000000000000e+01 1.497000000000000000e+03
7.819000000000000000e+03 3.251000000000000000e+03 2.841999999999999886e+02 6.940000000000000568e+01 1.690000000000000000e+03
7.807000000000000000e+03 3.221000000000000000e+03 2.891000000000000227e+02 6.450000000000000000e+01 1.697000000000000000e+03
7.845000000000000000e+03 3.127000000000000000e+03 2.445999999999999943e+02 6.950000000000000000e+01 1.696000000000000000e+03
7.883000000000000000e+03 2.308000000000000000e+03 4.140000000000000000e+02 8.679999999999999716e+01 1.475000000000000000e+03
7.784000000000000000e+03 3.511000000000000000e+03 2.520000000000000000e+02 6.310000000000000142e+01 1.746000000000000000e+03
7.888000000000000000e+03 2.772000000000000000e+03 3.278000000000000114e+02 9.209999999999999432e+01 1.559000000000000000e+03
7.811000000000000000e+03 3.098000000000000000e+03 2.746000000000000227e+02 8.300000000000000000e+01 1.706000000000000000e+03
7.860000000000000000e+03 2.806000000000000000e+03 2.660000000000000000e+02 7.840000000000000568e+01 1.616000000000000000e+03
7.848000000000000000e+03 2.883000000000000000e+03 3.006999999999999886e+02 7.550000000000000000e+01 1.618000000000000000e+03
7.878000000000000000e+03 3.106000000000000000e+03 3.006000000000000227e+02 7.100000000000000000e+01 1.713000000000000000e+03
7.857000000000000000e+03 2.677000000000000000e+03 3.233000000000000114e+02 7.220000000000000284e+01 1.647000000000000000e+03
7.970000000000000000e+03 3.398000000000000000e+03 2.626999999999999886e+02 7.259999999999999432e+01 1.588000000000000000e+03
7.825000000000000000e+03 2.599000000000000000e+03 4.065000000000000000e+02 8.029999999999999716e+01 1.643000000000000000e+03
7.880000000000000000e+03 2.704000000000000000e+03 3.621999999999999886e+02 8.079999999999999716e+01 1.630000000000000000e+03
7.848000000000000000e+03 3.188000000000000000e+03 2.573000000000000114e+02 7.409999999999999432e+01 1.604000000000000000e+03
7.860000000000000000e+03 3.065000000000000000e+03 4.048000000000000114e+02 7.750000000000000000e+01 1.651000000000000000e+03
7.843000000000000000e+03 2.923000000000000000e+03 3.691999999999999886e+02 9.050000000000000000e+01 1.702000000000000000e+03
7.826000000000000000e+03 3.101000000000000000e+03 2.551999999999999886e+02 7.190000000000000568e+01 1.729000000000000000e+03
7.825000000000000000e+03 2.982000000000000000e+03 2.696999999999999886e+02 7.890000000000000568e+01 1.710000000000000000e+03
7.756000000000000000e+03 2.822000000000000000e+03 2.490999999999999943e+02 7.800000000000000000e+01 1.712000000000000000e+03
7.811000000000000000e+03 3.879000000000000000e+03 3.188000000000000114e+02 7.429999999999999716e+01 1.765000000000000000e+03
7.914000000000000000e+03 2.534000000000000000e+03 3.898000000000000114e+02 9.309999999999999432e+01 1.563000000000000000e+03
7.799000000000000000e+03 2.836000000000000000e+03 3.055000000000000000e+02 8.190000000000000568e+01 1.617000000000000000e+03
7.845000000000000000e+03 3.010000000000000000e+03 3.266000000000000227e+02 7.900000000000000000e+01 1.644000000000000000e+03
7.800000000000000000e+03 3.630000000000000000e+03 3.180000000000000000e+02 6.360000000000000142e+01 1.760000000000000000e+03
7.907000000000000000e+03 3.279000000000000000e+03 3.266000000000000227e+02 7.000000000000000000e+01 1.638000000000000000e+03
7.874000000000000000e+03 2.923000000000000000e+03 2.743999999999999773e+02 8.600000000000000000e+01 1.652000000000000000e+03
7.837000000000000000e+03 3.234000000000000000e+03 3.638999999999999773e+02 6.559999999999999432e+01 1.659000000000000000e+03
7.896000000000000000e+03 2.668000000000000000e+03 3.520000000000000000e+02 7.750000000000000000e+01 1.550000000000000000e+03
7.846000000000000000e+03 2.811000000000000000e+03 2.620000000000000000e+02 6.540000000000000568e+01 1.653000000000000000e+03
7.831000000000000000e+03 2.640000000000000000e+03 3.793999999999999773e+02 5.829999999999999716e+01 1.596000000000000000e+03
7.873000000000000000e+03 2.699000000000000000e+03 2.696000000000000227e+02 8.909999999999999432e+01 1.632000000000000000e+03
7.784000000000000000e+03 3.313000000000000000e+03 3.441999999999999886e+02 7.970000000000000284e+01 1.744000000000000000e+03
7.874000000000000000e+03 3.082000000000000000e+03 2.529000000000000057e+02 7.220000000000000284e+01 1.638000000000000000e+03
7.769000000000000000e+03 3.239000000000000000e+03 4.878999999999999773e+02 9.490000000000000568e+01 1.716000000000000000e+03
7.786000000000000000e+03 3.091000000000000000e+03 2.608999999999999773e+02 7.340000000000000568e+01 1.700000000000000000e+03
7.886000000000000000e+03 3.088000000000000000e+03 3.016000000000000227e+02 6.310000000000000142e+01 1.651000000000000000e+03
7.760000000000000000e+03 3.048000000000000000e+03 2.588000000000000114e+02 7.479999999999999716e+01 1.669000000000000000e+03
7.852000000000000000e+03 2.965000000000000000e+03 3.115000000000000000e+02 7.640000000000000568e+01 1.682000000000000000e+03
7.859000000000000000e+03 2.942000000000000000e+03 2.811999999999999886e+02 7.020000000000000284e+01 1.642000000000000000e+03
7.770000000000000000e+03 2.934000000000000000e+03 3.123999999999999773e+02 8.190000000000000568e+01 1.666000000000000000e+03
7.888000000000000000e+03 2.801000000000000000e+03 3.766999999999999886e+02 8.759999999999999432e+01 1.587000000000000000e+03
7.857000000000000000e+03 2.981000000000000000e+03 2.915000000000000000e+02 8.929999999999999716e+01 1.649000000000000000e+03
7.790000000000000000e+03 2.933000000000000000e+03 2.971999999999999886e+02 6.540000000000000568e+01 1.663000000000000000e+03
7.848000000000000000e+03 2.967000000000000000e+03 3.655000000000000000e+02 7.929999999999999716e+01 1.626000000000000000e+03
7.841000000000000000e+03 2.868000000000000000e+03 2.738000000000000114e+02 8.490000000000000568e+01 1.662000000000000000e+03
7.906000000000000000e+03 3.271000000000000000e+03 3.928000000000000114e+02 7.520000000000000284e+01 1.608000000000000000e+03
7.896000000000000000e+03 3.324000000000000000e+03 3.218000000000000114e+02 6.529999999999999716e+01 1.669000000000000000e+03
7.861000000000000000e+03 3.446000000000000000e+03 4.803999999999999773e+02 5.910000000000000142e+01 1.693000000000000000e+03
7.792000000000000000e+03 3.460000000000000000e+03 2.345999999999999943e+02 6.559999999999999432e+01 1.727000000000000000e+03
7.863000000000000000e+03 2.397000000000000000e+03 3.228000000000000114e+02 7.579999999999999716e+01 1.564000000000000000e+03
7.838000000000000000e+03 3.264000000000000000e+03 2.688999999999999773e+02 6.320000000000000284e+01 1.696000000000000000e+03
7.856000000000000000e+03 2.364000000000000000e+03 3.391999999999999886e+02 9.440000000000000568e+01 1.526000000000000000e+03
7.810000000000000000e+03 2.948000000000000000e+03 2.796000000000000227e+02 6.720000000000000284e+01 1.682000000000000000e+03
7.890000000000000000e+03 3.104000000000000000e+03 2.436999999999999886e+02 6.690000000000000568e+01 1.637000000000000000e+03
7.807000000000000000e+03 3.346000000000000000e+03 2.266999999999999886e+02 6.170000000000000284e+01 1.702000000000000000e+03
7.784000000000000000e+03 3.673000000000000000e+03 3.076999999999999886e+02 6.940000000000000568e+01 1.754000000000000000e+03
7.816000000000000000e+03 3.867000000000000000e+03 2.868000000000000114e+02 7.190000000000000568e+01 1.720000000000000000e+03
7.795000000000000000e+03 3.021000000000000000e+03 2.985000000000000000e+02 8.209999999999999432e+01 1.655000000000000000e+03
7.921000000000000000e+03 3.829000000000000000e+03 2.965000000000000000e+02 6.470000000000000284e+01 1.681000000000000000e+03
7.863000000000000000e+03 2.986000000000000000e+03 3.753000000000000114e+02 6.829999999999999716e+01 1.606000000000000000e+03
7.876000000000000000e+03 3.453000000000000000e+03 2.931000000000000227e+02 7.600000000000000000e+01 1.692000000000000000e+03
7.851000000000000000e+03 3.020000000000000000e+03 2.870000000000000000e+02 6.690000000000000568e+01 1.667000000000000000e+03
7.802000000000000000e+03 2.910000000000000000e+03 3.351999999999999886e+02 7.959999999999999432e+01 1.648000000000000000e+03
7.813000000000000000e+03 3.204000000000000000e+03 2.823000000000000114e+02 7.290000000000000568e+01 1.691000000000000000e+03
7.855000000000000000e+03 2.848000000000000000e+03 2.820000000000000000e+02 7.459999999999999432e+01 1.664000000000000000e+03
7.789000000000000000e+03 2.382000000000000000e+03 3.363999999999999773e+02 8.920000000000000284e+01 1.639000000000000000e+03
7.824000000000000000e+03 2.730000000000000000e+03 3.123000000000000114e+02 7.320000000000000284e+01 1.662000000000000000e+03
7.811000000000000000e+03 2.785000000000000000e+03 3.416999999999999886e+02 8.640000000000000568e+01 1.689000000000000000e+03
7.850000000000000000e+03 3.237000000000000000e+03 4.168000000000000114e+02 7.590000000000000568e+01 1.668000000000000000e+03
7.881000000000000000e+03 2.333000000000000000e+03 3.493999999999999773e+02 8.400000000000000000e+01 1.510000000000000000e+03
7.826000000000000000e+03 3.331000000000000000e+03 2.781999999999999886e+02 6.879999999999999716e+01 1.681000000000000000e+03
7.844000000000000000e+03 2.926000000000000000e+03 2.988000000000000114e+02 1.002999999999999972e+02 1.592000000000000000e+03
7.844000000000000000e+03 3.200000000000000000e+03 3.420000000000000000e+02 7.890000000000000568e+01 1.652000000000000000e+03
7.799000000000000000e+03 3.128000000000000000e+03 3.620000000000000000e+02 8.090000000000000568e+01 1.718000000000000000e+03
7.844000000000000000e+03 2.864000000000000000e+03 2.953999999999999773e+02 7.850000000000000000e+01 1.627000000000000000e+03
7.766000000000000000e+03 3.403000000000000000e+03 2.618999999999999773e+02 7.420000000000000284e+01 1.759000000000000000e+03
7.838000000000000000e+03 3.688000000000000000e+03 2.465999999999999943e+02 6.370000000000000284e+01 1.787000000000000000e+03
7.785000000000000000e+03 3.094000000000000000e+03 3.603000000000000114e+02 9.809999999999999432e+01 1.653000000000000000e+03
7.820000000000000000e+03 3.496000000000000000e+03 2.913999999999999773e+02 6.850000000000000000e+01 1.687000000000000000e+03
7.817000000000000000e+03 2.734000000000000000e+03 3.003000000000000114e+02 8.320000000000000284e+01 1.639000000000000000e+03
7.839000000000000000e+03 3.631000000000000000e+03 2.963000000000000114e+02 7.250000000000000000e+01 1.703000000000000000e+03
7.758000000000000000e+03 3.263000000000000000e+03 3.548000000000000114e+02 7.979999999999999716e+01 1.773000000000000000e+03
7.785000000000000000e+03 2.391000000000000000e+03 3.490000000000000000e+02 1.242000000000000028e+02 1.572000000000000000e+03
7.873000000000000000e+03 3.193000000000000000e+03 2.808000000000000114e+02 7.100000000000000000e+01 1.666000000000000000e+03
7.882000000000000000e+03 3.805000000000000000e+03 3.540000000000000000e+02 8.020000000000000284e+01 1.674000000000000000e+03
7.844000000000000000e+03 3.272000000000000000e+03 3.243000000000000114e+02 8.170000000000000284e+01 1.655000000000000000e+03
7.821000000000000000e+03 3.100000000000000000e+03 3.550000000000000000e+02 6.840000000000000568e+01 1.640000000000000000e+03
7.787000000000000000e+03 3.113000000000000000e+03 2.986999999999999886e+02 7.559999999999999432e+01 1.727000000000000000e+03
7.831000000000000000e+03 2.473000000000000000e+03 3.446999999999999886e+02 8.550000000000000000e+01 1.557000000000000000e+03
7.769000000000000000e+03 3.291000000000000000e+03 2.576000000000000227e+02 8.559999999999999432e+01 1.751000000000000000e+03
7.808000000000000000e+03 3.258000000000000000e+03 2.490000000000000000e+02 7.670000000000000284e+01 1.737000000000000000e+03
7.875000000000000000e+03 3.216000000000000000e+03 2.921999999999999886e+02 6.490000000000000568e+01 1.646000000000000000e+03
7.919000000000000000e+03 3.440000000000000000e+03 2.613000000000000114e+02 7.759999999999999432e+01 1.660000000000000000e+03
7.845000000000000000e+03 3.267000000000000000e+03 2.601999999999999886e+02 7.829999999999999716e+01 1.701000000000000000e+03
7.823000000000000000e+03 2.830000000000000000e+03 2.706000000000000227e+02 7.220000000000000284e+01 1.643000000000000000e+03
7.861000000000000000e+03 2.596000000000000000e+03 3.756999999999999886e+02 7.709999999999999432e+01 1.538000000000000000e+03
7.863000000000000000e+03 3.103000000000000000e+03 2.870000000000000000e+02 8.709999999999999432e+01 1.639000000000000000e+03
7.855000000000000000e+03 3.281000000000000000e+03 3.128000000000000114e+02 8.540000000000000568e+01 1.701000000000000000e+03
7.912000000000000000e+03 2.990000000000000000e+03 3.373999999999999773e+02 7.279999999999999716e+01 1.540000000000000000e+03
7.777000000000000000e+03 2.317000000000000000e+03 2.881999999999999886e+02 1.087999999999999972e+02 1.636000000000000000e+03
7.887000000000000000e+03 3.049000000000000000e+03 3.026000000000000227e+02 7.000000000000000000e+01 1.546000000000000000e+03
7.789000000000000000e+03 3.596000000000000000e+03 2.450000000000000000e+02 7.220000000000000284e+01 1.742000000000000000e+03
7.803000000000000000e+03 3.462000000000000000e+03 2.978999999999999773e+02 7.800000000000000000e+01 1.713000000000000000e+03
7.764000000000000000e+03 3.187000000000000000e+03 3.435000000000000000e+02 7.640000000000000568e+01 1.758000000000000000e+03
7.805000000000000000e+03 2.589000000000000000e+03 2.571999999999999886e+02 9.800000000000000000e+01 1.639000000000000000e+03
7.835000000000000000e+03 3.197000000000000000e+03 3.526999999999999886e+02 8.059999999999999432e+01 1.718000000000000000e+03
7.785000000000000000e+03 3.116000000000000000e+03 3.458000000000000114e+02 7.940000000000000568e+01 1.657000000000000000e+03
7.825000000000000000e+03 2.873000000000000000e+03 2.935000000000000000e+02 7.779999999999999716e+01 1.670000000000000000e+03
7.881000000000000000e+03 2.997000000000000000e+03 2.738999999999999773e+02 7.490000000000000568e+01 1.593000000000000000e+03
7.828000000000000000e+03 3.040000000000000000e+03 3.816999999999999886e+02 7.079999999999999716e+01 1.684000000000000000e+03
7.882000000000000000e+03 3.315000000000000000e+03 3.670000000000000000e+02 7.400000000000000000e+01 1.623000000000000000e+03
7.843000000000000000e+03 3.587000000000000000e+03 2.981000000000000227e+02 7.040000000000000568e+01 1.721000000000000000e+03
7.847000000000000000e+03 2.867000000000000000e+03 4.208999999999999773e+02 7.900000000000000000e+01 1.637000000000000000e+03
7.885000000000000000e+03 2.753000000000000000e+03 3.133000000000000114e+02 5.950000000000000000e+01 1.512000000000000000e+03
7.836000000000000000e+03 3.239000000000000000e+03 2.981999999999999886e+02 7.420000000000000284e+01 1.690000000000000000e+03
7.887000000000000000e+03 3.521000000000000000e+03 2.803000000000000114e+02 6.779999999999999716e+01 1.669000000000000000e+03
7.848000000000000000e+03 2.829000000000000000e+03 2.703000000000000114e+02 8.800000000000000000e+01 1.622000000000000000e+03
7.783000000000000000e+03 3.282000000000000000e+03 3.148999999999999773e+02 8.270000000000000284e+01 1.724000000000000000e+03
7.816000000000000000e+03 3.132000000000000000e+03 2.736999999999999886e+02 6.829999999999999716e+01 1.673000000000000000e+03
7.807000000000000000e+03 2.965000000000000000e+03 2.596000000000000227e+02 7.809999999999999432e+01 1.698000000000000000e+03
7.824000000000000000e+03 3.386000000000000000e+03 3.066000000000000227e+02 7.440000000000000568e+01 1.695000000000000000e+03
7.850000000000000000e+03 3.094000000000000000e+03 2.916999999999999886e+02 7.300000000000000000e+01 1.634000000000000000e+03
7.834000000000000000e+03 2.999000000000000000e+03 2.543000000000000114e+02 7.159999999999999432e+01 1.669000000000000000e+03
7.898000000000000000e+03 3.488000000000000000e+03 2.638999999999999773e+02 6.479999999999999716e+01 1.632000000000000000e+03
7.800000000000000000e+03 3.033000000000000000e+03 3.603999999999999773e+02 9.559999999999999432e+01 1.686000000000000000e+03
7.820000000000000000e+03 3.497000000000000000e+03 2.606999999999999886e+02 6.670000000000000284e+01 1.745000000000000000e+03
7.886000000000000000e+03 3.527000000000000000e+03 2.390999999999999943e+02 5.910000000000000142e+01 1.697000000000000000e+03
7.864000000000000000e+03 3.248000000000000000e+03 3.175000000000000000e+02 7.929999999999999716e+01 1.712000000000000000e+03
7.833000000000000000e+03 3.328000000000000000e+03 2.750000000000000000e+02 6.809999999999999432e+01 1.678000000000000000e+03
7.892000000000000000e+03 3.238000000000000000e+03 2.823000000000000114e+02 7.890000000000000568e+01 1.658000000000000000e+03
7.868000000000000000e+03 3.308000000000000000e+03 2.728999999999999773e+02 7.129999999999999716e+01 1.679000000000000000e+03
7.863000000000000000e+03 2.905000000000000000e+03 3.278000000000000114e+02 7.350000000000000000e+01 1.577000000000000000e+03
7.814000000000000000e+03 3.374000000000000000e+03 2.613999999999999773e+02 6.189999999999999858e+01 1.744000000000000000e+03
7.734000000000000000e+03 2.625000000000000000e+03 2.823000000000000114e+02 7.559999999999999432e+01 1.648000000000000000e+03
7.748000000000000000e+03 3.106000000000000000e+03 3.086000000000000227e+02 6.740000000000000568e+01 1.682000000000000000e+03
7.813000000000000000e+03 3.414000000000000000e+03 3.921000000000000227e+02 7.379999999999999716e+01 1.698000000000000000e+03
7.834000000000000000e+03 2.943000000000000000e+03 2.808000000000000114e+02 8.459999999999999432e+01 1.693000000000000000e+03
7.725000000000000000e+03 3.157000000000000000e+03 2.410999999999999943e+02 7.009999999999999432e+01 1.770000000000000000e+03
7.825000000000000000e+03 3.105000000000000000e+03 2.793999999999999773e+02 6.929999999999999716e+01 1.656000000000000000e+03
7.797000000000000000e+03 2.981000000000000000e+03 2.486999999999999886e+02 7.150000000000000000e+01 1.646000000000000000e+03
7.889000000000000000e+03 3.110000000000000000e+03 3.243000000000000114e+02 7.750000000000000000e+01 1.660000000000000000e+03
7.883000000000000000e+03 3.265000000000000000e+03 4.498000000000000114e+02 6.950000000000000000e+01 1.700000000000000000e+03
7.882000000000000000e+03 3.287000000000000000e+03 3.320000000000000000e+02 6.479999999999999716e+01 1.688000000000000000e+03
7.863000000000000000e+03 3.328000000000000000e+03 3.103000000000000114e+02 7.120000000000000284e+01 1.696000000000000000e+03
7.801000000000000000e+03 3.055000000000000000e+03 3.428000000000000114e+02 8.890000000000000568e+01 1.682000000000000000e+03
7.871000000000000000e+03 3.015000000000000000e+03 5.030000000000000000e+02 8.000000000000000000e+01 1.616000000000000000e+03
7.816000000000000000e+03 2.615000000000000000e+03 2.865000000000000000e+02 9.450000000000000000e+01 1.656000000000000000e+03
7.893000000000000000e+03 3.063000000000000000e+03 2.891999999999999886e+02 1.045999999999999943e+02 1.647000000000000000e+03
7.803000000000000000e+03 3.187000000000000000e+03 2.563999999999999773e+02 7.179999999999999716e+01 1.682000000000000000e+03
7.873000000000000000e+03 3.203000000000000000e+03 2.803999999999999773e+02 6.350000000000000000e+01 1.667000000000000000e+03
7.874000000000000000e+03 3.425000000000000000e+03 2.828999999999999773e+02 6.879999999999999716e+01 1.690000000000000000e+03
7.848000000000000000e+03 2.627000000000000000e+03 2.821000000000000227e+02 6.659999999999999432e+01 1.626000000000000000e+03
7.799000000000000000e+03 2.983000000000000000e+03 2.730000000000000000e+02 8.220000000000000284e+01 1.699000000000000000e+03
7.857000000000000000e+03 3.516000000000000000e+03 2.748000000000000114e+02 7.159999999999999432e+01 1.677000000000000000e+03
7.804000000000000000e+03 2.834000000000000000e+03 2.998000000000000114e+02 9.279999999999999716e+01 1.682000000000000000e+03
7.931000000000000000e+03 3.381000000000000000e+03 2.781000000000000227e+02 7.850000000000000000e+01 1.630000000000000000e+03
7.817000000000000000e+03 3.117000000000000000e+03 2.768000000000000114e+02 7.700000000000000000e+01 1.694000000000000000e+03
7.825000000000000000e+03 3.370000000000000000e+03 2.718000000000000114e+02 6.360000000000000142e+01 1.658000000000000000e+03
7.901000000000000000e+03 3.055000000000000000e+03 3.136000000000000227e+02 8.070000000000000284e+01 1.631000000000000000e+03
7.813000000000000000e+03 3.481000000000000000e+03 2.671999999999999886e+02 7.620000000000000284e+01 1.743000000000000000e+03
7.834000000000000000e+03 2.312000000000000000e+03 3.225000000000000000e+02 8.829999999999999716e+01 1.543000000000000000e+03
7.802000000000000000e+03 3.581000000000000000e+03 4.011000000000000227e+02 8.279999999999999716e+01 1.700000000000000000e+03
7.778000000000000000e+03 2.971000000000000000e+03 3.430000000000000000e+02 9.550000000000000000e+01 1.706000000000000000e+03
7.884000000000000000e+03 2.737000000000000000e+03 3.041999999999999886e+02 8.559999999999999432e+01 1.599000000000000000e+03
7.880000000000000000e+03 3.205000000000000000e+03 2.848000000000000114e+02 7.429999999999999716e+01 1.653000000000000000e+03
7.886000000000000000e+03 2.962000000000000000e+03 2.751000000000000227e+02 7.240000000000000568e+01 1.600000000000000000e+03
7.865000000000000000e+03 3.221000000000000000e+03 2.890000000000000000e+02 8.359999999999999432e+01 1.700000000000000000e+03
7.855000000000000000e+03 3.019000000000000000e+03 3.401999999999999886e+02 6.490000000000000568e+01 1.660000000000000000e+03
7.813000000000000000e+03 3.258000000000000000e+03 2.991000000000000227e+02 7.050000000000000000e+01 1.663000000000000000e+03
7.913000000000000000e+03 2.695000000000000000e+03 2.610000000000000000e+02 7.370000000000000284e+01 1.503000000000000000e+03
7.749000000000000000e+03 3.273000000000000000e+03 3.498000000000000114e+02 8.379999999999999716e+01 1.702000000000000000e+03
7.808000000000000000e+03 3.328000000000000000e+03 3.121999999999999886e+02 7.559999999999999432e+01 1.698000000000000000e+03
7.773000000000000000e+03 3.187000000000000000e+03 3.350000000000000000e+02 5.879999999999999716e+01 1.754000000000000000e+03
7.901000000000000000e+03 3.485000000000000000e+03 3.271999999999999886e+02 6.929999999999999716e+01 1.678000000000000000e+03
7.865000000000000000e+03 3.379000000000000000e+03 2.931000000000000227e+02 6.840000000000000568e+01 1.664000000000000000e+03
7.795000000000000000e+03 3.101000000000000000e+03 2.588999999999999773e+02 8.800000000000000000e+01 1.746000000000000000e+03
7.843000000000000000e+03 3.205000000000000000e+03 2.636999999999999886e+02 6.509999999999999432e+01 1.671000000000000000e+03
7.836000000000000000e+03 3.023000000000000000e+03 2.596999999999999886e+02 7.240000000000000568e+01 1.651000000000000000e+03
7.871000000000000000e+03 3.510000000000000000e+03 3.008999999999999773e+02 9.090000000000000568e+01 1.689000000000000000e+03
7.791000000000000000e+03 3.738000000000000000e+03 2.943999999999999773e+02 8.150000000000000000e+01 1.764000000000000000e+03
7.778000000000000000e+03 3.062000000000000000e+03 2.610000000000000000e+02 6.590000000000000568e+01 1.688000000000000000e+03
7.895000000000000000e+03 3.066000000000000000e+03 2.763999999999999773e+02 6.990000000000000568e+01 1.606000000000000000e+03
7.799000000000000000e+03 2.819000000000000000e+03 2.591999999999999886e+02 7.400000000000000000e+01 1.661000000000000000e+03
7.852000000000000000e+03 2.794000000000000000e+03 2.856999999999999886e+02 8.100000000000000000e+01 1.656000000000000000e+03
7.879000000000000000e+03 2.979000000000000000e+03 3.571000000000000227e+02 7.859999999999999432e+01 1.633000000000000000e+03
7.833000000000000000e+03 3.006000000000000000e+03 3.363999999999999773e+02 7.720000000000000284e+01 1.657000000000000000e+03
7.782000000000000000e+03 2.885000000000000000e+03 3.038000000000000114e+02 7.770000000000000284e+01 1.718000000000000000e+03
7.794000000000000000e+03 2.979000000000000000e+03 2.840000000000000000e+02 9.459999999999999432e+01 1.696000000000000000e+03
7.805000000000000000e+03 2.598000000000000000e+03 3.193000000000000114e+02 9.600000000000000000e+01 1.691000000000000000e+03
7.904000000000000000e+03 3.011000000000000000e+03 2.941999999999999886e+02 6.370000000000000284e+01 1.603000000000000000e+03
7.839000000000000000e+03 3.215000000000000000e+03 2.613999999999999773e+02 8.070000000000000284e+01 1.705000000000000000e+03
7.826000000000000000e+03 2.394000000000000000e+03 3.080000000000000000e+02 6.970000000000000284e+01 1.550000000000000000e+03
7.810000000000000000e+03 2.772000000000000000e+03 3.538999999999999773e+02 8.820000000000000284e+01 1.616000000000000000e+03
7.807000000000000000e+03 3.013000000000000000e+03 3.523000000000000114e+02 6.990000000000000568e+01 1.736000000000000000e+03
7.886000000000000000e+03 2.850000000000000000e+03 3.128000000000000114e+02 5.989999999999999858e+01 1.598000000000000000e+03
7.856000000000000000e+03 2.669000000000000000e+03 2.855000000000000000e+02 9.479999999999999716e+01 1.642000000000000000e+03
7.920000000000000000e+03 3.455000000000000000e+03 4.033999999999999773e+02 6.409999999999999432e+01 1.663000000000000000e+03
7.857000000000000000e+03 2.746000000000000000e+03 2.771999999999999886e+02 8.629999999999999716e+01 1.643000000000000000e+03
7.879000000000000000e+03 2.912000000000000000e+03 3.103000000000000114e+02 7.050000000000000000e+01 1.546000000000000000e+03
7.735000000000000000e+03 3.166000000000000000e+03 2.598999999999999773e+02 7.009999999999999432e+01 1.715000000000000000e+03
7.803000000000000000e+03 2.814000000000000000e+03 3.813999999999999773e+02 8.570000000000000284e+01 1.677000000000000000e+03
7.808000000000000000e+03 3.284000000000000000e+03 3.600000000000000000e+02 7.859999999999999432e+01 1.701000000000000000e+03
7.766000000000000000e+03 3.061000000000000000e+03 2.945000000000000000e+02 8.300000000000000000e+01 1.709000000000000000e+03
7.810000000000000000e+03 2.677000000000000000e+03 2.661999999999999886e+02 8.120000000000000284e+01 1.560000000000000000e+03
7.784000000000000000e+03 3.202000000000000000e+03 3.811000000000000227e+02 8.720000000000000284e+01 1.689000000000000000e+03
7.881000000000000000e+03 2.878000000000000000e+03 2.708999999999999773e+02 8.590000000000000568e+01 1.642000000000000000e+03
7.789000000000000000e+03 2.624000000000000000e+03 3.666999999999999886e+02 8.629999999999999716e+01 1.617000000000000000e+03
7.826000000000000000e+03 3.788000000000000000e+03 2.196999999999999886e+02 6.320000000000000284e+01 1.736000000000000000e+03
7.761000000000000000e+03 3.355000000000000000e+03 2.486999999999999886e+02 7.209999999999999432e+01 1.772000000000000000e+03
7.870000000000000000e+03 3.175000000000000000e+03 2.545000000000000000e+02 7.309999999999999432e+01 1.566000000000000000e+03
7.836000000000000000e+03 3.129000000000000000e+03 2.566000000000000227e+02 7.450000000000000000e+01 1.622000000000000000e+03
7.763000000000000000e+03 2.851000000000000000e+03 3.243999999999999773e+02 7.579999999999999716e+01 1.705000000000000000e+03
7.797000000000000000e+03 2.747000000000000000e+03 2.621999999999999886e+02 6.659999999999999432e+01 1.600000000000000000e+03
7.904000000000000000e+03 3.031000000000000000e+03 3.846000000000000227e+02 7.270000000000000284e+01 1.567000000000000000e+03
7.903000000000000000e+03 2.972000000000000000e+03 3.310000000000000000e+02 6.800000000000000000e+01 1.598000000000000000e+03
7.832000000000000000e+03 2.784000000000000000e+03 3.096999999999999886e+02 8.700000000000000000e+01 1.631000000000000000e+03
7.839000000000000000e+03 3.331000000000000000e+03 3.473000000000000114e+02 6.820000000000000284e+01 1.658000000000000000e+03
