3.805000000000000000e+03 6.388000000000000000e+03 5.879999999999999716e+01 6.000000000000000000e+00 5.564000000000000000e+03
3.830000000000000000e+03 6.341000000000000000e+03 5.200000000000000000e+01 5.799999999999999822e+00 5.557000000000000000e+03
3.797000000000000000e+03 6.412000000000000000e+03 5.779999999999999716e+01 6.000000000000000000e+00 5.553000000000000000e+03
3.804000000000000000e+03 6.370000000000000000e+03 7.200000000000000000e+01 5.599999999999999645e+00 5.556000000000000000e+03
6.336000000000000000e+03 6.328000000000000000e+03 2.818000000000000114e+02 6.000000000000000000e+00 5.537000000000000000e+03
3.854000000000000000e+03 6.308000000000000000e+03 5.500000000000000000e+01 6.000000000000000000e+00 5.532000000000000000e+03
3.884000000000000000e+03 6.310000000000000000e+03 6.929999999999999716e+01 6.000000000000000000e+00 5.454000000000000000e+03
3.840000000000000000e+03 6.365000000000000000e+03 3.770000000000000284e+01 6.099999999999999645e+00 5.498000000000000000e+03
3.881000000000000000e+03 6.486000000000000000e+03 4.570000000000000284e+01 6.000000000000000000e+00 5.506000000000000000e+03
3.908000000000000000e+03 6.476000000000000000e+03 5.270000000000000284e+01 6.000000000000000000e+00 5.448000000000000000e+03
6.380000000000000000e+03 6.451000000000000000e+03 2.700000000000000000e+02 6.000000000000000000e+00 5.445000000000000000e+03
3.878000000000000000e+03 6.310000000000000000e+03 5.389999999999999858e+01 6.000000000000000000e+00 5.527000000000000000e+03
3.837000000000000000e+03 6.355000000000000000e+03 6.900000000000000000e+01 6.299999999999999822e+00 5.551000000000000000e+03
3.863000000000000000e+03 6.259000000000000000e+03 7.129999999999999716e+01 6.000000000000000000e+00 5.521000000000000000e+03
3.890000000000000000e+03 6.350000000000000000e+03 4.979999999999999716e+01 6.400000000000000355e+00 5.509000000000000000e+03
6.416000000000000000e+03 6.384000000000000000e+03 2.725000000000000000e+02 6.000000000000000000e+00 5.563000000000000000e+03
3.820000000000000000e+03 6.334000000000000000e+03 5.360000000000000142e+01 6.400000000000000355e+00 5.571000000000000000e+03
5.397000000000000000e+03 6.416000000000000000e+03 1.620999999999999943e+02 6.400000000000000355e+00 5.476000000000000000e+03
3.869000000000000000e+03 6.523000000000000000e+03 4.260000000000000142e+01 6.000000000000000000e+00 5.465000000000000000e+03
6.318000000000000000e+03 6.363000000000000000e+03 2.583999999999999773e+02 5.599999999999999645e+00 5.472000000000000000e+03
3.840000000000000000e+03 6.379000000000000000e+03 5.310000000000000142e+01 6.000000000000000000e+00 5.584000000000000000e+03
3.906000000000000000e+03 6.381000000000000000e+03 6.160000000000000142e+01 6.400000000000000355e+00 5.463000000000000000e+03
3.825000000000000000e+03 6.319000000000000000e+03 3.820000000000000284e+01 5.799999999999999822e+00 5.544000000000000000e+03
3.812000000000000000e+03 6.485000000000000000e+03 4.450000000000000000e+01 6.000000000000000000e+00 5.541000000000000000e+03
3.809000000000000000e+03 6.397000000000000000e+03 4.179999999999999716e+01 7.000000000000000000e+00 5.539000000000000000e+03
5.427000000000000000e+03 6.358000000000000000e+03 1.790000000000000000e+02 6.000000000000000000e+00 5.490000000000000000e+03
3.835000000000000000e+03 6.406000000000000000e+03 5.979999999999999716e+01 6.000000000000000000e+00 5.542000000000000000e+03
5.251000000000000000e+03 6.395000000000000000e+03 1.540000000000000000e+02 5.900000000000000355e+00 5.518000000000000000e+03
3.836000000000000000e+03 6.343000000000000000e+03 5.210000000000000142e+01 6.299999999999999822e+00 5.480000000000000000e+03
3.912000000000000000e+03 6.368000000000000000e+03 4.739999999999999858e+01 6.000000000000000000e+00 5.493000000000000000e+03
3.829000000000000000e+03 6.449000000000000000e+03 6.020000000000000284e+01 6.200000000000000178e+00 5.516000000000000000e+03
6.806000000000000000e+03 6.344000000000000000e+03 4.136999999999999886e+02 6.400000000000000355e+00 5.474000000000000000e+03
3.848000000000000000e+03 6.264000000000000000e+03 4.289999999999999858e+01 6.299999999999999822e+00 5.498000000000000000e+03
3.858000000000000000e+03 6.236000000000000000e+03 5.700000000000000000e+01 6.200000000000000178e+00 5.549000000000000000e+03
3.818000000000000000e+03 6.464000000000000000e+03 6.200000000000000000e+01 5.599999999999999645e+00 5.584000000000000000e+03
3.835000000000000000e+03 6.286000000000000000e+03 4.879999999999999716e+01 5.799999999999999822e+00 5.512000000000000000e+03
3.804000000000000000e+03 6.294000000000000000e+03 6.279999999999999716e+01 5.599999999999999645e+00 5.528000000000000000e+03
6.323000000000000000e+03 6.336000000000000000e+03 2.465000000000000000e+02 6.299999999999999822e+00 5.549000000000000000e+03
3.825000000000000000e+03 6.372000000000000000e+03 5.050000000000000000e+01 6.200000000000000178e+00 5.550000000000000000e+03
3.844000000000000000e+03 6.440000000000000000e+03 4.560000000000000142e+01 5.599999999999999645e+00 5.529000000000000000e+03
5.432000000000000000e+03 6.372000000000000000e+03 1.665000000000000000e+02 6.599999999999999645e+00 5.619000000000000000e+03
6.416000000000000000e+03 6.463000000000000000e+03 2.606999999999999886e+02 6.099999999999999645e+00 5.482000000000000000e+03
3.762000000000000000e+03 6.374000000000000000e+03 6.840000000000000568e+01 6.099999999999999645e+00 5.630000000000000000e+03
3.962000000000000000e+03 6.427000000000000000e+03 6.029999999999999716e+01 6.000000000000000000e+00 5.414000000000000000e+03
6.468000000000000000e+03 6.380000000000000000e+03 2.850000000000000000e+02 6.000000000000000000e+00 5.460000000000000000e+03
5.320000000000000000e+03 6.444000000000000000e+03 1.595999999999999943e+02 6.000000000000000000e+00 5.422000000000000000e+03
3.914000000000000000e+03 6.296000000000000000e+03 4.970000000000000284e+01 6.299999999999999822e+00 5.470000000000000000e+03
3.828000000000000000e+03 6.379000000000000000e+03 6.540000000000000568e+01 5.700000000000000178e+00 5.516000000000000000e+03
3.905000000000000000e+03 6.222000000000000000e+03 5.839999999999999858e+01 5.599999999999999645e+00 5.440000000000000000e+03
3.809000000000000000e+03 6.408000000000000000e+03 6.400000000000000000e+01 6.299999999999999822e+00 5.533000000000000000e+03
3.813000000000000000e+03 6.386000000000000000e+03 6.139999999999999858e+01 6.000000000000000000e+00 5.536000000000000000e+03
3.824000000000000000e+03 6.284000000000000000e+03 4.900000000000000000e+01 6.000000000000000000e+00 5.476000000000000000e+03
3.836000000000000000e+03 6.332000000000000000e+03 4.539999999999999858e+01 6.000000000000000000e+00 5.552000000000000000e+03
3.917000000000000000e+03 6.320000000000000000e+03 6.600000000000000000e+01 5.799999999999999822e+00 5.462000000000000000e+03
3.855000000000000000e+03 6.372000000000000000e+03 5.750000000000000000e+01 6.000000000000000000e+00 5.524000000000000000e+03
3.883000000000000000e+03 6.389000000000000000e+03 4.229999999999999716e+01 6.000000000000000000e+00 5.500000000000000000e+03
3.836000000000000000e+03 6.426000000000000000e+03 4.129999999999999716e+01 6.099999999999999645e+00 5.526000000000000000e+03
3.767000000000000000e+03 6.379000000000000000e+03 4.460000000000000142e+01 6.000000000000000000e+00 5.587000000000000000e+03
3.856000000000000000e+03 6.206000000000000000e+03 6.089999999999999858e+01 6.799999999999999822e+00 5.531000000000000000e+03
3.847000000000000000e+03 6.395000000000000000e+03 7.050000000000000000e+01 6.099999999999999645e+00 5.539000000000000000e+03
3.933000000000000000e+03 6.397000000000000000e+03 5.260000000000000142e+01 6.000000000000000000e+00 5.464000000000000000e+03
3.765000000000000000e+03 6.348000000000000000e+03 4.860000000000000142e+01 6.099999999999999645e+00 5.584000000000000000e+03
3.907000000000000000e+03 6.318000000000000000e+03 6.590000000000000568e+01 5.700000000000000178e+00 5.467000000000000000e+03
6.535000000000000000e+03 6.323000000000000000e+03 2.883999999999999773e+02 6.799999999999999822e+00 5.561000000000000000e+03
3.839000000000000000e+03 6.363000000000000000e+03 4.650000000000000000e+01 6.200000000000000178e+00 5.533000000000000000e+03
3.869000000000000000e+03 6.389000000000000000e+03 6.110000000000000142e+01 6.400000000000000355e+00 5.499000000000000000e+03
3.859000000000000000e+03 6.280000000000000000e+03 5.239999999999999858e+01 6.500000000000000000e+00 5.494000000000000000e+03
3.832000000000000000e+03 6.399000000000000000e+03 4.120000000000000284e+01 6.200000000000000178e+00 5.512000000000000000e+03
3.988000000000000000e+03 6.349000000000000000e+03 4.700000000000000000e+01 6.000000000000000000e+00 5.412000000000000000e+03
3.913000000000000000e+03 6.359000000000000000e+03 4.250000000000000000e+01 6.000000000000000000e+00 5.467000000000000000e+03
3.893000000000000000e+03 6.529000000000000000e+03 8.659999999999999432e+01 6.000000000000000000e+00 5.501000000000000000e+03
3.786000000000000000e+03 6.442000000000000000e+03 5.179999999999999716e+01 6.099999999999999645e+00 5.588000000000000000e+03
3.789000000000000000e+03 6.200000000000000000e+03 4.239999999999999858e+01 5.500000000000000000e+00 5.567000000000000000e+03
3.852000000000000000e+03 6.353000000000000000e+03 8.070000000000000284e+01 6.200000000000000178e+00 5.506000000000000000e+03
3.903000000000000000e+03 6.425000000000000000e+03 4.689999999999999858e+01 6.000000000000000000e+00 5.481000000000000000e+03
6.386000000000000000e+03 6.394000000000000000e+03 2.534000000000000057e+02 5.799999999999999822e+00 5.417000000000000000e+03
6.378000000000000000e+03 6.397000000000000000e+03 3.456000000000000227e+02 6.200000000000000178e+00 5.471000000000000000e+03
3.823000000000000000e+03 6.403000000000000000e+03 6.170000000000000284e+01 6.000000000000000000e+00 5.569000000000000000e+03
5.454000000000000000e+03 6.434000000000000000e+03 1.574000000000000057e+02 6.000000000000000000e+00 5.427000000000000000e+03
3.852000000000000000e+03 6.227000000000000000e+03 4.760000000000000142e+01 6.500000000000000000e+00 5.554000000000000000e+03
6.364000000000000000e+03 6.397000000000000000e+03 2.573999999999999773e+02 5.599999999999999645e+00 5.517000000000000000e+03
6.481000000000000000e+03 6.156000000000000000e+03 2.863000000000000114e+02 6.799999999999999822e+00 5.405000000000000000e+03
3.776000000000000000e+03 6.350000000000000000e+03 5.170000000000000284e+01 5.500000000000000000e+00 5.579000000000000000e+03
3.839000000000000000e+03 6.348000000000000000e+03 9.120000000000000284e+01 5.700000000000000178e+00 5.559000000000000000e+03
3.913000000000000000e+03 6.335000000000000000e+03 8.409999999999999432e+01 6.000000000000000000e+00 5.506000000000000000e+03
3.864000000000000000e+03 6.330000000000000000e+03 6.890000000000000568e+01 6.200000000000000178e+00 5.533000000000000000e+03
3.841000000000000000e+03 6.351000000000000000e+03 5.570000000000000284e+01 6.500000000000000000e+00 5.489000000000000000e+03
5.159000000000000000e+03 6.306000000000000000e+03 1.428000000000000114e+02 6.000000000000000000e+00 5.476000000000000000e+03
3.825000000000000000e+03 6.338000000000000000e+03 5.400000000000000000e+01 6.000000000000000000e+00 5.532000000000000000e+03
5.137000000000000000e+03 6.349000000000000000e+03 1.551999999999999886e+02 6.000000000000000000e+00 5.531000000000000000e+03
3.884000000000000000e+03 6.368000000000000000e+03 7.050000000000000000e+01 6.500000000000000000e+00 5.472000000000000000e+03
6.451000000000000000e+03 6.282000000000000000e+03 2.716000000000000227e+02 6.599999999999999645e+00 5.570000000000000000e+03
6.304000000000000000e+03 6.325000000000000000e+03 2.653999999999999773e+02 6.099999999999999645e+00 5.471000000000000000e+03
3.913000000000000000e+03 6.369000000000000000e+03 6.079999999999999716e+01 6.000000000000000000e+00 5.436000000000000000e+03
3.875000000000000000e+03 6.392000000000000000e+03 4.850000000000000000e+01 6.000000000000000000e+00 5.521000000000000000e+03
3.756000000000000000e+03 6.365000000000000000e+03 4.879999999999999716e+01 6.400000000000000355e+00 5.615000000000000000e+03
5.390000000000000000e+03 6.469000000000000000e+03 1.688000000000000114e+02 6.000000000000000000e+00 5.541000000000000000e+03
3.858000000000000000e+03 6.283000000000000000e+03 6.429999999999999716e+01 5.799999999999999822e+00 5.551000000000000000e+03
3.880000000000000000e+03 6.588000000000000000e+03 5.579999999999999716e+01 6.000000000000000000e+00 5.486000000000000000e+03
3.881000000000000000e+03 6.400000000000000000e+03 5.789999999999999858e+01 6.099999999999999645e+00 5.517000000000000000e+03
3.829000000000000000e+03 6.544000000000000000e+03 5.170000000000000284e+01 6.000000000000000000e+00 5.540000000000000000e+03
3.783000000000000000e+03 6.465000000000000000e+03 5.300000000000000000e+01 6.299999999999999822e+00 5.577000000000000000e+03
6.363000000000000000e+03 6.298000000000000000e+03 2.636999999999999886e+02 6.099999999999999645e+00 5.493000000000000000e+03
3.773000000000000000e+03 6.440000000000000000e+03 6.370000000000000284e+01 6.000000000000000000e+00 5.599000000000000000e+03
3.804000000000000000e+03 6.370000000000000000e+03 8.159999999999999432e+01 6.200000000000000178e+00 5.611000000000000000e+03
6.331000000000000000e+03 6.350000000000000000e+03 2.575000000000000000e+02 6.299999999999999822e+00 5.555000000000000000e+03
3.845000000000000000e+03 6.370000000000000000e+03 4.589999999999999858e+01 6.400000000000000355e+00 5.535000000000000000e+03
3.772000000000000000e+03 6.419000000000000000e+03 5.960000000000000142e+01 6.000000000000000000e+00 5.666000000000000000e+03
5.200000000000000000e+03 6.495000000000000000e+03 1.485000000000000000e+02 5.500000000000000000e+00 5.583000000000000000e+03
3.796000000000000000e+03 6.248000000000000000e+03 5.179999999999999716e+01 6.000000000000000000e+00 5.553000000000000000e+03
6.528000000000000000e+03 6.311000000000000000e+03 2.891999999999999886e+02 6.000000000000000000e+00 5.575000000000000000e+03
6.381000000000000000e+03 6.370000000000000000e+03 2.533000000000000114e+02 6.200000000000000178e+00 5.305000000000000000e+03
3.916000000000000000e+03 6.499000000000000000e+03 7.340000000000000568e+01 5.700000000000000178e+00 5.449000000000000000e+03
3.901000000000000000e+03 6.472000000000000000e+03 4.310000000000000142e+01 6.000000000000000000e+00 5.480000000000000000e+03
3.831000000000000000e+03 6.408000000000000000e+03 4.560000000000000142e+01 5.599999999999999645e+00 5.550000000000000000e+03
3.915000000000000000e+03 6.300000000000000000e+03 5.410000000000000142e+01 5.799999999999999822e+00 5.461000000000000000e+03
3.840000000000000000e+03 6.368000000000000000e+03 4.610000000000000142e+01 6.099999999999999645e+00 5.546000000000000000e+03
3.793000000000000000e+03 6.383000000000000000e+03 5.720000000000000284e+01 6.000000000000000000e+00 5.566000000000000000e+03
3.822000000000000000e+03 6.437000000000000000e+03 6.659999999999999432e+01 6.099999999999999645e+00 5.548000000000000000e+03
3.848000000000000000e+03 6.351000000000000000e+03 7.409999999999999432e+01 6.000000000000000000e+00 5.511000000000000000e+03
3.901000000000000000e+03 6.252000000000000000e+03 4.000000000000000000e+01 6.000000000000000000e+00 5.472000000000000000e+03
3.799000000000000000e+03 6.275000000000000000e+03 5.489999999999999858e+01 6.000000000000000000e+00 5.574000000000000000e+03
6.253000000000000000e+03 6.345000000000000000e+03 2.738000000000000114e+02 6.000000000000000000e+00 5.501000000000000000e+03
6.277000000000000000e+03 6.433000000000000000e+03 2.775000000000000000e+02 6.099999999999999645e+00 5.557000000000000000e+03
3.840000000000000000e+03 6.427000000000000000e+03 5.370000000000000284e+01 6.000000000000000000e+00 5.514000000000000000e+03
3.773000000000000000e+03 6.467000000000000000e+03 5.120000000000000284e+01 6.400000000000000355e+00 5.625000000000000000e+03
3.885000000000000000e+03 6.353000000000000000e+03 7.040000000000000568e+01 6.099999999999999645e+00 5.489000000000000000e+03
3.938000000000000000e+03 6.320000000000000000e+03 4.429999999999999716e+01 6.599999999999999645e+00 5.425000000000000000e+03
6.246000000000000000e+03 6.455000000000000000e+03 2.710000000000000000e+02 5.400000000000000355e+00 5.507000000000000000e+03
3.826000000000000000e+03 6.337000000000000000e+03 5.410000000000000142e+01 6.400000000000000355e+00 5.526000000000000000e+03
3.907000000000000000e+03 6.467000000000000000e+03 8.220000000000000284e+01 6.400000000000000355e+00 5.481000000000000000e+03
4.000000000000000000e+03 6.420000000000000000e+03 9.279999999999999716e+01 6.099999999999999645e+00 5.416000000000000000e+03
3.884000000000000000e+03 6.233000000000000000e+03 4.739999999999999858e+01 5.799999999999999822e+00 5.511000000000000000e+03
3.869000000000000000e+03 6.445000000000000000e+03 5.260000000000000142e+01 6.000000000000000000e+00 5.504000000000000000e+03
5.314000000000000000e+03 6.464000000000000000e+03 1.596999999999999886e+02 6.000000000000000000e+00 5.472000000000000000e+03
3.884000000000000000e+03 6.363000000000000000e+03 4.410000000000000142e+01 6.000000000000000000e+00 5.458000000000000000e+03
3.903000000000000000e+03 6.339000000000000000e+03 6.550000000000000000e+01 6.000000000000000000e+00 5.495000000000000000e+03
3.942000000000000000e+03 6.482000000000000000e+03 5.579999999999999716e+01 6.799999999999999822e+00 5.437000000000000000e+03
6.363000000000000000e+03 6.311000000000000000e+03 2.655000000000000000e+02 6.200000000000000178e+00 5.425000000000000000e+03
3.911000000000000000e+03 6.369000000000000000e+03 4.929999999999999716e+01 6.700000000000000178e+00 5.437000000000000000e+03
3.844000000000000000e+03 6.504000000000000000e+03 5.979999999999999716e+01 6.000000000000000000e+00 5.527000000000000000e+03
3.863000000000000000e+03 6.373000000000000000e+03 4.360000000000000142e+01 7.000000000000000000e+00 5.506000000000000000e+03
3.917000000000000000e+03 6.402000000000000000e+03 6.820000000000000284e+01 6.099999999999999645e+00 5.473000000000000000e+03
5.342000000000000000e+03 6.487000000000000000e+03 1.745999999999999943e+02 5.500000000000000000e+00 5.462000000000000000e+03
3.932000000000000000e+03 6.318000000000000000e+03 5.529999999999999716e+01 6.000000000000000000e+00 5.480000000000000000e+03
3.859000000000000000e+03 6.469000000000000000e+03 4.579999999999999716e+01 6.099999999999999645e+00 5.530000000000000000e+03
3.928000000000000000e+03 6.414000000000000000e+03 7.609999999999999432e+01 6.000000000000000000e+00 5.438000000000000000e+03
6.272000000000000000e+03 6.424000000000000000e+03 2.459000000000000057e+02 6.099999999999999645e+00 5.460000000000000000e+03
3.846000000000000000e+03 6.455000000000000000e+03 6.160000000000000142e+01 6.299999999999999822e+00 5.475000000000000000e+03
3.796000000000000000e+03 6.342000000000000000e+03 4.979999999999999716e+01 6.400000000000000355e+00 5.531000000000000000e+03
3.853000000000000000e+03 6.346000000000000000e+03 5.929999999999999716e+01 6.299999999999999822e+00 5.562000000000000000e+03
3.821000000000000000e+03 6.288000000000000000e+03 6.490000000000000568e+01 5.599999999999999645e+00 5.551000000000000000e+03
3.803000000000000000e+03 6.411000000000000000e+03 4.610000000000000142e+01 5.700000000000000178e+00 5.568000000000000000e+03
3.791000000000000000e+03 6.275000000000000000e+03 5.210000000000000142e+01 6.299999999999999822e+00 5.590000000000000000e+03
3.900000000000000000e+03 6.323000000000000000e+03 8.120000000000000284e+01 6.000000000000000000e+00 5.487000000000000000e+03
6.264000000000000000e+03 6.321000000000000000e+03 2.401999999999999886e+02 6.000000000000000000e+00 5.477000000000000000e+03
3.912000000000000000e+03 6.425000000000000000e+03 4.720000000000000284e+01 6.200000000000000178e+00 5.490000000000000000e+03
3.817000000000000000e+03 6.411000000000000000e+03 4.539999999999999858e+01 6.099999999999999645e+00 5.531000000000000000e+03
3.897000000000000000e+03 6.427000000000000000e+03 5.850000000000000000e+01 6.099999999999999645e+00 5.466000000000000000e+03
6.488000000000000000e+03 6.389000000000000000e+03 2.838000000000000114e+02 6.000000000000000000e+00 5.398000000000000000e+03
3.850000000000000000e+03 6.361000000000000000e+03 4.550000000000000000e+01 6.299999999999999822e+00 5.551000000000000000e+03
3.860000000000000000e+03 6.217000000000000000e+03 7.670000000000000284e+01 6.000000000000000000e+00 5.504000000000000000e+03
3.873000000000000000e+03 6.381000000000000000e+03 6.110000000000000142e+01 6.000000000000000000e+00 5.524000000000000000e+03
5.192000000000000000e+03 6.468000000000000000e+03 1.585000000000000000e+02 5.700000000000000178e+00 5.549000000000000000e+03
6.307000000000000000e+03 6.437000000000000000e+03 2.798000000000000114e+02 6.000000000000000000e+00 5.576000000000000000e+03
3.856000000000000000e+03 6.378000000000000000e+03 5.979999999999999716e+01 6.099999999999999645e+00 5.512000000000000000e+03
6.223000000000000000e+03 6.404000000000000000e+03 2.933000000000000114e+02 6.099999999999999645e+00 5.521000000000000000e+03
3.831000000000000000e+03 6.403000000000000000e+03 4.950000000000000000e+01 6.099999999999999645e+00 5.549000000000000000e+03
5.395000000000000000e+03 6.332000000000000000e+03 1.845000000000000000e+02 5.700000000000000178e+00 5.593000000000000000e+03
5.429000000000000000e+03 6.347000000000000000e+03 1.590999999999999943e+02 6.000000000000000000e+00 5.489000000000000000e+03
3.829000000000000000e+03 6.359000000000000000e+03 5.320000000000000284e+01 6.099999999999999645e+00 5.504000000000000000e+03
3.874000000000000000e+03 6.232000000000000000e+03 8.720000000000000284e+01 6.200000000000000178e+00 5.540000000000000000e+03
3.901000000000000000e+03 6.322000000000000000e+03 5.079999999999999716e+01 6.000000000000000000e+00 5.448000000000000000e+03
5.268000000000000000e+03 6.275000000000000000e+03 1.669000000000000057e+02 6.000000000000000000e+00 5.540000000000000000e+03
3.877000000000000000e+03 6.382000000000000000e+03 5.979999999999999716e+01 6.200000000000000178e+00 5.485000000000000000e+03
3.864000000000000000e+03 6.240000000000000000e+03 5.039999999999999858e+01 6.299999999999999822e+00 5.487000000000000000e+03
3.817000000000000000e+03 6.400000000000000000e+03 7.629999999999999716e+01 6.299999999999999822e+00 5.578000000000000000e+03
3.838000000000000000e+03 6.333000000000000000e+03 7.270000000000000284e+01 6.299999999999999822e+00 5.583000000000000000e+03
3.834000000000000000e+03 6.426000000000000000e+03 4.739999999999999858e+01 6.099999999999999645e+00 5.480000000000000000e+03
6.168000000000000000e+03 6.464000000000000000e+03 2.536999999999999886e+02 6.200000000000000178e+00 5.582000000000000000e+03
3.895000000000000000e+03 6.381000000000000000e+03 4.489999999999999858e+01 6.000000000000000000e+00 5.436000000000000000e+03
3.824000000000000000e+03 6.310000000000000000e+03 6.609999999999999432e+01 6.599999999999999645e+00 5.582000000000000000e+03
3.919000000000000000e+03 6.358000000000000000e+03 8.740000000000000568e+01 6.700000000000000178e+00 5.467000000000000000e+03
3.818000000000000000e+03 6.315000000000000000e+03 5.800000000000000000e+01 7.000000000000000000e+00 5.523000000000000000e+03
3.833000000000000000e+03 6.382000000000000000e+03 4.839999999999999858e+01 6.000000000000000000e+00 5.556000000000000000e+03
3.852000000000000000e+03 6.363000000000000000e+03 4.400000000000000000e+01 6.099999999999999645e+00 5.545000000000000000e+03
6.703000000000000000e+03 6.315000000000000000e+03 3.863999999999999773e+02 6.000000000000000000e+00 5.579000000000000000e+03
3.876000000000000000e+03 6.423000000000000000e+03 5.070000000000000284e+01 6.000000000000000000e+00 5.495000000000000000e+03
3.798000000000000000e+03 6.301000000000000000e+03 5.510000000000000142e+01 6.599999999999999645e+00 5.531000000000000000e+03
4.001000000000000000e+03 6.337000000000000000e+03 5.029999999999999716e+01 6.099999999999999645e+00 5.411000000000000000e+03
3.880000000000000000e+03 6.472000000000000000e+03 4.070000000000000284e+01 5.599999999999999645e+00 5.526000000000000000e+03
3.816000000000000000e+03 6.324000000000000000e+03 5.960000000000000142e+01 6.299999999999999822e+00 5.560000000000000000e+03
3.916000000000000000e+03 6.446000000000000000e+03 5.570000000000000284e+01 6.299999999999999822e+00 5.451000000000000000e+03
3.840000000000000000e+03 6.438000000000000000e+03 6.229999999999999716e+01 6.299999999999999822e+00 5.484000000000000000e+03
3.828000000000000000e+03 6.378000000000000000e+03 3.710000000000000142e+01 6.000000000000000000e+00 5.545000000000000000e+03
3.808000000000000000e+03 6.352000000000000000e+03 4.870000000000000284e+01 6.000000000000000000e+00 5.561000000000000000e+03
3.801000000000000000e+03 6.399000000000000000e+03 4.920000000000000284e+01 6.000000000000000000e+00 5.568000000000000000e+03
3.897000000000000000e+03 6.429000000000000000e+03 5.260000000000000142e+01 7.000000000000000000e+00 5.468000000000000000e+03
3.797000000000000000e+03 6.289000000000000000e+03 4.639999999999999858e+01 6.500000000000000000e+00 5.554000000000000000e+03
3.903000000000000000e+03 6.370000000000000000e+03 5.139999999999999858e+01 5.700000000000000178e+00 5.461000000000000000e+03
3.756000000000000000e+03 6.282000000000000000e+03 4.550000000000000000e+01 6.599999999999999645e+00 5.604000000000000000e+03
5.431000000000000000e+03 6.333000000000000000e+03 1.659000000000000057e+02 5.700000000000000178e+00 5.478000000000000000e+03
3.907000000000000000e+03 6.401000000000000000e+03 6.679999999999999716e+01 6.000000000000000000e+00 5.435000000000000000e+03
3.840000000000000000e+03 6.384000000000000000e+03 5.139999999999999858e+01 6.099999999999999645e+00 5.520000000000000000e+03
5.305000000000000000e+03 6.473000000000000000e+03 1.579000000000000057e+02 6.000000000000000000e+00 5.559000000000000000e+03
5.191000000000000000e+03 6.297000000000000000e+03 1.490000000000000000e+02 6.000000000000000000e+00 5.527000000000000000e+03
3.902000000000000000e+03 6.358000000000000000e+03 5.300000000000000000e+01 6.000000000000000000e+00 5.446000000000000000e+03
3.818000000000000000e+03 6.410000000000000000e+03 5.979999999999999716e+01 6.000000000000000000e+00 5.606000000000000000e+03
3.803000000000000000e+03 6.333000000000000000e+03 6.179999999999999716e+01 5.400000000000000355e+00 5.563000000000000000e+03
3.806000000000000000e+03 6.315000000000000000e+03 5.829999999999999716e+01 6.000000000000000000e+00 5.543000000000000000e+03
3.902000000000000000e+03 6.300000000000000000e+03 4.400000000000000000e+01 6.000000000000000000e+00 5.463000000000000000e+03
3.843000000000000000e+03 6.397000000000000000e+03 4.639999999999999858e+01 6.000000000000000000e+00 5.540000000000000000e+03
3.790000000000000000e+03 6.456000000000000000e+03 4.900000000000000000e+01 6.400000000000000355e+00 5.552000000000000000e+03
3.933000000000000000e+03 6.335000000000000000e+03 4.910000000000000142e+01 5.599999999999999645e+00 5.442000000000000000e+03
3.784000000000000000e+03 6.363000000000000000e+03 4.189999999999999858e+01 6.099999999999999645e+00 5.569000000000000000e+03
6.325000000000000000e+03 6.417000000000000000e+03 2.623000000000000114e+02 6.599999999999999645e+00 5.534000000000000000e+03
3.926000000000000000e+03 6.248000000000000000e+03 5.460000000000000142e+01 6.599999999999999645e+00 5.451000000000000000e+03
6.483000000000000000e+03 6.464000000000000000e+03 2.760000000000000000e+02 6.200000000000000178e+00 5.493000000000000000e+03
3.898000000000000000e+03 6.509000000000000000e+03 5.070000000000000284e+01 6.000000000000000000e+00 5.450000000000000000e+03
3.835000000000000000e+03 6.374000000000000000e+03 6.050000000000000000e+01 6.200000000000000178e+00 5.578000000000000000e+03
6.406000000000000000e+03 6.418000000000000000e+03 2.535000000000000000e+02 5.799999999999999822e+00 5.530000000000000000e+03
3.982000000000000000e+03 6.275000000000000000e+03 4.829999999999999716e+01 6.000000000000000000e+00 5.391000000000000000e+03
3.873000000000000000e+03 6.277000000000000000e+03 4.379999999999999716e+01 5.700000000000000178e+00 5.481000000000000000e+03
5.260000000000000000e+03 6.371000000000000000e+03 1.595000000000000000e+02 6.000000000000000000e+00 5.439000000000000000e+03
5.481000000000000000e+03 6.382000000000000000e+03 1.598000000000000114e+02 6.200000000000000178e+00 5.506000000000000000e+03
6.479000000000000000e+03 6.351000000000000000e+03 2.758999999999999773e+02 6.000000000000000000e+00 5.476000000000000000e+03
3.862000000000000000e+03 6.343000000000000000e+03 5.620000000000000284e+01 6.299999999999999822e+00 5.490000000000000000e+03
5.270000000000000000e+03 6.283000000000000000e+03 1.698000000000000114e+02 6.000000000000000000e+00 5.583000000000000000e+03
3.820000000000000000e+03 6.360000000000000000e+03 4.539999999999999858e+01 6.000000000000000000e+00 5.475000000000000000e+03
3.905000000000000000e+03 6.296000000000000000e+03 6.840000000000000568e+01 6.200000000000000178e+00 5.464000000000000000e+03
3.952000000000000000e+03 6.370000000000000000e+03 8.829999999999999716e+01 6.000000000000000000e+00 5.513000000000000000e+03
3.811000000000000000e+03 6.275000000000000000e+03 5.270000000000000284e+01 5.700000000000000178e+00 5.554000000000000000e+03
3.901000000000000000e+03 6.439000000000000000e+03 7.940000000000000568e+01 6.299999999999999822e+00 5.490000000000000000e+03
5.306000000000000000e+03 6.422000000000000000e+03 1.600999999999999943e+02 6.000000000000000000e+00 5.458000000000000000e+03
3.840000000000000000e+03 6.392000000000000000e+03 7.429999999999999716e+01 6.099999999999999645e+00 5.538000000000000000e+03
3.877000000000000000e+03 6.403000000000000000e+03 4.929999999999999716e+01 6.000000000000000000e+00 5.520000000000000000e+03
3.845000000000000000e+03 6.442000000000000000e+03 5.939999999999999858e+01 6.099999999999999645e+00 5.528000000000000000e+03
3.837000000000000000e+03 6.250000000000000000e+03 6.840000000000000568e+01 6.000000000000000000e+00 5.493000000000000000e+03
3.775000000000000000e+03 6.294000000000000000e+03 6.250000000000000000e+01 6.000000000000000000e+00 5.588000000000000000e+03
3.884000000000000000e+03 6.322000000000000000e+03 6.179999999999999716e+01 6.200000000000000178e+00 5.474000000000000000e+03
3.916000000000000000e+03 6.530000000000000000e+03 4.739999999999999858e+01 6.200000000000000178e+00 5.490000000000000000e+03
5.322000000000000000e+03 6.453000000000000000e+03 1.678000000000000114e+02 6.000000000000000000e+00 5.479000000000000000e+03
3.900000000000000000e+03 6.387000000000000000e+03 5.350000000000000000e+01 6.099999999999999645e+00 5.474000000000000000e+03
6.449000000000000000e+03 6.409000000000000000e+03 2.926999999999999886e+02 5.299999999999999822e+00 5.507000000000000000e+03
3.976000000000000000e+03 6.401000000000000000e+03 8.750000000000000000e+01 5.700000000000000178e+00 5.432000000000000000e+03
3.846000000000000000e+03 6.377000000000000000e+03 6.270000000000000284e+01 6.200000000000000178e+00 5.532000000000000000e+03
6.024000000000000000e+03 6.309000000000000000e+03 2.391999999999999886e+02 6.200000000000000178e+00 5.555000000000000000e+03
5.450000000000000000e+03 6.385000000000000000e+03 2.265000000000000000e+02 6.000000000000000000e+00 5.503000000000000000e+03
3.901000000000000000e+03 6.225000000000000000e+03 5.429999999999999716e+01 6.599999999999999645e+00 5.482000000000000000e+03
5.114000000000000000e+03 6.383000000000000000e+03 1.488000000000000114e+02 6.000000000000000000e+00 5.564000000000000000e+03
