6.951000000000000000e+03 7.610000000000000000e+03 5.829999999999999716e+01 5.599999999999999645e+00 3.026000000000000000e+03
6.971000000000000000e+03 7.739000000000000000e+03 6.840000000000000568e+01 6.000000000000000000e+00 3.006000000000000000e+03
6.885000000000000000e+03 7.742000000000000000e+03 7.709999999999999432e+01 5.400000000000000355e+00 3.096000000000000000e+03
6.868000000000000000e+03 7.653000000000000000e+03 6.459999999999999432e+01 5.500000000000000000e+00 3.109000000000000000e+03
6.980000000000000000e+03 7.744000000000000000e+03 7.329999999999999716e+01 6.000000000000000000e+00 2.998000000000000000e+03
6.963000000000000000e+03 7.625000000000000000e+03 5.989999999999999858e+01 6.000000000000000000e+00 3.015000000000000000e+03
6.867000000000000000e+03 7.671000000000000000e+03 9.929999999999999716e+01 5.799999999999999822e+00 3.105000000000000000e+03
6.872000000000000000e+03 7.752000000000000000e+03 6.690000000000000568e+01 6.000000000000000000e+00 3.110000000000000000e+03
6.864000000000000000e+03 7.644000000000000000e+03 7.609999999999999432e+01 5.400000000000000355e+00 3.117000000000000000e+03
6.942000000000000000e+03 7.601000000000000000e+03 5.260000000000000142e+01 5.500000000000000000e+00 3.034000000000000000e+03
6.922000000000000000e+03 7.691000000000000000e+03 5.220000000000000284e+01 6.000000000000000000e+00 3.061000000000000000e+03
6.935000000000000000e+03 7.693000000000000000e+03 6.239999999999999858e+01 6.099999999999999645e+00 3.036000000000000000e+03
6.923000000000000000e+03 7.730000000000000000e+03 7.800000000000000000e+01 5.200000000000000178e+00 3.049000000000000000e+03
6.890000000000000000e+03 7.710000000000000000e+03 7.150000000000000000e+01 5.700000000000000178e+00 3.085000000000000000e+03
6.978000000000000000e+03 7.622000000000000000e+03 6.320000000000000284e+01 5.599999999999999645e+00 3.003000000000000000e+03
6.956000000000000000e+03 7.651000000000000000e+03 7.950000000000000000e+01 5.799999999999999822e+00 3.021000000000000000e+03
6.838000000000000000e+03 7.733000000000000000e+03 6.950000000000000000e+01 5.299999999999999822e+00 3.142000000000000000e+03
6.867000000000000000e+03 7.656000000000000000e+03 8.390000000000000568e+01 5.299999999999999822e+00 3.109000000000000000e+03
6.875000000000000000e+03 7.590000000000000000e+03 7.000000000000000000e+01 5.400000000000000355e+00 3.101000000000000000e+03
6.903000000000000000e+03 7.669000000000000000e+03 6.820000000000000284e+01 5.400000000000000355e+00 3.070000000000000000e+03
6.991000000000000000e+03 7.720000000000000000e+03 5.679999999999999716e+01 5.400000000000000355e+00 2.982000000000000000e+03
7.003000000000000000e+03 7.776000000000000000e+03 7.090000000000000568e+01 5.599999999999999645e+00 2.974000000000000000e+03
6.898000000000000000e+03 7.611000000000000000e+03 6.479999999999999716e+01 6.099999999999999645e+00 3.080000000000000000e+03
6.870000000000000000e+03 7.618000000000000000e+03 7.720000000000000284e+01 5.700000000000000178e+00 3.113000000000000000e+03
6.968000000000000000e+03 7.727000000000000000e+03 8.979999999999999716e+01 5.599999999999999645e+00 3.011000000000000000e+03
6.823000000000000000e+03 7.651000000000000000e+03 6.779999999999999716e+01 5.599999999999999645e+00 3.155000000000000000e+03
6.834000000000000000e+03 7.736000000000000000e+03 6.809999999999999432e+01 5.400000000000000355e+00 3.145000000000000000e+03
6.919000000000000000e+03 7.629000000000000000e+03 5.720000000000000284e+01 6.000000000000000000e+00 3.056000000000000000e+03
6.927000000000000000e+03 7.693000000000000000e+03 7.579999999999999716e+01 5.700000000000000178e+00 3.047000000000000000e+03
6.873000000000000000e+03 7.759000000000000000e+03 6.079999999999999716e+01 5.599999999999999645e+00 3.113000000000000000e+03
6.945000000000000000e+03 7.651000000000000000e+03 6.200000000000000000e+01 6.000000000000000000e+00 3.032000000000000000e+03
6.900000000000000000e+03 7.667000000000000000e+03 6.979999999999999716e+01 5.599999999999999645e+00 3.070000000000000000e+03
6.935000000000000000e+03 7.643000000000000000e+03 6.100000000000000000e+01 6.000000000000000000e+00 3.044000000000000000e+03
6.907000000000000000e+03 7.642000000000000000e+03 6.729999999999999716e+01 5.700000000000000178e+00 3.072000000000000000e+03
6.949000000000000000e+03 7.623000000000000000e+03 6.120000000000000284e+01 5.700000000000000178e+00 3.033000000000000000e+03
6.855000000000000000e+03 7.655000000000000000e+03 6.790000000000000568e+01 5.500000000000000000e+00 3.118000000000000000e+03
6.952000000000000000e+03 7.559000000000000000e+03 7.070000000000000284e+01 5.599999999999999645e+00 3.023000000000000000e+03
6.830000000000000000e+03 7.708000000000000000e+03 7.520000000000000284e+01 6.000000000000000000e+00 3.139000000000000000e+03
6.820000000000000000e+03 7.703000000000000000e+03 7.990000000000000568e+01 5.500000000000000000e+00 3.161000000000000000e+03
6.891000000000000000e+03 7.790000000000000000e+03 7.040000000000000568e+01 6.099999999999999645e+00 3.088000000000000000e+03
6.971000000000000000e+03 7.663000000000000000e+03 6.800000000000000000e+01 6.000000000000000000e+00 3.012000000000000000e+03
6.885000000000000000e+03 7.666000000000000000e+03 6.200000000000000000e+01 5.599999999999999645e+00 3.096000000000000000e+03
6.884000000000000000e+03 7.653000000000000000e+03 6.339999999999999858e+01 5.599999999999999645e+00 3.088000000000000000e+03
6.928000000000000000e+03 7.583000000000000000e+03 7.209999999999999432e+01 5.299999999999999822e+00 3.049000000000000000e+03
6.966000000000000000e+03 7.634000000000000000e+03 6.060000000000000142e+01 5.799999999999999822e+00 3.013000000000000000e+03
6.967000000000000000e+03 7.718000000000000000e+03 1.052999999999999972e+02 6.000000000000000000e+00 3.011000000000000000e+03
6.865000000000000000e+03 7.686000000000000000e+03 5.929999999999999716e+01 5.599999999999999645e+00 3.113000000000000000e+03
6.900000000000000000e+03 7.715000000000000000e+03 7.190000000000000568e+01 5.599999999999999645e+00 3.078000000000000000e+03
6.916000000000000000e+03 7.684000000000000000e+03 6.659999999999999432e+01 5.599999999999999645e+00 3.064000000000000000e+03
6.920000000000000000e+03 7.634000000000000000e+03 6.740000000000000568e+01 5.400000000000000355e+00 3.059000000000000000e+03
6.946000000000000000e+03 7.679000000000000000e+03 8.109999999999999432e+01 5.799999999999999822e+00 3.036000000000000000e+03
6.933000000000000000e+03 7.629000000000000000e+03 6.010000000000000142e+01 5.400000000000000355e+00 3.050000000000000000e+03
6.936000000000000000e+03 7.623000000000000000e+03 7.590000000000000568e+01 5.500000000000000000e+00 3.043000000000000000e+03
6.956000000000000000e+03 7.612000000000000000e+03 6.170000000000000284e+01 5.500000000000000000e+00 3.018000000000000000e+03
6.852000000000000000e+03 7.730000000000000000e+03 8.790000000000000568e+01 6.000000000000000000e+00 3.118000000000000000e+03
6.912000000000000000e+03 7.691000000000000000e+03 5.529999999999999716e+01 5.700000000000000178e+00 3.064000000000000000e+03
7.004000000000000000e+03 7.657000000000000000e+03 7.979999999999999716e+01 5.700000000000000178e+00 2.975000000000000000e+03
6.889000000000000000e+03 7.731000000000000000e+03 6.270000000000000284e+01 6.000000000000000000e+00 3.089000000000000000e+03
6.901000000000000000e+03 7.769000000000000000e+03 6.620000000000000284e+01 5.299999999999999822e+00 3.074000000000000000e+03
6.820000000000000000e+03 7.750000000000000000e+03 6.629999999999999716e+01 5.599999999999999645e+00 3.148000000000000000e+03
6.863000000000000000e+03 7.674000000000000000e+03 6.470000000000000284e+01 6.000000000000000000e+00 3.120000000000000000e+03
6.969000000000000000e+03 7.589000000000000000e+03 6.000000000000000000e+01 5.400000000000000355e+00 3.007000000000000000e+03
6.931000000000000000e+03 7.765000000000000000e+03 6.370000000000000284e+01 5.599999999999999645e+00 3.048000000000000000e+03
6.958000000000000000e+03 7.646000000000000000e+03 6.909999999999999432e+01 6.099999999999999645e+00 3.020000000000000000e+03
6.845000000000000000e+03 7.675000000000000000e+03 6.289999999999999858e+01 5.500000000000000000e+00 3.136000000000000000e+03
6.867000000000000000e+03 7.559000000000000000e+03 7.020000000000000284e+01 6.000000000000000000e+00 3.117000000000000000e+03
6.962000000000000000e+03 7.705000000000000000e+03 6.079999999999999716e+01 5.400000000000000355e+00 3.015000000000000000e+03
6.965000000000000000e+03 7.659000000000000000e+03 7.840000000000000568e+01 5.599999999999999645e+00 3.020000000000000000e+03
6.875000000000000000e+03 7.672000000000000000e+03 7.409999999999999432e+01 5.400000000000000355e+00 3.100000000000000000e+03
6.905000000000000000e+03 7.766000000000000000e+03 7.309999999999999432e+01 5.500000000000000000e+00 3.081000000000000000e+03
6.811000000000000000e+03 7.706000000000000000e+03 7.200000000000000000e+01 5.500000000000000000e+00 3.162000000000000000e+03
6.973000000000000000e+03 7.521000000000000000e+03 7.040000000000000568e+01 5.700000000000000178e+00 3.005000000000000000e+03
6.969000000000000000e+03 7.732000000000000000e+03 6.809999999999999432e+01 5.599999999999999645e+00 3.010000000000000000e+03
6.854000000000000000e+03 7.803000000000000000e+03 5.960000000000000142e+01 5.500000000000000000e+00 3.124000000000000000e+03
6.858000000000000000e+03 7.710000000000000000e+03 7.009999999999999432e+01 5.700000000000000178e+00 3.125000000000000000e+03
6.870000000000000000e+03 7.616000000000000000e+03 7.170000000000000284e+01 5.700000000000000178e+00 3.105000000000000000e+03
6.857000000000000000e+03 7.715000000000000000e+03 6.600000000000000000e+01 5.700000000000000178e+00 3.122000000000000000e+03
6.835000000000000000e+03 7.591000000000000000e+03 6.429999999999999716e+01 5.400000000000000355e+00 3.149000000000000000e+03
6.846000000000000000e+03 7.661000000000000000e+03 8.740000000000000568e+01 5.599999999999999645e+00 3.130000000000000000e+03
6.927000000000000000e+03 7.752000000000000000e+03 7.529999999999999716e+01 6.000000000000000000e+00 3.051000000000000000e+03
6.930000000000000000e+03 7.653000000000000000e+03 6.050000000000000000e+01 5.500000000000000000e+00 3.051000000000000000e+03
6.869000000000000000e+03 7.620000000000000000e+03 6.289999999999999858e+01 6.000000000000000000e+00 3.105000000000000000e+03
6.853000000000000000e+03 7.709000000000000000e+03 7.140000000000000568e+01 5.799999999999999822e+00 3.124000000000000000e+03
6.831000000000000000e+03 7.655000000000000000e+03 7.309999999999999432e+01 5.700000000000000178e+00 3.148000000000000000e+03
6.951000000000000000e+03 7.819000000000000000e+03 7.109999999999999432e+01 5.500000000000000000e+00 3.030000000000000000e+03
6.911000000000000000e+03 7.646000000000000000e+03 6.809999999999999432e+01 5.299999999999999822e+00 3.072000000000000000e+03
6.892000000000000000e+03 7.646000000000000000e+03 6.690000000000000568e+01 5.599999999999999645e+00 3.090000000000000000e+03
6.907000000000000000e+03 7.717000000000000000e+03 6.879999999999999716e+01 5.500000000000000000e+00 3.072000000000000000e+03
6.953000000000000000e+03 7.790000000000000000e+03 6.709999999999999432e+01 5.599999999999999645e+00 3.025000000000000000e+03
6.991000000000000000e+03 7.701000000000000000e+03 6.440000000000000568e+01 5.500000000000000000e+00 2.990000000000000000e+03
6.964000000000000000e+03 7.674000000000000000e+03 6.900000000000000000e+01 5.500000000000000000e+00 3.006000000000000000e+03
6.866000000000000000e+03 7.590000000000000000e+03 5.810000000000000142e+01 5.700000000000000178e+00 3.111000000000000000e+03
6.950000000000000000e+03 7.671000000000000000e+03 6.709999999999999432e+01 5.299999999999999822e+00 3.027000000000000000e+03
6.891000000000000000e+03 7.727000000000000000e+03 8.409999999999999432e+01 5.700000000000000178e+00 3.087000000000000000e+03
6.907000000000000000e+03 7.783000000000000000e+03 6.759999999999999432e+01 5.299999999999999822e+00 3.073000000000000000e+03
6.913000000000000000e+03 7.637000000000000000e+03 8.329999999999999716e+01 5.599999999999999645e+00 3.069000000000000000e+03
6.991000000000000000e+03 7.596000000000000000e+03 6.600000000000000000e+01 5.700000000000000178e+00 2.990000000000000000e+03
6.860000000000000000e+03 7.735000000000000000e+03 6.690000000000000568e+01 6.400000000000000355e+00 3.121000000000000000e+03
6.983000000000000000e+03 7.670000000000000000e+03 6.289999999999999858e+01 5.700000000000000178e+00 2.993000000000000000e+03
6.990000000000000000e+03 7.666000000000000000e+03 6.170000000000000284e+01 6.000000000000000000e+00 2.993000000000000000e+03
6.897000000000000000e+03 7.703000000000000000e+03 8.329999999999999716e+01 5.700000000000000178e+00 3.087000000000000000e+03
6.894000000000000000e+03 7.565000000000000000e+03 8.709999999999999432e+01 5.700000000000000178e+00 3.079000000000000000e+03
6.867000000000000000e+03 7.636000000000000000e+03 8.659999999999999432e+01 6.000000000000000000e+00 3.114000000000000000e+03
6.926000000000000000e+03 7.693000000000000000e+03 6.959999999999999432e+01 5.400000000000000355e+00 3.050000000000000000e+03
6.896000000000000000e+03 7.780000000000000000e+03 6.640000000000000568e+01 5.900000000000000355e+00 3.077000000000000000e+03
6.928000000000000000e+03 7.642000000000000000e+03 8.000000000000000000e+01 5.599999999999999645e+00 3.054000000000000000e+03
6.903000000000000000e+03 7.633000000000000000e+03 6.950000000000000000e+01 5.599999999999999645e+00 3.073000000000000000e+03
6.985000000000000000e+03 7.765000000000000000e+03 6.490000000000000568e+01 6.000000000000000000e+00 2.997000000000000000e+03
6.946000000000000000e+03 7.771000000000000000e+03 6.060000000000000142e+01 5.299999999999999822e+00 3.030000000000000000e+03
6.875000000000000000e+03 7.646000000000000000e+03 6.420000000000000284e+01 5.400000000000000355e+00 3.101000000000000000e+03
6.861000000000000000e+03 7.606000000000000000e+03 6.129999999999999716e+01 5.500000000000000000e+00 3.118000000000000000e+03
6.888000000000000000e+03 7.655000000000000000e+03 6.470000000000000284e+01 5.400000000000000355e+00 3.084000000000000000e+03
6.882000000000000000e+03 7.611000000000000000e+03 7.050000000000000000e+01 5.799999999999999822e+00 3.093000000000000000e+03
6.885000000000000000e+03 7.694000000000000000e+03 6.679999999999999716e+01 5.400000000000000355e+00 3.100000000000000000e+03
6.865000000000000000e+03 7.596000000000000000e+03 6.440000000000000568e+01 5.700000000000000178e+00 3.113000000000000000e+03
6.805000000000000000e+03 7.685000000000000000e+03 7.070000000000000284e+01 7.000000000000000000e+00 3.175000000000000000e+03
6.893000000000000000e+03 7.707000000000000000e+03 8.220000000000000284e+01 5.700000000000000178e+00 3.090000000000000000e+03
6.867000000000000000e+03 7.632000000000000000e+03 8.170000000000000284e+01 5.799999999999999822e+00 3.116000000000000000e+03
6.839000000000000000e+03 7.709000000000000000e+03 6.970000000000000284e+01 5.500000000000000000e+00 3.137000000000000000e+03
6.928000000000000000e+03 7.638000000000000000e+03 6.179999999999999716e+01 5.400000000000000355e+00 3.043000000000000000e+03
6.856000000000000000e+03 7.719000000000000000e+03 6.229999999999999716e+01 5.700000000000000178e+00 3.123000000000000000e+03
6.869000000000000000e+03 7.686000000000000000e+03 8.559999999999999432e+01 5.799999999999999822e+00 3.111000000000000000e+03
6.939000000000000000e+03 7.737000000000000000e+03 6.320000000000000284e+01 6.099999999999999645e+00 3.036000000000000000e+03
6.879000000000000000e+03 7.705000000000000000e+03 6.139999999999999858e+01 5.500000000000000000e+00 3.096000000000000000e+03
6.907000000000000000e+03 7.699000000000000000e+03 6.260000000000000142e+01 5.599999999999999645e+00 3.073000000000000000e+03
6.877000000000000000e+03 7.599000000000000000e+03 7.170000000000000284e+01 6.099999999999999645e+00 3.104000000000000000e+03
6.912000000000000000e+03 7.683000000000000000e+03 6.650000000000000000e+01 5.200000000000000178e+00 3.063000000000000000e+03
6.990000000000000000e+03 7.605000000000000000e+03 7.350000000000000000e+01 5.500000000000000000e+00 2.994000000000000000e+03
6.932000000000000000e+03 7.692000000000000000e+03 6.490000000000000568e+01 5.799999999999999822e+00 3.042000000000000000e+03
6.890000000000000000e+03 7.713000000000000000e+03 6.829999999999999716e+01 5.599999999999999645e+00 3.090000000000000000e+03
6.851000000000000000e+03 7.773000000000000000e+03 7.400000000000000000e+01 5.400000000000000355e+00 3.130000000000000000e+03
6.906000000000000000e+03 7.646000000000000000e+03 5.789999999999999858e+01 5.700000000000000178e+00 3.075000000000000000e+03
6.905000000000000000e+03 7.682000000000000000e+03 7.240000000000000568e+01 6.200000000000000178e+00 3.070000000000000000e+03
6.965000000000000000e+03 7.690000000000000000e+03 7.090000000000000568e+01 5.599999999999999645e+00 3.014000000000000000e+03
6.956000000000000000e+03 7.722000000000000000e+03 6.150000000000000000e+01 5.599999999999999645e+00 3.019000000000000000e+03
6.866000000000000000e+03 7.533000000000000000e+03 7.420000000000000284e+01 5.500000000000000000e+00 3.108000000000000000e+03
6.877000000000000000e+03 7.818000000000000000e+03 6.270000000000000284e+01 5.299999999999999822e+00 3.102000000000000000e+03
6.936000000000000000e+03 7.615000000000000000e+03 6.070000000000000284e+01 6.000000000000000000e+00 3.044000000000000000e+03
6.918000000000000000e+03 7.655000000000000000e+03 6.729999999999999716e+01 6.000000000000000000e+00 3.067000000000000000e+03
6.901000000000000000e+03 7.766000000000000000e+03 6.550000000000000000e+01 5.400000000000000355e+00 3.083000000000000000e+03
6.899000000000000000e+03 7.650000000000000000e+03 7.429999999999999716e+01 5.799999999999999822e+00 3.073000000000000000e+03
6.913000000000000000e+03 7.778000000000000000e+03 7.170000000000000284e+01 5.500000000000000000e+00 3.068000000000000000e+03
6.934000000000000000e+03 7.644000000000000000e+03 6.400000000000000000e+01 5.599999999999999645e+00 3.044000000000000000e+03
6.889000000000000000e+03 7.606000000000000000e+03 6.650000000000000000e+01 5.599999999999999645e+00 3.086000000000000000e+03
6.913000000000000000e+03 7.699000000000000000e+03 6.110000000000000142e+01 6.000000000000000000e+00 3.072000000000000000e+03
6.922000000000000000e+03 7.702000000000000000e+03 6.800000000000000000e+01 5.700000000000000178e+00 3.059000000000000000e+03
6.849000000000000000e+03 7.669000000000000000e+03 9.179999999999999716e+01 5.500000000000000000e+00 3.126000000000000000e+03
6.946000000000000000e+03 7.698000000000000000e+03 6.120000000000000284e+01 5.700000000000000178e+00 3.028000000000000000e+03
6.881000000000000000e+03 7.624000000000000000e+03 6.339999999999999858e+01 5.400000000000000355e+00 3.094000000000000000e+03
6.964000000000000000e+03 7.719000000000000000e+03 6.920000000000000284e+01 6.000000000000000000e+00 3.023000000000000000e+03
6.923000000000000000e+03 7.639000000000000000e+03 6.239999999999999858e+01 5.599999999999999645e+00 3.056000000000000000e+03
6.944000000000000000e+03 7.671000000000000000e+03 6.079999999999999716e+01 6.000000000000000000e+00 3.039000000000000000e+03
6.858000000000000000e+03 7.677000000000000000e+03 6.909999999999999432e+01 5.400000000000000355e+00 3.117000000000000000e+03
6.938000000000000000e+03 7.693000000000000000e+03 6.239999999999999858e+01 6.000000000000000000e+00 3.035000000000000000e+03
6.963000000000000000e+03 7.736000000000000000e+03 5.589999999999999858e+01 6.000000000000000000e+00 3.014000000000000000e+03
6.928000000000000000e+03 7.661000000000000000e+03 7.350000000000000000e+01 5.799999999999999822e+00 3.050000000000000000e+03
6.976000000000000000e+03 7.719000000000000000e+03 6.570000000000000284e+01 5.400000000000000355e+00 3.002000000000000000e+03
6.910000000000000000e+03 7.669000000000000000e+03 6.850000000000000000e+01 6.099999999999999645e+00 3.068000000000000000e+03
6.912000000000000000e+03 7.666000000000000000e+03 8.529999999999999716e+01 6.000000000000000000e+00 3.059000000000000000e+03
6.938000000000000000e+03 7.649000000000000000e+03 6.150000000000000000e+01 5.599999999999999645e+00 3.042000000000000000e+03
6.869000000000000000e+03 7.766000000000000000e+03 6.039999999999999858e+01 5.700000000000000178e+00 3.111000000000000000e+03
6.972000000000000000e+03 7.600000000000000000e+03 5.770000000000000284e+01 5.700000000000000178e+00 3.001000000000000000e+03
6.891000000000000000e+03 7.711000000000000000e+03 6.339999999999999858e+01 6.000000000000000000e+00 3.079000000000000000e+03
6.858000000000000000e+03 7.704000000000000000e+03 8.070000000000000284e+01 5.599999999999999645e+00 3.122000000000000000e+03
6.900000000000000000e+03 7.714000000000000000e+03 6.160000000000000142e+01 5.500000000000000000e+00 3.081000000000000000e+03
6.896000000000000000e+03 7.709000000000000000e+03 6.559999999999999432e+01 5.099999999999999645e+00 3.086000000000000000e+03
6.914000000000000000e+03 7.696000000000000000e+03 7.590000000000000568e+01 5.599999999999999645e+00 3.069000000000000000e+03
6.969000000000000000e+03 7.700000000000000000e+03 7.209999999999999432e+01 5.200000000000000178e+00 3.013000000000000000e+03
6.955000000000000000e+03 7.668000000000000000e+03 6.709999999999999432e+01 5.400000000000000355e+00 3.032000000000000000e+03
6.980000000000000000e+03 7.636000000000000000e+03 6.890000000000000568e+01 5.799999999999999822e+00 2.988000000000000000e+03
6.940000000000000000e+03 7.719000000000000000e+03 6.870000000000000284e+01 5.799999999999999822e+00 3.049000000000000000e+03
6.888000000000000000e+03 7.611000000000000000e+03 7.500000000000000000e+01 5.700000000000000178e+00 3.092000000000000000e+03
6.926000000000000000e+03 7.642000000000000000e+03 6.559999999999999432e+01 6.000000000000000000e+00 3.054000000000000000e+03
6.882000000000000000e+03 7.719000000000000000e+03 8.400000000000000000e+01 6.099999999999999645e+00 3.103000000000000000e+03
6.962000000000000000e+03 7.613000000000000000e+03 6.520000000000000284e+01 5.599999999999999645e+00 3.017000000000000000e+03
6.884000000000000000e+03 7.653000000000000000e+03 5.750000000000000000e+01 5.700000000000000178e+00 3.090000000000000000e+03
6.907000000000000000e+03 7.739000000000000000e+03 7.000000000000000000e+01 5.799999999999999822e+00 3.061000000000000000e+03
6.888000000000000000e+03 7.553000000000000000e+03 6.609999999999999432e+01 6.000000000000000000e+00 3.086000000000000000e+03
6.854000000000000000e+03 7.782000000000000000e+03 7.900000000000000000e+01 5.400000000000000355e+00 3.126000000000000000e+03
6.823000000000000000e+03 7.688000000000000000e+03 6.770000000000000284e+01 5.799999999999999822e+00 3.158000000000000000e+03
6.958000000000000000e+03 7.674000000000000000e+03 6.470000000000000284e+01 5.700000000000000178e+00 3.021000000000000000e+03
6.865000000000000000e+03 7.644000000000000000e+03 6.400000000000000000e+01 5.700000000000000178e+00 3.109000000000000000e+03
6.859000000000000000e+03 7.543000000000000000e+03 6.640000000000000568e+01 6.500000000000000000e+00 3.118000000000000000e+03
6.852000000000000000e+03 7.683000000000000000e+03 6.200000000000000000e+01 6.000000000000000000e+00 3.122000000000000000e+03
6.863000000000000000e+03 7.684000000000000000e+03 6.189999999999999858e+01 6.099999999999999645e+00 3.116000000000000000e+03
6.958000000000000000e+03 7.690000000000000000e+03 7.159999999999999432e+01 6.000000000000000000e+00 3.026000000000000000e+03
6.943000000000000000e+03 7.670000000000000000e+03 7.200000000000000000e+01 6.000000000000000000e+00 3.036000000000000000e+03
6.863000000000000000e+03 7.760000000000000000e+03 6.870000000000000284e+01 5.500000000000000000e+00 3.111000000000000000e+03
6.973000000000000000e+03 7.742000000000000000e+03 8.440000000000000568e+01 5.500000000000000000e+00 3.005000000000000000e+03
6.885000000000000000e+03 7.681000000000000000e+03 7.340000000000000568e+01 6.299999999999999822e+00 3.084000000000000000e+03
7.030000000000000000e+03 7.745000000000000000e+03 5.970000000000000284e+01 6.000000000000000000e+00 2.955000000000000000e+03
6.950000000000000000e+03 7.672000000000000000e+03 6.079999999999999716e+01 5.299999999999999822e+00 3.028000000000000000e+03
6.943000000000000000e+03 7.575000000000000000e+03 7.709999999999999432e+01 5.700000000000000178e+00 3.031000000000000000e+03
6.961000000000000000e+03 7.661000000000000000e+03 6.350000000000000000e+01 5.200000000000000178e+00 3.020000000000000000e+03
6.870000000000000000e+03 7.663000000000000000e+03 5.700000000000000000e+01 5.599999999999999645e+00 3.107000000000000000e+03
6.893000000000000000e+03 7.674000000000000000e+03 5.839999999999999858e+01 5.500000000000000000e+00 3.084000000000000000e+03
6.885000000000000000e+03 7.695000000000000000e+03 6.700000000000000000e+01 5.799999999999999822e+00 3.099000000000000000e+03
6.924000000000000000e+03 7.702000000000000000e+03 6.550000000000000000e+01 5.500000000000000000e+00 3.052000000000000000e+03
6.868000000000000000e+03 7.624000000000000000e+03 6.970000000000000284e+01 5.799999999999999822e+00 3.107000000000000000e+03
7.010000000000000000e+03 7.589000000000000000e+03 7.250000000000000000e+01 5.400000000000000355e+00 2.969000000000000000e+03
6.853000000000000000e+03 7.665000000000000000e+03 8.509999999999999432e+01 6.000000000000000000e+00 3.120000000000000000e+03
6.918000000000000000e+03 7.725000000000000000e+03 6.920000000000000284e+01 5.599999999999999645e+00 3.061000000000000000e+03
6.908000000000000000e+03 7.655000000000000000e+03 8.000000000000000000e+01 6.000000000000000000e+00 3.072000000000000000e+03
6.938000000000000000e+03 7.665000000000000000e+03 6.459999999999999432e+01 5.400000000000000355e+00 3.041000000000000000e+03
6.864000000000000000e+03 7.750000000000000000e+03 7.429999999999999716e+01 5.599999999999999645e+00 3.108000000000000000e+03
6.908000000000000000e+03 7.704000000000000000e+03 5.570000000000000284e+01 5.200000000000000178e+00 3.067000000000000000e+03
6.886000000000000000e+03 7.687000000000000000e+03 5.629999999999999716e+01 5.599999999999999645e+00 3.090000000000000000e+03
6.879000000000000000e+03 7.702000000000000000e+03 5.420000000000000284e+01 6.000000000000000000e+00 3.101000000000000000e+03
6.980000000000000000e+03 7.592000000000000000e+03 6.920000000000000284e+01 5.799999999999999822e+00 2.993000000000000000e+03
6.859000000000000000e+03 7.589000000000000000e+03 8.329999999999999716e+01 6.200000000000000178e+00 3.118000000000000000e+03
6.901000000000000000e+03 7.691000000000000000e+03 6.820000000000000284e+01 5.599999999999999645e+00 3.078000000000000000e+03
6.862000000000000000e+03 7.719000000000000000e+03 6.679999999999999716e+01 6.000000000000000000e+00 3.118000000000000000e+03
6.836000000000000000e+03 7.735000000000000000e+03 5.950000000000000000e+01 5.700000000000000178e+00 3.141000000000000000e+03
7.011000000000000000e+03 7.799000000000000000e+03 6.759999999999999432e+01 6.200000000000000178e+00 2.965000000000000000e+03
6.885000000000000000e+03 7.660000000000000000e+03 6.929999999999999716e+01 6.099999999999999645e+00 3.096000000000000000e+03
6.851000000000000000e+03 7.730000000000000000e+03 6.479999999999999716e+01 5.299999999999999822e+00 3.117000000000000000e+03
7.012000000000000000e+03 7.638000000000000000e+03 5.689999999999999858e+01 6.000000000000000000e+00 2.962000000000000000e+03
6.959000000000000000e+03 7.650000000000000000e+03 8.079999999999999716e+01 5.700000000000000178e+00 3.026000000000000000e+03
6.869000000000000000e+03 7.728000000000000000e+03 6.620000000000000284e+01 5.799999999999999822e+00 3.112000000000000000e+03
6.947000000000000000e+03 7.700000000000000000e+03 6.959999999999999432e+01 6.000000000000000000e+00 3.031000000000000000e+03
6.901000000000000000e+03 7.642000000000000000e+03 7.200000000000000000e+01 6.299999999999999822e+00 3.073000000000000000e+03
6.958000000000000000e+03 7.687000000000000000e+03 8.529999999999999716e+01 5.500000000000000000e+00 3.018000000000000000e+03
6.918000000000000000e+03 7.639000000000000000e+03 5.700000000000000000e+01 5.599999999999999645e+00 3.057000000000000000e+03
6.915000000000000000e+03 7.706000000000000000e+03 6.039999999999999858e+01 5.599999999999999645e+00 3.063000000000000000e+03
6.879000000000000000e+03 7.639000000000000000e+03 6.540000000000000568e+01 5.599999999999999645e+00 3.105000000000000000e+03
6.888000000000000000e+03 7.679000000000000000e+03 8.370000000000000284e+01 5.500000000000000000e+00 3.089000000000000000e+03
6.920000000000000000e+03 7.592000000000000000e+03 6.440000000000000568e+01 5.599999999999999645e+00 3.053000000000000000e+03
6.776000000000000000e+03 7.712000000000000000e+03 6.450000000000000000e+01 5.599999999999999645e+00 3.207000000000000000e+03
6.874000000000000000e+03 7.801000000000000000e+03 6.189999999999999858e+01 5.299999999999999822e+00 3.110000000000000000e+03
6.833000000000000000e+03 7.691000000000000000e+03 7.129999999999999716e+01 5.500000000000000000e+00 3.149000000000000000e+03
6.889000000000000000e+03 7.699000000000000000e+03 6.879999999999999716e+01 5.299999999999999822e+00 3.090000000000000000e+03
6.908000000000000000e+03 7.559000000000000000e+03 6.990000000000000568e+01 5.500000000000000000e+00 3.072000000000000000e+03
6.863000000000000000e+03 7.733000000000000000e+03 7.970000000000000284e+01 5.599999999999999645e+00 3.117000000000000000e+03
6.856000000000000000e+03 7.791000000000000000e+03 6.079999999999999716e+01 6.200000000000000178e+00 3.127000000000000000e+03
6.968000000000000000e+03 7.800000000000000000e+03 5.829999999999999716e+01 5.400000000000000355e+00 3.016000000000000000e+03
6.923000000000000000e+03 7.739000000000000000e+03 7.250000000000000000e+01 5.500000000000000000e+00 3.058000000000000000e+03
6.989000000000000000e+03 7.725000000000000000e+03 6.420000000000000284e+01 6.099999999999999645e+00 2.981000000000000000e+03
6.834000000000000000e+03 7.723000000000000000e+03 7.159999999999999432e+01 6.000000000000000000e+00 3.139000000000000000e+03
6.948000000000000000e+03 7.675000000000000000e+03 7.590000000000000568e+01 5.299999999999999822e+00 3.030000000000000000e+03
6.980000000000000000e+03 7.766000000000000000e+03 7.859999999999999432e+01 6.000000000000000000e+00 3.001000000000000000e+03
6.936000000000000000e+03 7.605000000000000000e+03 6.940000000000000568e+01 5.400000000000000355e+00 3.047000000000000000e+03
6.912000000000000000e+03 7.671000000000000000e+03 6.320000000000000284e+01 5.500000000000000000e+00 3.065000000000000000e+03
6.921000000000000000e+03 7.656000000000000000e+03 6.229999999999999716e+01 5.700000000000000178e+00 3.052000000000000000e+03
6.938000000000000000e+03 7.654000000000000000e+03 6.609999999999999432e+01 6.000000000000000000e+00 3.035000000000000000e+03
6.830000000000000000e+03 7.785000000000000000e+03 6.520000000000000284e+01 6.000000000000000000e+00 3.147000000000000000e+03
6.906000000000000000e+03 7.630000000000000000e+03 5.689999999999999858e+01 5.700000000000000178e+00 3.074000000000000000e+03
6.796000000000000000e+03 7.650000000000000000e+03 6.300000000000000000e+01 6.000000000000000000e+00 3.184000000000000000e+03
6.900000000000000000e+03 7.705000000000000000e+03 6.360000000000000142e+01 6.000000000000000000e+00 3.080000000000000000e+03
6.891000000000000000e+03 7.683000000000000000e+03 6.070000000000000284e+01 6.000000000000000000e+00 3.087000000000000000e+03
6.871000000000000000e+03 7.642000000000000000e+03 6.389999999999999858e+01 6.400000000000000355e+00 3.106000000000000000e+03
