9.340000000000000000e+03 8.405000000000000000e+03 2.435000000000000000e+02 1.159999999999999964e+01 7.790000000000000000e+02
9.317000000000000000e+03 8.500000000000000000e+03 2.948000000000000114e+02 1.030000000000000071e+01 7.520000000000000000e+02
9.345000000000000000e+03 8.443000000000000000e+03 2.420000000000000000e+02 9.900000000000000355e+00 7.580000000000000000e+02
9.386000000000000000e+03 8.520000000000000000e+03 2.806000000000000227e+02 1.100000000000000000e+01 7.560000000000000000e+02
9.387000000000000000e+03 8.416000000000000000e+03 2.856000000000000227e+02 1.050000000000000000e+01 7.550000000000000000e+02
9.317000000000000000e+03 8.581000000000000000e+03 3.328999999999999773e+02 1.000000000000000000e+01 7.450000000000000000e+02
9.365000000000000000e+03 8.477000000000000000e+03 2.741999999999999886e+02 1.059999999999999964e+01 8.070000000000000000e+02
9.306000000000000000e+03 8.438000000000000000e+03 2.505000000000000000e+02 1.059999999999999964e+01 8.030000000000000000e+02
9.356000000000000000e+03 8.498000000000000000e+03 3.523999999999999773e+02 1.000000000000000000e+01 7.660000000000000000e+02
9.357000000000000000e+03 8.542000000000000000e+03 3.448000000000000114e+02 1.080000000000000071e+01 7.410000000000000000e+02
9.380000000000000000e+03 8.501000000000000000e+03 3.745000000000000000e+02 9.800000000000000711e+00 7.880000000000000000e+02
9.329000000000000000e+03 8.550000000000000000e+03 3.518999999999999773e+02 9.400000000000000355e+00 7.840000000000000000e+02
9.355000000000000000e+03 8.410000000000000000e+03 2.778000000000000114e+02 1.030000000000000071e+01 7.480000000000000000e+02
9.301000000000000000e+03 8.511000000000000000e+03 2.648999999999999773e+02 1.150000000000000000e+01 7.560000000000000000e+02
9.308000000000000000e+03 8.458000000000000000e+03 2.400000000000000000e+02 1.100000000000000000e+01 7.760000000000000000e+02
9.323000000000000000e+03 8.471000000000000000e+03 2.951000000000000227e+02 1.090000000000000036e+01 7.430000000000000000e+02
9.361000000000000000e+03 8.548000000000000000e+03 2.873999999999999773e+02 1.100000000000000000e+01 7.840000000000000000e+02
9.358000000000000000e+03 8.396000000000000000e+03 3.610000000000000000e+02 1.050000000000000000e+01 7.840000000000000000e+02
9.354000000000000000e+03 8.486000000000000000e+03 4.478000000000000114e+02 1.080000000000000071e+01 7.220000000000000000e+02
9.335000000000000000e+03 8.562000000000000000e+03 3.213999999999999773e+02 9.199999999999999289e+00 7.710000000000000000e+02
9.308000000000000000e+03 8.665000000000000000e+03 3.436000000000000227e+02 1.000000000000000000e+01 7.860000000000000000e+02
9.378000000000000000e+03 8.548000000000000000e+03 2.881000000000000227e+02 1.000000000000000000e+01 7.180000000000000000e+02
9.332000000000000000e+03 8.535000000000000000e+03 2.825000000000000000e+02 9.699999999999999289e+00 7.410000000000000000e+02
9.354000000000000000e+03 8.404000000000000000e+03 2.876999999999999886e+02 1.140000000000000036e+01 7.330000000000000000e+02
9.360000000000000000e+03 8.480000000000000000e+03 2.455999999999999943e+02 1.050000000000000000e+01 7.420000000000000000e+02
9.334000000000000000e+03 8.389000000000000000e+03 3.243000000000000114e+02 1.090000000000000036e+01 7.740000000000000000e+02
9.304000000000000000e+03 8.551000000000000000e+03 2.636999999999999886e+02 1.009999999999999964e+01 7.430000000000000000e+02
9.336000000000000000e+03 8.518000000000000000e+03 3.653999999999999773e+02 1.000000000000000000e+01 7.250000000000000000e+02
9.379000000000000000e+03 8.414000000000000000e+03 2.696999999999999886e+02 1.059999999999999964e+01 7.910000000000000000e+02
9.336000000000000000e+03 8.423000000000000000e+03 3.571000000000000227e+02 1.030000000000000071e+01 7.880000000000000000e+02
9.350000000000000000e+03 8.533000000000000000e+03 2.941999999999999886e+02 1.050000000000000000e+01 7.420000000000000000e+02
9.328000000000000000e+03 8.489000000000000000e+03 3.621000000000000227e+02 1.009999999999999964e+01 7.730000000000000000e+02
9.381000000000000000e+03 8.545000000000000000e+03 2.646999999999999886e+02 1.019999999999999929e+01 7.500000000000000000e+02
9.346000000000000000e+03 8.496000000000000000e+03 3.025000000000000000e+02 1.030000000000000071e+01 7.550000000000000000e+02
9.350000000000000000e+03 8.502000000000000000e+03 2.646999999999999886e+02 1.069999999999999929e+01 7.600000000000000000e+02
9.360000000000000000e+03 8.390000000000000000e+03 3.045000000000000000e+02 1.090000000000000036e+01 7.140000000000000000e+02
9.366000000000000000e+03 8.477000000000000000e+03 3.355000000000000000e+02 1.000000000000000000e+01 7.440000000000000000e+02
9.327000000000000000e+03 8.484000000000000000e+03 2.993999999999999773e+02 1.059999999999999964e+01 7.710000000000000000e+02
9.364000000000000000e+03 8.469000000000000000e+03 4.583999999999999773e+02 1.000000000000000000e+01 7.830000000000000000e+02
9.328000000000000000e+03 8.577000000000000000e+03 3.076000000000000227e+02 1.100000000000000000e+01 7.830000000000000000e+02
9.387000000000000000e+03 8.600000000000000000e+03 2.801999999999999886e+02 1.009999999999999964e+01 7.500000000000000000e+02
9.327000000000000000e+03 8.440000000000000000e+03 2.995000000000000000e+02 1.040000000000000036e+01 7.820000000000000000e+02
9.375000000000000000e+03 8.642000000000000000e+03 3.076000000000000227e+02 1.040000000000000036e+01 7.810000000000000000e+02
9.319000000000000000e+03 8.541000000000000000e+03 3.603000000000000114e+02 9.300000000000000711e+00 7.240000000000000000e+02
9.336000000000000000e+03 8.529000000000000000e+03 2.933999999999999773e+02 1.040000000000000036e+01 7.890000000000000000e+02
9.382000000000000000e+03 8.524000000000000000e+03 2.850000000000000000e+02 1.030000000000000071e+01 7.980000000000000000e+02
9.357000000000000000e+03 8.458000000000000000e+03 4.141000000000000227e+02 1.030000000000000071e+01 7.520000000000000000e+02
9.356000000000000000e+03 8.582000000000000000e+03 3.438999999999999773e+02 1.080000000000000071e+01 7.700000000000000000e+02
9.332000000000000000e+03 8.500000000000000000e+03 2.776999999999999886e+02 9.400000000000000355e+00 7.620000000000000000e+02
9.311000000000000000e+03 8.590000000000000000e+03 2.445999999999999943e+02 1.030000000000000071e+01 7.580000000000000000e+02
9.364000000000000000e+03 8.530000000000000000e+03 3.578999999999999773e+02 1.119999999999999929e+01 7.550000000000000000e+02
9.370000000000000000e+03 8.407000000000000000e+03 3.156000000000000227e+02 9.800000000000000711e+00 7.500000000000000000e+02
9.346000000000000000e+03 8.456000000000000000e+03 3.170000000000000000e+02 1.059999999999999964e+01 7.500000000000000000e+02
9.357000000000000000e+03 8.566000000000000000e+03 2.693999999999999773e+02 1.019999999999999929e+01 7.580000000000000000e+02
9.342000000000000000e+03 8.516000000000000000e+03 3.346000000000000227e+02 9.900000000000000355e+00 7.680000000000000000e+02
9.371000000000000000e+03 8.639000000000000000e+03 2.903000000000000114e+02 1.059999999999999964e+01 7.190000000000000000e+02
9.363000000000000000e+03 8.528000000000000000e+03 2.495000000000000000e+02 1.040000000000000036e+01 7.840000000000000000e+02
9.312000000000000000e+03 8.473000000000000000e+03 2.598000000000000114e+02 1.009999999999999964e+01 7.610000000000000000e+02
9.322000000000000000e+03 8.476000000000000000e+03 3.096999999999999886e+02 1.040000000000000036e+01 8.150000000000000000e+02
9.370000000000000000e+03 8.574000000000000000e+03 2.370999999999999943e+02 1.040000000000000036e+01 7.240000000000000000e+02
9.344000000000000000e+03 8.552000000000000000e+03 3.168000000000000114e+02 1.040000000000000036e+01 7.920000000000000000e+02
9.367000000000000000e+03 8.503000000000000000e+03 2.618000000000000114e+02 1.069999999999999929e+01 7.510000000000000000e+02
9.338000000000000000e+03 8.511000000000000000e+03 2.608999999999999773e+02 9.900000000000000355e+00 8.010000000000000000e+02
9.366000000000000000e+03 8.519000000000000000e+03 3.076999999999999886e+02 1.009999999999999964e+01 7.460000000000000000e+02
9.372000000000000000e+03 8.376000000000000000e+03 2.858000000000000114e+02 1.009999999999999964e+01 7.910000000000000000e+02
9.342000000000000000e+03 8.637000000000000000e+03 4.106999999999999886e+02 1.069999999999999929e+01 8.070000000000000000e+02
9.371000000000000000e+03 8.456000000000000000e+03 4.256999999999999886e+02 1.090000000000000036e+01 7.490000000000000000e+02
9.345000000000000000e+03 8.513000000000000000e+03 3.083999999999999773e+02 1.100000000000000000e+01 7.910000000000000000e+02
9.339000000000000000e+03 8.525000000000000000e+03 3.613000000000000114e+02 1.059999999999999964e+01 7.890000000000000000e+02
9.302000000000000000e+03 8.556000000000000000e+03 2.953999999999999773e+02 1.009999999999999964e+01 7.320000000000000000e+02
9.374000000000000000e+03 8.398000000000000000e+03 2.796000000000000227e+02 1.000000000000000000e+01 7.700000000000000000e+02
9.339000000000000000e+03 8.538000000000000000e+03 3.196999999999999886e+02 1.109999999999999964e+01 7.920000000000000000e+02
9.331000000000000000e+03 8.575000000000000000e+03 3.351000000000000227e+02 1.050000000000000000e+01 7.860000000000000000e+02
9.299000000000000000e+03 8.487000000000000000e+03 2.846000000000000227e+02 1.030000000000000071e+01 7.650000000000000000e+02
9.346000000000000000e+03 8.546000000000000000e+03 3.160000000000000000e+02 1.030000000000000071e+01 7.690000000000000000e+02
9.334000000000000000e+03 8.519000000000000000e+03 2.510999999999999943e+02 1.009999999999999964e+01 7.590000000000000000e+02
9.337000000000000000e+03 8.449000000000000000e+03 2.853000000000000114e+02 1.059999999999999964e+01 7.740000000000000000e+02
9.318000000000000000e+03 8.521000000000000000e+03 2.938000000000000114e+02 1.009999999999999964e+01 8.010000000000000000e+02
9.359000000000000000e+03 8.470000000000000000e+03 2.951000000000000227e+02 1.000000000000000000e+01 7.820000000000000000e+02
9.330000000000000000e+03 8.434000000000000000e+03 3.288999999999999773e+02 1.100000000000000000e+01 7.880000000000000000e+02
9.356000000000000000e+03 8.501000000000000000e+03 3.395000000000000000e+02 9.500000000000000000e+00 7.680000000000000000e+02
9.357000000000000000e+03 8.457000000000000000e+03 3.026000000000000227e+02 1.059999999999999964e+01 7.940000000000000000e+02
9.333000000000000000e+03 8.330000000000000000e+03 3.246999999999999886e+02 1.050000000000000000e+01 7.840000000000000000e+02
9.373000000000000000e+03 8.568000000000000000e+03 2.561000000000000227e+02 1.030000000000000071e+01 7.120000000000000000e+02
9.341000000000000000e+03 8.549000000000000000e+03 3.306000000000000227e+02 1.050000000000000000e+01 7.330000000000000000e+02
9.327000000000000000e+03 8.593000000000000000e+03 2.570000000000000000e+02 1.030000000000000071e+01 7.570000000000000000e+02
9.326000000000000000e+03 8.440000000000000000e+03 2.145000000000000000e+02 1.090000000000000036e+01 7.350000000000000000e+02
9.363000000000000000e+03 8.478000000000000000e+03 2.224000000000000057e+02 1.050000000000000000e+01 7.460000000000000000e+02
9.338000000000000000e+03 8.598000000000000000e+03 3.115000000000000000e+02 9.500000000000000000e+00 7.530000000000000000e+02
9.337000000000000000e+03 8.583000000000000000e+03 2.783999999999999773e+02 1.030000000000000071e+01 8.000000000000000000e+02
9.333000000000000000e+03 8.491000000000000000e+03 3.266999999999999886e+02 1.069999999999999929e+01 7.580000000000000000e+02
9.352000000000000000e+03 8.388000000000000000e+03 3.358999999999999773e+02 1.119999999999999929e+01 8.150000000000000000e+02
9.345000000000000000e+03 8.471000000000000000e+03 2.958999999999999773e+02 1.050000000000000000e+01 7.690000000000000000e+02
9.355000000000000000e+03 8.516000000000000000e+03 2.996999999999999886e+02 1.000000000000000000e+01 8.040000000000000000e+02
9.337000000000000000e+03 8.512000000000000000e+03 3.106000000000000227e+02 1.109999999999999964e+01 7.720000000000000000e+02
9.324000000000000000e+03 8.595000000000000000e+03 2.846999999999999886e+02 1.000000000000000000e+01 7.770000000000000000e+02
9.391000000000000000e+03 8.550000000000000000e+03 3.448999999999999773e+02 9.800000000000000711e+00 7.570000000000000000e+02
9.351000000000000000e+03 8.586000000000000000e+03 2.961999999999999886e+02 1.009999999999999964e+01 7.680000000000000000e+02
9.324000000000000000e+03 8.508000000000000000e+03 3.198999999999999773e+02 1.009999999999999964e+01 7.610000000000000000e+02
9.343000000000000000e+03 8.533000000000000000e+03 2.848000000000000114e+02 1.040000000000000036e+01 8.020000000000000000e+02
9.342000000000000000e+03 8.457000000000000000e+03 4.108000000000000114e+02 1.080000000000000071e+01 7.740000000000000000e+02
9.349000000000000000e+03 8.622000000000000000e+03 3.273999999999999773e+02 1.069999999999999929e+01 7.340000000000000000e+02
9.334000000000000000e+03 8.560000000000000000e+03 2.655000000000000000e+02 9.699999999999999289e+00 7.600000000000000000e+02
9.367000000000000000e+03 8.366000000000000000e+03 4.605000000000000000e+02 1.000000000000000000e+01 7.290000000000000000e+02
9.340000000000000000e+03 8.523000000000000000e+03 2.245999999999999943e+02 1.080000000000000071e+01 7.640000000000000000e+02
9.356000000000000000e+03 8.493000000000000000e+03 3.403999999999999773e+02 1.059999999999999964e+01 7.960000000000000000e+02
9.301000000000000000e+03 8.561000000000000000e+03 2.761000000000000227e+02 1.050000000000000000e+01 7.560000000000000000e+02
9.344000000000000000e+03 8.518000000000000000e+03 2.926999999999999886e+02 1.040000000000000036e+01 7.770000000000000000e+02
9.370000000000000000e+03 8.488000000000000000e+03 3.376999999999999886e+02 1.009999999999999964e+01 7.720000000000000000e+02
9.312000000000000000e+03 8.442000000000000000e+03 2.918999999999999773e+02 1.030000000000000071e+01 7.640000000000000000e+02
9.357000000000000000e+03 8.485000000000000000e+03 3.211999999999999886e+02 1.019999999999999929e+01 7.600000000000000000e+02
9.319000000000000000e+03 8.460000000000000000e+03 2.623999999999999773e+02 1.030000000000000071e+01 7.460000000000000000e+02
9.345000000000000000e+03 8.523000000000000000e+03 2.638999999999999773e+02 1.069999999999999929e+01 7.300000000000000000e+02
9.322000000000000000e+03 8.490000000000000000e+03 2.836999999999999886e+02 1.080000000000000071e+01 7.780000000000000000e+02
9.317000000000000000e+03 8.491000000000000000e+03 2.748999999999999773e+02 1.080000000000000071e+01 8.040000000000000000e+02
9.370000000000000000e+03 8.517000000000000000e+03 3.116000000000000227e+02 1.000000000000000000e+01 7.830000000000000000e+02
9.343000000000000000e+03 8.544000000000000000e+03 3.486000000000000227e+02 9.800000000000000711e+00 7.210000000000000000e+02
9.320000000000000000e+03 8.399000000000000000e+03 2.698000000000000114e+02 1.069999999999999929e+01 7.650000000000000000e+02
9.337000000000000000e+03 8.569000000000000000e+03 3.261999999999999886e+02 1.030000000000000071e+01 7.530000000000000000e+02
9.309000000000000000e+03 8.540000000000000000e+03 3.643000000000000114e+02 1.109999999999999964e+01 7.870000000000000000e+02
9.332000000000000000e+03 8.494000000000000000e+03 2.970000000000000000e+02 9.800000000000000711e+00 7.700000000000000000e+02
9.307000000000000000e+03 8.343000000000000000e+03 2.505000000000000000e+02 1.030000000000000071e+01 8.100000000000000000e+02
9.327000000000000000e+03 8.516000000000000000e+03 2.838000000000000114e+02 9.699999999999999289e+00 7.330000000000000000e+02
9.339000000000000000e+03 8.396000000000000000e+03 3.541000000000000227e+02 1.069999999999999929e+01 7.170000000000000000e+02
9.359000000000000000e+03 8.441000000000000000e+03 2.790000000000000000e+02 1.019999999999999929e+01 7.920000000000000000e+02
9.292000000000000000e+03 8.653000000000000000e+03 3.318000000000000114e+02 1.050000000000000000e+01 8.070000000000000000e+02
9.366000000000000000e+03 8.526000000000000000e+03 2.770000000000000000e+02 1.009999999999999964e+01 7.560000000000000000e+02
9.376000000000000000e+03 8.505000000000000000e+03 2.856999999999999886e+02 1.040000000000000036e+01 7.270000000000000000e+02
9.334000000000000000e+03 8.552000000000000000e+03 3.306000000000000227e+02 1.040000000000000036e+01 7.540000000000000000e+02
9.366000000000000000e+03 8.469000000000000000e+03 2.793000000000000114e+02 1.000000000000000000e+01 7.410000000000000000e+02
9.356000000000000000e+03 8.480000000000000000e+03 4.025000000000000000e+02 1.030000000000000071e+01 8.120000000000000000e+02
9.381000000000000000e+03 8.475000000000000000e+03 2.685000000000000000e+02 1.090000000000000036e+01 7.190000000000000000e+02
9.341000000000000000e+03 8.565000000000000000e+03 2.585000000000000000e+02 1.000000000000000000e+01 7.790000000000000000e+02
9.371000000000000000e+03 8.409000000000000000e+03 5.113999999999999773e+02 1.050000000000000000e+01 7.760000000000000000e+02
9.360000000000000000e+03 8.497000000000000000e+03 2.853000000000000114e+02 1.000000000000000000e+01 7.400000000000000000e+02
9.330000000000000000e+03 8.526000000000000000e+03 3.623000000000000114e+02 1.059999999999999964e+01 7.340000000000000000e+02
9.370000000000000000e+03 8.511000000000000000e+03 3.256999999999999886e+02 1.019999999999999929e+01 7.370000000000000000e+02
9.338000000000000000e+03 8.467000000000000000e+03 2.820000000000000000e+02 1.050000000000000000e+01 7.510000000000000000e+02
9.322000000000000000e+03 8.447000000000000000e+03 5.085000000000000000e+02 1.040000000000000036e+01 7.880000000000000000e+02
9.303000000000000000e+03 8.537000000000000000e+03 2.596000000000000227e+02 1.059999999999999964e+01 7.260000000000000000e+02
9.296000000000000000e+03 8.490000000000000000e+03 2.680000000000000000e+02 1.119999999999999929e+01 8.020000000000000000e+02
9.334000000000000000e+03 8.562000000000000000e+03 3.556000000000000227e+02 1.030000000000000071e+01 8.290000000000000000e+02
9.343000000000000000e+03 8.549000000000000000e+03 2.928000000000000114e+02 1.040000000000000036e+01 7.690000000000000000e+02
9.338000000000000000e+03 8.487000000000000000e+03 2.773000000000000114e+02 1.100000000000000000e+01 7.510000000000000000e+02
9.362000000000000000e+03 8.608000000000000000e+03 3.048000000000000114e+02 1.000000000000000000e+01 8.060000000000000000e+02
9.356000000000000000e+03 8.586000000000000000e+03 2.978000000000000114e+02 1.000000000000000000e+01 7.970000000000000000e+02
9.408000000000000000e+03 8.456000000000000000e+03 3.013000000000000114e+02 1.119999999999999929e+01 7.540000000000000000e+02
9.371000000000000000e+03 8.509000000000000000e+03 3.263000000000000114e+02 1.019999999999999929e+01 7.250000000000000000e+02
9.367000000000000000e+03 8.480000000000000000e+03 3.228999999999999773e+02 1.109999999999999964e+01 7.290000000000000000e+02
9.292000000000000000e+03 8.466000000000000000e+03 2.675000000000000000e+02 1.040000000000000036e+01 7.930000000000000000e+02
9.316000000000000000e+03 8.503000000000000000e+03 3.195000000000000000e+02 1.030000000000000071e+01 8.260000000000000000e+02
9.367000000000000000e+03 8.517000000000000000e+03 3.241999999999999886e+02 1.019999999999999929e+01 7.590000000000000000e+02
9.357000000000000000e+03 8.509000000000000000e+03 3.613000000000000114e+02 1.019999999999999929e+01 7.490000000000000000e+02
9.331000000000000000e+03 8.483000000000000000e+03 2.908000000000000114e+02 1.019999999999999929e+01 7.710000000000000000e+02
9.365000000000000000e+03 8.538000000000000000e+03 2.898999999999999773e+02 1.090000000000000036e+01 7.800000000000000000e+02
9.337000000000000000e+03 8.528000000000000000e+03 2.926999999999999886e+02 9.699999999999999289e+00 7.790000000000000000e+02
9.349000000000000000e+03 8.397000000000000000e+03 3.133000000000000114e+02 1.050000000000000000e+01 7.900000000000000000e+02
9.382000000000000000e+03 8.477000000000000000e+03 4.650000000000000000e+02 1.050000000000000000e+01 7.380000000000000000e+02
9.351000000000000000e+03 8.511000000000000000e+03 2.345999999999999943e+02 9.599999999999999645e+00 7.250000000000000000e+02
9.324000000000000000e+03 8.457000000000000000e+03 2.890000000000000000e+02 1.009999999999999964e+01 7.720000000000000000e+02
9.346000000000000000e+03 8.548000000000000000e+03 3.756999999999999886e+02 1.009999999999999964e+01 7.230000000000000000e+02
9.312000000000000000e+03 8.576000000000000000e+03 2.858999999999999773e+02 9.400000000000000355e+00 8.020000000000000000e+02
9.385000000000000000e+03 8.570000000000000000e+03 2.505000000000000000e+02 1.059999999999999964e+01 7.630000000000000000e+02
9.307000000000000000e+03 8.504000000000000000e+03 2.425000000000000000e+02 1.030000000000000071e+01 7.770000000000000000e+02
9.287000000000000000e+03 8.474000000000000000e+03 3.231000000000000227e+02 1.030000000000000071e+01 7.970000000000000000e+02
9.311000000000000000e+03 8.490000000000000000e+03 3.236999999999999886e+02 1.080000000000000071e+01 7.630000000000000000e+02
9.358000000000000000e+03 8.516000000000000000e+03 3.146000000000000227e+02 1.059999999999999964e+01 7.780000000000000000e+02
9.338000000000000000e+03 8.499000000000000000e+03 2.733999999999999773e+02 9.900000000000000355e+00 7.940000000000000000e+02
9.370000000000000000e+03 8.565000000000000000e+03 3.166000000000000227e+02 1.050000000000000000e+01 7.500000000000000000e+02
9.394000000000000000e+03 8.528000000000000000e+03 2.708999999999999773e+02 1.000000000000000000e+01 7.810000000000000000e+02
9.326000000000000000e+03 8.347000000000000000e+03 3.251999999999999886e+02 1.100000000000000000e+01 7.420000000000000000e+02
9.319000000000000000e+03 8.598000000000000000e+03 3.935000000000000000e+02 9.500000000000000000e+00 7.460000000000000000e+02
9.352000000000000000e+03 8.454000000000000000e+03 3.136999999999999886e+02 1.030000000000000071e+01 7.420000000000000000e+02
9.378000000000000000e+03 8.518000000000000000e+03 2.440000000000000000e+02 1.009999999999999964e+01 7.670000000000000000e+02
9.322000000000000000e+03 8.527000000000000000e+03 2.613000000000000114e+02 1.080000000000000071e+01 7.600000000000000000e+02
9.398000000000000000e+03 8.521000000000000000e+03 4.193000000000000114e+02 1.050000000000000000e+01 7.570000000000000000e+02
9.391000000000000000e+03 8.550000000000000000e+03 3.301999999999999886e+02 9.800000000000000711e+00 7.390000000000000000e+02
9.404000000000000000e+03 8.599000000000000000e+03 3.106999999999999886e+02 1.000000000000000000e+01 7.440000000000000000e+02
9.349000000000000000e+03 8.574000000000000000e+03 3.296999999999999886e+02 1.109999999999999964e+01 7.410000000000000000e+02
9.370000000000000000e+03 8.611000000000000000e+03 2.960000000000000000e+02 1.040000000000000036e+01 7.520000000000000000e+02
9.358000000000000000e+03 8.492000000000000000e+03 3.158999999999999773e+02 1.050000000000000000e+01 7.520000000000000000e+02
9.341000000000000000e+03 8.458000000000000000e+03 2.978000000000000114e+02 1.059999999999999964e+01 7.720000000000000000e+02
9.359000000000000000e+03 8.571000000000000000e+03 2.996999999999999886e+02 1.019999999999999929e+01 7.610000000000000000e+02
9.361000000000000000e+03 8.426000000000000000e+03 2.906000000000000227e+02 1.180000000000000071e+01 7.640000000000000000e+02
9.356000000000000000e+03 8.501000000000000000e+03 2.618000000000000114e+02 1.059999999999999964e+01 7.770000000000000000e+02
9.330000000000000000e+03 8.551000000000000000e+03 4.855000000000000000e+02 9.699999999999999289e+00 7.890000000000000000e+02
9.394000000000000000e+03 8.336000000000000000e+03 2.496999999999999886e+02 9.900000000000000355e+00 7.740000000000000000e+02
9.346000000000000000e+03 8.404000000000000000e+03 5.031000000000000227e+02 1.159999999999999964e+01 7.040000000000000000e+02
9.319000000000000000e+03 8.579000000000000000e+03 3.303999999999999773e+02 1.059999999999999964e+01 7.870000000000000000e+02
9.365000000000000000e+03 8.579000000000000000e+03 2.541999999999999886e+02 1.000000000000000000e+01 7.920000000000000000e+02
9.315000000000000000e+03 8.551000000000000000e+03 3.098000000000000114e+02 1.059999999999999964e+01 7.630000000000000000e+02
9.351000000000000000e+03 8.551000000000000000e+03 2.798999999999999773e+02 1.030000000000000071e+01 7.700000000000000000e+02
9.360000000000000000e+03 8.514000000000000000e+03 3.086000000000000227e+02 1.090000000000000036e+01 7.640000000000000000e+02
9.331000000000000000e+03 8.563000000000000000e+03 2.470000000000000000e+02 1.119999999999999929e+01 7.780000000000000000e+02
9.345000000000000000e+03 8.423000000000000000e+03 3.391999999999999886e+02 9.800000000000000711e+00 7.560000000000000000e+02
9.360000000000000000e+03 8.450000000000000000e+03 3.718999999999999773e+02 1.100000000000000000e+01 7.410000000000000000e+02
9.364000000000000000e+03 8.575000000000000000e+03 3.093000000000000114e+02 1.090000000000000036e+01 7.170000000000000000e+02
9.342000000000000000e+03 8.520000000000000000e+03 2.474000000000000057e+02 1.009999999999999964e+01 7.790000000000000000e+02
9.312000000000000000e+03 8.535000000000000000e+03 3.128999999999999773e+02 1.050000000000000000e+01 8.010000000000000000e+02
9.367000000000000000e+03 8.431000000000000000e+03 2.750000000000000000e+02 1.000000000000000000e+01 7.620000000000000000e+02
9.347000000000000000e+03 8.632000000000000000e+03 3.513000000000000114e+02 9.300000000000000711e+00 7.510000000000000000e+02
9.306000000000000000e+03 8.444000000000000000e+03 3.608999999999999773e+02 1.059999999999999964e+01 8.300000000000000000e+02
9.318000000000000000e+03 8.533000000000000000e+03 3.003999999999999773e+02 1.009999999999999964e+01 7.530000000000000000e+02
9.342000000000000000e+03 8.293000000000000000e+03 2.671000000000000227e+02 1.150000000000000000e+01 7.060000000000000000e+02
9.355000000000000000e+03 8.492000000000000000e+03 3.061999999999999886e+02 1.019999999999999929e+01 7.570000000000000000e+02
9.333000000000000000e+03 8.549000000000000000e+03 2.838000000000000114e+02 1.080000000000000071e+01 7.360000000000000000e+02
9.327000000000000000e+03 8.556000000000000000e+03 3.240000000000000000e+02 1.090000000000000036e+01 7.700000000000000000e+02
9.347000000000000000e+03 8.503000000000000000e+03 3.546000000000000227e+02 1.040000000000000036e+01 7.470000000000000000e+02
9.329000000000000000e+03 8.598000000000000000e+03 3.348000000000000114e+02 1.000000000000000000e+01 7.390000000000000000e+02
9.372000000000000000e+03 8.680000000000000000e+03 3.056999999999999886e+02 9.300000000000000711e+00 7.580000000000000000e+02
9.335000000000000000e+03 8.568000000000000000e+03 2.983999999999999773e+02 1.009999999999999964e+01 7.580000000000000000e+02
9.412000000000000000e+03 8.508000000000000000e+03 2.358000000000000114e+02 9.599999999999999645e+00 7.400000000000000000e+02
9.361000000000000000e+03 8.608000000000000000e+03 2.925000000000000000e+02 1.019999999999999929e+01 7.850000000000000000e+02
9.309000000000000000e+03 8.445000000000000000e+03 2.583000000000000114e+02 1.030000000000000071e+01 7.510000000000000000e+02
9.367000000000000000e+03 8.544000000000000000e+03 3.103000000000000114e+02 9.800000000000000711e+00 7.620000000000000000e+02
9.337000000000000000e+03 8.432000000000000000e+03 3.308000000000000114e+02 1.040000000000000036e+01 7.680000000000000000e+02
9.372000000000000000e+03 8.527000000000000000e+03 2.818999999999999773e+02 1.100000000000000000e+01 7.410000000000000000e+02
9.367000000000000000e+03 8.558000000000000000e+03 2.998999999999999773e+02 1.019999999999999929e+01 7.450000000000000000e+02
9.308000000000000000e+03 8.538000000000000000e+03 3.033000000000000114e+02 1.059999999999999964e+01 7.840000000000000000e+02
9.364000000000000000e+03 8.469000000000000000e+03 2.389000000000000057e+02 1.069999999999999929e+01 7.660000000000000000e+02
9.334000000000000000e+03 8.482000000000000000e+03 3.103000000000000114e+02 1.059999999999999964e+01 7.560000000000000000e+02
9.350000000000000000e+03 8.533000000000000000e+03 3.271999999999999886e+02 1.009999999999999964e+01 7.530000000000000000e+02
9.351000000000000000e+03 8.535000000000000000e+03 2.848999999999999773e+02 1.000000000000000000e+01 7.490000000000000000e+02
9.348000000000000000e+03 8.470000000000000000e+03 3.476000000000000227e+02 1.019999999999999929e+01 7.790000000000000000e+02
9.355000000000000000e+03 8.503000000000000000e+03 2.773999999999999773e+02 1.069999999999999929e+01 7.520000000000000000e+02
9.303000000000000000e+03 8.437000000000000000e+03 2.738000000000000114e+02 1.000000000000000000e+01 7.770000000000000000e+02
9.366000000000000000e+03 8.441000000000000000e+03 2.414000000000000057e+02 1.040000000000000036e+01 7.480000000000000000e+02
9.334000000000000000e+03 8.535000000000000000e+03 2.858000000000000114e+02 1.030000000000000071e+01 7.680000000000000000e+02
9.386000000000000000e+03 8.514000000000000000e+03 3.083000000000000114e+02 1.040000000000000036e+01 7.850000000000000000e+02
9.321000000000000000e+03 8.444000000000000000e+03 3.691000000000000227e+02 9.699999999999999289e+00 7.930000000000000000e+02
9.348000000000000000e+03 8.626000000000000000e+03 3.498999999999999773e+02 9.800000000000000711e+00 7.690000000000000000e+02
9.371000000000000000e+03 8.442000000000000000e+03 2.918000000000000114e+02 1.080000000000000071e+01 7.990000000000000000e+02
9.335000000000000000e+03 8.479000000000000000e+03 3.956999999999999886e+02 1.030000000000000071e+01 8.190000000000000000e+02
9.333000000000000000e+03 8.600000000000000000e+03 2.646999999999999886e+02 9.699999999999999289e+00 8.040000000000000000e+02
9.359000000000000000e+03 8.626000000000000000e+03 3.113000000000000114e+02 1.019999999999999929e+01 7.860000000000000000e+02
9.335000000000000000e+03 8.515000000000000000e+03 3.291000000000000227e+02 9.900000000000000355e+00 7.490000000000000000e+02
9.339000000000000000e+03 8.499000000000000000e+03 3.241000000000000227e+02 1.109999999999999964e+01 7.560000000000000000e+02
9.362000000000000000e+03 8.639000000000000000e+03 3.235000000000000000e+02 1.059999999999999964e+01 7.300000000000000000e+02
9.357000000000000000e+03 8.506000000000000000e+03 3.396000000000000227e+02 1.019999999999999929e+01 7.380000000000000000e+02
9.360000000000000000e+03 8.499000000000000000e+03 3.073000000000000114e+02 9.800000000000000711e+00 7.220000000000000000e+02
9.335000000000000000e+03 8.463000000000000000e+03 3.211999999999999886e+02 1.030000000000000071e+01 7.350000000000000000e+02
9.371000000000000000e+03 8.446000000000000000e+03 3.535000000000000000e+02 1.050000000000000000e+01 7.250000000000000000e+02
9.335000000000000000e+03 8.508000000000000000e+03 3.013999999999999773e+02 1.059999999999999964e+01 7.550000000000000000e+02
9.326000000000000000e+03 8.490000000000000000e+03 3.240000000000000000e+02 1.009999999999999964e+01 8.090000000000000000e+02
9.355000000000000000e+03 8.526000000000000000e+03 3.351000000000000227e+02 1.040000000000000036e+01 7.550000000000000000e+02
9.358000000000000000e+03 8.571000000000000000e+03 3.003000000000000114e+02 9.500000000000000000e+00 7.550000000000000000e+02
9.388000000000000000e+03 8.440000000000000000e+03 3.453000000000000114e+02 1.050000000000000000e+01 7.670000000000000000e+02
9.301000000000000000e+03 8.480000000000000000e+03 2.916999999999999886e+02 1.090000000000000036e+01 7.420000000000000000e+02
9.312000000000000000e+03 8.537000000000000000e+03 3.143000000000000114e+02 1.080000000000000071e+01 7.910000000000000000e+02
9.319000000000000000e+03 8.462000000000000000e+03 2.661999999999999886e+02 9.800000000000000711e+00 7.650000000000000000e+02
