8.451000000000000000e+03 7.036000000000000000e+03 8.826000000000000227e+02 2.350000000000000000e+01 6.310000000000000000e+02
8.491000000000000000e+03 7.054000000000000000e+03 6.292000000000000455e+02 2.710000000000000142e+01 6.420000000000000000e+02
8.437000000000000000e+03 7.296000000000000000e+03 9.568999999999999773e+02 2.310000000000000142e+01 6.590000000000000000e+02
8.457000000000000000e+03 7.384000000000000000e+03 6.712000000000000455e+02 2.150000000000000000e+01 6.350000000000000000e+02
8.474000000000000000e+03 6.722000000000000000e+03 6.880000000000000000e+02 2.700000000000000000e+01 6.020000000000000000e+02
8.468000000000000000e+03 7.014000000000000000e+03 7.255000000000000000e+02 2.330000000000000071e+01 6.150000000000000000e+02
8.466000000000000000e+03 7.287000000000000000e+03 5.328999999999999773e+02 2.239999999999999858e+01 6.160000000000000000e+02
8.450000000000000000e+03 7.264000000000000000e+03 6.512999999999999545e+02 2.419999999999999929e+01 6.390000000000000000e+02
8.460000000000000000e+03 6.925000000000000000e+03 9.700000000000000000e+02 2.630000000000000071e+01 6.440000000000000000e+02
8.414000000000000000e+03 7.142000000000000000e+03 8.186000000000000227e+02 2.419999999999999929e+01 6.310000000000000000e+02
8.470000000000000000e+03 7.241000000000000000e+03 8.292999999999999545e+02 2.539999999999999858e+01 6.330000000000000000e+02
8.500000000000000000e+03 7.312000000000000000e+03 8.432000000000000455e+02 2.189999999999999858e+01 6.420000000000000000e+02
8.453000000000000000e+03 7.500000000000000000e+03 6.322999999999999545e+02 2.139999999999999858e+01 6.340000000000000000e+02
8.466000000000000000e+03 7.049000000000000000e+03 5.737000000000000455e+02 2.219999999999999929e+01 6.420000000000000000e+02
8.435000000000000000e+03 7.277000000000000000e+03 9.982000000000000455e+02 2.189999999999999858e+01 6.300000000000000000e+02
8.496000000000000000e+03 7.121000000000000000e+03 6.973999999999999773e+02 2.580000000000000071e+01 6.310000000000000000e+02
8.478000000000000000e+03 7.214000000000000000e+03 9.113999999999999773e+02 2.439999999999999858e+01 6.280000000000000000e+02
8.452000000000000000e+03 7.091000000000000000e+03 5.856000000000000227e+02 2.630000000000000071e+01 6.540000000000000000e+02
8.479000000000000000e+03 7.322000000000000000e+03 7.066000000000000227e+02 2.089999999999999858e+01 6.540000000000000000e+02
8.511000000000000000e+03 7.445000000000000000e+03 7.988999999999999773e+02 2.089999999999999858e+01 6.700000000000000000e+02
8.467000000000000000e+03 7.427000000000000000e+03 6.711000000000000227e+02 2.100000000000000000e+01 6.540000000000000000e+02
8.408000000000000000e+03 7.183000000000000000e+03 9.030000000000000000e+02 2.230000000000000071e+01 6.550000000000000000e+02
8.417000000000000000e+03 7.326000000000000000e+03 7.808999999999999773e+02 2.310000000000000142e+01 6.410000000000000000e+02
8.432000000000000000e+03 7.371000000000000000e+03 9.503999999999999773e+02 2.330000000000000071e+01 6.520000000000000000e+02
8.427000000000000000e+03 7.349000000000000000e+03 1.122400000000000091e+03 2.310000000000000142e+01 6.300000000000000000e+02
8.494000000000000000e+03 7.160000000000000000e+03 9.506000000000000227e+02 2.410000000000000142e+01 6.310000000000000000e+02
8.465000000000000000e+03 7.243000000000000000e+03 7.666000000000000227e+02 2.330000000000000071e+01 6.180000000000000000e+02
8.428000000000000000e+03 6.906000000000000000e+03 6.862000000000000455e+02 2.550000000000000000e+01 6.360000000000000000e+02
8.473000000000000000e+03 7.428000000000000000e+03 8.190000000000000000e+02 2.180000000000000071e+01 6.510000000000000000e+02
8.517000000000000000e+03 7.294000000000000000e+03 6.940000000000000000e+02 2.000000000000000000e+01 6.440000000000000000e+02
8.448000000000000000e+03 7.177000000000000000e+03 6.832999999999999545e+02 2.400000000000000000e+01 6.510000000000000000e+02
8.464000000000000000e+03 7.225000000000000000e+03 6.462999999999999545e+02 2.560000000000000142e+01 6.470000000000000000e+02
8.439000000000000000e+03 7.129000000000000000e+03 7.556000000000000227e+02 2.419999999999999929e+01 6.400000000000000000e+02
8.404000000000000000e+03 7.308000000000000000e+03 6.093999999999999773e+02 2.330000000000000071e+01 6.510000000000000000e+02
8.432000000000000000e+03 7.433000000000000000e+03 8.332000000000000455e+02 2.189999999999999858e+01 6.360000000000000000e+02
8.469000000000000000e+03 7.173000000000000000e+03 7.295000000000000000e+02 2.780000000000000071e+01 6.210000000000000000e+02
8.422000000000000000e+03 7.228000000000000000e+03 7.787000000000000455e+02 2.169999999999999929e+01 6.240000000000000000e+02
8.436000000000000000e+03 7.260000000000000000e+03 7.371000000000000227e+02 2.180000000000000071e+01 6.490000000000000000e+02
8.478000000000000000e+03 7.139000000000000000e+03 6.660000000000000000e+02 2.439999999999999858e+01 6.500000000000000000e+02
8.445000000000000000e+03 7.239000000000000000e+03 6.157999999999999545e+02 2.500000000000000000e+01 6.440000000000000000e+02
8.433000000000000000e+03 7.223000000000000000e+03 7.326000000000000227e+02 2.269999999999999929e+01 6.400000000000000000e+02
8.443000000000000000e+03 7.312000000000000000e+03 6.306000000000000227e+02 2.169999999999999929e+01 6.310000000000000000e+02
8.452000000000000000e+03 7.249000000000000000e+03 7.785000000000000000e+02 2.300000000000000000e+01 6.330000000000000000e+02
8.400000000000000000e+03 7.243000000000000000e+03 6.937999999999999545e+02 2.180000000000000071e+01 6.460000000000000000e+02
8.495000000000000000e+03 7.318000000000000000e+03 5.966000000000000227e+02 2.300000000000000000e+01 6.620000000000000000e+02
8.473000000000000000e+03 7.128000000000000000e+03 7.898999999999999773e+02 2.339999999999999858e+01 6.610000000000000000e+02
8.429000000000000000e+03 7.212000000000000000e+03 8.392999999999999545e+02 2.189999999999999858e+01 6.810000000000000000e+02
8.391000000000000000e+03 7.190000000000000000e+03 6.647000000000000455e+02 2.400000000000000000e+01 6.290000000000000000e+02
8.446000000000000000e+03 7.319000000000000000e+03 7.167000000000000455e+02 2.319999999999999929e+01 6.220000000000000000e+02
8.447000000000000000e+03 7.443000000000000000e+03 6.345000000000000000e+02 2.119999999999999929e+01 6.880000000000000000e+02
8.456000000000000000e+03 7.448000000000000000e+03 5.447000000000000455e+02 2.519999999999999929e+01 6.230000000000000000e+02
8.462000000000000000e+03 7.269000000000000000e+03 7.363999999999999773e+02 2.389999999999999858e+01 6.500000000000000000e+02
8.403000000000000000e+03 7.371000000000000000e+03 6.801000000000000227e+02 2.250000000000000000e+01 6.740000000000000000e+02
8.479000000000000000e+03 7.297000000000000000e+03 8.287999999999999545e+02 2.369999999999999929e+01 6.420000000000000000e+02
8.408000000000000000e+03 7.085000000000000000e+03 8.467000000000000455e+02 2.739999999999999858e+01 5.810000000000000000e+02
8.475000000000000000e+03 7.094000000000000000e+03 7.520000000000000000e+02 2.519999999999999929e+01 6.300000000000000000e+02
8.439000000000000000e+03 7.209000000000000000e+03 5.721000000000000227e+02 2.200000000000000000e+01 6.460000000000000000e+02
8.430000000000000000e+03 7.218000000000000000e+03 1.162799999999999955e+03 2.669999999999999929e+01 6.380000000000000000e+02
8.483000000000000000e+03 7.351000000000000000e+03 7.810000000000000000e+02 2.269999999999999929e+01 6.700000000000000000e+02
8.397000000000000000e+03 7.203000000000000000e+03 6.032999999999999545e+02 2.450000000000000000e+01 6.360000000000000000e+02
8.470000000000000000e+03 7.063000000000000000e+03 6.897000000000000455e+02 2.360000000000000142e+01 6.310000000000000000e+02
8.472000000000000000e+03 7.386000000000000000e+03 5.767999999999999545e+02 2.300000000000000000e+01 6.800000000000000000e+02
8.488000000000000000e+03 7.446000000000000000e+03 6.467999999999999545e+02 2.330000000000000071e+01 6.450000000000000000e+02
8.444000000000000000e+03 7.260000000000000000e+03 8.551000000000000227e+02 2.289999999999999858e+01 6.350000000000000000e+02
8.420000000000000000e+03 7.378000000000000000e+03 6.165000000000000000e+02 2.100000000000000000e+01 6.850000000000000000e+02
8.470000000000000000e+03 7.362000000000000000e+03 6.532999999999999545e+02 2.160000000000000142e+01 6.770000000000000000e+02
8.397000000000000000e+03 7.329000000000000000e+03 7.428999999999999773e+02 2.210000000000000142e+01 6.320000000000000000e+02
8.486000000000000000e+03 7.419000000000000000e+03 5.503999999999999773e+02 2.419999999999999929e+01 6.150000000000000000e+02
8.440000000000000000e+03 7.255000000000000000e+03 5.267999999999999545e+02 2.339999999999999858e+01 6.380000000000000000e+02
8.511000000000000000e+03 6.857000000000000000e+03 7.007999999999999545e+02 2.219999999999999929e+01 6.070000000000000000e+02
8.475000000000000000e+03 7.406000000000000000e+03 6.527999999999999545e+02 2.410000000000000142e+01 6.330000000000000000e+02
8.492000000000000000e+03 7.421000000000000000e+03 7.628999999999999773e+02 2.160000000000000142e+01 6.160000000000000000e+02
8.395000000000000000e+03 7.256000000000000000e+03 7.430000000000000000e+02 2.369999999999999929e+01 6.290000000000000000e+02
8.451000000000000000e+03 7.368000000000000000e+03 9.591000000000000227e+02 2.439999999999999858e+01 6.550000000000000000e+02
8.475000000000000000e+03 7.412000000000000000e+03 7.545000000000000000e+02 2.110000000000000142e+01 6.630000000000000000e+02
8.464000000000000000e+03 7.268000000000000000e+03 6.983999999999999773e+02 2.410000000000000142e+01 6.420000000000000000e+02
8.409000000000000000e+03 7.079000000000000000e+03 6.308999999999999773e+02 2.330000000000000071e+01 6.290000000000000000e+02
8.487000000000000000e+03 7.122000000000000000e+03 6.688999999999999773e+02 2.480000000000000071e+01 6.630000000000000000e+02
8.460000000000000000e+03 7.436000000000000000e+03 7.388999999999999773e+02 2.180000000000000071e+01 6.350000000000000000e+02
8.460000000000000000e+03 7.533000000000000000e+03 6.682000000000000455e+02 2.130000000000000071e+01 6.360000000000000000e+02
8.453000000000000000e+03 7.085000000000000000e+03 8.462999999999999545e+02 2.339999999999999858e+01 6.390000000000000000e+02
8.506000000000000000e+03 6.744000000000000000e+03 8.155000000000000000e+02 2.160000000000000142e+01 5.920000000000000000e+02
8.438000000000000000e+03 7.290000000000000000e+03 7.312999999999999545e+02 2.410000000000000142e+01 6.490000000000000000e+02
8.448000000000000000e+03 7.265000000000000000e+03 6.245000000000000000e+02 2.169999999999999929e+01 6.540000000000000000e+02
8.481000000000000000e+03 7.208000000000000000e+03 8.328999999999999773e+02 2.150000000000000000e+01 6.420000000000000000e+02
8.448000000000000000e+03 7.289000000000000000e+03 1.063599999999999909e+03 2.239999999999999858e+01 6.800000000000000000e+02
8.463000000000000000e+03 6.982000000000000000e+03 7.447999999999999545e+02 2.580000000000000071e+01 6.180000000000000000e+02
8.467000000000000000e+03 7.384000000000000000e+03 7.288999999999999773e+02 2.150000000000000000e+01 6.140000000000000000e+02
8.408000000000000000e+03 7.182000000000000000e+03 6.315000000000000000e+02 2.410000000000000142e+01 6.450000000000000000e+02
8.487000000000000000e+03 7.399000000000000000e+03 8.788999999999999773e+02 2.239999999999999858e+01 6.410000000000000000e+02
8.494000000000000000e+03 7.181000000000000000e+03 6.196000000000000227e+02 2.369999999999999929e+01 6.270000000000000000e+02
8.464000000000000000e+03 7.200000000000000000e+03 6.916000000000000227e+02 2.480000000000000071e+01 6.510000000000000000e+02
8.462000000000000000e+03 7.421000000000000000e+03 6.242000000000000455e+02 2.139999999999999858e+01 6.500000000000000000e+02
8.445000000000000000e+03 7.302000000000000000e+03 8.203999999999999773e+02 2.219999999999999929e+01 6.550000000000000000e+02
8.464000000000000000e+03 7.160000000000000000e+03 7.097999999999999545e+02 2.380000000000000071e+01 6.050000000000000000e+02
8.459000000000000000e+03 7.182000000000000000e+03 7.103999999999999773e+02 2.510000000000000142e+01 6.410000000000000000e+02
8.496000000000000000e+03 7.170000000000000000e+03 7.941000000000000227e+02 2.250000000000000000e+01 6.440000000000000000e+02
8.432000000000000000e+03 7.291000000000000000e+03 6.747999999999999545e+02 2.339999999999999858e+01 6.600000000000000000e+02
8.435000000000000000e+03 7.363000000000000000e+03 7.971000000000000227e+02 2.210000000000000142e+01 6.210000000000000000e+02
8.490000000000000000e+03 7.397000000000000000e+03 8.383999999999999773e+02 2.260000000000000142e+01 6.140000000000000000e+02
8.519000000000000000e+03 7.056000000000000000e+03 5.390000000000000000e+02 2.560000000000000142e+01 6.020000000000000000e+02
8.497000000000000000e+03 7.169000000000000000e+03 7.696000000000000227e+02 2.360000000000000142e+01 6.460000000000000000e+02
8.465000000000000000e+03 7.607000000000000000e+03 6.011000000000000227e+02 1.910000000000000142e+01 6.630000000000000000e+02
8.526000000000000000e+03 7.136000000000000000e+03 6.588999999999999773e+02 2.360000000000000142e+01 6.380000000000000000e+02
8.475000000000000000e+03 7.422000000000000000e+03 7.627000000000000455e+02 2.030000000000000071e+01 6.350000000000000000e+02
8.487000000000000000e+03 7.416000000000000000e+03 5.842999999999999545e+02 2.400000000000000000e+01 6.560000000000000000e+02
8.434000000000000000e+03 6.980000000000000000e+03 6.946000000000000227e+02 2.230000000000000071e+01 6.300000000000000000e+02
8.464000000000000000e+03 7.113000000000000000e+03 5.951000000000000227e+02 2.419999999999999929e+01 6.400000000000000000e+02
8.464000000000000000e+03 7.272000000000000000e+03 6.776000000000000227e+02 2.269999999999999929e+01 6.500000000000000000e+02
8.419000000000000000e+03 7.070000000000000000e+03 6.386000000000000227e+02 2.580000000000000071e+01 6.270000000000000000e+02
8.478000000000000000e+03 7.091000000000000000e+03 7.080000000000000000e+02 2.250000000000000000e+01 6.120000000000000000e+02
8.436000000000000000e+03 7.246000000000000000e+03 6.752999999999999545e+02 2.510000000000000142e+01 6.570000000000000000e+02
8.437000000000000000e+03 7.110000000000000000e+03 7.403999999999999773e+02 2.280000000000000071e+01 6.430000000000000000e+02
8.441000000000000000e+03 7.100000000000000000e+03 7.602000000000000455e+02 2.430000000000000071e+01 6.440000000000000000e+02
8.476000000000000000e+03 7.246000000000000000e+03 7.828999999999999773e+02 2.689999999999999858e+01 6.430000000000000000e+02
8.423000000000000000e+03 7.133000000000000000e+03 8.736000000000000227e+02 2.269999999999999929e+01 6.330000000000000000e+02
8.463000000000000000e+03 7.227000000000000000e+03 7.916000000000000227e+02 2.469999999999999929e+01 6.400000000000000000e+02
8.469000000000000000e+03 7.329000000000000000e+03 7.287000000000000455e+02 2.419999999999999929e+01 6.450000000000000000e+02
8.451000000000000000e+03 7.277000000000000000e+03 9.742999999999999545e+02 2.669999999999999929e+01 6.270000000000000000e+02
8.458000000000000000e+03 7.146000000000000000e+03 8.688999999999999773e+02 2.650000000000000000e+01 6.140000000000000000e+02
8.456000000000000000e+03 7.116000000000000000e+03 6.093999999999999773e+02 2.569999999999999929e+01 6.290000000000000000e+02
8.414000000000000000e+03 7.340000000000000000e+03 8.211000000000000227e+02 1.989999999999999858e+01 6.670000000000000000e+02
8.469000000000000000e+03 7.333000000000000000e+03 9.758999999999999773e+02 2.419999999999999929e+01 6.320000000000000000e+02
8.463000000000000000e+03 7.136000000000000000e+03 8.381000000000000227e+02 2.400000000000000000e+01 6.410000000000000000e+02
8.444000000000000000e+03 7.243000000000000000e+03 5.805000000000000000e+02 2.200000000000000000e+01 6.390000000000000000e+02
8.486000000000000000e+03 6.942000000000000000e+03 7.500000000000000000e+02 2.460000000000000142e+01 5.930000000000000000e+02
8.441000000000000000e+03 7.093000000000000000e+03 6.462999999999999545e+02 2.369999999999999929e+01 6.530000000000000000e+02
8.521000000000000000e+03 7.202000000000000000e+03 8.142999999999999545e+02 2.600000000000000000e+01 6.400000000000000000e+02
8.430000000000000000e+03 7.498000000000000000e+03 7.192000000000000455e+02 2.189999999999999858e+01 6.640000000000000000e+02
8.461000000000000000e+03 7.278000000000000000e+03 9.572000000000000455e+02 2.389999999999999858e+01 6.360000000000000000e+02
8.461000000000000000e+03 7.339000000000000000e+03 6.657999999999999545e+02 2.100000000000000000e+01 6.510000000000000000e+02
8.498000000000000000e+03 7.171000000000000000e+03 6.415000000000000000e+02 2.650000000000000000e+01 6.320000000000000000e+02
8.489000000000000000e+03 7.453000000000000000e+03 6.685000000000000000e+02 2.239999999999999858e+01 6.580000000000000000e+02
8.445000000000000000e+03 7.374000000000000000e+03 7.073999999999999773e+02 2.180000000000000071e+01 6.580000000000000000e+02
8.474000000000000000e+03 7.319000000000000000e+03 5.840000000000000000e+02 2.180000000000000071e+01 6.520000000000000000e+02
8.454000000000000000e+03 7.228000000000000000e+03 6.742000000000000455e+02 2.260000000000000142e+01 6.350000000000000000e+02
8.446000000000000000e+03 7.199000000000000000e+03 6.302000000000000455e+02 2.510000000000000142e+01 6.320000000000000000e+02
8.432000000000000000e+03 7.258000000000000000e+03 6.493999999999999773e+02 2.339999999999999858e+01 6.490000000000000000e+02
8.460000000000000000e+03 7.291000000000000000e+03 8.592999999999999545e+02 2.119999999999999929e+01 6.630000000000000000e+02
8.490000000000000000e+03 7.314000000000000000e+03 6.152000000000000455e+02 2.360000000000000142e+01 6.580000000000000000e+02
8.455000000000000000e+03 7.414000000000000000e+03 6.020000000000000000e+02 2.610000000000000142e+01 6.380000000000000000e+02
8.414000000000000000e+03 6.988000000000000000e+03 5.812000000000000455e+02 2.360000000000000142e+01 6.240000000000000000e+02
8.444000000000000000e+03 6.959000000000000000e+03 8.743999999999999773e+02 2.250000000000000000e+01 6.330000000000000000e+02
8.482000000000000000e+03 7.342000000000000000e+03 6.932000000000000455e+02 2.580000000000000071e+01 6.170000000000000000e+02
8.500000000000000000e+03 7.298000000000000000e+03 6.112999999999999545e+02 2.350000000000000000e+01 6.520000000000000000e+02
8.432000000000000000e+03 7.170000000000000000e+03 7.181000000000000227e+02 2.389999999999999858e+01 6.250000000000000000e+02
8.478000000000000000e+03 6.974000000000000000e+03 5.767999999999999545e+02 2.489999999999999858e+01 6.130000000000000000e+02
8.469000000000000000e+03 7.422000000000000000e+03 7.606000000000000227e+02 2.169999999999999929e+01 6.690000000000000000e+02
8.460000000000000000e+03 7.323000000000000000e+03 1.368000000000000000e+03 2.410000000000000142e+01 6.540000000000000000e+02
8.491000000000000000e+03 7.215000000000000000e+03 5.925000000000000000e+02 2.550000000000000000e+01 6.350000000000000000e+02
8.451000000000000000e+03 7.456000000000000000e+03 6.648999999999999773e+02 2.139999999999999858e+01 6.660000000000000000e+02
8.461000000000000000e+03 7.323000000000000000e+03 5.603999999999999773e+02 2.339999999999999858e+01 6.650000000000000000e+02
8.460000000000000000e+03 6.982000000000000000e+03 7.110000000000000000e+02 2.580000000000000071e+01 6.130000000000000000e+02
8.469000000000000000e+03 7.177000000000000000e+03 8.667000000000000455e+02 2.380000000000000071e+01 6.280000000000000000e+02
8.483000000000000000e+03 7.369000000000000000e+03 6.592000000000000455e+02 2.089999999999999858e+01 6.860000000000000000e+02
8.416000000000000000e+03 7.215000000000000000e+03 6.956000000000000227e+02 2.410000000000000142e+01 6.540000000000000000e+02
8.457000000000000000e+03 7.301000000000000000e+03 7.042999999999999545e+02 2.300000000000000000e+01 6.330000000000000000e+02
8.519000000000000000e+03 7.179000000000000000e+03 7.790000000000000000e+02 2.200000000000000000e+01 6.190000000000000000e+02
8.427000000000000000e+03 7.241000000000000000e+03 7.242000000000000455e+02 2.219999999999999929e+01 6.470000000000000000e+02
8.416000000000000000e+03 7.232000000000000000e+03 8.887999999999999545e+02 2.230000000000000071e+01 6.180000000000000000e+02
8.486000000000000000e+03 7.280000000000000000e+03 9.810000000000000000e+02 2.419999999999999929e+01 6.050000000000000000e+02
8.476000000000000000e+03 7.270000000000000000e+03 8.623999999999999773e+02 2.200000000000000000e+01 6.290000000000000000e+02
8.479000000000000000e+03 7.355000000000000000e+03 6.955000000000000000e+02 2.080000000000000071e+01 6.490000000000000000e+02
8.435000000000000000e+03 7.294000000000000000e+03 6.527999999999999545e+02 2.189999999999999858e+01 6.110000000000000000e+02
8.484000000000000000e+03 7.413000000000000000e+03 8.362999999999999545e+02 2.169999999999999929e+01 6.660000000000000000e+02
8.472000000000000000e+03 7.185000000000000000e+03 8.282000000000000455e+02 2.000000000000000000e+01 6.260000000000000000e+02
8.470000000000000000e+03 7.358000000000000000e+03 8.013999999999999773e+02 2.069999999999999929e+01 6.410000000000000000e+02
8.453000000000000000e+03 7.319000000000000000e+03 6.217999999999999545e+02 2.410000000000000142e+01 6.290000000000000000e+02
8.466000000000000000e+03 7.217000000000000000e+03 6.490000000000000000e+02 2.189999999999999858e+01 6.340000000000000000e+02
8.474000000000000000e+03 7.288000000000000000e+03 5.966000000000000227e+02 2.169999999999999929e+01 6.380000000000000000e+02
8.444000000000000000e+03 7.199000000000000000e+03 5.957999999999999545e+02 2.430000000000000071e+01 6.220000000000000000e+02
8.508000000000000000e+03 7.433000000000000000e+03 7.608999999999999773e+02 2.300000000000000000e+01 6.530000000000000000e+02
8.439000000000000000e+03 7.388000000000000000e+03 6.182999999999999545e+02 2.330000000000000071e+01 6.470000000000000000e+02
8.481000000000000000e+03 7.338000000000000000e+03 8.860000000000000000e+02 2.650000000000000000e+01 6.730000000000000000e+02
8.459000000000000000e+03 7.308000000000000000e+03 6.352999999999999545e+02 2.139999999999999858e+01 6.220000000000000000e+02
8.476000000000000000e+03 6.895000000000000000e+03 1.200599999999999909e+03 2.469999999999999929e+01 6.080000000000000000e+02
8.486000000000000000e+03 7.320000000000000000e+03 1.144599999999999909e+03 2.280000000000000071e+01 6.490000000000000000e+02
8.461000000000000000e+03 7.209000000000000000e+03 6.865000000000000000e+02 2.300000000000000000e+01 6.300000000000000000e+02
8.442000000000000000e+03 7.263000000000000000e+03 8.401000000000000227e+02 2.280000000000000071e+01 6.300000000000000000e+02
8.401000000000000000e+03 7.254000000000000000e+03 6.333999999999999773e+02 2.300000000000000000e+01 6.410000000000000000e+02
8.438000000000000000e+03 7.506000000000000000e+03 1.000100000000000023e+03 2.289999999999999858e+01 6.330000000000000000e+02
8.473000000000000000e+03 7.179000000000000000e+03 6.726000000000000227e+02 2.700000000000000000e+01 5.890000000000000000e+02
8.472000000000000000e+03 6.879000000000000000e+03 6.767000000000000455e+02 2.889999999999999858e+01 6.310000000000000000e+02
8.446000000000000000e+03 7.190000000000000000e+03 7.691000000000000227e+02 2.319999999999999929e+01 6.130000000000000000e+02
8.447000000000000000e+03 7.134000000000000000e+03 7.062999999999999545e+02 2.119999999999999929e+01 6.300000000000000000e+02
8.496000000000000000e+03 7.315000000000000000e+03 5.267000000000000455e+02 2.300000000000000000e+01 6.460000000000000000e+02
8.518000000000000000e+03 7.365000000000000000e+03 8.251000000000000227e+02 2.400000000000000000e+01 6.400000000000000000e+02
8.451000000000000000e+03 6.829000000000000000e+03 6.027000000000000455e+02 2.639999999999999858e+01 5.940000000000000000e+02
8.421000000000000000e+03 7.388000000000000000e+03 7.892999999999999545e+02 2.210000000000000142e+01 6.460000000000000000e+02
8.446000000000000000e+03 7.246000000000000000e+03 5.853999999999999773e+02 2.150000000000000000e+01 6.320000000000000000e+02
8.425000000000000000e+03 7.483000000000000000e+03 6.186000000000000227e+02 2.139999999999999858e+01 6.540000000000000000e+02
8.476000000000000000e+03 7.185000000000000000e+03 7.782000000000000455e+02 2.310000000000000142e+01 6.330000000000000000e+02
8.423000000000000000e+03 7.333000000000000000e+03 6.423999999999999773e+02 2.460000000000000142e+01 6.420000000000000000e+02
8.428000000000000000e+03 7.090000000000000000e+03 9.065000000000000000e+02 2.680000000000000071e+01 6.150000000000000000e+02
8.482000000000000000e+03 7.075000000000000000e+03 7.842000000000000455e+02 2.210000000000000142e+01 6.170000000000000000e+02
8.397000000000000000e+03 7.066000000000000000e+03 7.148999999999999773e+02 2.139999999999999858e+01 6.270000000000000000e+02
8.455000000000000000e+03 7.331000000000000000e+03 7.586000000000000227e+02 2.350000000000000000e+01 6.200000000000000000e+02
8.439000000000000000e+03 7.446000000000000000e+03 6.097999999999999545e+02 2.210000000000000142e+01 6.620000000000000000e+02
8.467000000000000000e+03 7.105000000000000000e+03 8.235000000000000000e+02 2.360000000000000142e+01 6.170000000000000000e+02
8.440000000000000000e+03 7.418000000000000000e+03 8.022000000000000455e+02 2.169999999999999929e+01 6.390000000000000000e+02
8.395000000000000000e+03 7.069000000000000000e+03 8.935000000000000000e+02 2.330000000000000071e+01 6.370000000000000000e+02
8.463000000000000000e+03 7.529000000000000000e+03 7.761000000000000227e+02 2.180000000000000071e+01 6.700000000000000000e+02
8.422000000000000000e+03 7.436000000000000000e+03 6.687999999999999545e+02 2.480000000000000071e+01 6.620000000000000000e+02
8.444000000000000000e+03 7.282000000000000000e+03 7.007000000000000455e+02 2.360000000000000142e+01 6.450000000000000000e+02
8.476000000000000000e+03 7.024000000000000000e+03 1.191700000000000045e+03 2.760000000000000142e+01 6.110000000000000000e+02
8.452000000000000000e+03 7.349000000000000000e+03 6.343999999999999773e+02 2.010000000000000142e+01 6.690000000000000000e+02
8.456000000000000000e+03 7.226000000000000000e+03 6.567999999999999545e+02 2.419999999999999929e+01 6.880000000000000000e+02
8.481000000000000000e+03 7.133000000000000000e+03 5.968999999999999773e+02 2.380000000000000071e+01 6.450000000000000000e+02
8.412000000000000000e+03 7.266000000000000000e+03 8.163999999999999773e+02 2.389999999999999858e+01 6.360000000000000000e+02
8.457000000000000000e+03 7.063000000000000000e+03 7.480000000000000000e+02 2.280000000000000071e+01 6.340000000000000000e+02
8.484000000000000000e+03 7.269000000000000000e+03 7.602999999999999545e+02 2.530000000000000071e+01 6.480000000000000000e+02
8.527000000000000000e+03 7.296000000000000000e+03 6.437000000000000455e+02 2.339999999999999858e+01 6.410000000000000000e+02
8.436000000000000000e+03 7.138000000000000000e+03 4.965000000000000000e+02 2.430000000000000071e+01 6.290000000000000000e+02
8.459000000000000000e+03 7.061000000000000000e+03 5.707999999999999545e+02 2.350000000000000000e+01 6.220000000000000000e+02
8.402000000000000000e+03 7.049000000000000000e+03 5.291000000000000227e+02 2.360000000000000142e+01 6.380000000000000000e+02
8.473000000000000000e+03 7.356000000000000000e+03 7.522999999999999545e+02 2.530000000000000071e+01 6.470000000000000000e+02
8.416000000000000000e+03 7.004000000000000000e+03 6.702999999999999545e+02 2.269999999999999929e+01 6.540000000000000000e+02
8.473000000000000000e+03 6.996000000000000000e+03 6.757000000000000455e+02 2.489999999999999858e+01 6.250000000000000000e+02
8.454000000000000000e+03 7.412000000000000000e+03 5.231000000000000227e+02 2.260000000000000142e+01 6.510000000000000000e+02
8.446000000000000000e+03 7.149000000000000000e+03 6.350000000000000000e+02 2.419999999999999929e+01 6.210000000000000000e+02
8.492000000000000000e+03 7.333000000000000000e+03 9.232999999999999545e+02 2.289999999999999858e+01 6.330000000000000000e+02
8.458000000000000000e+03 7.216000000000000000e+03 6.837000000000000455e+02 2.460000000000000142e+01 6.450000000000000000e+02
8.470000000000000000e+03 7.467000000000000000e+03 5.890000000000000000e+02 2.160000000000000142e+01 6.410000000000000000e+02
8.470000000000000000e+03 7.271000000000000000e+03 8.745000000000000000e+02 2.460000000000000142e+01 6.550000000000000000e+02
8.442000000000000000e+03 7.113000000000000000e+03 7.882999999999999545e+02 2.330000000000000071e+01 6.280000000000000000e+02
8.467000000000000000e+03 7.220000000000000000e+03 6.513999999999999773e+02 2.069999999999999929e+01 6.010000000000000000e+02
8.463000000000000000e+03 7.379000000000000000e+03 9.221000000000000227e+02 2.139999999999999858e+01 6.360000000000000000e+02
8.415000000000000000e+03 7.239000000000000000e+03 9.677999999999999545e+02 2.469999999999999929e+01 6.340000000000000000e+02
8.476000000000000000e+03 7.463000000000000000e+03 6.796000000000000227e+02 2.330000000000000071e+01 6.240000000000000000e+02
8.472000000000000000e+03 7.476000000000000000e+03 8.618999999999999773e+02 2.289999999999999858e+01 6.560000000000000000e+02
8.435000000000000000e+03 7.275000000000000000e+03 5.115000000000000000e+02 2.300000000000000000e+01 6.350000000000000000e+02
8.467000000000000000e+03 7.386000000000000000e+03 6.548999999999999773e+02 2.300000000000000000e+01 6.670000000000000000e+02
8.427000000000000000e+03 7.225000000000000000e+03 6.875000000000000000e+02 2.330000000000000071e+01 6.460000000000000000e+02
8.462000000000000000e+03 7.353000000000000000e+03 1.046400000000000091e+03 2.180000000000000071e+01 6.360000000000000000e+02
8.485000000000000000e+03 7.393000000000000000e+03 6.122000000000000455e+02 2.269999999999999929e+01 6.820000000000000000e+02
8.493000000000000000e+03 7.290000000000000000e+03 1.040099999999999909e+03 2.419999999999999929e+01 6.340000000000000000e+02
8.452000000000000000e+03 7.234000000000000000e+03 6.567999999999999545e+02 2.230000000000000071e+01 6.590000000000000000e+02
8.463000000000000000e+03 7.134000000000000000e+03 8.798999999999999773e+02 2.950000000000000000e+01 6.460000000000000000e+02
8.429000000000000000e+03 7.206000000000000000e+03 6.083999999999999773e+02 2.389999999999999858e+01 6.280000000000000000e+02
8.475000000000000000e+03 7.238000000000000000e+03 5.053000000000000114e+02 2.400000000000000000e+01 6.390000000000000000e+02
8.459000000000000000e+03 7.113000000000000000e+03 5.985000000000000000e+02 2.230000000000000071e+01 6.260000000000000000e+02
8.456000000000000000e+03 7.151000000000000000e+03 6.637999999999999545e+02 2.350000000000000000e+01 6.690000000000000000e+02
8.460000000000000000e+03 7.035000000000000000e+03 7.351000000000000227e+02 2.489999999999999858e+01 6.390000000000000000e+02
8.445000000000000000e+03 7.198000000000000000e+03 9.912000000000000455e+02 2.480000000000000071e+01 6.230000000000000000e+02
8.417000000000000000e+03 7.379000000000000000e+03 6.085000000000000000e+02 2.169999999999999929e+01 6.280000000000000000e+02
8.393000000000000000e+03 7.178000000000000000e+03 6.506000000000000227e+02 2.360000000000000142e+01 6.400000000000000000e+02
8.466000000000000000e+03 7.049000000000000000e+03 6.802000000000000455e+02 2.300000000000000000e+01 6.510000000000000000e+02
8.466000000000000000e+03 7.230000000000000000e+03 8.767000000000000455e+02 2.400000000000000000e+01 6.440000000000000000e+02
8.433000000000000000e+03 7.154000000000000000e+03 6.175000000000000000e+02 2.569999999999999929e+01 6.260000000000000000e+02
8.461000000000000000e+03 7.026000000000000000e+03 1.205299999999999955e+03 2.600000000000000000e+01 6.340000000000000000e+02
