7.761000000000000000e+03 6.637000000000000000e+03 1.825099999999999909e+03 6.129999999999999716e+01 1.173000000000000000e+03
7.736000000000000000e+03 6.441000000000000000e+03 1.825099999999999909e+03 5.860000000000000142e+01 1.157000000000000000e+03
7.697000000000000000e+03 6.522000000000000000e+03 1.796299999999999955e+03 5.600000000000000000e+01 1.161000000000000000e+03
7.726000000000000000e+03 6.472000000000000000e+03 1.663900000000000091e+03 5.400000000000000000e+01 1.142000000000000000e+03
7.744000000000000000e+03 6.604000000000000000e+03 1.825099999999999909e+03 5.970000000000000284e+01 1.154000000000000000e+03
7.757000000000000000e+03 6.560000000000000000e+03 1.584599999999999909e+03 6.350000000000000000e+01 1.164000000000000000e+03
7.795000000000000000e+03 6.689000000000000000e+03 1.825099999999999909e+03 6.370000000000000284e+01 1.126000000000000000e+03
7.727000000000000000e+03 6.573000000000000000e+03 1.458200000000000045e+03 6.470000000000000284e+01 1.160000000000000000e+03
7.725000000000000000e+03 6.460000000000000000e+03 1.431200000000000045e+03 6.020000000000000284e+01 1.137000000000000000e+03
7.757000000000000000e+03 6.629000000000000000e+03 1.825099999999999909e+03 5.960000000000000142e+01 1.165000000000000000e+03
7.740000000000000000e+03 6.551000000000000000e+03 1.654599999999999909e+03 6.200000000000000000e+01 1.126000000000000000e+03
7.797000000000000000e+03 6.426000000000000000e+03 1.693500000000000000e+03 5.720000000000000284e+01 1.138000000000000000e+03
7.723000000000000000e+03 6.452000000000000000e+03 1.424500000000000000e+03 6.429999999999999716e+01 1.173000000000000000e+03
7.808000000000000000e+03 6.357000000000000000e+03 1.316599999999999909e+03 6.709999999999999432e+01 1.112000000000000000e+03
7.677000000000000000e+03 6.498000000000000000e+03 1.363599999999999909e+03 5.720000000000000284e+01 1.137000000000000000e+03
7.702000000000000000e+03 6.601000000000000000e+03 1.588900000000000091e+03 6.409999999999999432e+01 1.163000000000000000e+03
7.743000000000000000e+03 6.622000000000000000e+03 1.643400000000000091e+03 5.870000000000000284e+01 1.161000000000000000e+03
7.736000000000000000e+03 6.649000000000000000e+03 1.822599999999999909e+03 5.420000000000000284e+01 1.214000000000000000e+03
7.803000000000000000e+03 6.709000000000000000e+03 1.825099999999999909e+03 5.770000000000000284e+01 1.170000000000000000e+03
7.677000000000000000e+03 6.507000000000000000e+03 1.825099999999999909e+03 7.370000000000000284e+01 1.158000000000000000e+03
7.799000000000000000e+03 6.378000000000000000e+03 1.825099999999999909e+03 6.629999999999999716e+01 1.142000000000000000e+03
7.789000000000000000e+03 6.573000000000000000e+03 1.752200000000000045e+03 5.950000000000000000e+01 1.143000000000000000e+03
7.774000000000000000e+03 6.510000000000000000e+03 1.512700000000000045e+03 6.379999999999999716e+01 1.123000000000000000e+03
7.785000000000000000e+03 6.564000000000000000e+03 1.573700000000000045e+03 6.379999999999999716e+01 1.159000000000000000e+03
7.764000000000000000e+03 6.437000000000000000e+03 1.506000000000000000e+03 5.500000000000000000e+01 1.199000000000000000e+03
7.772000000000000000e+03 6.519000000000000000e+03 1.556500000000000000e+03 6.700000000000000000e+01 1.122000000000000000e+03
7.741000000000000000e+03 6.528000000000000000e+03 1.337900000000000091e+03 6.200000000000000000e+01 1.142000000000000000e+03
7.743000000000000000e+03 6.527000000000000000e+03 1.610500000000000000e+03 5.639999999999999858e+01 1.156000000000000000e+03
7.808000000000000000e+03 6.558000000000000000e+03 1.493099999999999909e+03 6.370000000000000284e+01 1.137000000000000000e+03
7.791000000000000000e+03 6.599000000000000000e+03 1.825099999999999909e+03 6.590000000000000568e+01 1.143000000000000000e+03
7.710000000000000000e+03 6.411000000000000000e+03 1.519599999999999909e+03 6.179999999999999716e+01 1.172000000000000000e+03
7.810000000000000000e+03 6.603000000000000000e+03 1.620799999999999955e+03 6.250000000000000000e+01 1.208000000000000000e+03
7.741000000000000000e+03 6.491000000000000000e+03 1.464500000000000000e+03 6.850000000000000000e+01 1.147000000000000000e+03
7.724000000000000000e+03 6.341000000000000000e+03 1.788599999999999909e+03 5.410000000000000142e+01 1.085000000000000000e+03
7.681000000000000000e+03 6.513000000000000000e+03 1.807799999999999955e+03 6.139999999999999858e+01 1.151000000000000000e+03
7.737000000000000000e+03 6.554000000000000000e+03 1.526400000000000091e+03 6.490000000000000568e+01 1.154000000000000000e+03
7.701000000000000000e+03 6.691000000000000000e+03 1.825099999999999909e+03 5.989999999999999858e+01 1.144000000000000000e+03
7.750000000000000000e+03 6.513000000000000000e+03 1.690400000000000091e+03 6.409999999999999432e+01 1.172000000000000000e+03
7.794000000000000000e+03 6.492000000000000000e+03 1.418700000000000045e+03 5.710000000000000142e+01 1.156000000000000000e+03
7.725000000000000000e+03 6.376000000000000000e+03 1.373599999999999909e+03 6.990000000000000568e+01 1.164000000000000000e+03
7.788000000000000000e+03 6.513000000000000000e+03 1.825099999999999909e+03 5.920000000000000284e+01 1.186000000000000000e+03
7.764000000000000000e+03 6.469000000000000000e+03 1.622799999999999955e+03 6.039999999999999858e+01 1.183000000000000000e+03
7.742000000000000000e+03 6.400000000000000000e+03 1.825099999999999909e+03 6.239999999999999858e+01 1.200000000000000000e+03
7.735000000000000000e+03 6.644000000000000000e+03 1.522400000000000091e+03 5.950000000000000000e+01 1.140000000000000000e+03
7.730000000000000000e+03 6.586000000000000000e+03 1.460299999999999955e+03 5.860000000000000142e+01 1.205000000000000000e+03
7.721000000000000000e+03 6.520000000000000000e+03 1.825099999999999909e+03 6.629999999999999716e+01 1.187000000000000000e+03
7.755000000000000000e+03 6.602000000000000000e+03 1.610299999999999955e+03 6.459999999999999432e+01 1.139000000000000000e+03
7.674000000000000000e+03 6.521000000000000000e+03 1.526400000000000091e+03 6.220000000000000284e+01 1.137000000000000000e+03
7.799000000000000000e+03 6.466000000000000000e+03 1.499500000000000000e+03 6.540000000000000568e+01 1.182000000000000000e+03
7.748000000000000000e+03 6.414000000000000000e+03 1.825099999999999909e+03 5.820000000000000284e+01 1.185000000000000000e+03
7.735000000000000000e+03 6.531000000000000000e+03 1.643500000000000000e+03 5.889999999999999858e+01 1.138000000000000000e+03
7.791000000000000000e+03 6.421000000000000000e+03 1.518200000000000045e+03 6.339999999999999858e+01 1.137000000000000000e+03
7.724000000000000000e+03 6.688000000000000000e+03 1.825099999999999909e+03 6.220000000000000284e+01 1.176000000000000000e+03
7.713000000000000000e+03 6.503000000000000000e+03 1.632000000000000000e+03 6.559999999999999432e+01 1.150000000000000000e+03
7.806000000000000000e+03 6.535000000000000000e+03 1.825099999999999909e+03 6.389999999999999858e+01 1.163000000000000000e+03
7.762000000000000000e+03 6.576000000000000000e+03 1.753099999999999909e+03 5.870000000000000284e+01 1.184000000000000000e+03
7.814000000000000000e+03 6.603000000000000000e+03 1.825099999999999909e+03 6.200000000000000000e+01 1.156000000000000000e+03
7.778000000000000000e+03 6.441000000000000000e+03 1.740099999999999909e+03 6.379999999999999716e+01 1.163000000000000000e+03
7.750000000000000000e+03 6.644000000000000000e+03 1.531500000000000000e+03 5.739999999999999858e+01 1.182000000000000000e+03
7.699000000000000000e+03 6.420000000000000000e+03 1.825099999999999909e+03 5.800000000000000000e+01 1.137000000000000000e+03
7.799000000000000000e+03 6.632000000000000000e+03 1.825099999999999909e+03 5.379999999999999716e+01 1.145000000000000000e+03
7.728000000000000000e+03 6.534000000000000000e+03 1.825099999999999909e+03 6.020000000000000284e+01 1.163000000000000000e+03
7.761000000000000000e+03 6.363000000000000000e+03 1.491000000000000000e+03 5.960000000000000142e+01 1.200000000000000000e+03
7.764000000000000000e+03 6.511000000000000000e+03 1.825099999999999909e+03 6.010000000000000142e+01 1.123000000000000000e+03
7.704000000000000000e+03 6.661000000000000000e+03 1.550400000000000091e+03 6.029999999999999716e+01 1.196000000000000000e+03
7.752000000000000000e+03 6.481000000000000000e+03 1.660299999999999955e+03 5.810000000000000142e+01 1.148000000000000000e+03
7.754000000000000000e+03 6.385000000000000000e+03 1.825099999999999909e+03 5.920000000000000284e+01 1.191000000000000000e+03
7.755000000000000000e+03 6.590000000000000000e+03 1.533299999999999955e+03 6.379999999999999716e+01 1.136000000000000000e+03
7.744000000000000000e+03 6.538000000000000000e+03 1.656599999999999909e+03 5.489999999999999858e+01 1.209000000000000000e+03
7.820000000000000000e+03 6.541000000000000000e+03 1.825099999999999909e+03 5.950000000000000000e+01 1.147000000000000000e+03
7.739000000000000000e+03 6.581000000000000000e+03 1.825099999999999909e+03 6.820000000000000284e+01 1.175000000000000000e+03
7.698000000000000000e+03 6.399000000000000000e+03 1.825099999999999909e+03 5.900000000000000000e+01 1.170000000000000000e+03
7.696000000000000000e+03 6.558000000000000000e+03 1.391200000000000045e+03 6.139999999999999858e+01 1.171000000000000000e+03
7.711000000000000000e+03 6.488000000000000000e+03 1.413000000000000000e+03 6.070000000000000284e+01 1.150000000000000000e+03
7.769000000000000000e+03 6.621000000000000000e+03 1.791900000000000091e+03 6.279999999999999716e+01 1.141000000000000000e+03
7.755000000000000000e+03 6.569000000000000000e+03 1.665799999999999955e+03 5.929999999999999716e+01 1.155000000000000000e+03
7.796000000000000000e+03 6.551000000000000000e+03 1.589700000000000045e+03 5.889999999999999858e+01 1.132000000000000000e+03
7.779000000000000000e+03 6.565000000000000000e+03 1.825099999999999909e+03 5.620000000000000284e+01 1.140000000000000000e+03
7.743000000000000000e+03 6.546000000000000000e+03 1.825099999999999909e+03 6.100000000000000000e+01 1.150000000000000000e+03
7.776000000000000000e+03 6.603000000000000000e+03 1.493000000000000000e+03 6.400000000000000000e+01 1.157000000000000000e+03
7.783000000000000000e+03 6.476000000000000000e+03 1.502200000000000045e+03 6.950000000000000000e+01 1.157000000000000000e+03
7.748000000000000000e+03 6.486000000000000000e+03 1.825099999999999909e+03 6.350000000000000000e+01 1.171000000000000000e+03
7.720000000000000000e+03 6.421000000000000000e+03 1.587500000000000000e+03 6.220000000000000284e+01 1.148000000000000000e+03
7.691000000000000000e+03 6.631000000000000000e+03 1.428200000000000045e+03 5.610000000000000142e+01 1.167000000000000000e+03
7.709000000000000000e+03 6.537000000000000000e+03 1.637799999999999955e+03 6.479999999999999716e+01 1.163000000000000000e+03
7.799000000000000000e+03 6.329000000000000000e+03 1.825099999999999909e+03 5.700000000000000000e+01 1.119000000000000000e+03
7.755000000000000000e+03 6.291000000000000000e+03 1.642799999999999955e+03 6.029999999999999716e+01 1.124000000000000000e+03
7.807000000000000000e+03 6.452000000000000000e+03 1.791500000000000000e+03 6.360000000000000142e+01 1.133000000000000000e+03
7.764000000000000000e+03 6.556000000000000000e+03 1.499500000000000000e+03 5.310000000000000142e+01 1.124000000000000000e+03
7.757000000000000000e+03 6.494000000000000000e+03 1.586900000000000091e+03 5.800000000000000000e+01 1.148000000000000000e+03
7.762000000000000000e+03 6.525000000000000000e+03 1.377400000000000091e+03 6.270000000000000284e+01 1.184000000000000000e+03
7.822000000000000000e+03 6.460000000000000000e+03 1.812299999999999955e+03 6.150000000000000000e+01 1.155000000000000000e+03
7.785000000000000000e+03 6.515000000000000000e+03 1.771000000000000000e+03 6.120000000000000284e+01 1.183000000000000000e+03
7.823000000000000000e+03 6.519000000000000000e+03 1.757200000000000045e+03 6.200000000000000000e+01 1.162000000000000000e+03
7.761000000000000000e+03 6.527000000000000000e+03 1.406700000000000045e+03 6.020000000000000284e+01 1.182000000000000000e+03
7.785000000000000000e+03 6.520000000000000000e+03 1.825099999999999909e+03 6.010000000000000142e+01 1.190000000000000000e+03
7.747000000000000000e+03 6.505000000000000000e+03 1.459099999999999909e+03 6.070000000000000284e+01 1.160000000000000000e+03
7.672000000000000000e+03 6.638000000000000000e+03 1.825099999999999909e+03 6.029999999999999716e+01 1.133000000000000000e+03
7.771000000000000000e+03 6.375000000000000000e+03 1.825099999999999909e+03 6.809999999999999432e+01 1.148000000000000000e+03
7.751000000000000000e+03 6.478000000000000000e+03 1.691200000000000045e+03 6.450000000000000000e+01 1.151000000000000000e+03
7.758000000000000000e+03 6.560000000000000000e+03 1.610200000000000045e+03 6.409999999999999432e+01 1.156000000000000000e+03
7.779000000000000000e+03 6.648000000000000000e+03 1.470000000000000000e+03 6.220000000000000284e+01 1.156000000000000000e+03
7.793000000000000000e+03 6.635000000000000000e+03 1.354099999999999909e+03 5.200000000000000000e+01 1.162000000000000000e+03
7.776000000000000000e+03 6.484000000000000000e+03 1.825099999999999909e+03 6.440000000000000568e+01 1.129000000000000000e+03
7.765000000000000000e+03 6.526000000000000000e+03 1.179400000000000091e+03 6.570000000000000284e+01 1.122000000000000000e+03
7.767000000000000000e+03 6.623000000000000000e+03 1.825099999999999909e+03 6.540000000000000568e+01 1.170000000000000000e+03
7.693000000000000000e+03 6.419000000000000000e+03 1.644500000000000000e+03 5.700000000000000000e+01 1.159000000000000000e+03
7.749000000000000000e+03 6.396000000000000000e+03 1.782599999999999909e+03 5.720000000000000284e+01 1.176000000000000000e+03
7.745000000000000000e+03 6.491000000000000000e+03 1.373099999999999909e+03 6.670000000000000284e+01 1.148000000000000000e+03
7.787000000000000000e+03 6.608000000000000000e+03 1.825099999999999909e+03 7.050000000000000000e+01 1.158000000000000000e+03
7.776000000000000000e+03 6.631000000000000000e+03 1.317500000000000000e+03 5.660000000000000142e+01 1.144000000000000000e+03
7.730000000000000000e+03 6.442000000000000000e+03 1.648299999999999955e+03 5.929999999999999716e+01 1.154000000000000000e+03
7.680000000000000000e+03 6.473000000000000000e+03 1.348500000000000000e+03 6.289999999999999858e+01 1.200000000000000000e+03
7.753000000000000000e+03 6.403000000000000000e+03 1.825099999999999909e+03 6.150000000000000000e+01 1.141000000000000000e+03
7.731000000000000000e+03 6.532000000000000000e+03 1.643599999999999909e+03 5.500000000000000000e+01 1.173000000000000000e+03
7.806000000000000000e+03 6.565000000000000000e+03 1.638900000000000091e+03 6.300000000000000000e+01 1.197000000000000000e+03
7.788000000000000000e+03 6.498000000000000000e+03 1.430000000000000000e+03 5.610000000000000142e+01 1.122000000000000000e+03
7.751000000000000000e+03 6.757000000000000000e+03 1.498900000000000091e+03 6.070000000000000284e+01 1.141000000000000000e+03
7.767000000000000000e+03 6.505000000000000000e+03 1.360299999999999955e+03 6.970000000000000284e+01 1.175000000000000000e+03
7.738000000000000000e+03 6.589000000000000000e+03 1.825099999999999909e+03 5.489999999999999858e+01 1.199000000000000000e+03
7.700000000000000000e+03 6.495000000000000000e+03 1.498799999999999955e+03 5.700000000000000000e+01 1.212000000000000000e+03
7.755000000000000000e+03 6.592000000000000000e+03 1.715000000000000000e+03 5.920000000000000284e+01 1.163000000000000000e+03
7.744000000000000000e+03 6.537000000000000000e+03 1.825099999999999909e+03 6.039999999999999858e+01 1.157000000000000000e+03
7.740000000000000000e+03 6.488000000000000000e+03 1.825099999999999909e+03 6.360000000000000142e+01 1.173000000000000000e+03
7.699000000000000000e+03 6.545000000000000000e+03 1.630500000000000000e+03 5.500000000000000000e+01 1.160000000000000000e+03
7.728000000000000000e+03 6.674000000000000000e+03 1.573599999999999909e+03 5.829999999999999716e+01 1.155000000000000000e+03
7.711000000000000000e+03 6.659000000000000000e+03 1.437900000000000091e+03 7.259999999999999432e+01 1.162000000000000000e+03
7.701000000000000000e+03 6.605000000000000000e+03 1.628599999999999909e+03 5.660000000000000142e+01 1.167000000000000000e+03
7.716000000000000000e+03 6.527000000000000000e+03 1.534599999999999909e+03 5.700000000000000000e+01 1.158000000000000000e+03
7.707000000000000000e+03 6.618000000000000000e+03 1.626099999999999909e+03 6.150000000000000000e+01 1.182000000000000000e+03
7.664000000000000000e+03 6.563000000000000000e+03 1.438700000000000045e+03 6.020000000000000284e+01 1.182000000000000000e+03
7.795000000000000000e+03 6.469000000000000000e+03 1.417500000000000000e+03 6.039999999999999858e+01 1.162000000000000000e+03
7.677000000000000000e+03 6.558000000000000000e+03 1.641599999999999909e+03 6.250000000000000000e+01 1.190000000000000000e+03
7.663000000000000000e+03 6.573000000000000000e+03 1.620299999999999955e+03 6.650000000000000000e+01 1.183000000000000000e+03
7.777000000000000000e+03 6.662000000000000000e+03 1.368099999999999909e+03 5.570000000000000284e+01 1.207000000000000000e+03
7.761000000000000000e+03 6.473000000000000000e+03 1.825099999999999909e+03 6.150000000000000000e+01 1.170000000000000000e+03
7.768000000000000000e+03 6.631000000000000000e+03 1.531400000000000091e+03 5.589999999999999858e+01 1.174000000000000000e+03
7.728000000000000000e+03 6.417000000000000000e+03 1.398099999999999909e+03 6.490000000000000568e+01 1.171000000000000000e+03
7.764000000000000000e+03 6.357000000000000000e+03 1.783299999999999955e+03 6.100000000000000000e+01 1.169000000000000000e+03
7.735000000000000000e+03 6.719000000000000000e+03 1.497299999999999955e+03 6.160000000000000142e+01 1.195000000000000000e+03
7.747000000000000000e+03 6.400000000000000000e+03 1.467200000000000045e+03 6.700000000000000000e+01 1.115000000000000000e+03
7.783000000000000000e+03 6.538000000000000000e+03 1.825099999999999909e+03 6.470000000000000284e+01 1.146000000000000000e+03
7.800000000000000000e+03 6.471000000000000000e+03 1.825099999999999909e+03 6.129999999999999716e+01 1.196000000000000000e+03
7.765000000000000000e+03 6.591000000000000000e+03 1.503299999999999955e+03 6.179999999999999716e+01 1.158000000000000000e+03
7.769000000000000000e+03 6.547000000000000000e+03 1.725500000000000000e+03 6.210000000000000142e+01 1.182000000000000000e+03
7.690000000000000000e+03 6.561000000000000000e+03 1.519599999999999909e+03 5.660000000000000142e+01 1.178000000000000000e+03
7.767000000000000000e+03 6.666000000000000000e+03 1.655099999999999909e+03 5.900000000000000000e+01 1.144000000000000000e+03
7.744000000000000000e+03 6.603000000000000000e+03 1.542400000000000091e+03 6.679999999999999716e+01 1.163000000000000000e+03
7.710000000000000000e+03 6.514000000000000000e+03 1.802299999999999955e+03 6.250000000000000000e+01 1.147000000000000000e+03
7.758000000000000000e+03 6.520000000000000000e+03 1.825099999999999909e+03 6.339999999999999858e+01 1.146000000000000000e+03
7.768000000000000000e+03 6.551000000000000000e+03 1.825099999999999909e+03 6.329999999999999716e+01 1.195000000000000000e+03
7.745000000000000000e+03 6.469000000000000000e+03 1.825099999999999909e+03 6.429999999999999716e+01 1.134000000000000000e+03
7.738000000000000000e+03 6.533000000000000000e+03 1.635400000000000091e+03 5.779999999999999716e+01 1.160000000000000000e+03
7.721000000000000000e+03 6.397000000000000000e+03 1.798200000000000045e+03 6.609999999999999432e+01 1.114000000000000000e+03
7.730000000000000000e+03 6.618000000000000000e+03 1.665700000000000045e+03 5.200000000000000000e+01 1.191000000000000000e+03
7.690000000000000000e+03 6.463000000000000000e+03 1.206900000000000091e+03 6.440000000000000568e+01 1.168000000000000000e+03
7.730000000000000000e+03 6.649000000000000000e+03 1.318000000000000000e+03 5.920000000000000284e+01 1.112000000000000000e+03
7.712000000000000000e+03 6.273000000000000000e+03 1.495000000000000000e+03 6.400000000000000000e+01 1.149000000000000000e+03
7.753000000000000000e+03 6.427000000000000000e+03 1.477200000000000045e+03 6.940000000000000568e+01 1.122000000000000000e+03
7.752000000000000000e+03 6.510000000000000000e+03 1.504299999999999955e+03 6.429999999999999716e+01 1.159000000000000000e+03
7.708000000000000000e+03 6.492000000000000000e+03 1.825099999999999909e+03 6.070000000000000284e+01 1.174000000000000000e+03
7.824000000000000000e+03 6.528000000000000000e+03 1.752900000000000091e+03 5.970000000000000284e+01 1.136000000000000000e+03
7.755000000000000000e+03 6.529000000000000000e+03 1.663099999999999909e+03 6.170000000000000284e+01 1.148000000000000000e+03
7.823000000000000000e+03 6.648000000000000000e+03 1.519099999999999909e+03 5.539999999999999858e+01 1.177000000000000000e+03
7.739000000000000000e+03 6.469000000000000000e+03 1.825099999999999909e+03 6.160000000000000142e+01 1.114000000000000000e+03
7.823000000000000000e+03 6.500000000000000000e+03 1.677000000000000000e+03 6.400000000000000000e+01 1.208000000000000000e+03
7.706000000000000000e+03 6.654000000000000000e+03 1.825099999999999909e+03 5.810000000000000142e+01 1.134000000000000000e+03
7.779000000000000000e+03 6.448000000000000000e+03 1.825099999999999909e+03 5.929999999999999716e+01 1.155000000000000000e+03
7.763000000000000000e+03 6.628000000000000000e+03 1.802700000000000045e+03 5.529999999999999716e+01 1.168000000000000000e+03
7.836000000000000000e+03 6.472000000000000000e+03 1.360299999999999955e+03 5.550000000000000000e+01 1.156000000000000000e+03
7.723000000000000000e+03 6.482000000000000000e+03 1.732099999999999909e+03 6.279999999999999716e+01 1.175000000000000000e+03
7.748000000000000000e+03 6.401000000000000000e+03 1.825099999999999909e+03 6.339999999999999858e+01 1.153000000000000000e+03
7.669000000000000000e+03 6.514000000000000000e+03 1.324799999999999955e+03 6.100000000000000000e+01 1.135000000000000000e+03
7.788000000000000000e+03 6.568000000000000000e+03 1.761799999999999955e+03 5.570000000000000284e+01 1.192000000000000000e+03
7.690000000000000000e+03 6.581000000000000000e+03 1.805599999999999909e+03 5.879999999999999716e+01 1.187000000000000000e+03
7.728000000000000000e+03 6.470000000000000000e+03 1.524099999999999909e+03 6.400000000000000000e+01 1.161000000000000000e+03
7.752000000000000000e+03 6.663000000000000000e+03 1.825099999999999909e+03 5.739999999999999858e+01 1.206000000000000000e+03
7.769000000000000000e+03 6.457000000000000000e+03 1.611400000000000091e+03 6.279999999999999716e+01 1.152000000000000000e+03
7.726000000000000000e+03 6.562000000000000000e+03 1.825099999999999909e+03 5.900000000000000000e+01 1.149000000000000000e+03
7.825000000000000000e+03 6.560000000000000000e+03 1.825099999999999909e+03 5.900000000000000000e+01 1.200000000000000000e+03
7.746000000000000000e+03 6.496000000000000000e+03 1.822599999999999909e+03 6.220000000000000284e+01 1.174000000000000000e+03
7.790000000000000000e+03 6.592000000000000000e+03 1.575099999999999909e+03 6.629999999999999716e+01 1.122000000000000000e+03
7.745000000000000000e+03 6.547000000000000000e+03 1.524400000000000091e+03 6.520000000000000284e+01 1.145000000000000000e+03
7.736000000000000000e+03 6.517000000000000000e+03 1.825099999999999909e+03 6.450000000000000000e+01 1.132000000000000000e+03
7.728000000000000000e+03 6.578000000000000000e+03 1.774200000000000045e+03 5.700000000000000000e+01 1.127000000000000000e+03
7.737000000000000000e+03 6.442000000000000000e+03 1.824700000000000045e+03 6.310000000000000142e+01 1.171000000000000000e+03
7.756000000000000000e+03 6.586000000000000000e+03 1.635400000000000091e+03 6.229999999999999716e+01 1.155000000000000000e+03
7.660000000000000000e+03 6.479000000000000000e+03 1.825099999999999909e+03 6.289999999999999858e+01 1.167000000000000000e+03
7.811000000000000000e+03 6.577000000000000000e+03 1.825099999999999909e+03 5.870000000000000284e+01 1.188000000000000000e+03
7.686000000000000000e+03 6.471000000000000000e+03 1.642900000000000091e+03 5.950000000000000000e+01 1.128000000000000000e+03
7.750000000000000000e+03 6.373000000000000000e+03 1.825099999999999909e+03 6.370000000000000284e+01 1.108000000000000000e+03
7.762000000000000000e+03 6.594000000000000000e+03 1.454799999999999955e+03 6.229999999999999716e+01 1.120000000000000000e+03
7.780000000000000000e+03 6.551000000000000000e+03 1.825099999999999909e+03 5.579999999999999716e+01 1.178000000000000000e+03
7.737000000000000000e+03 6.669000000000000000e+03 1.825099999999999909e+03 5.789999999999999858e+01 1.240000000000000000e+03
7.730000000000000000e+03 6.453000000000000000e+03 1.716099999999999909e+03 6.379999999999999716e+01 1.154000000000000000e+03
7.699000000000000000e+03 6.440000000000000000e+03 1.739799999999999955e+03 6.459999999999999432e+01 1.172000000000000000e+03
7.764000000000000000e+03 6.537000000000000000e+03 1.825099999999999909e+03 6.490000000000000568e+01 1.170000000000000000e+03
7.755000000000000000e+03 6.556000000000000000e+03 1.759799999999999955e+03 5.910000000000000142e+01 1.169000000000000000e+03
7.742000000000000000e+03 6.385000000000000000e+03 1.825099999999999909e+03 5.839999999999999858e+01 1.102000000000000000e+03
7.706000000000000000e+03 6.623000000000000000e+03 1.811599999999999909e+03 6.320000000000000284e+01 1.157000000000000000e+03
7.697000000000000000e+03 6.496000000000000000e+03 1.601099999999999909e+03 6.270000000000000284e+01 1.156000000000000000e+03
7.805000000000000000e+03 6.565000000000000000e+03 1.309299999999999955e+03 5.870000000000000284e+01 1.180000000000000000e+03
7.708000000000000000e+03 6.491000000000000000e+03 1.468400000000000091e+03 5.929999999999999716e+01 1.148000000000000000e+03
7.715000000000000000e+03 6.403000000000000000e+03 1.649900000000000091e+03 6.189999999999999858e+01 1.120000000000000000e+03
7.728000000000000000e+03 6.531000000000000000e+03 1.763200000000000045e+03 6.729999999999999716e+01 1.157000000000000000e+03
7.706000000000000000e+03 6.568000000000000000e+03 1.825099999999999909e+03 6.459999999999999432e+01 1.183000000000000000e+03
7.791000000000000000e+03 6.470000000000000000e+03 1.450000000000000000e+03 5.679999999999999716e+01 1.157000000000000000e+03
7.818000000000000000e+03 6.477000000000000000e+03 1.825099999999999909e+03 6.139999999999999858e+01 1.133000000000000000e+03
7.734000000000000000e+03 6.501000000000000000e+03 1.398299999999999955e+03 5.720000000000000284e+01 1.140000000000000000e+03
7.790000000000000000e+03 6.601000000000000000e+03 1.518099999999999909e+03 6.479999999999999716e+01 1.146000000000000000e+03
7.767000000000000000e+03 6.620000000000000000e+03 1.825099999999999909e+03 5.900000000000000000e+01 1.143000000000000000e+03
7.631000000000000000e+03 6.519000000000000000e+03 1.345400000000000091e+03 7.229999999999999716e+01 1.138000000000000000e+03
7.764000000000000000e+03 6.557000000000000000e+03 1.448099999999999909e+03 6.060000000000000142e+01 1.146000000000000000e+03
7.739000000000000000e+03 6.467000000000000000e+03 1.825099999999999909e+03 6.370000000000000284e+01 1.141000000000000000e+03
7.748000000000000000e+03 6.738000000000000000e+03 1.825099999999999909e+03 6.540000000000000568e+01 1.186000000000000000e+03
7.720000000000000000e+03 6.495000000000000000e+03 1.602099999999999909e+03 6.320000000000000284e+01 1.154000000000000000e+03
7.738000000000000000e+03 6.420000000000000000e+03 1.825099999999999909e+03 5.650000000000000000e+01 1.155000000000000000e+03
7.748000000000000000e+03 6.656000000000000000e+03 1.797400000000000091e+03 5.929999999999999716e+01 1.132000000000000000e+03
7.691000000000000000e+03 6.449000000000000000e+03 1.246700000000000045e+03 6.179999999999999716e+01 1.153000000000000000e+03
7.693000000000000000e+03 6.470000000000000000e+03 1.350400000000000091e+03 6.189999999999999858e+01 1.146000000000000000e+03
7.749000000000000000e+03 6.643000000000000000e+03 1.418000000000000000e+03 5.700000000000000000e+01 1.164000000000000000e+03
7.679000000000000000e+03 6.510000000000000000e+03 1.825099999999999909e+03 5.789999999999999858e+01 1.133000000000000000e+03
7.787000000000000000e+03 6.432000000000000000e+03 1.515900000000000091e+03 6.110000000000000142e+01 1.123000000000000000e+03
7.718000000000000000e+03 6.436000000000000000e+03 1.825099999999999909e+03 6.440000000000000568e+01 1.154000000000000000e+03
7.796000000000000000e+03 6.549000000000000000e+03 1.820000000000000000e+03 5.829999999999999716e+01 1.193000000000000000e+03
7.721000000000000000e+03 6.428000000000000000e+03 1.389900000000000091e+03 6.070000000000000284e+01 1.148000000000000000e+03
7.817000000000000000e+03 6.655000000000000000e+03 1.750200000000000045e+03 6.020000000000000284e+01 1.147000000000000000e+03
7.717000000000000000e+03 6.521000000000000000e+03 1.597400000000000091e+03 6.350000000000000000e+01 1.140000000000000000e+03
7.737000000000000000e+03 6.540000000000000000e+03 1.536599999999999909e+03 7.250000000000000000e+01 1.163000000000000000e+03
7.701000000000000000e+03 6.726000000000000000e+03 1.489700000000000045e+03 5.529999999999999716e+01 1.176000000000000000e+03
7.723000000000000000e+03 6.412000000000000000e+03 1.684200000000000045e+03 5.829999999999999716e+01 1.148000000000000000e+03
7.715000000000000000e+03 6.625000000000000000e+03 1.825099999999999909e+03 6.210000000000000142e+01 1.177000000000000000e+03
7.737000000000000000e+03 6.582000000000000000e+03 1.549900000000000091e+03 5.929999999999999716e+01 1.185000000000000000e+03
7.794000000000000000e+03 6.325000000000000000e+03 1.452700000000000045e+03 6.100000000000000000e+01 1.162000000000000000e+03
7.768000000000000000e+03 6.378000000000000000e+03 1.617400000000000091e+03 6.850000000000000000e+01 1.103000000000000000e+03
7.740000000000000000e+03 6.650000000000000000e+03 1.478900000000000091e+03 6.120000000000000284e+01 1.186000000000000000e+03
7.719000000000000000e+03 6.578000000000000000e+03 1.304099999999999909e+03 6.409999999999999432e+01 1.179000000000000000e+03
7.839000000000000000e+03 6.415000000000000000e+03 1.825099999999999909e+03 5.829999999999999716e+01 1.112000000000000000e+03
7.743000000000000000e+03 6.564000000000000000e+03 1.825099999999999909e+03 6.289999999999999858e+01 1.187000000000000000e+03
7.742000000000000000e+03 6.450000000000000000e+03 1.825099999999999909e+03 5.789999999999999858e+01 1.152000000000000000e+03
7.746000000000000000e+03 6.530000000000000000e+03 1.517099999999999909e+03 5.800000000000000000e+01 1.141000000000000000e+03
7.759000000000000000e+03 6.399000000000000000e+03 1.825099999999999909e+03 6.720000000000000284e+01 1.133000000000000000e+03
7.773000000000000000e+03 6.420000000000000000e+03 1.677000000000000000e+03 6.100000000000000000e+01 1.163000000000000000e+03
7.774000000000000000e+03 6.517000000000000000e+03 1.825099999999999909e+03 6.129999999999999716e+01 1.134000000000000000e+03
7.736000000000000000e+03 6.357000000000000000e+03 1.465599999999999909e+03 6.310000000000000142e+01 1.143000000000000000e+03
7.773000000000000000e+03 6.550000000000000000e+03 1.644099999999999909e+03 5.639999999999999858e+01 1.141000000000000000e+03
7.803000000000000000e+03 6.581000000000000000e+03 1.726099999999999909e+03 6.100000000000000000e+01 1.134000000000000000e+03
7.795000000000000000e+03 6.455000000000000000e+03 1.825099999999999909e+03 6.350000000000000000e+01 1.122000000000000000e+03
7.744000000000000000e+03 6.398000000000000000e+03 1.563700000000000045e+03 6.289999999999999858e+01 1.129000000000000000e+03
7.764000000000000000e+03 6.630000000000000000e+03 1.691000000000000000e+03 5.800000000000000000e+01 1.155000000000000000e+03
