9.861000000000000000e+03 8.390000000000000000e+03 2.605000000000000000e+02 1.100000000000000000e+01 1.200000000000000000e+01
9.861000000000000000e+03 8.345000000000000000e+03 2.611999999999999886e+02 1.100000000000000000e+01 1.400000000000000000e+01
9.859000000000000000e+03 8.319000000000000000e+03 2.298000000000000114e+02 1.019999999999999929e+01 1.500000000000000000e+01
9.859000000000000000e+03 8.329000000000000000e+03 2.140999999999999943e+02 1.100000000000000000e+01 1.100000000000000000e+01
9.872000000000000000e+03 8.275000000000000000e+03 2.275000000000000000e+02 1.130000000000000071e+01 1.200000000000000000e+01
9.866000000000000000e+03 8.326000000000000000e+03 2.051999999999999886e+02 1.109999999999999964e+01 1.600000000000000000e+01
9.873000000000000000e+03 8.311000000000000000e+03 2.443000000000000114e+02 1.019999999999999929e+01 1.400000000000000000e+01
9.867000000000000000e+03 8.244000000000000000e+03 3.220000000000000000e+02 1.000000000000000000e+01 1.500000000000000000e+01
9.859000000000000000e+03 8.334000000000000000e+03 2.543000000000000114e+02 1.100000000000000000e+01 1.100000000000000000e+01
9.856000000000000000e+03 8.266000000000000000e+03 2.490000000000000000e+02 1.119999999999999929e+01 1.500000000000000000e+01
9.881000000000000000e+03 8.340000000000000000e+03 2.641000000000000227e+02 1.100000000000000000e+01 1.200000000000000000e+01
9.872000000000000000e+03 8.363000000000000000e+03 2.444000000000000057e+02 1.200000000000000000e+01 1.300000000000000000e+01
9.864000000000000000e+03 8.378000000000000000e+03 3.078999999999999773e+02 1.200000000000000000e+01 1.200000000000000000e+01
9.890000000000000000e+03 8.270000000000000000e+03 2.768999999999999773e+02 1.200000000000000000e+01 1.600000000000000000e+01
9.857000000000000000e+03 8.292000000000000000e+03 2.300999999999999943e+02 1.200000000000000000e+01 1.800000000000000000e+01
9.855000000000000000e+03 8.365000000000000000e+03 2.120000000000000000e+02 1.119999999999999929e+01 1.300000000000000000e+01
9.870000000000000000e+03 8.299000000000000000e+03 2.535999999999999943e+02 1.200000000000000000e+01 1.300000000000000000e+01
9.873000000000000000e+03 8.342000000000000000e+03 2.540000000000000000e+02 1.100000000000000000e+01 1.500000000000000000e+01
9.869000000000000000e+03 8.328000000000000000e+03 2.205000000000000000e+02 1.300000000000000000e+01 1.500000000000000000e+01
9.866000000000000000e+03 8.354000000000000000e+03 2.230999999999999943e+02 1.130000000000000071e+01 1.500000000000000000e+01
9.862000000000000000e+03 8.314000000000000000e+03 2.266999999999999886e+02 1.109999999999999964e+01 1.300000000000000000e+01
9.864000000000000000e+03 8.317000000000000000e+03 2.698999999999999773e+02 1.100000000000000000e+01 1.200000000000000000e+01
9.884000000000000000e+03 8.319000000000000000e+03 2.511999999999999886e+02 1.119999999999999929e+01 1.600000000000000000e+01
9.866000000000000000e+03 8.339000000000000000e+03 2.219000000000000057e+02 1.109999999999999964e+01 1.300000000000000000e+01
9.856000000000000000e+03 8.342000000000000000e+03 2.176999999999999886e+02 1.100000000000000000e+01 1.500000000000000000e+01
9.899000000000000000e+03 8.295000000000000000e+03 2.338000000000000114e+02 1.130000000000000071e+01 1.200000000000000000e+01
9.878000000000000000e+03 8.321000000000000000e+03 2.095999999999999943e+02 1.100000000000000000e+01 1.400000000000000000e+01
9.846000000000000000e+03 8.356000000000000000e+03 3.178999999999999773e+02 1.100000000000000000e+01 1.200000000000000000e+01
9.873000000000000000e+03 8.366000000000000000e+03 2.281999999999999886e+02 1.000000000000000000e+01 1.100000000000000000e+01
9.865000000000000000e+03 8.385000000000000000e+03 2.248000000000000114e+02 1.100000000000000000e+01 1.300000000000000000e+01
9.876000000000000000e+03 8.290000000000000000e+03 3.443000000000000114e+02 1.100000000000000000e+01 1.400000000000000000e+01
9.868000000000000000e+03 8.390000000000000000e+03 2.653999999999999773e+02 1.100000000000000000e+01 1.200000000000000000e+01
9.867000000000000000e+03 8.248000000000000000e+03 2.379000000000000057e+02 1.100000000000000000e+01 1.300000000000000000e+01
9.875000000000000000e+03 8.355000000000000000e+03 3.715000000000000000e+02 1.200000000000000000e+01 1.400000000000000000e+01
9.875000000000000000e+03 8.346000000000000000e+03 2.545000000000000000e+02 1.209999999999999964e+01 1.400000000000000000e+01
9.876000000000000000e+03 8.318000000000000000e+03 3.035000000000000000e+02 1.200000000000000000e+01 1.500000000000000000e+01
9.865000000000000000e+03 8.344000000000000000e+03 3.075000000000000000e+02 1.100000000000000000e+01 1.400000000000000000e+01
9.873000000000000000e+03 8.244000000000000000e+03 3.005000000000000000e+02 1.109999999999999964e+01 1.200000000000000000e+01
9.863000000000000000e+03 8.309000000000000000e+03 2.389000000000000057e+02 1.200000000000000000e+01 1.600000000000000000e+01
9.858000000000000000e+03 8.387000000000000000e+03 1.906999999999999886e+02 1.209999999999999964e+01 1.300000000000000000e+01
9.880000000000000000e+03 8.336000000000000000e+03 2.791000000000000227e+02 1.140000000000000036e+01 1.400000000000000000e+01
9.881000000000000000e+03 8.319000000000000000e+03 2.220000000000000000e+02 1.100000000000000000e+01 1.200000000000000000e+01
9.886000000000000000e+03 8.437000000000000000e+03 2.079000000000000057e+02 1.100000000000000000e+01 1.400000000000000000e+01
9.865000000000000000e+03 8.297000000000000000e+03 2.151999999999999886e+02 1.100000000000000000e+01 1.400000000000000000e+01
9.862000000000000000e+03 8.376000000000000000e+03 2.568999999999999773e+02 1.100000000000000000e+01 1.300000000000000000e+01
9.876000000000000000e+03 8.255000000000000000e+03 2.505000000000000000e+02 1.100000000000000000e+01 1.500000000000000000e+01
9.851000000000000000e+03 8.303000000000000000e+03 2.513000000000000114e+02 1.200000000000000000e+01 1.200000000000000000e+01
9.870000000000000000e+03 8.360000000000000000e+03 2.833999999999999773e+02 1.100000000000000000e+01 1.500000000000000000e+01
9.861000000000000000e+03 8.403000000000000000e+03 2.633000000000000114e+02 1.109999999999999964e+01 1.400000000000000000e+01
9.867000000000000000e+03 8.313000000000000000e+03 2.225000000000000000e+02 1.200000000000000000e+01 1.200000000000000000e+01
9.873000000000000000e+03 8.309000000000000000e+03 2.668000000000000114e+02 1.200000000000000000e+01 1.400000000000000000e+01
9.856000000000000000e+03 8.364000000000000000e+03 2.651000000000000227e+02 1.200000000000000000e+01 1.600000000000000000e+01
9.854000000000000000e+03 8.355000000000000000e+03 2.285999999999999943e+02 1.100000000000000000e+01 1.500000000000000000e+01
9.876000000000000000e+03 8.336000000000000000e+03 2.268000000000000114e+02 1.100000000000000000e+01 1.200000000000000000e+01
9.857000000000000000e+03 8.412000000000000000e+03 4.031999999999999886e+02 1.200000000000000000e+01 1.500000000000000000e+01
9.887000000000000000e+03 8.390000000000000000e+03 2.691000000000000227e+02 1.019999999999999929e+01 1.200000000000000000e+01
9.881000000000000000e+03 8.395000000000000000e+03 2.141999999999999886e+02 1.100000000000000000e+01 1.300000000000000000e+01
9.842000000000000000e+03 8.307000000000000000e+03 2.945000000000000000e+02 1.119999999999999929e+01 1.500000000000000000e+01
9.855000000000000000e+03 8.302000000000000000e+03 2.484000000000000057e+02 1.200000000000000000e+01 1.200000000000000000e+01
9.860000000000000000e+03 8.296000000000000000e+03 2.301999999999999886e+02 1.100000000000000000e+01 1.200000000000000000e+01
9.880000000000000000e+03 8.372000000000000000e+03 3.270000000000000000e+02 1.300000000000000000e+01 1.500000000000000000e+01
9.859000000000000000e+03 8.260000000000000000e+03 2.269000000000000057e+02 1.119999999999999929e+01 1.500000000000000000e+01
9.873000000000000000e+03 8.336000000000000000e+03 3.191999999999999886e+02 1.100000000000000000e+01 1.300000000000000000e+01
9.863000000000000000e+03 8.366000000000000000e+03 2.696999999999999886e+02 1.100000000000000000e+01 1.300000000000000000e+01
9.882000000000000000e+03 8.345000000000000000e+03 2.408000000000000114e+02 1.200000000000000000e+01 1.200000000000000000e+01
9.868000000000000000e+03 8.281000000000000000e+03 1.990000000000000000e+02 1.100000000000000000e+01 1.600000000000000000e+01
9.874000000000000000e+03 8.216000000000000000e+03 2.450000000000000000e+02 1.109999999999999964e+01 1.200000000000000000e+01
9.860000000000000000e+03 8.301000000000000000e+03 2.210999999999999943e+02 1.100000000000000000e+01 1.500000000000000000e+01
9.873000000000000000e+03 8.334000000000000000e+03 2.379000000000000057e+02 1.100000000000000000e+01 1.400000000000000000e+01
9.855000000000000000e+03 8.293000000000000000e+03 2.920000000000000000e+02 1.100000000000000000e+01 1.200000000000000000e+01
9.873000000000000000e+03 8.304000000000000000e+03 2.353000000000000114e+02 1.200000000000000000e+01 1.200000000000000000e+01
9.884000000000000000e+03 8.345000000000000000e+03 2.615000000000000000e+02 1.100000000000000000e+01 1.300000000000000000e+01
9.868000000000000000e+03 8.330000000000000000e+03 2.223000000000000114e+02 1.019999999999999929e+01 1.500000000000000000e+01
9.878000000000000000e+03 8.342000000000000000e+03 2.435999999999999943e+02 1.109999999999999964e+01 1.400000000000000000e+01
9.869000000000000000e+03 8.310000000000000000e+03 2.213000000000000114e+02 1.100000000000000000e+01 1.400000000000000000e+01
9.855000000000000000e+03 8.292000000000000000e+03 2.816000000000000227e+02 1.140000000000000036e+01 1.500000000000000000e+01
9.855000000000000000e+03 8.348000000000000000e+03 2.280000000000000000e+02 1.200000000000000000e+01 1.300000000000000000e+01
9.886000000000000000e+03 8.381000000000000000e+03 2.641999999999999886e+02 1.140000000000000036e+01 1.300000000000000000e+01
9.869000000000000000e+03 8.348000000000000000e+03 2.598000000000000114e+02 1.050000000000000000e+01 1.400000000000000000e+01
9.876000000000000000e+03 8.245000000000000000e+03 2.701999999999999886e+02 1.109999999999999964e+01 1.800000000000000000e+01
9.854000000000000000e+03 8.286000000000000000e+03 2.245000000000000000e+02 1.119999999999999929e+01 1.800000000000000000e+01
9.860000000000000000e+03 8.257000000000000000e+03 2.726000000000000227e+02 1.140000000000000036e+01 1.700000000000000000e+01
9.870000000000000000e+03 8.283000000000000000e+03 2.973999999999999773e+02 1.030000000000000071e+01 1.400000000000000000e+01
9.864000000000000000e+03 8.371000000000000000e+03 2.303000000000000114e+02 1.200000000000000000e+01 1.300000000000000000e+01
9.880000000000000000e+03 8.276000000000000000e+03 3.038000000000000114e+02 1.100000000000000000e+01 1.300000000000000000e+01
9.871000000000000000e+03 8.266000000000000000e+03 3.245000000000000000e+02 1.100000000000000000e+01 1.300000000000000000e+01
9.861000000000000000e+03 8.353000000000000000e+03 2.666999999999999886e+02 1.200000000000000000e+01 1.300000000000000000e+01
9.872000000000000000e+03 8.313000000000000000e+03 2.448000000000000114e+02 1.100000000000000000e+01 1.300000000000000000e+01
9.864000000000000000e+03 8.330000000000000000e+03 3.073000000000000114e+02 1.100000000000000000e+01 1.300000000000000000e+01
9.878000000000000000e+03 8.286000000000000000e+03 2.586000000000000227e+02 1.100000000000000000e+01 1.500000000000000000e+01
9.878000000000000000e+03 8.313000000000000000e+03 2.773999999999999773e+02 1.100000000000000000e+01 1.200000000000000000e+01
9.869000000000000000e+03 8.181000000000000000e+03 3.036000000000000227e+02 1.200000000000000000e+01 1.400000000000000000e+01
9.853000000000000000e+03 8.307000000000000000e+03 2.173000000000000114e+02 1.100000000000000000e+01 1.300000000000000000e+01
9.841000000000000000e+03 8.387000000000000000e+03 2.430000000000000000e+02 1.100000000000000000e+01 1.300000000000000000e+01
9.865000000000000000e+03 8.302000000000000000e+03 2.308000000000000114e+02 1.100000000000000000e+01 1.600000000000000000e+01
9.885000000000000000e+03 8.348000000000000000e+03 3.080000000000000000e+02 1.100000000000000000e+01 1.400000000000000000e+01
9.868000000000000000e+03 8.303000000000000000e+03 2.211999999999999886e+02 1.100000000000000000e+01 1.400000000000000000e+01
9.868000000000000000e+03 8.250000000000000000e+03 2.285999999999999943e+02 1.200000000000000000e+01 1.300000000000000000e+01
9.849000000000000000e+03 8.359000000000000000e+03 2.266999999999999886e+02 1.109999999999999964e+01 1.500000000000000000e+01
9.868000000000000000e+03 8.293000000000000000e+03 2.425999999999999943e+02 1.100000000000000000e+01 1.400000000000000000e+01
9.860000000000000000e+03 8.441000000000000000e+03 2.623999999999999773e+02 1.100000000000000000e+01 1.300000000000000000e+01
9.885000000000000000e+03 8.341000000000000000e+03 2.956000000000000227e+02 1.200000000000000000e+01 1.400000000000000000e+01
9.860000000000000000e+03 8.388000000000000000e+03 2.075999999999999943e+02 1.030000000000000071e+01 1.400000000000000000e+01
9.872000000000000000e+03 8.351000000000000000e+03 3.690000000000000000e+02 1.100000000000000000e+01 1.300000000000000000e+01
9.844000000000000000e+03 8.331000000000000000e+03 3.101999999999999886e+02 1.100000000000000000e+01 1.600000000000000000e+01
9.855000000000000000e+03 8.310000000000000000e+03 2.766999999999999886e+02 1.100000000000000000e+01 1.400000000000000000e+01
9.871000000000000000e+03 8.251000000000000000e+03 2.355999999999999943e+02 1.140000000000000036e+01 1.400000000000000000e+01
9.865000000000000000e+03 8.239000000000000000e+03 3.106999999999999886e+02 1.100000000000000000e+01 1.300000000000000000e+01
9.880000000000000000e+03 8.309000000000000000e+03 2.571999999999999886e+02 1.109999999999999964e+01 1.300000000000000000e+01
9.865000000000000000e+03 8.381000000000000000e+03 2.061999999999999886e+02 1.100000000000000000e+01 1.500000000000000000e+01
9.850000000000000000e+03 8.280000000000000000e+03 2.495999999999999943e+02 1.100000000000000000e+01 1.300000000000000000e+01
9.854000000000000000e+03 8.304000000000000000e+03 2.259000000000000057e+02 1.150000000000000000e+01 1.400000000000000000e+01
9.849000000000000000e+03 8.298000000000000000e+03 2.610000000000000000e+02 1.119999999999999929e+01 1.400000000000000000e+01
9.874000000000000000e+03 8.307000000000000000e+03 3.058000000000000114e+02 1.109999999999999964e+01 1.400000000000000000e+01
9.886000000000000000e+03 8.269000000000000000e+03 2.220999999999999943e+02 1.119999999999999929e+01 1.300000000000000000e+01
9.871000000000000000e+03 8.320000000000000000e+03 2.743999999999999773e+02 1.109999999999999964e+01 1.500000000000000000e+01
9.849000000000000000e+03 8.237000000000000000e+03 2.255000000000000000e+02 1.030000000000000071e+01 1.500000000000000000e+01
9.867000000000000000e+03 8.296000000000000000e+03 3.236000000000000227e+02 1.100000000000000000e+01 1.300000000000000000e+01
9.863000000000000000e+03 8.414000000000000000e+03 2.518000000000000114e+02 1.100000000000000000e+01 1.200000000000000000e+01
9.879000000000000000e+03 8.373000000000000000e+03 2.648000000000000114e+02 1.200000000000000000e+01 1.400000000000000000e+01
9.866000000000000000e+03 8.301000000000000000e+03 2.139000000000000057e+02 1.130000000000000071e+01 1.300000000000000000e+01
9.873000000000000000e+03 8.309000000000000000e+03 2.335000000000000000e+02 1.300000000000000000e+01 1.700000000000000000e+01
9.865000000000000000e+03 8.321000000000000000e+03 2.310999999999999943e+02 1.100000000000000000e+01 1.500000000000000000e+01
9.870000000000000000e+03 8.271000000000000000e+03 2.836000000000000227e+02 1.100000000000000000e+01 1.100000000000000000e+01
9.871000000000000000e+03 8.364000000000000000e+03 2.110000000000000000e+02 1.040000000000000036e+01 1.600000000000000000e+01
9.860000000000000000e+03 8.342000000000000000e+03 2.408000000000000114e+02 1.100000000000000000e+01 1.400000000000000000e+01
9.876000000000000000e+03 8.340000000000000000e+03 2.811999999999999886e+02 1.100000000000000000e+01 1.500000000000000000e+01
9.874000000000000000e+03 8.278000000000000000e+03 2.538000000000000114e+02 1.100000000000000000e+01 1.300000000000000000e+01
9.883000000000000000e+03 8.334000000000000000e+03 2.123000000000000114e+02 1.100000000000000000e+01 1.600000000000000000e+01
9.847000000000000000e+03 8.342000000000000000e+03 2.678000000000000114e+02 1.100000000000000000e+01 1.400000000000000000e+01
9.870000000000000000e+03 8.273000000000000000e+03 2.598000000000000114e+02 1.300000000000000000e+01 1.500000000000000000e+01
9.854000000000000000e+03 8.250000000000000000e+03 2.294000000000000057e+02 1.100000000000000000e+01 1.600000000000000000e+01
9.864000000000000000e+03 8.283000000000000000e+03 2.978000000000000114e+02 1.019999999999999929e+01 1.700000000000000000e+01
9.872000000000000000e+03 8.339000000000000000e+03 2.563000000000000114e+02 1.119999999999999929e+01 1.300000000000000000e+01
9.883000000000000000e+03 8.283000000000000000e+03 2.618000000000000114e+02 1.200000000000000000e+01 1.400000000000000000e+01
9.868000000000000000e+03 8.430000000000000000e+03 2.250999999999999943e+02 1.100000000000000000e+01 1.500000000000000000e+01
9.892000000000000000e+03 8.325000000000000000e+03 2.410999999999999943e+02 1.209999999999999964e+01 1.500000000000000000e+01
9.849000000000000000e+03 8.355000000000000000e+03 2.821000000000000227e+02 1.000000000000000000e+01 1.200000000000000000e+01
9.875000000000000000e+03 8.380000000000000000e+03 2.154000000000000057e+02 1.200000000000000000e+01 1.500000000000000000e+01
9.867000000000000000e+03 8.275000000000000000e+03 1.879000000000000057e+02 1.140000000000000036e+01 1.300000000000000000e+01
9.852000000000000000e+03 8.297000000000000000e+03 2.791000000000000227e+02 1.109999999999999964e+01 1.600000000000000000e+01
9.870000000000000000e+03 8.338000000000000000e+03 2.244000000000000057e+02 1.200000000000000000e+01 1.200000000000000000e+01
9.869000000000000000e+03 8.303000000000000000e+03 2.480999999999999943e+02 1.150000000000000000e+01 1.400000000000000000e+01
9.856000000000000000e+03 8.260000000000000000e+03 2.476999999999999886e+02 1.100000000000000000e+01 1.300000000000000000e+01
9.880000000000000000e+03 8.309000000000000000e+03 2.404000000000000057e+02 1.209999999999999964e+01 1.900000000000000000e+01
9.869000000000000000e+03 8.322000000000000000e+03 2.576999999999999886e+02 1.000000000000000000e+01 1.500000000000000000e+01
9.855000000000000000e+03 8.320000000000000000e+03 2.981999999999999886e+02 1.100000000000000000e+01 1.800000000000000000e+01
9.866000000000000000e+03 8.341000000000000000e+03 2.821999999999999886e+02 1.100000000000000000e+01 1.300000000000000000e+01
9.861000000000000000e+03 8.257000000000000000e+03 2.716999999999999886e+02 1.100000000000000000e+01 1.600000000000000000e+01
9.866000000000000000e+03 8.345000000000000000e+03 2.545999999999999943e+02 1.100000000000000000e+01 1.400000000000000000e+01
9.875000000000000000e+03 8.317000000000000000e+03 2.651000000000000227e+02 1.130000000000000071e+01 1.300000000000000000e+01
9.867000000000000000e+03 8.393000000000000000e+03 2.696999999999999886e+02 1.200000000000000000e+01 1.100000000000000000e+01
9.866000000000000000e+03 8.394000000000000000e+03 2.436999999999999886e+02 1.100000000000000000e+01 1.300000000000000000e+01
9.858000000000000000e+03 8.272000000000000000e+03 2.261999999999999886e+02 1.100000000000000000e+01 1.200000000000000000e+01
9.863000000000000000e+03 8.292000000000000000e+03 2.390000000000000000e+02 1.030000000000000071e+01 1.600000000000000000e+01
9.874000000000000000e+03 8.267000000000000000e+03 3.233999999999999773e+02 1.019999999999999929e+01 1.300000000000000000e+01
9.884000000000000000e+03 8.244000000000000000e+03 2.495000000000000000e+02 1.050000000000000000e+01 1.700000000000000000e+01
9.859000000000000000e+03 8.288000000000000000e+03 2.455999999999999943e+02 1.150000000000000000e+01 1.400000000000000000e+01
9.882000000000000000e+03 8.323000000000000000e+03 2.220999999999999943e+02 1.019999999999999929e+01 1.500000000000000000e+01
9.884000000000000000e+03 8.293000000000000000e+03 2.811999999999999886e+02 1.009999999999999964e+01 1.300000000000000000e+01
9.870000000000000000e+03 8.315000000000000000e+03 2.304000000000000057e+02 1.100000000000000000e+01 1.300000000000000000e+01
9.871000000000000000e+03 8.350000000000000000e+03 3.126000000000000227e+02 1.100000000000000000e+01 1.500000000000000000e+01
9.878000000000000000e+03 8.364000000000000000e+03 4.363999999999999773e+02 1.100000000000000000e+01 1.500000000000000000e+01
9.880000000000000000e+03 8.298000000000000000e+03 2.276999999999999886e+02 1.200000000000000000e+01 1.300000000000000000e+01
9.875000000000000000e+03 8.265000000000000000e+03 2.740000000000000000e+02 1.100000000000000000e+01 1.300000000000000000e+01
9.838000000000000000e+03 8.284000000000000000e+03 2.318000000000000114e+02 1.100000000000000000e+01 1.200000000000000000e+01
9.877000000000000000e+03 8.384000000000000000e+03 2.241999999999999886e+02 1.100000000000000000e+01 1.700000000000000000e+01
9.845000000000000000e+03 8.378000000000000000e+03 2.310999999999999943e+02 1.000000000000000000e+01 1.400000000000000000e+01
9.869000000000000000e+03 8.273000000000000000e+03 2.476999999999999886e+02 1.200000000000000000e+01 1.600000000000000000e+01
9.870000000000000000e+03 8.366000000000000000e+03 2.756999999999999886e+02 1.000000000000000000e+01 1.300000000000000000e+01
9.886000000000000000e+03 8.281000000000000000e+03 2.320999999999999943e+02 1.040000000000000036e+01 1.500000000000000000e+01
9.859000000000000000e+03 8.240000000000000000e+03 2.410999999999999943e+02 1.100000000000000000e+01 1.200000000000000000e+01
9.868000000000000000e+03 8.345000000000000000e+03 1.820000000000000000e+02 1.100000000000000000e+01 1.500000000000000000e+01
9.863000000000000000e+03 8.340000000000000000e+03 2.923000000000000114e+02 1.100000000000000000e+01 1.300000000000000000e+01
9.858000000000000000e+03 8.300000000000000000e+03 2.549000000000000057e+02 1.100000000000000000e+01 1.300000000000000000e+01
9.854000000000000000e+03 8.298000000000000000e+03 3.528999999999999773e+02 1.100000000000000000e+01 1.200000000000000000e+01
9.874000000000000000e+03 8.341000000000000000e+03 2.339000000000000057e+02 1.200000000000000000e+01 1.300000000000000000e+01
9.882000000000000000e+03 8.300000000000000000e+03 2.681000000000000227e+02 1.100000000000000000e+01 1.400000000000000000e+01
9.860000000000000000e+03 8.341000000000000000e+03 2.205000000000000000e+02 1.100000000000000000e+01 1.500000000000000000e+01
9.874000000000000000e+03 8.319000000000000000e+03 2.260999999999999943e+02 1.100000000000000000e+01 1.500000000000000000e+01
9.867000000000000000e+03 8.317000000000000000e+03 2.920000000000000000e+02 1.100000000000000000e+01 1.300000000000000000e+01
9.873000000000000000e+03 8.304000000000000000e+03 2.180999999999999943e+02 1.100000000000000000e+01 1.300000000000000000e+01
9.850000000000000000e+03 8.313000000000000000e+03 2.240999999999999943e+02 1.100000000000000000e+01 1.600000000000000000e+01
9.880000000000000000e+03 8.342000000000000000e+03 2.788000000000000114e+02 1.100000000000000000e+01 1.400000000000000000e+01
9.860000000000000000e+03 8.273000000000000000e+03 2.114000000000000057e+02 1.109999999999999964e+01 1.200000000000000000e+01
9.845000000000000000e+03 8.343000000000000000e+03 2.275000000000000000e+02 1.100000000000000000e+01 1.300000000000000000e+01
9.872000000000000000e+03 8.359000000000000000e+03 2.240000000000000000e+02 1.100000000000000000e+01 1.400000000000000000e+01
9.890000000000000000e+03 8.310000000000000000e+03 3.351000000000000227e+02 1.100000000000000000e+01 1.300000000000000000e+01
9.882000000000000000e+03 8.225000000000000000e+03 3.003000000000000114e+02 1.119999999999999929e+01 1.400000000000000000e+01
9.865000000000000000e+03 8.231000000000000000e+03 2.836000000000000227e+02 1.109999999999999964e+01 1.200000000000000000e+01
9.865000000000000000e+03 8.235000000000000000e+03 2.655000000000000000e+02 1.100000000000000000e+01 1.300000000000000000e+01
9.856000000000000000e+03 8.393000000000000000e+03 2.174000000000000057e+02 1.100000000000000000e+01 1.400000000000000000e+01
9.855000000000000000e+03 8.334000000000000000e+03 3.628999999999999773e+02 1.200000000000000000e+01 1.500000000000000000e+01
9.877000000000000000e+03 8.347000000000000000e+03 2.841000000000000227e+02 1.100000000000000000e+01 1.300000000000000000e+01
9.868000000000000000e+03 8.329000000000000000e+03 2.144000000000000057e+02 1.209999999999999964e+01 1.100000000000000000e+01
9.893000000000000000e+03 8.270000000000000000e+03 2.663999999999999773e+02 1.200000000000000000e+01 1.600000000000000000e+01
9.866000000000000000e+03 8.377000000000000000e+03 2.118000000000000114e+02 1.000000000000000000e+01 1.200000000000000000e+01
9.881000000000000000e+03 8.264000000000000000e+03 3.896999999999999886e+02 1.109999999999999964e+01 1.300000000000000000e+01
9.866000000000000000e+03 8.214000000000000000e+03 2.280000000000000000e+02 1.140000000000000036e+01 1.600000000000000000e+01
9.866000000000000000e+03 8.275000000000000000e+03 3.231000000000000227e+02 1.030000000000000071e+01 1.600000000000000000e+01
9.858000000000000000e+03 8.298000000000000000e+03 2.236999999999999886e+02 1.050000000000000000e+01 1.800000000000000000e+01
9.872000000000000000e+03 8.304000000000000000e+03 2.653999999999999773e+02 1.200000000000000000e+01 1.200000000000000000e+01
9.863000000000000000e+03 8.334000000000000000e+03 2.593999999999999773e+02 1.200000000000000000e+01 1.500000000000000000e+01
9.902000000000000000e+03 8.276000000000000000e+03 2.818000000000000114e+02 1.100000000000000000e+01 1.300000000000000000e+01
9.868000000000000000e+03 8.308000000000000000e+03 2.623000000000000114e+02 1.019999999999999929e+01 1.500000000000000000e+01
9.864000000000000000e+03 8.225000000000000000e+03 2.226999999999999886e+02 1.200000000000000000e+01 1.600000000000000000e+01
9.868000000000000000e+03 8.357000000000000000e+03 3.323999999999999773e+02 1.100000000000000000e+01 1.300000000000000000e+01
9.886000000000000000e+03 8.401000000000000000e+03 2.275000000000000000e+02 1.100000000000000000e+01 1.700000000000000000e+01
9.855000000000000000e+03 8.300000000000000000e+03 2.215999999999999943e+02 1.100000000000000000e+01 1.500000000000000000e+01
9.850000000000000000e+03 8.252000000000000000e+03 2.331999999999999886e+02 1.200000000000000000e+01 1.900000000000000000e+01
9.866000000000000000e+03 8.351000000000000000e+03 2.428000000000000114e+02 1.100000000000000000e+01 1.500000000000000000e+01
9.875000000000000000e+03 8.284000000000000000e+03 2.306999999999999886e+02 1.100000000000000000e+01 1.300000000000000000e+01
9.857000000000000000e+03 8.284000000000000000e+03 2.905000000000000000e+02 1.100000000000000000e+01 1.500000000000000000e+01
9.861000000000000000e+03 8.328000000000000000e+03 2.821000000000000227e+02 1.200000000000000000e+01 1.500000000000000000e+01
9.859000000000000000e+03 8.323000000000000000e+03 2.955000000000000000e+02 1.100000000000000000e+01 1.300000000000000000e+01
9.859000000000000000e+03 8.345000000000000000e+03 2.580000000000000000e+02 1.200000000000000000e+01 1.400000000000000000e+01
9.874000000000000000e+03 8.314000000000000000e+03 2.360000000000000000e+02 1.100000000000000000e+01 1.200000000000000000e+01
9.858000000000000000e+03 8.277000000000000000e+03 3.285000000000000000e+02 1.150000000000000000e+01 1.500000000000000000e+01
9.846000000000000000e+03 8.284000000000000000e+03 2.168000000000000114e+02 1.200000000000000000e+01 1.200000000000000000e+01
9.853000000000000000e+03 8.315000000000000000e+03 2.275999999999999943e+02 1.130000000000000071e+01 1.600000000000000000e+01
9.867000000000000000e+03 8.348000000000000000e+03 2.838999999999999773e+02 1.250000000000000000e+01 1.600000000000000000e+01
9.863000000000000000e+03 8.387000000000000000e+03 2.334000000000000057e+02 1.100000000000000000e+01 1.200000000000000000e+01
9.884000000000000000e+03 8.296000000000000000e+03 2.626000000000000227e+02 1.100000000000000000e+01 1.400000000000000000e+01
9.877000000000000000e+03 8.340000000000000000e+03 2.430999999999999943e+02 1.100000000000000000e+01 1.500000000000000000e+01
9.853000000000000000e+03 8.378000000000000000e+03 2.763000000000000114e+02 1.100000000000000000e+01 1.500000000000000000e+01
9.863000000000000000e+03 8.309000000000000000e+03 2.355999999999999943e+02 1.040000000000000036e+01 1.500000000000000000e+01
9.855000000000000000e+03 8.339000000000000000e+03 2.318000000000000114e+02 1.009999999999999964e+01 1.200000000000000000e+01
9.871000000000000000e+03 8.292000000000000000e+03 3.028000000000000114e+02 1.109999999999999964e+01 1.600000000000000000e+01
9.881000000000000000e+03 8.314000000000000000e+03 2.886999999999999886e+02 1.100000000000000000e+01 1.300000000000000000e+01
9.870000000000000000e+03 8.390000000000000000e+03 2.355000000000000000e+02 1.200000000000000000e+01 1.200000000000000000e+01
9.867000000000000000e+03 8.280000000000000000e+03 2.096999999999999886e+02 1.100000000000000000e+01 1.400000000000000000e+01
9.854000000000000000e+03 8.273000000000000000e+03 2.490999999999999943e+02 1.100000000000000000e+01 1.700000000000000000e+01
9.874000000000000000e+03 8.370000000000000000e+03 2.856000000000000227e+02 1.100000000000000000e+01 1.300000000000000000e+01
9.857000000000000000e+03 8.321000000000000000e+03 2.050000000000000000e+02 1.100000000000000000e+01 1.500000000000000000e+01
9.849000000000000000e+03 8.374000000000000000e+03 2.111999999999999886e+02 1.100000000000000000e+01 1.300000000000000000e+01
9.851000000000000000e+03 8.346000000000000000e+03 1.979000000000000057e+02 1.130000000000000071e+01 1.400000000000000000e+01
9.872000000000000000e+03 8.347000000000000000e+03 2.596000000000000227e+02 1.130000000000000071e+01 1.400000000000000000e+01
9.875000000000000000e+03 8.294000000000000000e+03 2.200999999999999943e+02 1.100000000000000000e+01 1.200000000000000000e+01
9.873000000000000000e+03 8.314000000000000000e+03 2.788999999999999773e+02 1.200000000000000000e+01 1.300000000000000000e+01
9.863000000000000000e+03 8.322000000000000000e+03 2.500000000000000000e+02 1.100000000000000000e+01 1.500000000000000000e+01
9.894000000000000000e+03 8.278000000000000000e+03 3.126000000000000227e+02 1.219999999999999929e+01 1.500000000000000000e+01
9.871000000000000000e+03 8.339000000000000000e+03 2.205999999999999943e+02 1.009999999999999964e+01 1.400000000000000000e+01
9.849000000000000000e+03 8.332000000000000000e+03 3.065000000000000000e+02 1.100000000000000000e+01 1.300000000000000000e+01
9.857000000000000000e+03 8.183000000000000000e+03 2.130000000000000000e+02 1.100000000000000000e+01 1.200000000000000000e+01
9.854000000000000000e+03 8.300000000000000000e+03 3.210000000000000000e+02 1.100000000000000000e+01 1.400000000000000000e+01
9.878000000000000000e+03 8.241000000000000000e+03 2.445000000000000000e+02 1.200000000000000000e+01 1.300000000000000000e+01
9.850000000000000000e+03 8.367000000000000000e+03 2.075000000000000000e+02 1.300000000000000000e+01 1.200000000000000000e+01
9.881000000000000000e+03 8.381000000000000000e+03 2.706000000000000227e+02 1.100000000000000000e+01 1.400000000000000000e+01
9.873000000000000000e+03 8.368000000000000000e+03 2.876000000000000227e+02 1.300000000000000000e+01 1.200000000000000000e+01
9.858000000000000000e+03 8.259000000000000000e+03 3.736000000000000227e+02 1.150000000000000000e+01 1.300000000000000000e+01
