9.689000000000000000e+03 8.127000000000000000e+03 9.500000000000000000e+01 4.000000000000000000e+00 1.790000000000000000e+02
9.686000000000000000e+03 8.064000000000000000e+03 9.520000000000000284e+01 3.399999999999999911e+00 2.050000000000000000e+02
9.695000000000000000e+03 8.138000000000000000e+03 1.072999999999999972e+02 3.600000000000000089e+00 1.890000000000000000e+02
9.656000000000000000e+03 7.957000000000000000e+03 9.079999999999999716e+01 3.600000000000000089e+00 1.780000000000000000e+02
9.634000000000000000e+03 8.039000000000000000e+03 1.110000000000000000e+02 3.700000000000000178e+00 1.840000000000000000e+02
9.696000000000000000e+03 8.169000000000000000e+03 8.629999999999999716e+01 3.399999999999999911e+00 1.720000000000000000e+02
9.674000000000000000e+03 8.037000000000000000e+03 7.670000000000000284e+01 3.500000000000000000e+00 1.870000000000000000e+02
9.708000000000000000e+03 8.062000000000000000e+03 1.207999999999999972e+02 4.000000000000000000e+00 1.940000000000000000e+02
9.642000000000000000e+03 8.080000000000000000e+03 8.940000000000000568e+01 3.500000000000000000e+00 1.920000000000000000e+02
9.682000000000000000e+03 8.007000000000000000e+03 8.320000000000000284e+01 3.600000000000000089e+00 1.940000000000000000e+02
9.673000000000000000e+03 8.038000000000000000e+03 1.030999999999999943e+02 3.600000000000000089e+00 1.830000000000000000e+02
9.656000000000000000e+03 8.069000000000000000e+03 7.279999999999999716e+01 4.000000000000000000e+00 1.970000000000000000e+02
9.665000000000000000e+03 8.026000000000000000e+03 8.620000000000000284e+01 3.799999999999999822e+00 1.840000000000000000e+02
9.656000000000000000e+03 8.081000000000000000e+03 8.140000000000000568e+01 3.399999999999999911e+00 1.770000000000000000e+02
9.665000000000000000e+03 8.047000000000000000e+03 7.359999999999999432e+01 3.700000000000000178e+00 1.820000000000000000e+02
9.699000000000000000e+03 8.136000000000000000e+03 1.005999999999999943e+02 4.000000000000000000e+00 1.780000000000000000e+02
9.668000000000000000e+03 8.014000000000000000e+03 7.490000000000000568e+01 3.600000000000000089e+00 2.000000000000000000e+02
9.688000000000000000e+03 8.117000000000000000e+03 7.670000000000000284e+01 3.500000000000000000e+00 1.890000000000000000e+02
9.707000000000000000e+03 8.163000000000000000e+03 1.015999999999999943e+02 4.000000000000000000e+00 1.880000000000000000e+02
9.671000000000000000e+03 8.035000000000000000e+03 1.092999999999999972e+02 3.600000000000000089e+00 2.000000000000000000e+02
9.678000000000000000e+03 8.089000000000000000e+03 8.859999999999999432e+01 4.000000000000000000e+00 1.900000000000000000e+02
9.699000000000000000e+03 8.085000000000000000e+03 7.209999999999999432e+01 3.500000000000000000e+00 1.840000000000000000e+02
9.663000000000000000e+03 8.075000000000000000e+03 8.459999999999999432e+01 4.000000000000000000e+00 1.650000000000000000e+02
9.691000000000000000e+03 8.024000000000000000e+03 8.990000000000000568e+01 3.500000000000000000e+00 1.810000000000000000e+02
9.672000000000000000e+03 8.091000000000000000e+03 7.940000000000000568e+01 3.600000000000000089e+00 1.820000000000000000e+02
9.689000000000000000e+03 8.003000000000000000e+03 8.790000000000000568e+01 4.000000000000000000e+00 1.810000000000000000e+02
9.706000000000000000e+03 8.009000000000000000e+03 7.340000000000000568e+01 3.600000000000000089e+00 1.990000000000000000e+02
9.659000000000000000e+03 7.998000000000000000e+03 9.340000000000000568e+01 3.700000000000000178e+00 1.700000000000000000e+02
9.672000000000000000e+03 8.028000000000000000e+03 8.029999999999999716e+01 3.600000000000000089e+00 1.740000000000000000e+02
9.685000000000000000e+03 8.091000000000000000e+03 7.640000000000000568e+01 3.500000000000000000e+00 1.720000000000000000e+02
9.679000000000000000e+03 8.053000000000000000e+03 7.620000000000000284e+01 3.500000000000000000e+00 1.780000000000000000e+02
9.693000000000000000e+03 8.069000000000000000e+03 6.320000000000000284e+01 3.500000000000000000e+00 1.760000000000000000e+02
9.681000000000000000e+03 8.054000000000000000e+03 7.920000000000000284e+01 3.600000000000000089e+00 1.670000000000000000e+02
9.691000000000000000e+03 8.150000000000000000e+03 7.920000000000000284e+01 4.000000000000000000e+00 1.680000000000000000e+02
9.696000000000000000e+03 7.999000000000000000e+03 9.809999999999999432e+01 3.500000000000000000e+00 1.800000000000000000e+02
9.655000000000000000e+03 8.114000000000000000e+03 7.750000000000000000e+01 3.399999999999999911e+00 1.690000000000000000e+02
9.697000000000000000e+03 7.988000000000000000e+03 7.950000000000000000e+01 3.600000000000000089e+00 1.750000000000000000e+02
9.678000000000000000e+03 8.067000000000000000e+03 7.050000000000000000e+01 3.600000000000000089e+00 1.700000000000000000e+02
9.681000000000000000e+03 8.171000000000000000e+03 7.590000000000000568e+01 3.600000000000000089e+00 1.820000000000000000e+02
9.703000000000000000e+03 8.101000000000000000e+03 6.820000000000000284e+01 4.000000000000000000e+00 1.930000000000000000e+02
9.680000000000000000e+03 7.967000000000000000e+03 7.909999999999999432e+01 3.600000000000000089e+00 1.760000000000000000e+02
9.685000000000000000e+03 8.076000000000000000e+03 7.340000000000000568e+01 3.500000000000000000e+00 1.980000000000000000e+02
9.685000000000000000e+03 8.218000000000000000e+03 6.339999999999999858e+01 4.000000000000000000e+00 1.940000000000000000e+02
9.679000000000000000e+03 8.158000000000000000e+03 7.829999999999999716e+01 4.000000000000000000e+00 1.890000000000000000e+02
9.678000000000000000e+03 8.061000000000000000e+03 7.850000000000000000e+01 3.600000000000000089e+00 1.710000000000000000e+02
9.694000000000000000e+03 8.115000000000000000e+03 7.700000000000000000e+01 4.000000000000000000e+00 1.750000000000000000e+02
9.679000000000000000e+03 8.270000000000000000e+03 8.129999999999999716e+01 4.000000000000000000e+00 1.780000000000000000e+02
9.681000000000000000e+03 8.116000000000000000e+03 1.057999999999999972e+02 3.299999999999999822e+00 1.770000000000000000e+02
9.682000000000000000e+03 8.009000000000000000e+03 7.300000000000000000e+01 3.700000000000000178e+00 2.050000000000000000e+02
9.672000000000000000e+03 8.040000000000000000e+03 1.007999999999999972e+02 3.500000000000000000e+00 1.900000000000000000e+02
9.676000000000000000e+03 7.977000000000000000e+03 7.400000000000000000e+01 3.700000000000000178e+00 1.750000000000000000e+02
9.705000000000000000e+03 8.189000000000000000e+03 8.179999999999999716e+01 4.000000000000000000e+00 1.870000000000000000e+02
9.674000000000000000e+03 8.037000000000000000e+03 8.450000000000000000e+01 3.600000000000000089e+00 1.710000000000000000e+02
9.682000000000000000e+03 8.088000000000000000e+03 9.479999999999999716e+01 3.500000000000000000e+00 1.760000000000000000e+02
9.686000000000000000e+03 7.979000000000000000e+03 7.559999999999999432e+01 3.700000000000000178e+00 1.820000000000000000e+02
9.681000000000000000e+03 8.044000000000000000e+03 1.290000000000000000e+02 3.399999999999999911e+00 1.860000000000000000e+02
9.707000000000000000e+03 8.049000000000000000e+03 1.099000000000000057e+02 3.399999999999999911e+00 1.810000000000000000e+02
9.682000000000000000e+03 8.081000000000000000e+03 8.420000000000000284e+01 3.500000000000000000e+00 1.710000000000000000e+02
9.659000000000000000e+03 8.110000000000000000e+03 7.009999999999999432e+01 3.500000000000000000e+00 1.970000000000000000e+02
9.676000000000000000e+03 8.085000000000000000e+03 8.029999999999999716e+01 4.000000000000000000e+00 1.830000000000000000e+02
9.713000000000000000e+03 8.185000000000000000e+03 9.050000000000000000e+01 4.000000000000000000e+00 1.730000000000000000e+02
9.677000000000000000e+03 7.903000000000000000e+03 8.190000000000000568e+01 3.600000000000000089e+00 1.770000000000000000e+02
9.667000000000000000e+03 8.035000000000000000e+03 7.529999999999999716e+01 3.799999999999999822e+00 1.990000000000000000e+02
9.675000000000000000e+03 8.040000000000000000e+03 1.012000000000000028e+02 4.000000000000000000e+00 1.840000000000000000e+02
9.685000000000000000e+03 8.035000000000000000e+03 7.770000000000000284e+01 3.600000000000000089e+00 1.840000000000000000e+02
9.670000000000000000e+03 8.013000000000000000e+03 9.040000000000000568e+01 3.600000000000000089e+00 1.860000000000000000e+02
9.676000000000000000e+03 8.035000000000000000e+03 7.400000000000000000e+01 3.600000000000000089e+00 1.780000000000000000e+02
9.692000000000000000e+03 8.009000000000000000e+03 8.370000000000000284e+01 3.600000000000000089e+00 1.740000000000000000e+02
9.668000000000000000e+03 8.053000000000000000e+03 1.205999999999999943e+02 4.000000000000000000e+00 1.930000000000000000e+02
9.698000000000000000e+03 8.224000000000000000e+03 8.400000000000000000e+01 4.000000000000000000e+00 1.610000000000000000e+02
9.683000000000000000e+03 8.130000000000000000e+03 8.779999999999999716e+01 3.399999999999999911e+00 1.940000000000000000e+02
9.681000000000000000e+03 8.076000000000000000e+03 8.390000000000000568e+01 3.500000000000000000e+00 1.830000000000000000e+02
9.645000000000000000e+03 8.102000000000000000e+03 7.290000000000000568e+01 4.000000000000000000e+00 1.970000000000000000e+02
9.682000000000000000e+03 8.076000000000000000e+03 9.520000000000000284e+01 4.000000000000000000e+00 1.690000000000000000e+02
9.714000000000000000e+03 8.059000000000000000e+03 8.790000000000000568e+01 3.700000000000000178e+00 1.900000000000000000e+02
9.685000000000000000e+03 8.040000000000000000e+03 9.109999999999999432e+01 3.600000000000000089e+00 1.860000000000000000e+02
9.690000000000000000e+03 7.973000000000000000e+03 8.629999999999999716e+01 3.600000000000000089e+00 1.790000000000000000e+02
9.693000000000000000e+03 7.997000000000000000e+03 8.920000000000000284e+01 3.700000000000000178e+00 1.810000000000000000e+02
9.670000000000000000e+03 7.994000000000000000e+03 1.019000000000000057e+02 3.700000000000000178e+00 1.690000000000000000e+02
9.671000000000000000e+03 8.035000000000000000e+03 8.229999999999999716e+01 4.299999999999999822e+00 1.870000000000000000e+02
9.650000000000000000e+03 7.953000000000000000e+03 9.659999999999999432e+01 3.799999999999999822e+00 1.880000000000000000e+02
9.652000000000000000e+03 8.103000000000000000e+03 8.150000000000000000e+01 3.399999999999999911e+00 1.840000000000000000e+02
9.699000000000000000e+03 8.008000000000000000e+03 9.529999999999999716e+01 3.500000000000000000e+00 1.890000000000000000e+02
9.670000000000000000e+03 8.030000000000000000e+03 7.270000000000000284e+01 3.600000000000000089e+00 1.820000000000000000e+02
9.675000000000000000e+03 8.084000000000000000e+03 7.379999999999999716e+01 3.399999999999999911e+00 1.800000000000000000e+02
9.662000000000000000e+03 8.117000000000000000e+03 7.300000000000000000e+01 3.600000000000000089e+00 1.750000000000000000e+02
9.693000000000000000e+03 8.124000000000000000e+03 8.029999999999999716e+01 4.000000000000000000e+00 1.750000000000000000e+02
9.686000000000000000e+03 8.127000000000000000e+03 7.500000000000000000e+01 4.000000000000000000e+00 2.000000000000000000e+02
9.646000000000000000e+03 8.195000000000000000e+03 7.429999999999999716e+01 4.000000000000000000e+00 1.790000000000000000e+02
9.676000000000000000e+03 8.027000000000000000e+03 8.820000000000000284e+01 3.700000000000000178e+00 1.850000000000000000e+02
9.679000000000000000e+03 8.213000000000000000e+03 8.770000000000000284e+01 4.000000000000000000e+00 1.850000000000000000e+02
9.699000000000000000e+03 8.112000000000000000e+03 7.990000000000000568e+01 4.000000000000000000e+00 1.810000000000000000e+02
9.673000000000000000e+03 8.054000000000000000e+03 1.257999999999999972e+02 3.600000000000000089e+00 1.660000000000000000e+02
9.706000000000000000e+03 7.968000000000000000e+03 7.670000000000000284e+01 3.700000000000000178e+00 1.760000000000000000e+02
9.696000000000000000e+03 8.084000000000000000e+03 7.609999999999999432e+01 4.000000000000000000e+00 1.870000000000000000e+02
9.676000000000000000e+03 8.108000000000000000e+03 9.820000000000000284e+01 3.600000000000000089e+00 1.740000000000000000e+02
9.674000000000000000e+03 7.978000000000000000e+03 7.220000000000000284e+01 4.000000000000000000e+00 1.910000000000000000e+02
9.666000000000000000e+03 7.987000000000000000e+03 7.459999999999999432e+01 3.600000000000000089e+00 2.010000000000000000e+02
9.670000000000000000e+03 8.115000000000000000e+03 1.190000000000000000e+02 3.700000000000000178e+00 1.670000000000000000e+02
9.682000000000000000e+03 8.070000000000000000e+03 7.970000000000000284e+01 3.700000000000000178e+00 1.760000000000000000e+02
9.704000000000000000e+03 7.986000000000000000e+03 9.420000000000000284e+01 3.500000000000000000e+00 1.980000000000000000e+02
9.658000000000000000e+03 8.045000000000000000e+03 6.890000000000000568e+01 3.600000000000000089e+00 1.940000000000000000e+02
9.686000000000000000e+03 7.991000000000000000e+03 6.570000000000000284e+01 3.700000000000000178e+00 1.990000000000000000e+02
9.676000000000000000e+03 8.057000000000000000e+03 9.140000000000000568e+01 4.000000000000000000e+00 1.700000000000000000e+02
9.703000000000000000e+03 8.060000000000000000e+03 7.420000000000000284e+01 4.000000000000000000e+00 1.910000000000000000e+02
9.688000000000000000e+03 8.066000000000000000e+03 8.459999999999999432e+01 3.500000000000000000e+00 1.760000000000000000e+02
9.685000000000000000e+03 8.065000000000000000e+03 7.129999999999999716e+01 4.000000000000000000e+00 1.840000000000000000e+02
9.712000000000000000e+03 8.065000000000000000e+03 7.090000000000000568e+01 4.000000000000000000e+00 1.740000000000000000e+02
9.665000000000000000e+03 8.012000000000000000e+03 7.850000000000000000e+01 3.500000000000000000e+00 1.980000000000000000e+02
9.654000000000000000e+03 8.280000000000000000e+03 8.909999999999999432e+01 4.000000000000000000e+00 1.910000000000000000e+02
9.670000000000000000e+03 7.975000000000000000e+03 8.890000000000000568e+01 3.799999999999999822e+00 1.840000000000000000e+02
9.690000000000000000e+03 8.132000000000000000e+03 8.379999999999999716e+01 3.500000000000000000e+00 1.740000000000000000e+02
9.678000000000000000e+03 8.133000000000000000e+03 7.959999999999999432e+01 4.000000000000000000e+00 1.750000000000000000e+02
9.696000000000000000e+03 7.994000000000000000e+03 8.490000000000000568e+01 3.600000000000000089e+00 1.910000000000000000e+02
9.656000000000000000e+03 8.095000000000000000e+03 6.990000000000000568e+01 3.600000000000000089e+00 1.890000000000000000e+02
9.679000000000000000e+03 8.072000000000000000e+03 6.650000000000000000e+01 3.399999999999999911e+00 1.950000000000000000e+02
9.673000000000000000e+03 8.014000000000000000e+03 7.490000000000000568e+01 3.700000000000000178e+00 1.860000000000000000e+02
9.688000000000000000e+03 8.047000000000000000e+03 7.579999999999999716e+01 4.000000000000000000e+00 1.900000000000000000e+02
9.686000000000000000e+03 8.024000000000000000e+03 6.879999999999999716e+01 3.500000000000000000e+00 1.700000000000000000e+02
9.673000000000000000e+03 8.083000000000000000e+03 9.229999999999999716e+01 4.000000000000000000e+00 1.760000000000000000e+02
9.684000000000000000e+03 8.048000000000000000e+03 1.072000000000000028e+02 4.000000000000000000e+00 1.780000000000000000e+02
9.700000000000000000e+03 8.085000000000000000e+03 7.290000000000000568e+01 3.600000000000000089e+00 1.970000000000000000e+02
9.678000000000000000e+03 8.018000000000000000e+03 6.659999999999999432e+01 3.700000000000000178e+00 1.830000000000000000e+02
9.649000000000000000e+03 8.057000000000000000e+03 8.090000000000000568e+01 4.000000000000000000e+00 1.770000000000000000e+02
9.631000000000000000e+03 7.942000000000000000e+03 1.010999999999999943e+02 3.600000000000000089e+00 1.840000000000000000e+02
9.680000000000000000e+03 7.971000000000000000e+03 7.059999999999999432e+01 3.500000000000000000e+00 1.890000000000000000e+02
9.695000000000000000e+03 8.036000000000000000e+03 6.809999999999999432e+01 3.600000000000000089e+00 1.820000000000000000e+02
9.683000000000000000e+03 8.067000000000000000e+03 7.290000000000000568e+01 3.600000000000000089e+00 2.070000000000000000e+02
9.654000000000000000e+03 8.026000000000000000e+03 9.570000000000000284e+01 3.600000000000000089e+00 1.810000000000000000e+02
9.677000000000000000e+03 8.024000000000000000e+03 6.840000000000000568e+01 3.700000000000000178e+00 1.900000000000000000e+02
9.688000000000000000e+03 8.029000000000000000e+03 8.650000000000000000e+01 3.500000000000000000e+00 1.870000000000000000e+02
9.673000000000000000e+03 8.006000000000000000e+03 8.709999999999999432e+01 3.600000000000000089e+00 1.790000000000000000e+02
9.673000000000000000e+03 8.135000000000000000e+03 7.450000000000000000e+01 4.000000000000000000e+00 1.880000000000000000e+02
9.715000000000000000e+03 8.066000000000000000e+03 1.054000000000000057e+02 4.000000000000000000e+00 1.970000000000000000e+02
9.712000000000000000e+03 7.991000000000000000e+03 7.609999999999999432e+01 3.700000000000000178e+00 1.700000000000000000e+02
9.646000000000000000e+03 8.052000000000000000e+03 8.670000000000000284e+01 3.500000000000000000e+00 1.960000000000000000e+02
9.651000000000000000e+03 8.110000000000000000e+03 7.959999999999999432e+01 3.500000000000000000e+00 1.850000000000000000e+02
9.671000000000000000e+03 8.154000000000000000e+03 6.750000000000000000e+01 4.000000000000000000e+00 1.840000000000000000e+02
9.660000000000000000e+03 8.061000000000000000e+03 8.279999999999999716e+01 3.600000000000000089e+00 1.740000000000000000e+02
9.708000000000000000e+03 8.118000000000000000e+03 9.009999999999999432e+01 3.500000000000000000e+00 1.850000000000000000e+02
9.694000000000000000e+03 8.164000000000000000e+03 7.570000000000000284e+01 4.000000000000000000e+00 1.740000000000000000e+02
9.674000000000000000e+03 8.159000000000000000e+03 9.350000000000000000e+01 4.000000000000000000e+00 1.860000000000000000e+02
9.703000000000000000e+03 8.049000000000000000e+03 7.600000000000000000e+01 3.399999999999999911e+00 1.870000000000000000e+02
9.683000000000000000e+03 8.084000000000000000e+03 1.190000000000000000e+02 4.000000000000000000e+00 1.830000000000000000e+02
9.633000000000000000e+03 7.972000000000000000e+03 9.470000000000000284e+01 3.700000000000000178e+00 1.890000000000000000e+02
9.692000000000000000e+03 8.220000000000000000e+03 1.245000000000000000e+02 4.000000000000000000e+00 1.980000000000000000e+02
9.696000000000000000e+03 8.021000000000000000e+03 8.479999999999999716e+01 3.700000000000000178e+00 1.830000000000000000e+02
9.677000000000000000e+03 8.082000000000000000e+03 7.720000000000000284e+01 4.000000000000000000e+00 1.830000000000000000e+02
9.670000000000000000e+03 8.038000000000000000e+03 9.809999999999999432e+01 3.500000000000000000e+00 1.920000000000000000e+02
9.663000000000000000e+03 8.137000000000000000e+03 7.879999999999999716e+01 4.000000000000000000e+00 1.870000000000000000e+02
9.698000000000000000e+03 8.195000000000000000e+03 7.159999999999999432e+01 4.000000000000000000e+00 1.880000000000000000e+02
9.694000000000000000e+03 8.106000000000000000e+03 8.329999999999999716e+01 3.500000000000000000e+00 2.040000000000000000e+02
9.668000000000000000e+03 8.048000000000000000e+03 7.209999999999999432e+01 3.600000000000000089e+00 1.950000000000000000e+02
9.697000000000000000e+03 8.029000000000000000e+03 7.609999999999999432e+01 3.299999999999999822e+00 1.880000000000000000e+02
9.662000000000000000e+03 8.143000000000000000e+03 7.750000000000000000e+01 4.000000000000000000e+00 1.950000000000000000e+02
9.711000000000000000e+03 8.073000000000000000e+03 8.100000000000000000e+01 4.000000000000000000e+00 1.810000000000000000e+02
9.679000000000000000e+03 8.104000000000000000e+03 8.320000000000000284e+01 3.600000000000000089e+00 1.890000000000000000e+02
9.670000000000000000e+03 8.063000000000000000e+03 8.709999999999999432e+01 3.700000000000000178e+00 1.850000000000000000e+02
9.687000000000000000e+03 8.029000000000000000e+03 7.990000000000000568e+01 3.500000000000000000e+00 1.710000000000000000e+02
9.688000000000000000e+03 8.054000000000000000e+03 8.020000000000000284e+01 3.700000000000000178e+00 1.820000000000000000e+02
9.659000000000000000e+03 8.067000000000000000e+03 7.809999999999999432e+01 3.799999999999999822e+00 1.850000000000000000e+02
9.677000000000000000e+03 8.086000000000000000e+03 7.479999999999999716e+01 3.600000000000000089e+00 1.890000000000000000e+02
9.694000000000000000e+03 8.143000000000000000e+03 1.177000000000000028e+02 4.000000000000000000e+00 1.760000000000000000e+02
9.669000000000000000e+03 8.046000000000000000e+03 7.200000000000000000e+01 3.500000000000000000e+00 1.810000000000000000e+02
9.686000000000000000e+03 7.937000000000000000e+03 9.690000000000000568e+01 3.700000000000000178e+00 2.000000000000000000e+02
9.662000000000000000e+03 8.158000000000000000e+03 7.420000000000000284e+01 3.399999999999999911e+00 1.790000000000000000e+02
9.690000000000000000e+03 8.073000000000000000e+03 7.759999999999999432e+01 3.500000000000000000e+00 1.870000000000000000e+02
9.681000000000000000e+03 7.987000000000000000e+03 9.179999999999999716e+01 3.700000000000000178e+00 1.980000000000000000e+02
9.682000000000000000e+03 8.097000000000000000e+03 8.770000000000000284e+01 3.700000000000000178e+00 1.770000000000000000e+02
9.684000000000000000e+03 8.062000000000000000e+03 6.679999999999999716e+01 3.399999999999999911e+00 1.770000000000000000e+02
9.677000000000000000e+03 7.996000000000000000e+03 8.500000000000000000e+01 3.700000000000000178e+00 1.720000000000000000e+02
9.675000000000000000e+03 8.177000000000000000e+03 8.429999999999999716e+01 4.000000000000000000e+00 1.770000000000000000e+02
9.652000000000000000e+03 8.076000000000000000e+03 7.400000000000000000e+01 3.600000000000000089e+00 1.970000000000000000e+02
9.654000000000000000e+03 8.074000000000000000e+03 7.779999999999999716e+01 3.500000000000000000e+00 1.990000000000000000e+02
9.650000000000000000e+03 8.075000000000000000e+03 6.429999999999999716e+01 4.000000000000000000e+00 1.880000000000000000e+02
9.658000000000000000e+03 7.964000000000000000e+03 9.340000000000000568e+01 3.500000000000000000e+00 1.760000000000000000e+02
9.694000000000000000e+03 8.078000000000000000e+03 8.320000000000000284e+01 3.600000000000000089e+00 1.950000000000000000e+02
9.661000000000000000e+03 8.015000000000000000e+03 8.009999999999999432e+01 3.500000000000000000e+00 1.840000000000000000e+02
9.650000000000000000e+03 8.030000000000000000e+03 8.879999999999999716e+01 3.600000000000000089e+00 1.740000000000000000e+02
9.699000000000000000e+03 8.274000000000000000e+03 8.450000000000000000e+01 4.000000000000000000e+00 1.660000000000000000e+02
9.681000000000000000e+03 8.056000000000000000e+03 7.450000000000000000e+01 3.500000000000000000e+00 1.950000000000000000e+02
9.653000000000000000e+03 8.059000000000000000e+03 1.320999999999999943e+02 3.700000000000000178e+00 1.760000000000000000e+02
9.700000000000000000e+03 8.094000000000000000e+03 8.029999999999999716e+01 4.000000000000000000e+00 1.900000000000000000e+02
9.678000000000000000e+03 8.061000000000000000e+03 7.129999999999999716e+01 4.000000000000000000e+00 1.820000000000000000e+02
9.663000000000000000e+03 8.120000000000000000e+03 8.750000000000000000e+01 3.500000000000000000e+00 1.840000000000000000e+02
9.676000000000000000e+03 7.995000000000000000e+03 7.720000000000000284e+01 3.600000000000000089e+00 2.100000000000000000e+02
9.676000000000000000e+03 8.247000000000000000e+03 7.979999999999999716e+01 4.000000000000000000e+00 1.760000000000000000e+02
9.672000000000000000e+03 8.047000000000000000e+03 7.709999999999999432e+01 4.000000000000000000e+00 1.920000000000000000e+02
9.684000000000000000e+03 8.015000000000000000e+03 7.970000000000000284e+01 3.500000000000000000e+00 1.920000000000000000e+02
9.675000000000000000e+03 8.068000000000000000e+03 7.700000000000000000e+01 3.600000000000000089e+00 1.750000000000000000e+02
9.657000000000000000e+03 8.137000000000000000e+03 6.310000000000000142e+01 4.000000000000000000e+00 2.060000000000000000e+02
9.689000000000000000e+03 7.958000000000000000e+03 8.600000000000000000e+01 3.700000000000000178e+00 1.800000000000000000e+02
9.661000000000000000e+03 8.027000000000000000e+03 8.490000000000000568e+01 3.600000000000000089e+00 1.790000000000000000e+02
9.669000000000000000e+03 8.064000000000000000e+03 7.909999999999999432e+01 4.000000000000000000e+00 1.870000000000000000e+02
9.681000000000000000e+03 8.011000000000000000e+03 9.450000000000000000e+01 3.700000000000000178e+00 1.800000000000000000e+02
9.651000000000000000e+03 8.052000000000000000e+03 7.350000000000000000e+01 4.000000000000000000e+00 1.780000000000000000e+02
9.673000000000000000e+03 8.034000000000000000e+03 8.000000000000000000e+01 3.700000000000000178e+00 1.960000000000000000e+02
9.703000000000000000e+03 8.045000000000000000e+03 7.609999999999999432e+01 3.700000000000000178e+00 1.720000000000000000e+02
9.677000000000000000e+03 8.074000000000000000e+03 7.779999999999999716e+01 3.299999999999999822e+00 1.710000000000000000e+02
9.683000000000000000e+03 8.067000000000000000e+03 7.859999999999999432e+01 3.500000000000000000e+00 1.810000000000000000e+02
9.690000000000000000e+03 8.089000000000000000e+03 8.209999999999999432e+01 3.500000000000000000e+00 1.650000000000000000e+02
9.697000000000000000e+03 8.073000000000000000e+03 1.162999999999999972e+02 3.500000000000000000e+00 1.910000000000000000e+02
9.687000000000000000e+03 8.177000000000000000e+03 1.515999999999999943e+02 4.000000000000000000e+00 1.910000000000000000e+02
9.676000000000000000e+03 7.975000000000000000e+03 8.879999999999999716e+01 3.799999999999999822e+00 1.790000000000000000e+02
9.662000000000000000e+03 8.149000000000000000e+03 6.959999999999999432e+01 4.000000000000000000e+00 1.860000000000000000e+02
9.672000000000000000e+03 8.042000000000000000e+03 8.950000000000000000e+01 3.399999999999999911e+00 1.880000000000000000e+02
9.706000000000000000e+03 8.019000000000000000e+03 7.659999999999999432e+01 3.600000000000000089e+00 1.890000000000000000e+02
9.677000000000000000e+03 8.052000000000000000e+03 8.220000000000000284e+01 4.000000000000000000e+00 1.820000000000000000e+02
9.639000000000000000e+03 8.128000000000000000e+03 8.409999999999999432e+01 4.000000000000000000e+00 1.780000000000000000e+02
9.677000000000000000e+03 8.108000000000000000e+03 7.709999999999999432e+01 3.500000000000000000e+00 1.880000000000000000e+02
9.655000000000000000e+03 8.007000000000000000e+03 7.990000000000000568e+01 3.500000000000000000e+00 1.700000000000000000e+02
9.646000000000000000e+03 7.980000000000000000e+03 1.019000000000000057e+02 3.700000000000000178e+00 1.900000000000000000e+02
9.660000000000000000e+03 8.056000000000000000e+03 1.129000000000000057e+02 3.500000000000000000e+00 1.750000000000000000e+02
9.671000000000000000e+03 7.999000000000000000e+03 7.650000000000000000e+01 3.600000000000000089e+00 1.740000000000000000e+02
9.680000000000000000e+03 8.067000000000000000e+03 7.850000000000000000e+01 3.600000000000000089e+00 1.840000000000000000e+02
9.694000000000000000e+03 8.069000000000000000e+03 7.629999999999999716e+01 4.000000000000000000e+00 1.780000000000000000e+02
9.670000000000000000e+03 8.002000000000000000e+03 7.920000000000000284e+01 3.799999999999999822e+00 1.690000000000000000e+02
9.675000000000000000e+03 8.006000000000000000e+03 9.290000000000000568e+01 3.799999999999999822e+00 1.960000000000000000e+02
9.654000000000000000e+03 8.020000000000000000e+03 7.820000000000000284e+01 3.700000000000000178e+00 1.750000000000000000e+02
9.674000000000000000e+03 8.015000000000000000e+03 6.470000000000000284e+01 3.500000000000000000e+00 1.810000000000000000e+02
9.684000000000000000e+03 7.961000000000000000e+03 1.125000000000000000e+02 3.600000000000000089e+00 1.900000000000000000e+02
9.668000000000000000e+03 8.003000000000000000e+03 6.470000000000000284e+01 3.600000000000000089e+00 1.870000000000000000e+02
9.664000000000000000e+03 8.185000000000000000e+03 6.909999999999999432e+01 4.000000000000000000e+00 1.750000000000000000e+02
9.680000000000000000e+03 8.101000000000000000e+03 8.020000000000000284e+01 3.600000000000000089e+00 1.870000000000000000e+02
9.706000000000000000e+03 8.077000000000000000e+03 9.500000000000000000e+01 3.600000000000000089e+00 1.830000000000000000e+02
9.683000000000000000e+03 8.040000000000000000e+03 7.879999999999999716e+01 3.700000000000000178e+00 1.850000000000000000e+02
9.694000000000000000e+03 8.171000000000000000e+03 9.240000000000000568e+01 4.099999999999999645e+00 1.910000000000000000e+02
9.673000000000000000e+03 8.094000000000000000e+03 7.470000000000000284e+01 3.500000000000000000e+00 1.820000000000000000e+02
9.667000000000000000e+03 8.068000000000000000e+03 1.119000000000000057e+02 3.700000000000000178e+00 1.800000000000000000e+02
9.704000000000000000e+03 8.056000000000000000e+03 8.709999999999999432e+01 3.399999999999999911e+00 1.660000000000000000e+02
9.653000000000000000e+03 8.019000000000000000e+03 7.500000000000000000e+01 3.500000000000000000e+00 1.970000000000000000e+02
9.690000000000000000e+03 7.961000000000000000e+03 7.070000000000000284e+01 3.600000000000000089e+00 1.910000000000000000e+02
9.719000000000000000e+03 8.092000000000000000e+03 1.065000000000000000e+02 3.500000000000000000e+00 1.970000000000000000e+02
9.694000000000000000e+03 8.016000000000000000e+03 7.240000000000000568e+01 3.700000000000000178e+00 1.880000000000000000e+02
9.698000000000000000e+03 8.084000000000000000e+03 7.890000000000000568e+01 3.399999999999999911e+00 1.770000000000000000e+02
9.696000000000000000e+03 8.060000000000000000e+03 9.450000000000000000e+01 4.000000000000000000e+00 1.920000000000000000e+02
9.651000000000000000e+03 8.001000000000000000e+03 7.050000000000000000e+01 3.600000000000000089e+00 1.700000000000000000e+02
9.707000000000000000e+03 8.251000000000000000e+03 1.135999999999999943e+02 4.000000000000000000e+00 1.850000000000000000e+02
9.700000000000000000e+03 7.983000000000000000e+03 1.014000000000000057e+02 3.600000000000000089e+00 1.920000000000000000e+02
9.697000000000000000e+03 8.111000000000000000e+03 1.112999999999999972e+02 4.000000000000000000e+00 1.900000000000000000e+02
9.694000000000000000e+03 8.098000000000000000e+03 9.740000000000000568e+01 4.000000000000000000e+00 1.910000000000000000e+02
9.676000000000000000e+03 8.206000000000000000e+03 1.000999999999999943e+02 4.000000000000000000e+00 1.870000000000000000e+02
9.680000000000000000e+03 8.152000000000000000e+03 9.390000000000000568e+01 4.000000000000000000e+00 1.790000000000000000e+02
9.665000000000000000e+03 7.997000000000000000e+03 9.850000000000000000e+01 4.000000000000000000e+00 1.690000000000000000e+02
9.689000000000000000e+03 8.129000000000000000e+03 8.590000000000000568e+01 3.399999999999999911e+00 1.900000000000000000e+02
9.669000000000000000e+03 8.042000000000000000e+03 9.609999999999999432e+01 3.700000000000000178e+00 2.050000000000000000e+02
9.679000000000000000e+03 8.000000000000000000e+03 8.829999999999999716e+01 3.700000000000000178e+00 1.810000000000000000e+02
9.678000000000000000e+03 8.070000000000000000e+03 8.150000000000000000e+01 3.700000000000000178e+00 1.750000000000000000e+02
9.700000000000000000e+03 8.143000000000000000e+03 8.550000000000000000e+01 3.500000000000000000e+00 1.810000000000000000e+02
9.671000000000000000e+03 8.025000000000000000e+03 7.709999999999999432e+01 3.700000000000000178e+00 1.850000000000000000e+02
