9.240000000000000000e+03 6.550000000000000000e+03 1.471999999999999886e+02 1.250000000000000000e+01 7.200000000000000000e+01
9.280000000000000000e+03 7.083000000000000000e+03 1.430000000000000000e+02 1.109999999999999964e+01 7.100000000000000000e+01
9.281000000000000000e+03 6.513000000000000000e+03 1.349000000000000057e+02 1.369999999999999929e+01 6.600000000000000000e+01
9.249000000000000000e+03 6.379000000000000000e+03 1.247999999999999972e+02 1.240000000000000036e+01 6.900000000000000000e+01
9.214000000000000000e+03 6.436000000000000000e+03 1.222000000000000028e+02 1.250000000000000000e+01 7.100000000000000000e+01
9.232000000000000000e+03 6.514000000000000000e+03 1.405999999999999943e+02 1.309999999999999964e+01 6.400000000000000000e+01
9.222000000000000000e+03 6.320000000000000000e+03 1.304000000000000057e+02 1.240000000000000036e+01 6.700000000000000000e+01
9.255000000000000000e+03 6.302000000000000000e+03 1.491999999999999886e+02 1.290000000000000036e+01 7.000000000000000000e+01
9.277000000000000000e+03 6.417000000000000000e+03 1.500999999999999943e+02 1.319999999999999929e+01 7.400000000000000000e+01
9.218000000000000000e+03 6.305000000000000000e+03 1.350999999999999943e+02 1.330000000000000071e+01 6.200000000000000000e+01
9.288000000000000000e+03 6.523000000000000000e+03 1.595999999999999943e+02 1.280000000000000071e+01 6.800000000000000000e+01
9.269000000000000000e+03 6.166000000000000000e+03 1.570000000000000000e+02 1.450000000000000000e+01 6.600000000000000000e+01
9.252000000000000000e+03 6.522000000000000000e+03 1.227999999999999972e+02 1.319999999999999929e+01 6.900000000000000000e+01
9.233000000000000000e+03 6.498000000000000000e+03 1.483000000000000114e+02 1.390000000000000036e+01 6.900000000000000000e+01
9.234000000000000000e+03 6.441000000000000000e+03 1.739000000000000057e+02 1.230000000000000071e+01 7.200000000000000000e+01
9.254000000000000000e+03 6.161000000000000000e+03 1.450999999999999943e+02 1.340000000000000036e+01 6.700000000000000000e+01
9.254000000000000000e+03 6.241000000000000000e+03 1.644000000000000057e+02 1.230000000000000071e+01 7.000000000000000000e+01
9.283000000000000000e+03 6.816000000000000000e+03 1.350000000000000000e+02 1.250000000000000000e+01 7.300000000000000000e+01
9.256000000000000000e+03 6.445000000000000000e+03 1.475999999999999943e+02 1.230000000000000071e+01 7.300000000000000000e+01
9.264000000000000000e+03 6.429000000000000000e+03 1.850000000000000000e+02 1.180000000000000071e+01 6.500000000000000000e+01
9.258000000000000000e+03 6.711000000000000000e+03 1.340999999999999943e+02 1.250000000000000000e+01 6.700000000000000000e+01
9.262000000000000000e+03 6.471000000000000000e+03 1.560000000000000000e+02 1.330000000000000071e+01 7.100000000000000000e+01
9.216000000000000000e+03 6.562000000000000000e+03 1.568000000000000114e+02 1.300000000000000000e+01 6.900000000000000000e+01
9.225000000000000000e+03 6.440000000000000000e+03 1.389000000000000057e+02 1.250000000000000000e+01 6.900000000000000000e+01
9.231000000000000000e+03 6.629000000000000000e+03 1.575999999999999943e+02 1.250000000000000000e+01 6.900000000000000000e+01
9.297000000000000000e+03 6.625000000000000000e+03 2.203000000000000114e+02 1.280000000000000071e+01 7.100000000000000000e+01
9.251000000000000000e+03 6.405000000000000000e+03 1.534000000000000057e+02 1.250000000000000000e+01 7.000000000000000000e+01
9.220000000000000000e+03 6.188000000000000000e+03 1.605999999999999943e+02 1.219999999999999929e+01 6.500000000000000000e+01
9.274000000000000000e+03 6.600000000000000000e+03 1.378000000000000114e+02 1.240000000000000036e+01 6.700000000000000000e+01
9.244000000000000000e+03 6.342000000000000000e+03 1.720000000000000000e+02 1.269999999999999929e+01 6.900000000000000000e+01
9.261000000000000000e+03 6.589000000000000000e+03 1.310999999999999943e+02 1.259999999999999964e+01 6.500000000000000000e+01
9.253000000000000000e+03 6.208000000000000000e+03 1.616999999999999886e+02 1.269999999999999929e+01 6.600000000000000000e+01
9.280000000000000000e+03 6.764000000000000000e+03 1.665000000000000000e+02 1.150000000000000000e+01 7.000000000000000000e+01
9.228000000000000000e+03 6.053000000000000000e+03 1.279000000000000057e+02 1.380000000000000071e+01 6.300000000000000000e+01
9.243000000000000000e+03 6.326000000000000000e+03 1.501999999999999886e+02 1.280000000000000071e+01 7.200000000000000000e+01
9.261000000000000000e+03 6.332000000000000000e+03 1.625999999999999943e+02 1.150000000000000000e+01 6.700000000000000000e+01
9.232000000000000000e+03 6.498000000000000000e+03 1.655000000000000000e+02 1.350000000000000000e+01 7.000000000000000000e+01
9.258000000000000000e+03 6.598000000000000000e+03 1.305999999999999943e+02 1.330000000000000071e+01 7.000000000000000000e+01
9.252000000000000000e+03 6.234000000000000000e+03 2.180999999999999943e+02 1.369999999999999929e+01 6.300000000000000000e+01
9.262000000000000000e+03 6.561000000000000000e+03 2.126999999999999886e+02 1.230000000000000071e+01 7.000000000000000000e+01
9.261000000000000000e+03 6.776000000000000000e+03 1.570999999999999943e+02 1.269999999999999929e+01 7.300000000000000000e+01
9.292000000000000000e+03 6.580000000000000000e+03 2.054000000000000057e+02 1.159999999999999964e+01 7.000000000000000000e+01
9.260000000000000000e+03 6.748000000000000000e+03 2.215000000000000000e+02 1.330000000000000071e+01 7.000000000000000000e+01
9.269000000000000000e+03 6.369000000000000000e+03 1.580000000000000000e+02 1.250000000000000000e+01 7.000000000000000000e+01
9.261000000000000000e+03 6.479000000000000000e+03 1.433000000000000114e+02 1.340000000000000036e+01 7.200000000000000000e+01
9.258000000000000000e+03 6.442000000000000000e+03 1.374000000000000057e+02 1.340000000000000036e+01 6.600000000000000000e+01
9.263000000000000000e+03 6.239000000000000000e+03 1.431999999999999886e+02 1.259999999999999964e+01 6.700000000000000000e+01
9.235000000000000000e+03 6.296000000000000000e+03 1.269000000000000057e+02 1.350000000000000000e+01 6.900000000000000000e+01
9.287000000000000000e+03 6.598000000000000000e+03 1.588000000000000114e+02 1.390000000000000036e+01 6.600000000000000000e+01
9.281000000000000000e+03 6.344000000000000000e+03 1.685000000000000000e+02 1.340000000000000036e+01 6.500000000000000000e+01
9.247000000000000000e+03 6.478000000000000000e+03 1.494000000000000057e+02 1.340000000000000036e+01 6.900000000000000000e+01
9.306000000000000000e+03 6.323000000000000000e+03 1.435000000000000000e+02 1.180000000000000071e+01 6.500000000000000000e+01
9.257000000000000000e+03 6.571000000000000000e+03 1.584000000000000057e+02 1.269999999999999929e+01 7.000000000000000000e+01
9.227000000000000000e+03 6.588000000000000000e+03 1.449000000000000057e+02 1.240000000000000036e+01 7.300000000000000000e+01
9.244000000000000000e+03 6.613000000000000000e+03 1.626999999999999886e+02 1.300000000000000000e+01 6.800000000000000000e+01
9.226000000000000000e+03 6.563000000000000000e+03 1.715000000000000000e+02 1.190000000000000036e+01 7.100000000000000000e+01
9.280000000000000000e+03 6.597000000000000000e+03 1.945999999999999943e+02 1.300000000000000000e+01 7.100000000000000000e+01
9.214000000000000000e+03 6.602000000000000000e+03 1.635999999999999943e+02 1.400000000000000000e+01 7.300000000000000000e+01
9.249000000000000000e+03 6.113000000000000000e+03 1.820000000000000000e+02 1.240000000000000036e+01 6.400000000000000000e+01
9.279000000000000000e+03 6.723000000000000000e+03 1.723000000000000114e+02 1.409999999999999964e+01 8.300000000000000000e+01
9.257000000000000000e+03 6.452000000000000000e+03 1.291999999999999886e+02 1.309999999999999964e+01 6.500000000000000000e+01
9.229000000000000000e+03 6.545000000000000000e+03 1.833000000000000114e+02 1.069999999999999929e+01 7.100000000000000000e+01
9.254000000000000000e+03 6.708000000000000000e+03 1.648000000000000114e+02 1.190000000000000036e+01 7.200000000000000000e+01
9.229000000000000000e+03 6.627000000000000000e+03 1.420999999999999943e+02 1.259999999999999964e+01 7.200000000000000000e+01
9.227000000000000000e+03 6.283000000000000000e+03 1.808000000000000114e+02 1.300000000000000000e+01 6.200000000000000000e+01
9.217000000000000000e+03 6.516000000000000000e+03 1.334000000000000057e+02 1.309999999999999964e+01 6.900000000000000000e+01
9.249000000000000000e+03 6.746000000000000000e+03 1.450000000000000000e+02 1.259999999999999964e+01 6.800000000000000000e+01
9.262000000000000000e+03 6.486000000000000000e+03 1.361999999999999886e+02 1.269999999999999929e+01 6.400000000000000000e+01
9.286000000000000000e+03 6.421000000000000000e+03 2.246999999999999886e+02 1.450000000000000000e+01 6.900000000000000000e+01
9.254000000000000000e+03 6.229000000000000000e+03 1.414000000000000057e+02 1.369999999999999929e+01 6.600000000000000000e+01
9.266000000000000000e+03 6.339000000000000000e+03 1.475999999999999943e+02 1.309999999999999964e+01 7.100000000000000000e+01
9.274000000000000000e+03 6.602000000000000000e+03 1.721999999999999886e+02 1.280000000000000071e+01 7.000000000000000000e+01
9.237000000000000000e+03 6.540000000000000000e+03 1.834000000000000057e+02 1.269999999999999929e+01 6.700000000000000000e+01
9.249000000000000000e+03 6.362000000000000000e+03 1.525999999999999943e+02 1.400000000000000000e+01 7.100000000000000000e+01
9.258000000000000000e+03 6.802000000000000000e+03 1.995000000000000000e+02 1.250000000000000000e+01 7.800000000000000000e+01
9.254000000000000000e+03 6.485000000000000000e+03 1.791999999999999886e+02 1.340000000000000036e+01 6.400000000000000000e+01
9.255000000000000000e+03 6.248000000000000000e+03 1.695999999999999943e+02 1.350000000000000000e+01 6.600000000000000000e+01
9.189000000000000000e+03 6.041000000000000000e+03 1.335000000000000000e+02 1.309999999999999964e+01 6.800000000000000000e+01
9.272000000000000000e+03 6.193000000000000000e+03 1.905999999999999943e+02 1.430000000000000071e+01 6.700000000000000000e+01
9.218000000000000000e+03 6.280000000000000000e+03 1.295999999999999943e+02 1.350000000000000000e+01 6.700000000000000000e+01
9.268000000000000000e+03 6.408000000000000000e+03 1.945000000000000000e+02 1.209999999999999964e+01 7.100000000000000000e+01
9.226000000000000000e+03 6.586000000000000000e+03 1.630999999999999943e+02 1.280000000000000071e+01 7.200000000000000000e+01
9.242000000000000000e+03 6.468000000000000000e+03 1.593000000000000114e+02 1.340000000000000036e+01 6.400000000000000000e+01
9.252000000000000000e+03 6.808000000000000000e+03 1.528000000000000114e+02 1.259999999999999964e+01 6.800000000000000000e+01
9.239000000000000000e+03 6.522000000000000000e+03 1.773000000000000114e+02 1.319999999999999929e+01 7.200000000000000000e+01
9.282000000000000000e+03 6.827000000000000000e+03 1.695999999999999943e+02 1.390000000000000036e+01 7.300000000000000000e+01
9.270000000000000000e+03 6.341000000000000000e+03 1.758000000000000114e+02 1.300000000000000000e+01 7.100000000000000000e+01
9.267000000000000000e+03 6.541000000000000000e+03 1.926999999999999886e+02 1.269999999999999929e+01 7.000000000000000000e+01
9.264000000000000000e+03 6.442000000000000000e+03 1.329000000000000057e+02 1.309999999999999964e+01 7.300000000000000000e+01
9.274000000000000000e+03 6.492000000000000000e+03 1.639000000000000057e+02 1.250000000000000000e+01 6.900000000000000000e+01
9.237000000000000000e+03 6.604000000000000000e+03 1.614000000000000057e+02 1.209999999999999964e+01 7.300000000000000000e+01
9.232000000000000000e+03 6.596000000000000000e+03 1.324000000000000057e+02 1.240000000000000036e+01 7.100000000000000000e+01
9.262000000000000000e+03 6.243000000000000000e+03 1.610999999999999943e+02 1.230000000000000071e+01 7.200000000000000000e+01
9.275000000000000000e+03 5.868000000000000000e+03 1.450000000000000000e+02 1.430000000000000071e+01 6.300000000000000000e+01
9.224000000000000000e+03 6.519000000000000000e+03 1.545999999999999943e+02 1.119999999999999929e+01 7.000000000000000000e+01
9.253000000000000000e+03 6.468000000000000000e+03 1.541999999999999886e+02 1.109999999999999964e+01 6.800000000000000000e+01
9.250000000000000000e+03 6.603000000000000000e+03 1.391999999999999886e+02 1.259999999999999964e+01 6.500000000000000000e+01
9.248000000000000000e+03 6.685000000000000000e+03 1.515000000000000000e+02 1.180000000000000071e+01 6.800000000000000000e+01
9.271000000000000000e+03 6.540000000000000000e+03 1.473000000000000114e+02 1.200000000000000000e+01 6.900000000000000000e+01
9.267000000000000000e+03 6.277000000000000000e+03 1.625000000000000000e+02 1.400000000000000000e+01 6.500000000000000000e+01
9.267000000000000000e+03 6.494000000000000000e+03 1.930000000000000000e+02 1.130000000000000071e+01 6.700000000000000000e+01
9.237000000000000000e+03 6.602000000000000000e+03 1.458000000000000114e+02 1.259999999999999964e+01 7.400000000000000000e+01
9.257000000000000000e+03 6.430000000000000000e+03 1.370999999999999943e+02 1.330000000000000071e+01 6.400000000000000000e+01
9.238000000000000000e+03 6.442000000000000000e+03 1.695000000000000000e+02 1.250000000000000000e+01 6.300000000000000000e+01
9.227000000000000000e+03 6.419000000000000000e+03 1.664000000000000057e+02 1.280000000000000071e+01 6.500000000000000000e+01
9.277000000000000000e+03 6.644000000000000000e+03 1.424000000000000057e+02 1.340000000000000036e+01 7.000000000000000000e+01
9.241000000000000000e+03 6.155000000000000000e+03 1.785999999999999943e+02 1.530000000000000071e+01 7.500000000000000000e+01
9.235000000000000000e+03 6.427000000000000000e+03 1.428000000000000114e+02 1.250000000000000000e+01 6.600000000000000000e+01
9.232000000000000000e+03 6.224000000000000000e+03 1.620000000000000000e+02 1.330000000000000071e+01 6.600000000000000000e+01
9.248000000000000000e+03 6.746000000000000000e+03 1.394000000000000057e+02 1.259999999999999964e+01 7.300000000000000000e+01
9.227000000000000000e+03 6.126000000000000000e+03 1.453000000000000114e+02 1.269999999999999929e+01 6.200000000000000000e+01
9.260000000000000000e+03 6.623000000000000000e+03 1.649000000000000057e+02 1.330000000000000071e+01 7.300000000000000000e+01
9.280000000000000000e+03 6.542000000000000000e+03 1.252999999999999972e+02 1.150000000000000000e+01 7.100000000000000000e+01
9.253000000000000000e+03 6.526000000000000000e+03 1.499000000000000057e+02 1.250000000000000000e+01 6.700000000000000000e+01
9.234000000000000000e+03 6.360000000000000000e+03 1.488000000000000114e+02 1.280000000000000071e+01 6.200000000000000000e+01
9.259000000000000000e+03 6.349000000000000000e+03 1.348000000000000114e+02 1.300000000000000000e+01 6.500000000000000000e+01
9.253000000000000000e+03 6.535000000000000000e+03 1.540999999999999943e+02 1.330000000000000071e+01 7.000000000000000000e+01
9.230000000000000000e+03 6.885000000000000000e+03 1.423000000000000114e+02 1.100000000000000000e+01 7.200000000000000000e+01
9.258000000000000000e+03 6.690000000000000000e+03 1.625999999999999943e+02 1.209999999999999964e+01 6.800000000000000000e+01
9.223000000000000000e+03 6.402000000000000000e+03 1.664000000000000057e+02 1.230000000000000071e+01 6.800000000000000000e+01
9.276000000000000000e+03 6.788000000000000000e+03 1.480999999999999943e+02 1.319999999999999929e+01 7.000000000000000000e+01
9.278000000000000000e+03 6.499000000000000000e+03 1.665000000000000000e+02 1.350000000000000000e+01 6.900000000000000000e+01
9.264000000000000000e+03 6.700000000000000000e+03 1.530999999999999943e+02 1.250000000000000000e+01 7.100000000000000000e+01
9.251000000000000000e+03 6.153000000000000000e+03 1.316999999999999886e+02 1.280000000000000071e+01 6.600000000000000000e+01
9.229000000000000000e+03 6.836000000000000000e+03 1.355000000000000000e+02 1.280000000000000071e+01 7.600000000000000000e+01
9.284000000000000000e+03 6.624000000000000000e+03 1.778000000000000114e+02 1.300000000000000000e+01 7.400000000000000000e+01
9.259000000000000000e+03 6.422000000000000000e+03 1.686999999999999886e+02 1.190000000000000036e+01 7.300000000000000000e+01
9.246000000000000000e+03 6.660000000000000000e+03 1.626999999999999886e+02 1.290000000000000036e+01 6.800000000000000000e+01
9.286000000000000000e+03 6.682000000000000000e+03 1.753000000000000114e+02 1.159999999999999964e+01 7.400000000000000000e+01
9.242000000000000000e+03 6.234000000000000000e+03 1.845999999999999943e+02 1.269999999999999929e+01 6.400000000000000000e+01
9.246000000000000000e+03 6.373000000000000000e+03 1.630000000000000000e+02 1.630000000000000071e+01 6.800000000000000000e+01
9.267000000000000000e+03 6.523000000000000000e+03 1.335000000000000000e+02 1.280000000000000071e+01 6.800000000000000000e+01
9.279000000000000000e+03 6.750000000000000000e+03 1.434000000000000057e+02 1.080000000000000071e+01 6.600000000000000000e+01
9.240000000000000000e+03 6.452000000000000000e+03 1.339000000000000057e+02 1.319999999999999929e+01 7.500000000000000000e+01
9.266000000000000000e+03 6.276000000000000000e+03 1.660000000000000000e+02 1.350000000000000000e+01 6.800000000000000000e+01
9.280000000000000000e+03 6.547000000000000000e+03 1.390000000000000000e+02 1.240000000000000036e+01 7.700000000000000000e+01
9.252000000000000000e+03 6.487000000000000000e+03 1.555999999999999943e+02 1.250000000000000000e+01 7.100000000000000000e+01
9.292000000000000000e+03 6.335000000000000000e+03 1.451999999999999886e+02 1.230000000000000071e+01 6.700000000000000000e+01
9.235000000000000000e+03 6.652000000000000000e+03 1.548000000000000114e+02 1.230000000000000071e+01 7.400000000000000000e+01
9.245000000000000000e+03 5.984000000000000000e+03 1.780999999999999943e+02 1.330000000000000071e+01 6.300000000000000000e+01
9.254000000000000000e+03 6.205000000000000000e+03 2.056999999999999886e+02 1.440000000000000036e+01 6.900000000000000000e+01
9.285000000000000000e+03 6.526000000000000000e+03 1.505999999999999943e+02 1.159999999999999964e+01 7.000000000000000000e+01
9.276000000000000000e+03 6.696000000000000000e+03 1.568000000000000114e+02 1.330000000000000071e+01 7.000000000000000000e+01
9.258000000000000000e+03 6.793000000000000000e+03 1.705000000000000000e+02 1.169999999999999929e+01 7.100000000000000000e+01
9.236000000000000000e+03 6.696000000000000000e+03 1.785000000000000000e+02 1.109999999999999964e+01 7.100000000000000000e+01
9.280000000000000000e+03 6.592000000000000000e+03 1.521999999999999886e+02 1.280000000000000071e+01 6.900000000000000000e+01
9.237000000000000000e+03 6.459000000000000000e+03 1.625000000000000000e+02 1.419999999999999929e+01 6.900000000000000000e+01
9.288000000000000000e+03 6.614000000000000000e+03 1.435000000000000000e+02 1.290000000000000036e+01 7.100000000000000000e+01
9.265000000000000000e+03 6.619000000000000000e+03 1.854000000000000057e+02 1.209999999999999964e+01 7.900000000000000000e+01
9.213000000000000000e+03 6.245000000000000000e+03 1.586999999999999886e+02 1.409999999999999964e+01 6.800000000000000000e+01
9.258000000000000000e+03 6.323000000000000000e+03 1.270999999999999943e+02 1.380000000000000071e+01 6.900000000000000000e+01
9.250000000000000000e+03 6.163000000000000000e+03 1.680999999999999943e+02 1.300000000000000000e+01 6.000000000000000000e+01
9.283000000000000000e+03 6.506000000000000000e+03 1.395999999999999943e+02 1.319999999999999929e+01 6.500000000000000000e+01
9.265000000000000000e+03 6.597000000000000000e+03 1.390999999999999943e+02 1.290000000000000036e+01 7.300000000000000000e+01
9.245000000000000000e+03 6.730000000000000000e+03 1.514000000000000057e+02 1.200000000000000000e+01 7.100000000000000000e+01
9.253000000000000000e+03 6.152000000000000000e+03 1.638000000000000114e+02 1.459999999999999964e+01 6.500000000000000000e+01
9.285000000000000000e+03 6.519000000000000000e+03 1.775000000000000000e+02 1.309999999999999964e+01 7.000000000000000000e+01
9.258000000000000000e+03 6.497000000000000000e+03 1.321999999999999886e+02 1.259999999999999964e+01 7.100000000000000000e+01
9.249000000000000000e+03 5.746000000000000000e+03 1.475000000000000000e+02 1.580000000000000071e+01 6.900000000000000000e+01
9.259000000000000000e+03 6.489000000000000000e+03 2.386999999999999886e+02 1.230000000000000071e+01 6.900000000000000000e+01
9.265000000000000000e+03 6.439000000000000000e+03 1.489000000000000057e+02 1.319999999999999929e+01 7.100000000000000000e+01
9.220000000000000000e+03 6.187000000000000000e+03 2.150999999999999943e+02 1.400000000000000000e+01 6.300000000000000000e+01
9.235000000000000000e+03 6.324000000000000000e+03 1.354000000000000057e+02 1.309999999999999964e+01 6.300000000000000000e+01
9.273000000000000000e+03 6.707000000000000000e+03 1.786999999999999886e+02 1.240000000000000036e+01 6.500000000000000000e+01
9.261000000000000000e+03 6.361000000000000000e+03 1.651999999999999886e+02 1.250000000000000000e+01 6.800000000000000000e+01
9.219000000000000000e+03 6.450000000000000000e+03 2.010999999999999943e+02 1.259999999999999964e+01 7.400000000000000000e+01
9.235000000000000000e+03 6.651000000000000000e+03 1.375999999999999943e+02 1.269999999999999929e+01 6.300000000000000000e+01
9.239000000000000000e+03 6.622000000000000000e+03 1.104000000000000057e+02 1.280000000000000071e+01 6.900000000000000000e+01
9.291000000000000000e+03 6.335000000000000000e+03 1.450999999999999943e+02 1.350000000000000000e+01 7.000000000000000000e+01
9.251000000000000000e+03 6.590000000000000000e+03 1.410000000000000000e+02 1.240000000000000036e+01 6.800000000000000000e+01
9.244000000000000000e+03 6.398000000000000000e+03 1.620000000000000000e+02 1.390000000000000036e+01 8.000000000000000000e+01
9.258000000000000000e+03 6.237000000000000000e+03 1.756999999999999886e+02 1.290000000000000036e+01 7.100000000000000000e+01
9.284000000000000000e+03 6.379000000000000000e+03 1.448000000000000114e+02 1.440000000000000036e+01 7.100000000000000000e+01
9.270000000000000000e+03 6.567000000000000000e+03 1.561999999999999886e+02 1.250000000000000000e+01 7.500000000000000000e+01
9.288000000000000000e+03 6.568000000000000000e+03 1.805000000000000000e+02 1.240000000000000036e+01 7.100000000000000000e+01
9.237000000000000000e+03 6.554000000000000000e+03 1.483000000000000114e+02 1.269999999999999929e+01 7.400000000000000000e+01
9.236000000000000000e+03 6.357000000000000000e+03 1.775999999999999943e+02 1.209999999999999964e+01 6.600000000000000000e+01
9.278000000000000000e+03 6.362000000000000000e+03 1.718000000000000114e+02 1.390000000000000036e+01 6.900000000000000000e+01
9.271000000000000000e+03 6.512000000000000000e+03 1.620999999999999943e+02 1.200000000000000000e+01 7.500000000000000000e+01
9.250000000000000000e+03 6.430000000000000000e+03 1.185000000000000000e+02 1.259999999999999964e+01 6.600000000000000000e+01
9.274000000000000000e+03 6.245000000000000000e+03 1.438000000000000114e+02 1.490000000000000036e+01 6.600000000000000000e+01
9.242000000000000000e+03 6.188000000000000000e+03 1.316999999999999886e+02 1.280000000000000071e+01 7.100000000000000000e+01
9.248000000000000000e+03 6.552000000000000000e+03 1.430999999999999943e+02 1.300000000000000000e+01 7.100000000000000000e+01
9.304000000000000000e+03 6.795000000000000000e+03 1.670999999999999943e+02 1.290000000000000036e+01 7.700000000000000000e+01
9.272000000000000000e+03 6.686000000000000000e+03 1.486999999999999886e+02 1.300000000000000000e+01 6.900000000000000000e+01
9.234000000000000000e+03 6.384000000000000000e+03 1.705999999999999943e+02 1.250000000000000000e+01 7.100000000000000000e+01
9.229000000000000000e+03 6.540000000000000000e+03 1.815000000000000000e+02 1.309999999999999964e+01 7.000000000000000000e+01
9.204000000000000000e+03 6.389000000000000000e+03 1.566999999999999886e+02 1.359999999999999964e+01 6.300000000000000000e+01
9.196000000000000000e+03 6.691000000000000000e+03 1.625000000000000000e+02 1.269999999999999929e+01 6.500000000000000000e+01
9.224000000000000000e+03 6.365000000000000000e+03 1.430000000000000000e+02 1.340000000000000036e+01 6.800000000000000000e+01
9.195000000000000000e+03 6.364000000000000000e+03 2.010000000000000000e+02 1.440000000000000036e+01 7.000000000000000000e+01
9.241000000000000000e+03 6.223000000000000000e+03 1.880000000000000000e+02 1.250000000000000000e+01 6.300000000000000000e+01
9.284000000000000000e+03 6.518000000000000000e+03 1.699000000000000057e+02 1.230000000000000071e+01 6.800000000000000000e+01
9.292000000000000000e+03 6.335000000000000000e+03 1.548000000000000114e+02 1.380000000000000071e+01 7.300000000000000000e+01
9.257000000000000000e+03 6.070000000000000000e+03 1.242999999999999972e+02 1.480000000000000071e+01 6.300000000000000000e+01
9.255000000000000000e+03 6.646000000000000000e+03 1.419000000000000057e+02 1.219999999999999929e+01 7.900000000000000000e+01
9.218000000000000000e+03 6.318000000000000000e+03 1.704000000000000057e+02 1.400000000000000000e+01 6.300000000000000000e+01
9.251000000000000000e+03 6.444000000000000000e+03 1.731999999999999886e+02 1.350000000000000000e+01 7.600000000000000000e+01
9.259000000000000000e+03 6.415000000000000000e+03 1.648000000000000114e+02 1.419999999999999929e+01 6.700000000000000000e+01
9.261000000000000000e+03 6.515000000000000000e+03 1.334000000000000057e+02 1.309999999999999964e+01 6.400000000000000000e+01
9.250000000000000000e+03 6.483000000000000000e+03 1.680000000000000000e+02 1.200000000000000000e+01 6.600000000000000000e+01
9.249000000000000000e+03 6.077000000000000000e+03 1.390999999999999943e+02 1.309999999999999964e+01 6.400000000000000000e+01
9.215000000000000000e+03 6.493000000000000000e+03 1.371999999999999886e+02 1.230000000000000071e+01 7.200000000000000000e+01
9.228000000000000000e+03 6.343000000000000000e+03 1.459000000000000057e+02 1.430000000000000071e+01 7.400000000000000000e+01
9.258000000000000000e+03 6.271000000000000000e+03 1.410000000000000000e+02 1.309999999999999964e+01 6.500000000000000000e+01
9.244000000000000000e+03 6.519000000000000000e+03 1.455999999999999943e+02 1.159999999999999964e+01 7.200000000000000000e+01
9.244000000000000000e+03 6.335000000000000000e+03 1.900000000000000000e+02 1.240000000000000036e+01 7.100000000000000000e+01
9.241000000000000000e+03 6.146000000000000000e+03 1.319000000000000057e+02 1.330000000000000071e+01 6.600000000000000000e+01
9.273000000000000000e+03 6.418000000000000000e+03 2.618999999999999773e+02 1.240000000000000036e+01 7.100000000000000000e+01
9.229000000000000000e+03 6.460000000000000000e+03 1.995999999999999943e+02 1.269999999999999929e+01 6.700000000000000000e+01
9.249000000000000000e+03 6.671000000000000000e+03 1.660999999999999943e+02 1.119999999999999929e+01 7.000000000000000000e+01
9.264000000000000000e+03 6.555000000000000000e+03 2.123000000000000114e+02 1.269999999999999929e+01 7.000000000000000000e+01
9.214000000000000000e+03 6.319000000000000000e+03 1.681999999999999886e+02 1.269999999999999929e+01 7.300000000000000000e+01
9.217000000000000000e+03 6.775000000000000000e+03 1.215999999999999943e+02 1.219999999999999929e+01 7.600000000000000000e+01
9.233000000000000000e+03 6.558000000000000000e+03 1.763000000000000114e+02 1.309999999999999964e+01 6.900000000000000000e+01
9.254000000000000000e+03 6.575000000000000000e+03 1.351999999999999886e+02 1.219999999999999929e+01 6.800000000000000000e+01
9.248000000000000000e+03 6.887000000000000000e+03 2.166999999999999886e+02 1.240000000000000036e+01 6.700000000000000000e+01
9.244000000000000000e+03 6.463000000000000000e+03 1.749000000000000057e+02 1.350000000000000000e+01 6.900000000000000000e+01
9.237000000000000000e+03 6.112000000000000000e+03 1.305000000000000000e+02 1.440000000000000036e+01 6.300000000000000000e+01
9.217000000000000000e+03 6.476000000000000000e+03 1.600999999999999943e+02 1.300000000000000000e+01 6.800000000000000000e+01
9.280000000000000000e+03 6.155000000000000000e+03 1.530000000000000000e+02 1.330000000000000071e+01 7.000000000000000000e+01
9.224000000000000000e+03 6.980000000000000000e+03 1.448000000000000114e+02 1.100000000000000000e+01 7.100000000000000000e+01
9.233000000000000000e+03 6.629000000000000000e+03 1.356999999999999886e+02 1.219999999999999929e+01 7.200000000000000000e+01
9.251000000000000000e+03 6.505000000000000000e+03 1.549000000000000057e+02 1.280000000000000071e+01 7.300000000000000000e+01
9.255000000000000000e+03 6.349000000000000000e+03 1.435000000000000000e+02 1.419999999999999929e+01 6.400000000000000000e+01
9.259000000000000000e+03 6.257000000000000000e+03 1.411999999999999886e+02 1.359999999999999964e+01 7.300000000000000000e+01
9.288000000000000000e+03 6.399000000000000000e+03 1.565000000000000000e+02 1.440000000000000036e+01 6.900000000000000000e+01
9.301000000000000000e+03 6.733000000000000000e+03 1.294000000000000057e+02 1.309999999999999964e+01 6.800000000000000000e+01
9.240000000000000000e+03 6.363000000000000000e+03 1.404000000000000057e+02 1.330000000000000071e+01 6.800000000000000000e+01
9.249000000000000000e+03 6.339000000000000000e+03 1.581999999999999886e+02 1.180000000000000071e+01 6.900000000000000000e+01
9.254000000000000000e+03 6.201000000000000000e+03 1.650000000000000000e+02 1.369999999999999929e+01 6.400000000000000000e+01
9.268000000000000000e+03 6.579000000000000000e+03 1.433000000000000114e+02 1.380000000000000071e+01 7.100000000000000000e+01
9.231000000000000000e+03 6.344000000000000000e+03 1.443000000000000114e+02 1.469999999999999929e+01 6.100000000000000000e+01
9.238000000000000000e+03 6.529000000000000000e+03 1.499000000000000057e+02 1.330000000000000071e+01 6.800000000000000000e+01
9.262000000000000000e+03 6.058000000000000000e+03 1.601999999999999886e+02 1.240000000000000036e+01 7.000000000000000000e+01
9.290000000000000000e+03 6.372000000000000000e+03 1.616999999999999886e+02 1.369999999999999929e+01 6.500000000000000000e+01
9.257000000000000000e+03 6.056000000000000000e+03 1.430999999999999943e+02 1.430000000000000071e+01 6.900000000000000000e+01
9.280000000000000000e+03 6.724000000000000000e+03 1.713000000000000114e+02 1.259999999999999964e+01 7.100000000000000000e+01
9.256000000000000000e+03 6.536000000000000000e+03 1.543000000000000114e+02 1.269999999999999929e+01 7.000000000000000000e+01
9.259000000000000000e+03 6.632000000000000000e+03 1.443000000000000114e+02 1.259999999999999964e+01 7.700000000000000000e+01
9.296000000000000000e+03 6.532000000000000000e+03 1.715999999999999943e+02 1.450000000000000000e+01 6.700000000000000000e+01
9.255000000000000000e+03 6.521000000000000000e+03 1.780999999999999943e+02 1.340000000000000036e+01 6.700000000000000000e+01
9.230000000000000000e+03 6.373000000000000000e+03 1.765000000000000000e+02 1.369999999999999929e+01 6.300000000000000000e+01
9.218000000000000000e+03 6.155000000000000000e+03 1.755000000000000000e+02 1.380000000000000071e+01 6.500000000000000000e+01
9.208000000000000000e+03 6.645000000000000000e+03 1.390999999999999943e+02 1.300000000000000000e+01 8.200000000000000000e+01
9.245000000000000000e+03 6.497000000000000000e+03 1.749000000000000057e+02 1.300000000000000000e+01 7.400000000000000000e+01
9.266000000000000000e+03 6.364000000000000000e+03 1.335000000000000000e+02 1.250000000000000000e+01 6.900000000000000000e+01
9.265000000000000000e+03 6.472000000000000000e+03 1.540999999999999943e+02 1.309999999999999964e+01 7.500000000000000000e+01
9.246000000000000000e+03 6.593000000000000000e+03 1.829000000000000057e+02 1.369999999999999929e+01 6.900000000000000000e+01
9.281000000000000000e+03 6.223000000000000000e+03 1.259000000000000057e+02 1.400000000000000000e+01 6.400000000000000000e+01
