5.073000000000000000e+03 1.695000000000000000e+03 1.735999999999999943e+02 4.420000000000000284e+01 2.318000000000000000e+03
4.993000000000000000e+03 1.791000000000000000e+03 1.730000000000000000e+02 3.929999999999999716e+01 2.294000000000000000e+03
4.844000000000000000e+03 1.812000000000000000e+03 1.620999999999999943e+02 4.879999999999999716e+01 2.381000000000000000e+03
4.951000000000000000e+03 1.835000000000000000e+03 2.089000000000000057e+02 4.020000000000000284e+01 2.386000000000000000e+03
4.944000000000000000e+03 1.797000000000000000e+03 1.349000000000000057e+02 4.170000000000000284e+01 2.292000000000000000e+03
4.808000000000000000e+03 1.523000000000000000e+03 1.415999999999999943e+02 5.620000000000000284e+01 2.174000000000000000e+03
4.927000000000000000e+03 1.852000000000000000e+03 1.576999999999999886e+02 4.539999999999999858e+01 2.413000000000000000e+03
5.048000000000000000e+03 1.544000000000000000e+03 1.443000000000000114e+02 4.320000000000000284e+01 2.200000000000000000e+03
5.039000000000000000e+03 1.689000000000000000e+03 1.415999999999999943e+02 4.660000000000000142e+01 2.221000000000000000e+03
4.921000000000000000e+03 1.731000000000000000e+03 1.267999999999999972e+02 4.410000000000000142e+01 2.304000000000000000e+03
5.042000000000000000e+03 1.838000000000000000e+03 2.129000000000000057e+02 5.050000000000000000e+01 2.347000000000000000e+03
4.875000000000000000e+03 1.675000000000000000e+03 1.291999999999999886e+02 5.020000000000000284e+01 2.208000000000000000e+03
4.877000000000000000e+03 1.604000000000000000e+03 1.420999999999999943e+02 5.100000000000000000e+01 2.176000000000000000e+03
4.892000000000000000e+03 1.700000000000000000e+03 1.386999999999999886e+02 5.050000000000000000e+01 2.263000000000000000e+03
5.014000000000000000e+03 1.643000000000000000e+03 1.475000000000000000e+02 4.229999999999999716e+01 2.192000000000000000e+03
4.947000000000000000e+03 1.756000000000000000e+03 1.390999999999999943e+02 4.400000000000000000e+01 2.216000000000000000e+03
5.053000000000000000e+03 1.694000000000000000e+03 1.570000000000000000e+02 4.710000000000000142e+01 2.193000000000000000e+03
4.960000000000000000e+03 1.482000000000000000e+03 1.399000000000000057e+02 5.500000000000000000e+01 2.112000000000000000e+03
4.908000000000000000e+03 1.643000000000000000e+03 1.570000000000000000e+02 6.850000000000000000e+01 2.170000000000000000e+03
4.913000000000000000e+03 1.595000000000000000e+03 1.330999999999999943e+02 4.310000000000000142e+01 2.167000000000000000e+03
5.128000000000000000e+03 1.782000000000000000e+03 1.478000000000000114e+02 4.960000000000000142e+01 2.302000000000000000e+03
4.859000000000000000e+03 1.761000000000000000e+03 1.410999999999999943e+02 5.450000000000000000e+01 2.291000000000000000e+03
4.794000000000000000e+03 1.687000000000000000e+03 2.490000000000000000e+02 4.810000000000000142e+01 2.289000000000000000e+03
5.063000000000000000e+03 1.680000000000000000e+03 1.464000000000000057e+02 4.220000000000000284e+01 2.200000000000000000e+03
5.005000000000000000e+03 1.804000000000000000e+03 1.499000000000000057e+02 4.670000000000000284e+01 2.260000000000000000e+03
4.891000000000000000e+03 1.799000000000000000e+03 1.475999999999999943e+02 4.420000000000000284e+01 2.354000000000000000e+03
4.945000000000000000e+03 2.013000000000000000e+03 1.293000000000000114e+02 3.910000000000000142e+01 2.380000000000000000e+03
4.885000000000000000e+03 1.704000000000000000e+03 1.473000000000000114e+02 4.939999999999999858e+01 2.258000000000000000e+03
4.823000000000000000e+03 1.815000000000000000e+03 1.485000000000000000e+02 4.620000000000000284e+01 2.371000000000000000e+03
4.866000000000000000e+03 1.659000000000000000e+03 1.470999999999999943e+02 4.520000000000000284e+01 2.214000000000000000e+03
5.006000000000000000e+03 1.819000000000000000e+03 1.523000000000000114e+02 4.510000000000000142e+01 2.266000000000000000e+03
5.019000000000000000e+03 1.743000000000000000e+03 1.656999999999999886e+02 4.420000000000000284e+01 2.268000000000000000e+03
4.996000000000000000e+03 1.626000000000000000e+03 1.476999999999999886e+02 4.850000000000000000e+01 2.171000000000000000e+03
4.897000000000000000e+03 1.613000000000000000e+03 1.744000000000000057e+02 6.320000000000000284e+01 2.113000000000000000e+03
4.978000000000000000e+03 1.715000000000000000e+03 1.509000000000000057e+02 4.450000000000000000e+01 2.273000000000000000e+03
4.866000000000000000e+03 1.754000000000000000e+03 1.197000000000000028e+02 4.689999999999999858e+01 2.356000000000000000e+03
4.900000000000000000e+03 1.732000000000000000e+03 1.426999999999999886e+02 5.100000000000000000e+01 2.253000000000000000e+03
5.034000000000000000e+03 1.809000000000000000e+03 1.829000000000000057e+02 5.100000000000000000e+01 2.236000000000000000e+03
5.056000000000000000e+03 1.796000000000000000e+03 1.474000000000000057e+02 4.039999999999999858e+01 2.180000000000000000e+03
4.870000000000000000e+03 1.611000000000000000e+03 2.120000000000000000e+02 5.220000000000000284e+01 2.225000000000000000e+03
4.927000000000000000e+03 1.839000000000000000e+03 1.799000000000000057e+02 5.910000000000000142e+01 2.226000000000000000e+03
5.022000000000000000e+03 1.665000000000000000e+03 1.523000000000000114e+02 3.960000000000000142e+01 2.253000000000000000e+03
4.880000000000000000e+03 1.629000000000000000e+03 1.583000000000000114e+02 4.910000000000000142e+01 2.193000000000000000e+03
4.955000000000000000e+03 1.642000000000000000e+03 1.818000000000000114e+02 4.620000000000000284e+01 2.233000000000000000e+03
4.891000000000000000e+03 1.700000000000000000e+03 1.375000000000000000e+02 5.070000000000000284e+01 2.303000000000000000e+03
5.018000000000000000e+03 1.613000000000000000e+03 1.761999999999999886e+02 4.589999999999999858e+01 2.145000000000000000e+03
4.961000000000000000e+03 1.715000000000000000e+03 1.865999999999999943e+02 5.039999999999999858e+01 2.220000000000000000e+03
4.879000000000000000e+03 1.635000000000000000e+03 1.890999999999999943e+02 4.739999999999999858e+01 2.156000000000000000e+03
4.976000000000000000e+03 1.592000000000000000e+03 1.285999999999999943e+02 4.220000000000000284e+01 2.168000000000000000e+03
4.999000000000000000e+03 1.752000000000000000e+03 1.548000000000000114e+02 4.900000000000000000e+01 2.334000000000000000e+03
4.896000000000000000e+03 1.676000000000000000e+03 1.735999999999999943e+02 5.170000000000000284e+01 2.221000000000000000e+03
4.898000000000000000e+03 1.616000000000000000e+03 1.525000000000000000e+02 3.900000000000000000e+01 2.197000000000000000e+03
4.909000000000000000e+03 1.775000000000000000e+03 1.425000000000000000e+02 5.300000000000000000e+01 2.188000000000000000e+03
4.866000000000000000e+03 1.818000000000000000e+03 1.786999999999999886e+02 4.329999999999999716e+01 2.378000000000000000e+03
4.924000000000000000e+03 1.581000000000000000e+03 1.485999999999999943e+02 5.600000000000000000e+01 2.185000000000000000e+03
4.948000000000000000e+03 1.718000000000000000e+03 2.010000000000000000e+02 4.639999999999999858e+01 2.184000000000000000e+03
4.924000000000000000e+03 1.599000000000000000e+03 1.486999999999999886e+02 4.300000000000000000e+01 2.189000000000000000e+03
4.888000000000000000e+03 1.595000000000000000e+03 1.690999999999999943e+02 5.010000000000000142e+01 2.182000000000000000e+03
5.050000000000000000e+03 1.458000000000000000e+03 1.434000000000000057e+02 4.620000000000000284e+01 2.074000000000000000e+03
4.906000000000000000e+03 1.757000000000000000e+03 2.009000000000000057e+02 4.410000000000000142e+01 2.229000000000000000e+03
4.944000000000000000e+03 1.697000000000000000e+03 1.954000000000000057e+02 5.239999999999999858e+01 2.173000000000000000e+03
4.884000000000000000e+03 1.698000000000000000e+03 1.465999999999999943e+02 5.000000000000000000e+01 2.183000000000000000e+03
5.034000000000000000e+03 1.790000000000000000e+03 1.940999999999999943e+02 5.139999999999999858e+01 2.362000000000000000e+03
4.949000000000000000e+03 1.794000000000000000e+03 2.791000000000000227e+02 4.800000000000000000e+01 2.307000000000000000e+03
4.906000000000000000e+03 1.797000000000000000e+03 1.616999999999999886e+02 4.500000000000000000e+01 2.364000000000000000e+03
5.006000000000000000e+03 1.814000000000000000e+03 1.873000000000000114e+02 4.720000000000000284e+01 2.322000000000000000e+03
4.936000000000000000e+03 1.724000000000000000e+03 1.935999999999999943e+02 5.310000000000000142e+01 2.233000000000000000e+03
4.961000000000000000e+03 1.492000000000000000e+03 1.301999999999999886e+02 5.110000000000000142e+01 2.113000000000000000e+03
4.945000000000000000e+03 1.747000000000000000e+03 1.670000000000000000e+02 4.750000000000000000e+01 2.301000000000000000e+03
5.059000000000000000e+03 1.564000000000000000e+03 1.420999999999999943e+02 5.939999999999999858e+01 2.067000000000000000e+03
4.945000000000000000e+03 1.676000000000000000e+03 1.506999999999999886e+02 5.010000000000000142e+01 2.216000000000000000e+03
4.930000000000000000e+03 1.689000000000000000e+03 1.715000000000000000e+02 4.800000000000000000e+01 2.254000000000000000e+03
4.887000000000000000e+03 1.654000000000000000e+03 1.301999999999999886e+02 4.900000000000000000e+01 2.257000000000000000e+03
4.888000000000000000e+03 1.651000000000000000e+03 1.438000000000000114e+02 4.520000000000000284e+01 2.265000000000000000e+03
5.004000000000000000e+03 1.944000000000000000e+03 1.550000000000000000e+02 3.800000000000000000e+01 2.452000000000000000e+03
4.944000000000000000e+03 1.784000000000000000e+03 1.501999999999999886e+02 4.029999999999999716e+01 2.269000000000000000e+03
4.846000000000000000e+03 1.668000000000000000e+03 1.311999999999999886e+02 4.529999999999999716e+01 2.303000000000000000e+03
4.815000000000000000e+03 1.584000000000000000e+03 1.301999999999999886e+02 5.229999999999999716e+01 2.277000000000000000e+03
4.994000000000000000e+03 1.609000000000000000e+03 1.724000000000000057e+02 6.179999999999999716e+01 2.213000000000000000e+03
5.019000000000000000e+03 1.701000000000000000e+03 1.705000000000000000e+02 4.570000000000000284e+01 2.227000000000000000e+03
5.010000000000000000e+03 1.685000000000000000e+03 1.783000000000000114e+02 5.510000000000000142e+01 2.214000000000000000e+03
4.880000000000000000e+03 1.640000000000000000e+03 1.810000000000000000e+02 4.839999999999999858e+01 2.176000000000000000e+03
4.911000000000000000e+03 1.701000000000000000e+03 1.489000000000000057e+02 5.079999999999999716e+01 2.247000000000000000e+03
5.012000000000000000e+03 1.845000000000000000e+03 1.524000000000000057e+02 4.729999999999999716e+01 2.342000000000000000e+03
4.887000000000000000e+03 1.759000000000000000e+03 1.439000000000000057e+02 4.339999999999999858e+01 2.278000000000000000e+03
4.850000000000000000e+03 1.750000000000000000e+03 1.575000000000000000e+02 4.600000000000000000e+01 2.241000000000000000e+03
4.982000000000000000e+03 1.548000000000000000e+03 2.015000000000000000e+02 5.600000000000000000e+01 2.177000000000000000e+03
5.003000000000000000e+03 1.797000000000000000e+03 1.550000000000000000e+02 4.460000000000000142e+01 2.332000000000000000e+03
4.932000000000000000e+03 1.604000000000000000e+03 1.381999999999999886e+02 4.600000000000000000e+01 2.248000000000000000e+03
4.948000000000000000e+03 1.783000000000000000e+03 1.990999999999999943e+02 5.889999999999999858e+01 2.315000000000000000e+03
4.927000000000000000e+03 1.729000000000000000e+03 1.212000000000000028e+02 4.200000000000000000e+01 2.241000000000000000e+03
4.932000000000000000e+03 1.690000000000000000e+03 1.540000000000000000e+02 5.439999999999999858e+01 2.185000000000000000e+03
5.017000000000000000e+03 1.831000000000000000e+03 1.483000000000000114e+02 3.850000000000000000e+01 2.363000000000000000e+03
4.956000000000000000e+03 1.651000000000000000e+03 1.715999999999999943e+02 5.200000000000000000e+01 2.162000000000000000e+03
4.948000000000000000e+03 1.764000000000000000e+03 1.680999999999999943e+02 4.779999999999999716e+01 2.244000000000000000e+03
4.747000000000000000e+03 1.753000000000000000e+03 2.083000000000000114e+02 4.300000000000000000e+01 2.288000000000000000e+03
4.891000000000000000e+03 1.660000000000000000e+03 1.125999999999999943e+02 4.639999999999999858e+01 2.196000000000000000e+03
4.917000000000000000e+03 1.724000000000000000e+03 1.434000000000000057e+02 4.739999999999999858e+01 2.297000000000000000e+03
5.000000000000000000e+03 1.679000000000000000e+03 1.566999999999999886e+02 4.900000000000000000e+01 2.291000000000000000e+03
1.000000000000000000e+00 5.000000000000000000e+00 2.799999999999999822e+00 4.000000000000000222e-01 5.000000000000000000e+00
4.925000000000000000e+03 1.786000000000000000e+03 1.242999999999999972e+02 4.900000000000000000e+01 2.300000000000000000e+03
5.033000000000000000e+03 1.573000000000000000e+03 1.700999999999999943e+02 4.929999999999999716e+01 2.139000000000000000e+03
5.051000000000000000e+03 1.697000000000000000e+03 1.519000000000000057e+02 4.110000000000000142e+01 2.276000000000000000e+03
5.042000000000000000e+03 1.766000000000000000e+03 1.384000000000000057e+02 5.329999999999999716e+01 2.276000000000000000e+03
4.856000000000000000e+03 1.685000000000000000e+03 1.579000000000000057e+02 5.000000000000000000e+01 2.260000000000000000e+03
4.910000000000000000e+03 1.768000000000000000e+03 1.350999999999999943e+02 5.439999999999999858e+01 2.297000000000000000e+03
4.922000000000000000e+03 1.775000000000000000e+03 1.475999999999999943e+02 5.400000000000000000e+01 2.259000000000000000e+03
5.033000000000000000e+03 1.574000000000000000e+03 1.739000000000000057e+02 5.320000000000000284e+01 2.128000000000000000e+03
4.789000000000000000e+03 1.605000000000000000e+03 1.488000000000000114e+02 4.629999999999999716e+01 2.127000000000000000e+03
4.967000000000000000e+03 1.747000000000000000e+03 1.565999999999999943e+02 4.260000000000000142e+01 2.280000000000000000e+03
4.986000000000000000e+03 1.649000000000000000e+03 1.675999999999999943e+02 5.800000000000000000e+01 2.274000000000000000e+03
4.967000000000000000e+03 1.750000000000000000e+03 1.436999999999999886e+02 5.600000000000000000e+01 2.240000000000000000e+03
5.046000000000000000e+03 1.676000000000000000e+03 2.773000000000000114e+02 5.910000000000000142e+01 2.259000000000000000e+03
5.009000000000000000e+03 1.765000000000000000e+03 1.494000000000000057e+02 4.750000000000000000e+01 2.335000000000000000e+03
4.899000000000000000e+03 1.679000000000000000e+03 1.405000000000000000e+02 4.639999999999999858e+01 2.284000000000000000e+03
5.025000000000000000e+03 1.656000000000000000e+03 1.464000000000000057e+02 4.810000000000000142e+01 2.255000000000000000e+03
4.794000000000000000e+03 1.610000000000000000e+03 1.585000000000000000e+02 4.720000000000000284e+01 2.195000000000000000e+03
4.914000000000000000e+03 1.701000000000000000e+03 1.565000000000000000e+02 4.570000000000000284e+01 2.258000000000000000e+03
4.895000000000000000e+03 1.721000000000000000e+03 1.285999999999999943e+02 4.300000000000000000e+01 2.293000000000000000e+03
4.921000000000000000e+03 1.666000000000000000e+03 1.745000000000000000e+02 4.160000000000000142e+01 2.236000000000000000e+03
4.960000000000000000e+03 1.547000000000000000e+03 1.700000000000000000e+02 5.420000000000000284e+01 2.163000000000000000e+03
4.861000000000000000e+03 1.827000000000000000e+03 1.450999999999999943e+02 5.000000000000000000e+01 2.302000000000000000e+03
4.974000000000000000e+03 1.663000000000000000e+03 1.381999999999999886e+02 4.629999999999999716e+01 2.214000000000000000e+03
5.072000000000000000e+03 1.763000000000000000e+03 1.610000000000000000e+02 4.000000000000000000e+01 2.292000000000000000e+03
4.934000000000000000e+03 1.854000000000000000e+03 1.520000000000000000e+02 4.120000000000000284e+01 2.370000000000000000e+03
4.922000000000000000e+03 1.656000000000000000e+03 1.454000000000000057e+02 4.860000000000000142e+01 2.284000000000000000e+03
5.069000000000000000e+03 1.878000000000000000e+03 1.214000000000000057e+02 4.660000000000000142e+01 2.358000000000000000e+03
4.939000000000000000e+03 1.611000000000000000e+03 1.536999999999999886e+02 5.500000000000000000e+01 2.150000000000000000e+03
4.904000000000000000e+03 1.642000000000000000e+03 1.900000000000000000e+02 7.409999999999999432e+01 2.265000000000000000e+03
5.023000000000000000e+03 2.040000000000000000e+03 1.365000000000000000e+02 5.010000000000000142e+01 2.493000000000000000e+03
5.045000000000000000e+03 1.620000000000000000e+03 1.484000000000000057e+02 5.129999999999999716e+01 2.162000000000000000e+03
4.920000000000000000e+03 1.693000000000000000e+03 1.695999999999999943e+02 4.750000000000000000e+01 2.317000000000000000e+03
4.936000000000000000e+03 1.716000000000000000e+03 1.698000000000000114e+02 4.200000000000000000e+01 2.269000000000000000e+03
4.921000000000000000e+03 1.654000000000000000e+03 1.573000000000000114e+02 4.300000000000000000e+01 2.205000000000000000e+03
4.900000000000000000e+03 1.644000000000000000e+03 1.416999999999999886e+02 5.410000000000000142e+01 2.135000000000000000e+03
5.066000000000000000e+03 1.735000000000000000e+03 1.459000000000000057e+02 5.739999999999999858e+01 2.272000000000000000e+03
4.879000000000000000e+03 1.717000000000000000e+03 1.245999999999999943e+02 4.329999999999999716e+01 2.270000000000000000e+03
5.000000000000000000e+00 6.000000000000000000e+00 7.299999999999999822e+00 1.399999999999999911e+00 7.000000000000000000e+00
5.028000000000000000e+03 1.751000000000000000e+03 1.878000000000000114e+02 4.400000000000000000e+01 2.192000000000000000e+03
5.009000000000000000e+03 1.683000000000000000e+03 1.386999999999999886e+02 4.400000000000000000e+01 2.257000000000000000e+03
4.994000000000000000e+03 1.810000000000000000e+03 1.376999999999999886e+02 3.829999999999999716e+01 2.350000000000000000e+03
4.992000000000000000e+03 1.711000000000000000e+03 1.350000000000000000e+02 5.910000000000000142e+01 2.181000000000000000e+03
5.086000000000000000e+03 1.636000000000000000e+03 1.838000000000000114e+02 4.429999999999999716e+01 2.236000000000000000e+03
4.953000000000000000e+03 1.614000000000000000e+03 1.410999999999999943e+02 4.139999999999999858e+01 2.160000000000000000e+03
5.073000000000000000e+03 1.803000000000000000e+03 1.620999999999999943e+02 3.939999999999999858e+01 2.305000000000000000e+03
4.960000000000000000e+03 1.654000000000000000e+03 1.740999999999999943e+02 4.920000000000000284e+01 2.210000000000000000e+03
4.902000000000000000e+03 1.615000000000000000e+03 1.644000000000000057e+02 5.239999999999999858e+01 2.172000000000000000e+03
4.949000000000000000e+03 1.578000000000000000e+03 1.430999999999999943e+02 5.120000000000000284e+01 2.177000000000000000e+03
4.946000000000000000e+03 1.806000000000000000e+03 1.584000000000000057e+02 4.329999999999999716e+01 2.263000000000000000e+03
5.013000000000000000e+03 1.748000000000000000e+03 1.556999999999999886e+02 4.029999999999999716e+01 2.301000000000000000e+03
5.012000000000000000e+03 1.668000000000000000e+03 1.330000000000000000e+02 4.750000000000000000e+01 2.242000000000000000e+03
4.890000000000000000e+03 1.564000000000000000e+03 1.531999999999999886e+02 5.000000000000000000e+01 2.147000000000000000e+03
4.980000000000000000e+03 1.895000000000000000e+03 1.768000000000000114e+02 3.710000000000000142e+01 2.391000000000000000e+03
4.893000000000000000e+03 1.693000000000000000e+03 1.425000000000000000e+02 4.550000000000000000e+01 2.209000000000000000e+03
4.862000000000000000e+03 1.729000000000000000e+03 1.400999999999999943e+02 4.689999999999999858e+01 2.255000000000000000e+03
1.000000000000000000e+00 3.000000000000000000e+00 3.000000000000000000e+00 0.000000000000000000e+00 2.000000000000000000e+00
4.888000000000000000e+03 1.536000000000000000e+03 1.530000000000000000e+02 4.729999999999999716e+01 2.154000000000000000e+03
4.952000000000000000e+03 1.534000000000000000e+03 1.355999999999999943e+02 6.100000000000000000e+01 2.096000000000000000e+03
5.118000000000000000e+03 1.662000000000000000e+03 2.334000000000000057e+02 5.200000000000000000e+01 2.110000000000000000e+03
4.848000000000000000e+03 1.802000000000000000e+03 1.775999999999999943e+02 4.510000000000000142e+01 2.322000000000000000e+03
4.930000000000000000e+03 1.796000000000000000e+03 1.410999999999999943e+02 4.020000000000000284e+01 2.275000000000000000e+03
5.041000000000000000e+03 1.667000000000000000e+03 1.689000000000000057e+02 5.950000000000000000e+01 2.165000000000000000e+03
5.025000000000000000e+03 1.569000000000000000e+03 1.961999999999999886e+02 4.900000000000000000e+01 2.226000000000000000e+03
4.985000000000000000e+03 1.666000000000000000e+03 1.634000000000000057e+02 4.510000000000000142e+01 2.105000000000000000e+03
5.044000000000000000e+03 1.556000000000000000e+03 1.580999999999999943e+02 6.609999999999999432e+01 2.241000000000000000e+03
4.928000000000000000e+03 1.603000000000000000e+03 1.765999999999999943e+02 5.139999999999999858e+01 2.224000000000000000e+03
4.981000000000000000e+03 1.718000000000000000e+03 1.595999999999999943e+02 4.729999999999999716e+01 2.310000000000000000e+03
4.866000000000000000e+03 1.618000000000000000e+03 1.336999999999999886e+02 5.420000000000000284e+01 2.166000000000000000e+03
5.045000000000000000e+03 1.740000000000000000e+03 1.786999999999999886e+02 4.629999999999999716e+01 2.260000000000000000e+03
5.072000000000000000e+03 1.684000000000000000e+03 1.564000000000000057e+02 6.060000000000000142e+01 2.202000000000000000e+03
4.984000000000000000e+03 1.690000000000000000e+03 1.481999999999999886e+02 5.479999999999999716e+01 2.237000000000000000e+03
4.929000000000000000e+03 1.779000000000000000e+03 1.590000000000000000e+02 4.410000000000000142e+01 2.277000000000000000e+03
4.921000000000000000e+03 1.578000000000000000e+03 1.310999999999999943e+02 4.300000000000000000e+01 2.204000000000000000e+03
4.926000000000000000e+03 1.773000000000000000e+03 1.774000000000000057e+02 3.929999999999999716e+01 2.249000000000000000e+03
4.932000000000000000e+03 1.612000000000000000e+03 1.550000000000000000e+02 4.400000000000000000e+01 2.196000000000000000e+03
4.894000000000000000e+03 1.545000000000000000e+03 1.575000000000000000e+02 4.520000000000000284e+01 2.153000000000000000e+03
4.871000000000000000e+03 1.631000000000000000e+03 1.405999999999999943e+02 4.929999999999999716e+01 2.157000000000000000e+03
5.073000000000000000e+03 1.746000000000000000e+03 1.819000000000000057e+02 5.620000000000000284e+01 2.234000000000000000e+03
4.879000000000000000e+03 1.568000000000000000e+03 1.429000000000000057e+02 4.900000000000000000e+01 2.183000000000000000e+03
4.894000000000000000e+03 1.619000000000000000e+03 1.404000000000000057e+02 4.400000000000000000e+01 2.087000000000000000e+03
5.031000000000000000e+03 1.763000000000000000e+03 1.685000000000000000e+02 4.960000000000000142e+01 2.311000000000000000e+03
4.942000000000000000e+03 1.726000000000000000e+03 1.529000000000000057e+02 5.839999999999999858e+01 2.208000000000000000e+03
4.835000000000000000e+03 1.605000000000000000e+03 1.605999999999999943e+02 4.820000000000000284e+01 2.141000000000000000e+03
4.900000000000000000e+03 1.966000000000000000e+03 1.446999999999999886e+02 4.410000000000000142e+01 2.456000000000000000e+03
5.032000000000000000e+03 1.577000000000000000e+03 1.310000000000000000e+02 4.920000000000000284e+01 2.145000000000000000e+03
4.972000000000000000e+03 1.699000000000000000e+03 1.444000000000000057e+02 4.650000000000000000e+01 2.207000000000000000e+03
4.970000000000000000e+03 1.591000000000000000e+03 1.430999999999999943e+02 4.970000000000000284e+01 2.138000000000000000e+03
4.993000000000000000e+03 1.630000000000000000e+03 1.791999999999999886e+02 5.270000000000000284e+01 2.204000000000000000e+03
4.953000000000000000e+03 1.833000000000000000e+03 1.675000000000000000e+02 5.439999999999999858e+01 2.361000000000000000e+03
4.919000000000000000e+03 1.720000000000000000e+03 1.315000000000000000e+02 3.850000000000000000e+01 2.313000000000000000e+03
4.940000000000000000e+03 1.534000000000000000e+03 1.419000000000000057e+02 5.710000000000000142e+01 2.173000000000000000e+03
4.943000000000000000e+03 1.744000000000000000e+03 1.563000000000000114e+02 4.100000000000000000e+01 2.219000000000000000e+03
4.830000000000000000e+03 1.654000000000000000e+03 1.252999999999999972e+02 4.229999999999999716e+01 2.162000000000000000e+03
4.941000000000000000e+03 1.850000000000000000e+03 1.535999999999999943e+02 4.129999999999999716e+01 2.396000000000000000e+03
5.040000000000000000e+03 1.637000000000000000e+03 1.430000000000000000e+02 6.900000000000000000e+01 2.221000000000000000e+03
5.072000000000000000e+03 1.771000000000000000e+03 1.786999999999999886e+02 5.839999999999999858e+01 2.259000000000000000e+03
4.997000000000000000e+03 1.654000000000000000e+03 1.966999999999999886e+02 4.260000000000000142e+01 2.147000000000000000e+03
4.949000000000000000e+03 1.605000000000000000e+03 1.540000000000000000e+02 4.460000000000000142e+01 2.136000000000000000e+03
4.821000000000000000e+03 1.649000000000000000e+03 1.510999999999999943e+02 5.010000000000000142e+01 2.217000000000000000e+03
4.858000000000000000e+03 1.795000000000000000e+03 1.351999999999999886e+02 5.260000000000000142e+01 2.251000000000000000e+03
4.970000000000000000e+03 1.716000000000000000e+03 1.321999999999999886e+02 4.220000000000000284e+01 2.279000000000000000e+03
5.009000000000000000e+03 1.676000000000000000e+03 1.644000000000000057e+02 5.129999999999999716e+01 2.184000000000000000e+03
4.888000000000000000e+03 1.760000000000000000e+03 1.389000000000000057e+02 4.620000000000000284e+01 2.184000000000000000e+03
4.848000000000000000e+03 1.651000000000000000e+03 2.029000000000000057e+02 4.229999999999999716e+01 2.306000000000000000e+03
4.930000000000000000e+03 1.805000000000000000e+03 1.756999999999999886e+02 5.800000000000000000e+01 2.361000000000000000e+03
4.974000000000000000e+03 1.759000000000000000e+03 1.670000000000000000e+02 4.910000000000000142e+01 2.387000000000000000e+03
4.918000000000000000e+03 1.713000000000000000e+03 1.823000000000000114e+02 4.210000000000000142e+01 2.236000000000000000e+03
5.042000000000000000e+03 1.625000000000000000e+03 1.474000000000000057e+02 5.720000000000000284e+01 2.256000000000000000e+03
4.855000000000000000e+03 1.681000000000000000e+03 1.601999999999999886e+02 4.220000000000000284e+01 2.206000000000000000e+03
4.912000000000000000e+03 1.698000000000000000e+03 1.950999999999999943e+02 5.300000000000000000e+01 2.272000000000000000e+03
4.936000000000000000e+03 1.668000000000000000e+03 1.530999999999999943e+02 4.420000000000000284e+01 2.204000000000000000e+03
4.995000000000000000e+03 1.604000000000000000e+03 1.635000000000000000e+02 4.539999999999999858e+01 2.164000000000000000e+03
4.903000000000000000e+03 1.675000000000000000e+03 1.849000000000000057e+02 4.139999999999999858e+01 2.300000000000000000e+03
4.902000000000000000e+03 1.682000000000000000e+03 1.336999999999999886e+02 4.220000000000000284e+01 2.230000000000000000e+03
4.907000000000000000e+03 1.684000000000000000e+03 1.660000000000000000e+02 4.679999999999999716e+01 2.261000000000000000e+03
4.979000000000000000e+03 1.703000000000000000e+03 1.788000000000000114e+02 4.710000000000000142e+01 2.219000000000000000e+03
4.882000000000000000e+03 1.677000000000000000e+03 1.888000000000000114e+02 4.350000000000000000e+01 2.282000000000000000e+03
5.044000000000000000e+03 1.609000000000000000e+03 1.560999999999999943e+02 4.229999999999999716e+01 2.166000000000000000e+03
4.947000000000000000e+03 1.743000000000000000e+03 1.531999999999999886e+02 4.220000000000000284e+01 2.342000000000000000e+03
4.979000000000000000e+03 1.567000000000000000e+03 1.633000000000000114e+02 6.570000000000000284e+01 2.200000000000000000e+03
4.973000000000000000e+03 1.692000000000000000e+03 1.610999999999999943e+02 5.100000000000000000e+01 2.257000000000000000e+03
5.129000000000000000e+03 1.769000000000000000e+03 1.904000000000000057e+02 4.639999999999999858e+01 2.212000000000000000e+03
4.961000000000000000e+03 1.654000000000000000e+03 1.254000000000000057e+02 4.910000000000000142e+01 2.217000000000000000e+03
4.977000000000000000e+03 1.618000000000000000e+03 1.956999999999999886e+02 4.420000000000000284e+01 2.157000000000000000e+03
4.831000000000000000e+03 1.834000000000000000e+03 1.790000000000000000e+02 4.629999999999999716e+01 2.422000000000000000e+03
4.848000000000000000e+03 1.741000000000000000e+03 1.635999999999999943e+02 4.629999999999999716e+01 2.330000000000000000e+03
5.116000000000000000e+03 1.739000000000000000e+03 1.808000000000000114e+02 5.310000000000000142e+01 2.297000000000000000e+03
4.991000000000000000e+03 1.830000000000000000e+03 1.591999999999999886e+02 5.420000000000000284e+01 2.378000000000000000e+03
4.983000000000000000e+03 1.720000000000000000e+03 1.655000000000000000e+02 5.479999999999999716e+01 2.116000000000000000e+03
4.958000000000000000e+03 1.672000000000000000e+03 1.265999999999999943e+02 4.150000000000000000e+01 2.182000000000000000e+03
4.947000000000000000e+03 1.799000000000000000e+03 1.601999999999999886e+02 4.400000000000000000e+01 2.248000000000000000e+03
4.822000000000000000e+03 1.740000000000000000e+03 1.450999999999999943e+02 4.329999999999999716e+01 2.318000000000000000e+03
5.007000000000000000e+03 1.732000000000000000e+03 1.355000000000000000e+02 4.900000000000000000e+01 2.213000000000000000e+03
4.990000000000000000e+03 1.906000000000000000e+03 1.281999999999999886e+02 5.050000000000000000e+01 2.383000000000000000e+03
1.000000000000000000e+00 4.000000000000000000e+00 5.299999999999999822e+00 1.000000000000000056e-01 5.000000000000000000e+00
4.979000000000000000e+03 1.628000000000000000e+03 1.765999999999999943e+02 4.610000000000000142e+01 2.179000000000000000e+03
4.912000000000000000e+03 1.735000000000000000e+03 1.403000000000000114e+02 5.020000000000000284e+01 2.311000000000000000e+03
5.020000000000000000e+03 1.707000000000000000e+03 1.534000000000000057e+02 3.920000000000000284e+01 2.265000000000000000e+03
4.985000000000000000e+03 1.708000000000000000e+03 1.723000000000000114e+02 3.820000000000000284e+01 2.225000000000000000e+03
4.915000000000000000e+03 1.705000000000000000e+03 1.309000000000000057e+02 4.410000000000000142e+01 2.295000000000000000e+03
4.887000000000000000e+03 1.477000000000000000e+03 1.900999999999999943e+02 4.600000000000000000e+01 2.023000000000000000e+03
4.986000000000000000e+03 1.754000000000000000e+03 1.720000000000000000e+02 4.829999999999999716e+01 2.271000000000000000e+03
5.117000000000000000e+03 1.808000000000000000e+03 1.430999999999999943e+02 4.929999999999999716e+01 2.290000000000000000e+03
4.730000000000000000e+03 1.738000000000000000e+03 1.162999999999999972e+02 4.600000000000000000e+01 2.249000000000000000e+03
4.950000000000000000e+03 1.638000000000000000e+03 1.215000000000000000e+02 4.500000000000000000e+01 2.156000000000000000e+03
4.931000000000000000e+03 1.389000000000000000e+03 1.993000000000000114e+02 5.020000000000000284e+01 2.040000000000000000e+03
4.949000000000000000e+03 1.678000000000000000e+03 1.291999999999999886e+02 4.420000000000000284e+01 2.199000000000000000e+03
4.952000000000000000e+03 1.833000000000000000e+03 1.635000000000000000e+02 4.400000000000000000e+01 2.426000000000000000e+03
4.955000000000000000e+03 1.840000000000000000e+03 1.534000000000000057e+02 4.039999999999999858e+01 2.306000000000000000e+03
4.968000000000000000e+03 1.624000000000000000e+03 1.630000000000000000e+02 6.759999999999999432e+01 2.149000000000000000e+03
