9.376000000000000000e+03 5.535000000000000000e+03 1.017999999999999972e+02 1.380000000000000071e+01 5.250000000000000000e+02
9.457000000000000000e+03 5.828000000000000000e+03 1.022999999999999972e+02 1.259999999999999964e+01 5.340000000000000000e+02
9.430000000000000000e+03 5.552000000000000000e+03 8.129999999999999716e+01 1.469999999999999929e+01 4.940000000000000000e+02
9.431000000000000000e+03 5.475000000000000000e+03 1.039000000000000057e+02 1.580000000000000071e+01 4.830000000000000000e+02
9.450000000000000000e+03 5.506000000000000000e+03 1.390000000000000000e+02 1.280000000000000071e+01 5.140000000000000000e+02
9.377000000000000000e+03 5.075000000000000000e+03 1.042999999999999972e+02 1.540000000000000036e+01 4.890000000000000000e+02
9.454000000000000000e+03 5.374000000000000000e+03 9.540000000000000568e+01 1.490000000000000036e+01 5.150000000000000000e+02
9.445000000000000000e+03 5.526000000000000000e+03 1.032999999999999972e+02 1.469999999999999929e+01 5.010000000000000000e+02
9.419000000000000000e+03 5.345000000000000000e+03 9.090000000000000568e+01 1.430000000000000071e+01 5.100000000000000000e+02
9.430000000000000000e+03 5.717000000000000000e+03 1.087000000000000028e+02 1.459999999999999964e+01 4.990000000000000000e+02
9.442000000000000000e+03 5.668000000000000000e+03 8.570000000000000284e+01 1.309999999999999964e+01 5.080000000000000000e+02
9.423000000000000000e+03 5.677000000000000000e+03 1.090999999999999943e+02 1.319999999999999929e+01 5.360000000000000000e+02
9.404000000000000000e+03 5.316000000000000000e+03 1.097999999999999972e+02 1.430000000000000071e+01 5.180000000000000000e+02
9.439000000000000000e+03 5.159000000000000000e+03 1.057000000000000028e+02 1.639999999999999858e+01 5.020000000000000000e+02
9.436000000000000000e+03 5.214000000000000000e+03 1.000000000000000000e+02 1.509999999999999964e+01 4.830000000000000000e+02
9.427000000000000000e+03 5.641000000000000000e+03 1.087000000000000028e+02 1.340000000000000036e+01 5.150000000000000000e+02
9.443000000000000000e+03 5.360000000000000000e+03 9.890000000000000568e+01 1.390000000000000036e+01 5.080000000000000000e+02
9.479000000000000000e+03 5.428000000000000000e+03 9.520000000000000284e+01 1.380000000000000071e+01 4.710000000000000000e+02
9.422000000000000000e+03 5.785000000000000000e+03 1.360999999999999943e+02 1.350000000000000000e+01 5.430000000000000000e+02
9.490000000000000000e+03 5.317000000000000000e+03 8.859999999999999432e+01 1.610000000000000142e+01 5.150000000000000000e+02
9.405000000000000000e+03 5.447000000000000000e+03 1.359000000000000057e+02 1.509999999999999964e+01 5.480000000000000000e+02
9.434000000000000000e+03 5.510000000000000000e+03 8.420000000000000284e+01 1.219999999999999929e+01 5.190000000000000000e+02
9.423000000000000000e+03 5.242000000000000000e+03 1.147999999999999972e+02 1.440000000000000036e+01 4.910000000000000000e+02
9.442000000000000000e+03 5.205000000000000000e+03 9.040000000000000568e+01 1.430000000000000071e+01 4.810000000000000000e+02
9.408000000000000000e+03 5.297000000000000000e+03 1.075999999999999943e+02 1.689999999999999858e+01 5.380000000000000000e+02
9.429000000000000000e+03 5.283000000000000000e+03 9.059999999999999432e+01 1.380000000000000071e+01 5.010000000000000000e+02
9.412000000000000000e+03 6.002000000000000000e+03 1.037000000000000028e+02 1.280000000000000071e+01 4.850000000000000000e+02
9.384000000000000000e+03 5.902000000000000000e+03 9.229999999999999716e+01 1.269999999999999929e+01 5.360000000000000000e+02
9.399000000000000000e+03 5.782000000000000000e+03 8.050000000000000000e+01 1.500000000000000000e+01 5.090000000000000000e+02
9.480000000000000000e+03 5.490000000000000000e+03 1.044000000000000057e+02 1.390000000000000036e+01 4.720000000000000000e+02
9.410000000000000000e+03 5.425000000000000000e+03 8.559999999999999432e+01 1.369999999999999929e+01 5.080000000000000000e+02
9.386000000000000000e+03 5.444000000000000000e+03 9.359999999999999432e+01 1.500000000000000000e+01 4.960000000000000000e+02
9.425000000000000000e+03 5.374000000000000000e+03 1.017999999999999972e+02 1.610000000000000142e+01 5.100000000000000000e+02
9.418000000000000000e+03 5.803000000000000000e+03 1.075000000000000000e+02 1.319999999999999929e+01 5.520000000000000000e+02
9.467000000000000000e+03 5.585000000000000000e+03 1.295999999999999943e+02 1.480000000000000071e+01 5.470000000000000000e+02
9.464000000000000000e+03 5.766000000000000000e+03 1.249000000000000057e+02 1.369999999999999929e+01 4.730000000000000000e+02
9.425000000000000000e+03 5.529000000000000000e+03 8.270000000000000284e+01 1.330000000000000071e+01 5.090000000000000000e+02
9.437000000000000000e+03 6.032000000000000000e+03 1.057999999999999972e+02 1.319999999999999929e+01 5.130000000000000000e+02
9.459000000000000000e+03 5.946000000000000000e+03 9.559999999999999432e+01 1.240000000000000036e+01 5.130000000000000000e+02
9.459000000000000000e+03 5.578000000000000000e+03 1.005999999999999943e+02 1.400000000000000000e+01 5.110000000000000000e+02
9.436000000000000000e+03 5.812000000000000000e+03 9.050000000000000000e+01 1.380000000000000071e+01 4.920000000000000000e+02
9.398000000000000000e+03 5.137000000000000000e+03 9.229999999999999716e+01 1.369999999999999929e+01 5.280000000000000000e+02
9.444000000000000000e+03 5.634000000000000000e+03 9.670000000000000284e+01 1.480000000000000071e+01 5.290000000000000000e+02
9.396000000000000000e+03 5.957000000000000000e+03 9.600000000000000000e+01 1.290000000000000036e+01 5.280000000000000000e+02
9.416000000000000000e+03 5.700000000000000000e+03 1.035000000000000000e+02 1.440000000000000036e+01 5.410000000000000000e+02
9.430000000000000000e+03 5.827000000000000000e+03 8.500000000000000000e+01 1.280000000000000071e+01 5.220000000000000000e+02
9.431000000000000000e+03 5.619000000000000000e+03 9.900000000000000000e+01 1.390000000000000036e+01 5.330000000000000000e+02
9.427000000000000000e+03 5.418000000000000000e+03 1.102999999999999972e+02 1.400000000000000000e+01 5.220000000000000000e+02
9.426000000000000000e+03 5.423000000000000000e+03 1.360999999999999943e+02 1.500000000000000000e+01 5.270000000000000000e+02
9.410000000000000000e+03 5.372000000000000000e+03 8.959999999999999432e+01 1.430000000000000071e+01 5.110000000000000000e+02
9.438000000000000000e+03 5.678000000000000000e+03 1.277999999999999972e+02 1.319999999999999929e+01 5.090000000000000000e+02
9.448000000000000000e+03 5.262000000000000000e+03 1.120000000000000000e+02 1.369999999999999929e+01 4.940000000000000000e+02
9.450000000000000000e+03 5.503000000000000000e+03 1.110999999999999943e+02 1.430000000000000071e+01 5.090000000000000000e+02
9.470000000000000000e+03 5.509000000000000000e+03 9.790000000000000568e+01 1.380000000000000071e+01 4.990000000000000000e+02
9.418000000000000000e+03 5.504000000000000000e+03 1.461999999999999886e+02 1.490000000000000036e+01 4.960000000000000000e+02
9.456000000000000000e+03 5.217000000000000000e+03 8.840000000000000568e+01 1.569999999999999929e+01 4.860000000000000000e+02
9.404000000000000000e+03 5.738000000000000000e+03 1.040000000000000000e+02 1.380000000000000071e+01 5.260000000000000000e+02
9.401000000000000000e+03 5.626000000000000000e+03 1.015999999999999943e+02 1.309999999999999964e+01 4.990000000000000000e+02
9.413000000000000000e+03 5.273000000000000000e+03 9.820000000000000284e+01 1.569999999999999929e+01 4.940000000000000000e+02
9.413000000000000000e+03 5.313000000000000000e+03 1.160000000000000000e+02 1.480000000000000071e+01 4.980000000000000000e+02
9.442000000000000000e+03 5.614000000000000000e+03 1.019000000000000057e+02 1.719999999999999929e+01 5.320000000000000000e+02
9.410000000000000000e+03 5.358000000000000000e+03 8.890000000000000568e+01 1.419999999999999929e+01 5.070000000000000000e+02
9.428000000000000000e+03 5.213000000000000000e+03 1.007999999999999972e+02 1.540000000000000036e+01 5.080000000000000000e+02
9.414000000000000000e+03 5.471000000000000000e+03 8.879999999999999716e+01 1.350000000000000000e+01 5.080000000000000000e+02
9.452000000000000000e+03 5.618000000000000000e+03 1.100000000000000000e+02 1.530000000000000071e+01 5.010000000000000000e+02
9.429000000000000000e+03 5.549000000000000000e+03 1.020000000000000000e+02 1.369999999999999929e+01 5.140000000000000000e+02
9.422000000000000000e+03 5.141000000000000000e+03 1.030000000000000000e+02 1.530000000000000071e+01 4.960000000000000000e+02
9.414000000000000000e+03 5.468000000000000000e+03 9.050000000000000000e+01 1.390000000000000036e+01 5.040000000000000000e+02
9.431000000000000000e+03 5.259000000000000000e+03 9.200000000000000000e+01 1.469999999999999929e+01 4.990000000000000000e+02
9.425000000000000000e+03 5.614000000000000000e+03 1.325000000000000000e+02 1.300000000000000000e+01 5.260000000000000000e+02
9.415000000000000000e+03 5.459000000000000000e+03 9.370000000000000284e+01 1.430000000000000071e+01 5.290000000000000000e+02
9.397000000000000000e+03 5.710000000000000000e+03 1.007000000000000028e+02 1.359999999999999964e+01 5.340000000000000000e+02
9.444000000000000000e+03 5.544000000000000000e+03 9.000000000000000000e+01 1.319999999999999929e+01 5.280000000000000000e+02
9.423000000000000000e+03 5.738000000000000000e+03 8.820000000000000284e+01 1.300000000000000000e+01 5.300000000000000000e+02
9.381000000000000000e+03 5.431000000000000000e+03 1.167999999999999972e+02 1.469999999999999929e+01 5.070000000000000000e+02
9.440000000000000000e+03 5.364000000000000000e+03 1.070000000000000000e+02 1.540000000000000036e+01 5.120000000000000000e+02
9.494000000000000000e+03 5.801000000000000000e+03 8.670000000000000284e+01 1.290000000000000036e+01 5.490000000000000000e+02
9.458000000000000000e+03 5.624000000000000000e+03 9.529999999999999716e+01 1.350000000000000000e+01 5.000000000000000000e+02
9.446000000000000000e+03 5.277000000000000000e+03 1.010999999999999943e+02 1.480000000000000071e+01 4.560000000000000000e+02
9.424000000000000000e+03 4.955000000000000000e+03 9.390000000000000568e+01 1.680000000000000071e+01 4.650000000000000000e+02
9.387000000000000000e+03 5.125000000000000000e+03 1.089000000000000057e+02 1.500000000000000000e+01 5.190000000000000000e+02
9.421000000000000000e+03 5.862000000000000000e+03 9.490000000000000568e+01 1.350000000000000000e+01 5.440000000000000000e+02
9.435000000000000000e+03 5.324000000000000000e+03 9.959999999999999432e+01 1.359999999999999964e+01 5.010000000000000000e+02
9.424000000000000000e+03 5.552000000000000000e+03 1.125999999999999943e+02 1.400000000000000000e+01 5.380000000000000000e+02
9.442000000000000000e+03 5.439000000000000000e+03 8.779999999999999716e+01 1.630000000000000071e+01 5.070000000000000000e+02
9.434000000000000000e+03 5.483000000000000000e+03 1.094000000000000057e+02 1.430000000000000071e+01 5.580000000000000000e+02
9.414000000000000000e+03 5.415000000000000000e+03 9.259999999999999432e+01 1.450000000000000000e+01 5.250000000000000000e+02
9.416000000000000000e+03 5.629000000000000000e+03 8.990000000000000568e+01 1.319999999999999929e+01 5.330000000000000000e+02
9.436000000000000000e+03 5.361000000000000000e+03 1.024000000000000057e+02 1.400000000000000000e+01 5.300000000000000000e+02
9.402000000000000000e+03 5.414000000000000000e+03 1.339000000000000057e+02 1.580000000000000071e+01 5.250000000000000000e+02
9.452000000000000000e+03 5.833000000000000000e+03 1.167999999999999972e+02 1.350000000000000000e+01 5.150000000000000000e+02
9.464000000000000000e+03 5.693000000000000000e+03 1.082999999999999972e+02 1.430000000000000071e+01 5.140000000000000000e+02
9.408000000000000000e+03 5.508000000000000000e+03 9.700000000000000000e+01 1.300000000000000000e+01 5.670000000000000000e+02
9.421000000000000000e+03 5.565000000000000000e+03 8.070000000000000284e+01 1.369999999999999929e+01 5.250000000000000000e+02
9.396000000000000000e+03 5.188000000000000000e+03 8.940000000000000568e+01 1.500000000000000000e+01 4.950000000000000000e+02
9.418000000000000000e+03 5.224000000000000000e+03 9.900000000000000000e+01 1.600000000000000000e+01 5.160000000000000000e+02
9.444000000000000000e+03 5.368000000000000000e+03 1.020000000000000000e+02 1.530000000000000071e+01 4.890000000000000000e+02
9.430000000000000000e+03 5.295000000000000000e+03 9.950000000000000000e+01 1.380000000000000071e+01 4.900000000000000000e+02
9.418000000000000000e+03 5.858000000000000000e+03 1.344000000000000057e+02 1.309999999999999964e+01 5.390000000000000000e+02
9.416000000000000000e+03 5.435000000000000000e+03 1.215999999999999943e+02 1.380000000000000071e+01 4.940000000000000000e+02
9.456000000000000000e+03 5.401000000000000000e+03 1.142999999999999972e+02 1.400000000000000000e+01 4.950000000000000000e+02
9.399000000000000000e+03 5.361000000000000000e+03 1.020000000000000000e+02 1.480000000000000071e+01 5.190000000000000000e+02
9.437000000000000000e+03 5.782000000000000000e+03 8.850000000000000000e+01 1.619999999999999929e+01 5.140000000000000000e+02
9.412000000000000000e+03 5.462000000000000000e+03 1.022999999999999972e+02 1.480000000000000071e+01 5.590000000000000000e+02
9.453000000000000000e+03 5.374000000000000000e+03 1.074000000000000057e+02 1.459999999999999964e+01 4.840000000000000000e+02
9.408000000000000000e+03 5.612000000000000000e+03 1.331999999999999886e+02 1.380000000000000071e+01 5.040000000000000000e+02
9.466000000000000000e+03 5.317000000000000000e+03 9.240000000000000568e+01 1.590000000000000036e+01 4.830000000000000000e+02
9.452000000000000000e+03 5.242000000000000000e+03 1.112000000000000028e+02 1.480000000000000071e+01 4.570000000000000000e+02
9.447000000000000000e+03 5.546000000000000000e+03 9.720000000000000284e+01 1.300000000000000000e+01 5.290000000000000000e+02
9.405000000000000000e+03 5.565000000000000000e+03 1.145000000000000000e+02 1.450000000000000000e+01 5.420000000000000000e+02
9.431000000000000000e+03 5.379000000000000000e+03 1.359000000000000057e+02 1.380000000000000071e+01 4.930000000000000000e+02
9.439000000000000000e+03 5.515000000000000000e+03 1.299000000000000057e+02 1.369999999999999929e+01 5.090000000000000000e+02
9.428000000000000000e+03 5.156000000000000000e+03 1.122999999999999972e+02 1.390000000000000036e+01 5.360000000000000000e+02
9.418000000000000000e+03 5.685000000000000000e+03 1.633000000000000114e+02 1.340000000000000036e+01 5.200000000000000000e+02
9.412000000000000000e+03 5.583000000000000000e+03 8.509999999999999432e+01 1.419999999999999929e+01 4.740000000000000000e+02
9.413000000000000000e+03 5.156000000000000000e+03 1.012000000000000028e+02 1.500000000000000000e+01 4.720000000000000000e+02
9.482000000000000000e+03 5.542000000000000000e+03 9.900000000000000000e+01 1.359999999999999964e+01 5.000000000000000000e+02
9.420000000000000000e+03 5.568000000000000000e+03 9.359999999999999432e+01 1.380000000000000071e+01 5.310000000000000000e+02
9.486000000000000000e+03 5.823000000000000000e+03 9.850000000000000000e+01 1.390000000000000036e+01 4.890000000000000000e+02
9.430000000000000000e+03 5.284000000000000000e+03 1.065999999999999943e+02 1.500000000000000000e+01 5.190000000000000000e+02
9.467000000000000000e+03 5.425000000000000000e+03 1.054000000000000057e+02 1.430000000000000071e+01 5.120000000000000000e+02
9.386000000000000000e+03 5.608000000000000000e+03 9.909999999999999432e+01 1.430000000000000071e+01 5.390000000000000000e+02
9.419000000000000000e+03 5.170000000000000000e+03 8.329999999999999716e+01 1.450000000000000000e+01 4.840000000000000000e+02
9.451000000000000000e+03 5.557000000000000000e+03 1.220999999999999943e+02 1.280000000000000071e+01 4.760000000000000000e+02
9.420000000000000000e+03 5.664000000000000000e+03 9.059999999999999432e+01 1.309999999999999964e+01 5.370000000000000000e+02
9.401000000000000000e+03 5.784000000000000000e+03 1.040000000000000000e+02 1.280000000000000071e+01 5.660000000000000000e+02
9.443000000000000000e+03 5.641000000000000000e+03 1.122000000000000028e+02 1.700000000000000000e+01 5.210000000000000000e+02
9.395000000000000000e+03 5.436000000000000000e+03 8.359999999999999432e+01 1.530000000000000071e+01 5.090000000000000000e+02
9.384000000000000000e+03 5.390000000000000000e+03 1.050000000000000000e+02 1.419999999999999929e+01 5.230000000000000000e+02
9.442000000000000000e+03 5.618000000000000000e+03 1.040000000000000000e+02 1.290000000000000036e+01 4.810000000000000000e+02
9.405000000000000000e+03 5.749000000000000000e+03 8.600000000000000000e+01 1.250000000000000000e+01 5.160000000000000000e+02
9.433000000000000000e+03 5.497000000000000000e+03 1.069000000000000057e+02 1.390000000000000036e+01 5.520000000000000000e+02
9.442000000000000000e+03 5.555000000000000000e+03 8.809999999999999432e+01 1.409999999999999964e+01 4.810000000000000000e+02
9.423000000000000000e+03 5.169000000000000000e+03 9.870000000000000284e+01 1.689999999999999858e+01 5.000000000000000000e+02
9.412000000000000000e+03 5.544000000000000000e+03 1.022000000000000028e+02 1.400000000000000000e+01 5.160000000000000000e+02
9.410000000000000000e+03 5.208000000000000000e+03 1.117999999999999972e+02 1.390000000000000036e+01 5.450000000000000000e+02
9.416000000000000000e+03 5.542000000000000000e+03 1.052000000000000028e+02 1.409999999999999964e+01 5.060000000000000000e+02
9.389000000000000000e+03 5.943000000000000000e+03 1.082000000000000028e+02 1.430000000000000071e+01 5.470000000000000000e+02
9.434000000000000000e+03 5.756000000000000000e+03 8.829999999999999716e+01 1.290000000000000036e+01 5.120000000000000000e+02
9.384000000000000000e+03 5.383000000000000000e+03 9.909999999999999432e+01 1.550000000000000000e+01 5.620000000000000000e+02
9.400000000000000000e+03 5.187000000000000000e+03 1.005000000000000000e+02 1.600000000000000000e+01 5.110000000000000000e+02
9.415000000000000000e+03 5.823000000000000000e+03 9.620000000000000284e+01 1.319999999999999929e+01 4.910000000000000000e+02
9.355000000000000000e+03 5.126000000000000000e+03 1.017000000000000028e+02 1.400000000000000000e+01 5.290000000000000000e+02
9.459000000000000000e+03 5.249000000000000000e+03 1.040000000000000000e+02 1.440000000000000036e+01 5.160000000000000000e+02
9.452000000000000000e+03 5.150000000000000000e+03 1.080000000000000000e+02 1.610000000000000142e+01 4.710000000000000000e+02
9.423000000000000000e+03 5.790000000000000000e+03 9.509999999999999432e+01 1.290000000000000036e+01 5.110000000000000000e+02
9.436000000000000000e+03 5.661000000000000000e+03 9.250000000000000000e+01 1.400000000000000000e+01 5.250000000000000000e+02
9.457000000000000000e+03 5.452000000000000000e+03 1.175000000000000000e+02 1.480000000000000071e+01 4.740000000000000000e+02
9.380000000000000000e+03 5.662000000000000000e+03 8.850000000000000000e+01 1.459999999999999964e+01 5.140000000000000000e+02
9.405000000000000000e+03 5.589000000000000000e+03 1.394000000000000057e+02 1.409999999999999964e+01 5.380000000000000000e+02
9.448000000000000000e+03 5.105000000000000000e+03 1.479000000000000057e+02 1.450000000000000000e+01 4.870000000000000000e+02
9.404000000000000000e+03 5.611000000000000000e+03 8.359999999999999432e+01 1.380000000000000071e+01 5.340000000000000000e+02
9.440000000000000000e+03 5.695000000000000000e+03 9.940000000000000568e+01 1.400000000000000000e+01 5.050000000000000000e+02
9.485000000000000000e+03 5.399000000000000000e+03 1.398000000000000114e+02 1.430000000000000071e+01 4.800000000000000000e+02
9.433000000000000000e+03 5.323000000000000000e+03 9.900000000000000000e+01 1.600000000000000000e+01 4.710000000000000000e+02
9.433000000000000000e+03 5.709000000000000000e+03 1.025999999999999943e+02 1.259999999999999964e+01 5.520000000000000000e+02
9.430000000000000000e+03 5.341000000000000000e+03 1.242000000000000028e+02 1.519999999999999929e+01 5.170000000000000000e+02
9.422000000000000000e+03 5.265000000000000000e+03 1.017000000000000028e+02 1.400000000000000000e+01 5.130000000000000000e+02
9.479000000000000000e+03 4.897000000000000000e+03 1.084000000000000057e+02 1.480000000000000071e+01 4.840000000000000000e+02
9.432000000000000000e+03 5.419000000000000000e+03 1.087000000000000028e+02 1.400000000000000000e+01 4.970000000000000000e+02
9.422000000000000000e+03 5.203000000000000000e+03 8.650000000000000000e+01 1.419999999999999929e+01 4.980000000000000000e+02
9.440000000000000000e+03 5.785000000000000000e+03 1.102000000000000028e+02 1.369999999999999929e+01 5.240000000000000000e+02
9.482000000000000000e+03 5.602000000000000000e+03 9.290000000000000568e+01 1.350000000000000000e+01 4.730000000000000000e+02
9.435000000000000000e+03 5.453000000000000000e+03 1.027000000000000028e+02 1.559999999999999964e+01 5.140000000000000000e+02
9.433000000000000000e+03 5.753000000000000000e+03 1.230999999999999943e+02 1.600000000000000000e+01 5.470000000000000000e+02
9.397000000000000000e+03 5.468000000000000000e+03 8.790000000000000568e+01 1.400000000000000000e+01 5.350000000000000000e+02
9.421000000000000000e+03 5.337000000000000000e+03 1.029000000000000057e+02 1.519999999999999929e+01 4.530000000000000000e+02
9.446000000000000000e+03 5.707000000000000000e+03 1.015999999999999943e+02 1.330000000000000071e+01 5.400000000000000000e+02
9.429000000000000000e+03 5.342000000000000000e+03 1.510999999999999943e+02 1.630000000000000071e+01 4.930000000000000000e+02
9.393000000000000000e+03 5.433000000000000000e+03 1.057999999999999972e+02 1.530000000000000071e+01 4.910000000000000000e+02
9.455000000000000000e+03 5.688000000000000000e+03 9.909999999999999432e+01 1.469999999999999929e+01 4.820000000000000000e+02
9.438000000000000000e+03 5.527000000000000000e+03 9.040000000000000568e+01 1.400000000000000000e+01 4.550000000000000000e+02
9.450000000000000000e+03 5.377000000000000000e+03 1.328000000000000114e+02 1.459999999999999964e+01 4.970000000000000000e+02
9.420000000000000000e+03 5.652000000000000000e+03 7.650000000000000000e+01 1.340000000000000036e+01 4.980000000000000000e+02
9.426000000000000000e+03 5.787000000000000000e+03 9.979999999999999716e+01 1.390000000000000036e+01 5.150000000000000000e+02
9.412000000000000000e+03 5.256000000000000000e+03 1.172999999999999972e+02 1.490000000000000036e+01 5.040000000000000000e+02
9.424000000000000000e+03 5.580000000000000000e+03 9.190000000000000568e+01 1.369999999999999929e+01 5.440000000000000000e+02
9.378000000000000000e+03 4.852000000000000000e+03 1.130000000000000000e+02 1.619999999999999929e+01 4.610000000000000000e+02
9.423000000000000000e+03 5.691000000000000000e+03 9.679999999999999716e+01 1.300000000000000000e+01 5.490000000000000000e+02
9.438000000000000000e+03 5.576000000000000000e+03 9.640000000000000568e+01 1.390000000000000036e+01 5.170000000000000000e+02
9.417000000000000000e+03 5.522000000000000000e+03 1.000000000000000000e+02 1.509999999999999964e+01 5.230000000000000000e+02
9.385000000000000000e+03 5.314000000000000000e+03 8.950000000000000000e+01 1.500000000000000000e+01 5.130000000000000000e+02
9.382000000000000000e+03 5.615000000000000000e+03 8.779999999999999716e+01 1.440000000000000036e+01 5.520000000000000000e+02
9.384000000000000000e+03 5.575000000000000000e+03 9.820000000000000284e+01 1.350000000000000000e+01 5.320000000000000000e+02
9.404000000000000000e+03 5.713000000000000000e+03 1.040000000000000000e+02 1.459999999999999964e+01 4.990000000000000000e+02
9.443000000000000000e+03 5.523000000000000000e+03 9.390000000000000568e+01 1.540000000000000036e+01 4.990000000000000000e+02
9.437000000000000000e+03 5.495000000000000000e+03 1.104000000000000057e+02 1.419999999999999929e+01 4.610000000000000000e+02
9.431000000000000000e+03 5.697000000000000000e+03 1.182000000000000028e+02 1.469999999999999929e+01 5.190000000000000000e+02
9.433000000000000000e+03 5.675000000000000000e+03 1.005000000000000000e+02 1.369999999999999929e+01 5.110000000000000000e+02
9.417000000000000000e+03 5.599000000000000000e+03 9.559999999999999432e+01 1.340000000000000036e+01 5.130000000000000000e+02
9.462000000000000000e+03 5.087000000000000000e+03 9.579999999999999716e+01 1.380000000000000071e+01 5.030000000000000000e+02
9.429000000000000000e+03 5.171000000000000000e+03 1.197999999999999972e+02 1.409999999999999964e+01 4.570000000000000000e+02
9.412000000000000000e+03 5.624000000000000000e+03 1.157000000000000028e+02 1.250000000000000000e+01 5.030000000000000000e+02
9.425000000000000000e+03 5.397000000000000000e+03 1.045999999999999943e+02 1.340000000000000036e+01 5.170000000000000000e+02
9.414000000000000000e+03 5.653000000000000000e+03 1.245999999999999943e+02 1.300000000000000000e+01 5.220000000000000000e+02
9.420000000000000000e+03 5.602000000000000000e+03 9.300000000000000000e+01 1.300000000000000000e+01 5.300000000000000000e+02
9.405000000000000000e+03 5.549000000000000000e+03 1.112999999999999972e+02 1.300000000000000000e+01 5.170000000000000000e+02
9.447000000000000000e+03 5.423000000000000000e+03 1.195999999999999943e+02 1.519999999999999929e+01 4.850000000000000000e+02
9.407000000000000000e+03 5.409000000000000000e+03 9.579999999999999716e+01 1.440000000000000036e+01 4.730000000000000000e+02
9.432000000000000000e+03 5.576000000000000000e+03 1.052000000000000028e+02 1.540000000000000036e+01 5.200000000000000000e+02
9.443000000000000000e+03 5.865000000000000000e+03 8.529999999999999716e+01 1.409999999999999964e+01 5.450000000000000000e+02
9.444000000000000000e+03 5.539000000000000000e+03 9.500000000000000000e+01 1.269999999999999929e+01 5.120000000000000000e+02
9.384000000000000000e+03 5.233000000000000000e+03 8.770000000000000284e+01 1.340000000000000036e+01 5.260000000000000000e+02
9.436000000000000000e+03 5.713000000000000000e+03 8.709999999999999432e+01 1.390000000000000036e+01 5.320000000000000000e+02
9.427000000000000000e+03 5.408000000000000000e+03 9.840000000000000568e+01 1.409999999999999964e+01 5.070000000000000000e+02
9.422000000000000000e+03 5.735000000000000000e+03 9.270000000000000284e+01 1.459999999999999964e+01 5.250000000000000000e+02
9.432000000000000000e+03 5.497000000000000000e+03 9.700000000000000000e+01 1.490000000000000036e+01 5.290000000000000000e+02
9.465000000000000000e+03 5.653000000000000000e+03 1.092000000000000028e+02 1.400000000000000000e+01 5.120000000000000000e+02
9.437000000000000000e+03 5.407000000000000000e+03 1.075999999999999943e+02 1.630000000000000071e+01 4.810000000000000000e+02
9.401000000000000000e+03 5.410000000000000000e+03 8.900000000000000000e+01 1.400000000000000000e+01 5.190000000000000000e+02
9.393000000000000000e+03 5.707000000000000000e+03 9.079999999999999716e+01 1.359999999999999964e+01 5.050000000000000000e+02
9.419000000000000000e+03 5.363000000000000000e+03 9.529999999999999716e+01 1.550000000000000000e+01 4.870000000000000000e+02
9.467000000000000000e+03 5.607000000000000000e+03 8.550000000000000000e+01 1.340000000000000036e+01 5.020000000000000000e+02
9.434000000000000000e+03 5.526000000000000000e+03 1.077000000000000028e+02 1.269999999999999929e+01 5.050000000000000000e+02
9.415000000000000000e+03 5.587000000000000000e+03 9.479999999999999716e+01 1.280000000000000071e+01 4.890000000000000000e+02
9.439000000000000000e+03 5.460000000000000000e+03 8.770000000000000284e+01 1.480000000000000071e+01 5.220000000000000000e+02
9.438000000000000000e+03 5.371000000000000000e+03 8.029999999999999716e+01 1.500000000000000000e+01 4.800000000000000000e+02
9.435000000000000000e+03 5.657000000000000000e+03 8.759999999999999432e+01 1.440000000000000036e+01 5.180000000000000000e+02
9.402000000000000000e+03 5.385000000000000000e+03 1.735999999999999943e+02 1.290000000000000036e+01 5.170000000000000000e+02
9.353000000000000000e+03 5.541000000000000000e+03 1.035000000000000000e+02 1.469999999999999929e+01 5.460000000000000000e+02
9.477000000000000000e+03 5.631000000000000000e+03 9.459999999999999432e+01 1.550000000000000000e+01 5.060000000000000000e+02
9.446000000000000000e+03 5.171000000000000000e+03 8.890000000000000568e+01 1.450000000000000000e+01 5.050000000000000000e+02
9.375000000000000000e+03 5.210000000000000000e+03 9.440000000000000568e+01 1.630000000000000071e+01 4.930000000000000000e+02
9.448000000000000000e+03 5.540000000000000000e+03 1.165000000000000000e+02 1.519999999999999929e+01 4.710000000000000000e+02
9.468000000000000000e+03 5.786000000000000000e+03 9.129999999999999716e+01 1.309999999999999964e+01 4.990000000000000000e+02
9.399000000000000000e+03 5.273000000000000000e+03 1.145999999999999943e+02 1.400000000000000000e+01 4.990000000000000000e+02
9.452000000000000000e+03 5.723000000000000000e+03 1.215999999999999943e+02 1.159999999999999964e+01 5.560000000000000000e+02
9.437000000000000000e+03 5.863000000000000000e+03 9.800000000000000000e+01 1.290000000000000036e+01 5.390000000000000000e+02
9.403000000000000000e+03 5.384000000000000000e+03 1.255999999999999943e+02 1.459999999999999964e+01 5.490000000000000000e+02
9.466000000000000000e+03 5.656000000000000000e+03 8.859999999999999432e+01 1.259999999999999964e+01 5.040000000000000000e+02
9.427000000000000000e+03 5.352000000000000000e+03 8.940000000000000568e+01 1.380000000000000071e+01 4.900000000000000000e+02
9.477000000000000000e+03 5.524000000000000000e+03 9.279999999999999716e+01 1.230000000000000071e+01 5.470000000000000000e+02
9.394000000000000000e+03 5.346000000000000000e+03 1.009000000000000057e+02 1.459999999999999964e+01 5.000000000000000000e+02
9.400000000000000000e+03 5.208000000000000000e+03 1.010000000000000000e+02 1.490000000000000036e+01 5.360000000000000000e+02
9.414000000000000000e+03 5.395000000000000000e+03 1.062000000000000028e+02 1.569999999999999929e+01 5.140000000000000000e+02
9.437000000000000000e+03 5.737000000000000000e+03 1.097999999999999972e+02 1.400000000000000000e+01 5.240000000000000000e+02
9.463000000000000000e+03 5.363000000000000000e+03 9.659999999999999432e+01 1.330000000000000071e+01 4.600000000000000000e+02
9.416000000000000000e+03 5.049000000000000000e+03 8.970000000000000284e+01 1.590000000000000036e+01 4.750000000000000000e+02
9.465000000000000000e+03 4.910000000000000000e+03 1.074000000000000057e+02 1.380000000000000071e+01 4.930000000000000000e+02
9.431000000000000000e+03 5.489000000000000000e+03 8.450000000000000000e+01 1.330000000000000071e+01 5.290000000000000000e+02
9.409000000000000000e+03 5.287000000000000000e+03 8.570000000000000284e+01 1.480000000000000071e+01 5.210000000000000000e+02
9.446000000000000000e+03 5.468000000000000000e+03 9.870000000000000284e+01 1.419999999999999929e+01 4.840000000000000000e+02
9.452000000000000000e+03 5.411000000000000000e+03 9.879999999999999716e+01 1.530000000000000071e+01 4.900000000000000000e+02
9.420000000000000000e+03 5.577000000000000000e+03 9.720000000000000284e+01 1.519999999999999929e+01 4.980000000000000000e+02
9.444000000000000000e+03 5.568000000000000000e+03 1.117999999999999972e+02 1.209999999999999964e+01 5.160000000000000000e+02
9.413000000000000000e+03 5.606000000000000000e+03 1.085000000000000000e+02 1.359999999999999964e+01 5.200000000000000000e+02
9.453000000000000000e+03 5.504000000000000000e+03 9.359999999999999432e+01 1.359999999999999964e+01 5.070000000000000000e+02
9.452000000000000000e+03 5.347000000000000000e+03 1.164000000000000057e+02 1.340000000000000036e+01 5.110000000000000000e+02
9.427000000000000000e+03 5.501000000000000000e+03 9.679999999999999716e+01 1.409999999999999964e+01 5.070000000000000000e+02
9.427000000000000000e+03 5.666000000000000000e+03 8.590000000000000568e+01 1.350000000000000000e+01 5.160000000000000000e+02
