7.200000000000000000e+01 3.000000000000000000e+01 9.540000000000000568e+01 2.860000000000000142e+01 6.300000000000000000e+01
5.420000000000000000e+02 7.000000000000000000e+01 3.480000000000000000e+02 3.169999999999999929e+01 2.960000000000000000e+02
2.170000000000000000e+02 5.900000000000000000e+01 2.279000000000000057e+02 5.220000000000000284e+01 1.840000000000000000e+02
1.023000000000000000e+03 1.010000000000000000e+02 4.881000000000000227e+02 6.210000000000000142e+01 5.010000000000000000e+02
1.603000000000000000e+03 1.590000000000000000e+02 8.122999999999999545e+02 1.303000000000000114e+02 8.030000000000000000e+02
5.030000000000000000e+02 4.700000000000000000e+01 5.768999999999999773e+02 1.769999999999999929e+01 2.280000000000000000e+02
8.890000000000000000e+02 1.220000000000000000e+02 3.223000000000000114e+02 4.129999999999999716e+01 5.630000000000000000e+02
3.200000000000000000e+01 2.200000000000000000e+01 5.639999999999999858e+01 1.600000000000000000e+01 5.100000000000000000e+01
9.500000000000000000e+01 2.600000000000000000e+01 1.526999999999999886e+02 1.059999999999999964e+01 1.060000000000000000e+02
5.000000000000000000e+00 5.000000000000000000e+00 4.339999999999999858e+01 1.399999999999999911e+00 7.000000000000000000e+00
5.800000000000000000e+01 3.500000000000000000e+01 1.423000000000000114e+02 9.029999999999999716e+01 8.500000000000000000e+01
6.500000000000000000e+01 3.100000000000000000e+01 1.135000000000000000e+02 2.200000000000000000e+01 9.100000000000000000e+01
1.310000000000000000e+02 3.400000000000000000e+01 1.815999999999999943e+02 5.900000000000000355e+00 1.260000000000000000e+02
3.550000000000000000e+02 8.100000000000000000e+01 2.211999999999999886e+02 5.500000000000000000e+01 2.960000000000000000e+02
1.710000000000000000e+02 3.300000000000000000e+01 3.215000000000000000e+02 2.650000000000000000e+01 1.050000000000000000e+02
6.070000000000000000e+02 9.300000000000000000e+01 3.718000000000000114e+02 5.870000000000000284e+01 3.660000000000000000e+02
2.170000000000000000e+02 5.700000000000000000e+01 1.784000000000000057e+02 3.589999999999999858e+01 1.930000000000000000e+02
0.000000000000000000e+00 3.000000000000000000e+00 1.399999999999999911e+00 0.000000000000000000e+00 3.000000000000000000e+00
4.150000000000000000e+02 7.400000000000000000e+01 3.861000000000000227e+02 1.132000000000000028e+02 2.770000000000000000e+02
2.460000000000000000e+02 6.600000000000000000e+01 1.910000000000000000e+02 7.470000000000000284e+01 2.090000000000000000e+02
2.500000000000000000e+01 1.500000000000000000e+01 5.329999999999999716e+01 7.599999999999999645e+00 2.500000000000000000e+01
1.000000000000000000e+00 4.000000000000000000e+00 1.699999999999999956e+00 4.000000000000000222e-01 3.000000000000000000e+00
3.000000000000000000e+00 7.000000000000000000e+00 1.969999999999999929e+01 5.999999999999999778e-01 1.000000000000000000e+01
6.670000000000000000e+02 7.800000000000000000e+01 4.230000000000000000e+02 1.020000000000000000e+02 3.670000000000000000e+02
3.400000000000000000e+01 1.300000000000000000e+01 1.167999999999999972e+02 5.200000000000000178e+00 5.000000000000000000e+01
6.070000000000000000e+02 8.400000000000000000e+01 4.481999999999999886e+02 5.070000000000000284e+01 2.870000000000000000e+02
1.000000000000000000e+00 3.000000000000000000e+00 5.599999999999999645e+00 0.000000000000000000e+00 2.000000000000000000e+00
3.800000000000000000e+01 2.300000000000000000e+01 9.609999999999999432e+01 1.290000000000000036e+01 5.900000000000000000e+01
1.310000000000000000e+02 3.800000000000000000e+01 1.453000000000000114e+02 1.190000000000000036e+01 1.400000000000000000e+02
5.100000000000000000e+01 3.600000000000000000e+01 6.950000000000000000e+01 1.430000000000000071e+01 8.200000000000000000e+01
9.920000000000000000e+02 5.800000000000000000e+01 8.138999999999999773e+02 4.339999999999999858e+01 3.010000000000000000e+02
4.450000000000000000e+02 7.600000000000000000e+01 4.353999999999999773e+02 1.560999999999999943e+02 3.520000000000000000e+02
2.100000000000000000e+02 3.300000000000000000e+01 2.875000000000000000e+02 6.629999999999999716e+01 1.470000000000000000e+02
3.200000000000000000e+01 2.200000000000000000e+01 7.000000000000000000e+01 1.069999999999999929e+01 5.600000000000000000e+01
1.210000000000000000e+02 3.100000000000000000e+01 3.261999999999999886e+02 3.010000000000000142e+01 1.080000000000000000e+02
1.400000000000000000e+01 1.000000000000000000e+01 5.460000000000000142e+01 1.500000000000000000e+00 1.100000000000000000e+01
4.550000000000000000e+02 6.400000000000000000e+01 4.100000000000000000e+02 5.060000000000000142e+01 2.780000000000000000e+02
3.500000000000000000e+01 2.800000000000000000e+01 5.989999999999999858e+01 2.069999999999999929e+01 5.900000000000000000e+01
4.200000000000000000e+01 1.400000000000000000e+01 1.280000000000000000e+02 1.459999999999999964e+01 3.800000000000000000e+01
4.000000000000000000e+00 6.000000000000000000e+00 1.009999999999999964e+01 1.300000000000000044e+00 6.000000000000000000e+00
4.100000000000000000e+01 2.400000000000000000e+01 7.990000000000000568e+01 1.450000000000000000e+01 7.100000000000000000e+01
5.900000000000000000e+01 3.600000000000000000e+01 8.170000000000000284e+01 1.980000000000000071e+01 8.100000000000000000e+01
9.730000000000000000e+02 7.800000000000000000e+01 7.742000000000000455e+02 7.090000000000000568e+01 3.810000000000000000e+02
4.030000000000000000e+02 8.500000000000000000e+01 2.965000000000000000e+02 6.220000000000000284e+01 2.700000000000000000e+02
3.050000000000000000e+02 5.100000000000000000e+01 3.248000000000000114e+02 5.889999999999999858e+01 1.710000000000000000e+02
6.110000000000000000e+02 9.200000000000000000e+01 4.308999999999999773e+02 8.809999999999999432e+01 3.920000000000000000e+02
1.500000000000000000e+01 1.500000000000000000e+01 3.620000000000000284e+01 2.700000000000000178e+00 2.800000000000000000e+01
5.700000000000000000e+01 3.000000000000000000e+01 9.900000000000000000e+01 2.950000000000000000e+01 5.400000000000000000e+01
1.000000000000000000e+00 4.000000000000000000e+00 2.389999999999999858e+01 1.699999999999999956e+00 6.000000000000000000e+00
8.200000000000000000e+01 4.800000000000000000e+01 1.394000000000000057e+02 2.839999999999999858e+01 1.090000000000000000e+02
1.559000000000000000e+03 1.840000000000000000e+02 5.766000000000000227e+02 2.663000000000000114e+02 8.540000000000000000e+02
6.270000000000000000e+02 9.500000000000000000e+01 3.048999999999999773e+02 2.489999999999999858e+01 4.870000000000000000e+02
1.080000000000000000e+02 3.300000000000000000e+01 2.030000000000000000e+02 1.950000000000000000e+01 1.110000000000000000e+02
1.350000000000000000e+02 4.200000000000000000e+01 1.284000000000000057e+02 6.529999999999999716e+01 1.490000000000000000e+02
2.400000000000000000e+01 1.300000000000000000e+01 6.590000000000000568e+01 1.519999999999999929e+01 2.100000000000000000e+01
8.900000000000000000e+01 3.100000000000000000e+01 1.247999999999999972e+02 1.930000000000000071e+01 9.000000000000000000e+01
3.200000000000000000e+01 1.400000000000000000e+01 1.024000000000000057e+02 1.509999999999999964e+01 3.600000000000000000e+01
6.350000000000000000e+02 9.900000000000000000e+01 3.203000000000000114e+02 5.360000000000000142e+01 3.770000000000000000e+02
3.000000000000000000e+00 5.000000000000000000e+00 1.150000000000000000e+01 4.000000000000000222e-01 4.000000000000000000e+00
7.110000000000000000e+02 9.800000000000000000e+01 4.145000000000000000e+02 6.709999999999999432e+01 4.460000000000000000e+02
1.240000000000000000e+02 2.700000000000000000e+01 2.105000000000000000e+02 5.799999999999999822e+00 1.180000000000000000e+02
1.020000000000000000e+02 5.700000000000000000e+01 9.079999999999999716e+01 1.789999999999999858e+01 1.010000000000000000e+02
1.380000000000000000e+02 3.300000000000000000e+01 2.005999999999999943e+02 1.810000000000000142e+01 1.090000000000000000e+02
6.800000000000000000e+02 6.700000000000000000e+01 4.856999999999999886e+02 1.769999999999999929e+01 3.290000000000000000e+02
1.070000000000000000e+02 3.700000000000000000e+01 1.433000000000000114e+02 2.900000000000000000e+01 1.280000000000000000e+02
8.080000000000000000e+02 8.900000000000000000e+01 5.140000000000000000e+02 1.274000000000000057e+02 4.130000000000000000e+02
2.800000000000000000e+01 1.800000000000000000e+01 5.470000000000000284e+01 7.900000000000000355e+00 4.200000000000000000e+01
6.000000000000000000e+00 6.000000000000000000e+00 3.160000000000000142e+01 2.899999999999999911e+00 7.000000000000000000e+00
1.260000000000000000e+02 6.900000000000000000e+01 1.324000000000000057e+02 4.920000000000000284e+01 1.720000000000000000e+02
1.300000000000000000e+01 1.500000000000000000e+01 6.029999999999999716e+01 4.299999999999999822e+00 3.000000000000000000e+01
5.700000000000000000e+01 4.100000000000000000e+01 9.090000000000000568e+01 3.139999999999999858e+01 7.500000000000000000e+01
1.400000000000000000e+01 2.100000000000000000e+01 4.100000000000000000e+01 1.209999999999999964e+01 3.200000000000000000e+01
8.420000000000000000e+02 7.500000000000000000e+01 8.388999999999999773e+02 9.259999999999999432e+01 3.020000000000000000e+02
9.350000000000000000e+02 1.010000000000000000e+02 5.525000000000000000e+02 1.980000000000000000e+02 4.360000000000000000e+02
9.200000000000000000e+01 4.500000000000000000e+01 1.339000000000000057e+02 3.579999999999999716e+01 1.250000000000000000e+02
6.820000000000000000e+02 8.500000000000000000e+01 3.703000000000000114e+02 1.022999999999999972e+02 4.420000000000000000e+02
2.830000000000000000e+02 5.500000000000000000e+01 2.580000000000000000e+02 2.069999999999999929e+01 2.060000000000000000e+02
8.520000000000000000e+02 1.210000000000000000e+02 3.245000000000000000e+02 1.155999999999999943e+02 6.030000000000000000e+02
7.160000000000000000e+02 1.050000000000000000e+02 3.726999999999999886e+02 5.970000000000000284e+01 3.780000000000000000e+02
3.000000000000000000e+01 1.600000000000000000e+01 6.690000000000000568e+01 3.779999999999999716e+01 2.800000000000000000e+01
3.100000000000000000e+01 2.200000000000000000e+01 6.250000000000000000e+01 1.780000000000000071e+01 4.400000000000000000e+01
5.800000000000000000e+01 2.200000000000000000e+01 1.410000000000000000e+02 1.850000000000000000e+01 6.300000000000000000e+01
3.000000000000000000e+01 1.800000000000000000e+01 7.159999999999999432e+01 1.290000000000000036e+01 5.000000000000000000e+01
2.600000000000000000e+01 2.100000000000000000e+01 6.179999999999999716e+01 9.400000000000000355e+00 3.900000000000000000e+01
1.645000000000000000e+03 1.020000000000000000e+02 7.755000000000000000e+02 4.600000000000000000e+01 5.830000000000000000e+02
5.560000000000000000e+02 1.030000000000000000e+02 3.710000000000000000e+02 1.102000000000000028e+02 4.210000000000000000e+02
2.000000000000000000e+00 4.000000000000000000e+00 2.269999999999999929e+01 7.700000000000000178e+00 6.000000000000000000e+00
2.730000000000000000e+02 3.500000000000000000e+01 3.536000000000000227e+02 2.519999999999999929e+01 1.700000000000000000e+02
2.090000000000000000e+02 6.700000000000000000e+01 1.545000000000000000e+02 3.789999999999999858e+01 2.430000000000000000e+02
1.400000000000000000e+01 8.000000000000000000e+00 2.089999999999999858e+01 3.500000000000000000e+00 6.000000000000000000e+00
6.320000000000000000e+02 7.600000000000000000e+01 4.836999999999999886e+02 1.640000000000000000e+02 3.100000000000000000e+02
3.900000000000000000e+01 1.300000000000000000e+01 1.335999999999999943e+02 1.040000000000000036e+01 5.500000000000000000e+01
2.420000000000000000e+02 4.500000000000000000e+01 2.505000000000000000e+02 8.809999999999999432e+01 2.260000000000000000e+02
1.000000000000000000e+00 4.000000000000000000e+00 7.400000000000000355e+00 2.399999999999999911e+00 3.000000000000000000e+00
1.800000000000000000e+01 2.300000000000000000e+01 3.270000000000000284e+01 1.800000000000000000e+01 3.200000000000000000e+01
1.610000000000000000e+02 6.600000000000000000e+01 1.184000000000000057e+02 2.060000000000000142e+01 2.040000000000000000e+02
1.067000000000000000e+03 1.420000000000000000e+02 4.681000000000000227e+02 7.440000000000000568e+01 7.330000000000000000e+02
3.210000000000000000e+02 8.200000000000000000e+01 2.285000000000000000e+02 1.600000000000000000e+01 2.950000000000000000e+02
3.000000000000000000e+00 6.000000000000000000e+00 2.819999999999999929e+01 8.000000000000000444e-01 6.000000000000000000e+00
4.600000000000000000e+01 2.400000000000000000e+01 9.909999999999999432e+01 5.500000000000000000e+00 5.700000000000000000e+01
1.446000000000000000e+03 1.030000000000000000e+02 7.777999999999999545e+02 3.300000000000000000e+01 5.430000000000000000e+02
3.000000000000000000e+00 8.000000000000000000e+00 2.230000000000000071e+01 1.090000000000000036e+01 1.100000000000000000e+01
2.100000000000000000e+01 2.100000000000000000e+01 6.000000000000000000e+01 1.390000000000000036e+01 3.700000000000000000e+01
8.000000000000000000e+00 8.000000000000000000e+00 2.019999999999999929e+01 7.900000000000000355e+00 1.200000000000000000e+01
6.200000000000000000e+01 3.500000000000000000e+01 8.240000000000000568e+01 2.700000000000000000e+01 8.500000000000000000e+01
6.300000000000000000e+01 2.000000000000000000e+01 1.795999999999999943e+02 2.610000000000000142e+01 8.100000000000000000e+01
5.400000000000000000e+01 2.400000000000000000e+01 1.200000000000000000e+02 2.939999999999999858e+01 5.400000000000000000e+01
2.670000000000000000e+02 4.600000000000000000e+01 2.284000000000000057e+02 3.329999999999999716e+01 2.140000000000000000e+02
6.300000000000000000e+02 9.600000000000000000e+01 3.323999999999999773e+02 6.959999999999999432e+01 4.400000000000000000e+02
6.370000000000000000e+02 6.300000000000000000e+01 4.801999999999999886e+02 4.089999999999999858e+01 2.810000000000000000e+02
6.830000000000000000e+02 7.500000000000000000e+01 4.363000000000000114e+02 3.700000000000000000e+01 3.280000000000000000e+02
6.760000000000000000e+02 1.110000000000000000e+02 5.415000000000000000e+02 6.300000000000000000e+01 4.210000000000000000e+02
7.200000000000000000e+01 2.800000000000000000e+01 1.142999999999999972e+02 8.699999999999999289e+00 5.900000000000000000e+01
8.290000000000000000e+02 9.600000000000000000e+01 4.651000000000000227e+02 1.062000000000000028e+02 4.780000000000000000e+02
5.400000000000000000e+01 2.900000000000000000e+01 7.620000000000000284e+01 2.210000000000000142e+01 5.900000000000000000e+01
4.800000000000000000e+01 3.700000000000000000e+01 6.050000000000000000e+01 2.550000000000000000e+01 7.400000000000000000e+01
3.400000000000000000e+01 1.800000000000000000e+01 8.520000000000000284e+01 1.419999999999999929e+01 2.800000000000000000e+01
3.400000000000000000e+01 1.500000000000000000e+01 1.015000000000000000e+02 4.700000000000000178e+00 4.100000000000000000e+01
2.400000000000000000e+01 1.300000000000000000e+01 6.220000000000000284e+01 1.119999999999999929e+01 3.100000000000000000e+01
7.990000000000000000e+02 1.060000000000000000e+02 5.396000000000000227e+02 3.600000000000000000e+01 4.610000000000000000e+02
4.230000000000000000e+02 8.300000000000000000e+01 3.135000000000000000e+02 1.124000000000000057e+02 3.650000000000000000e+02
1.530000000000000000e+02 3.300000000000000000e+01 2.014000000000000057e+02 1.730000000000000071e+01 1.050000000000000000e+02
3.800000000000000000e+01 2.200000000000000000e+01 9.490000000000000568e+01 6.799999999999999822e+00 4.500000000000000000e+01
1.690000000000000000e+02 4.600000000000000000e+01 2.374000000000000057e+02 9.599999999999999645e+00 1.310000000000000000e+02
1.500000000000000000e+02 4.800000000000000000e+01 1.854000000000000057e+02 1.440000000000000036e+01 1.730000000000000000e+02
4.680000000000000000e+02 8.000000000000000000e+01 3.145000000000000000e+02 1.500000000000000000e+01 3.670000000000000000e+02
4.130000000000000000e+02 5.700000000000000000e+01 3.530000000000000000e+02 3.260000000000000142e+01 2.270000000000000000e+02
4.000000000000000000e+00 3.000000000000000000e+00 2.630000000000000071e+01 0.000000000000000000e+00 4.000000000000000000e+00
6.150000000000000000e+02 1.050000000000000000e+02 3.468999999999999773e+02 1.281999999999999886e+02 4.160000000000000000e+02
4.820000000000000000e+02 6.600000000000000000e+01 3.308999999999999773e+02 3.879999999999999716e+01 3.050000000000000000e+02
2.050000000000000000e+02 4.700000000000000000e+01 1.926999999999999886e+02 2.960000000000000142e+01 1.870000000000000000e+02
3.580000000000000000e+02 3.500000000000000000e+01 5.171000000000000227e+02 7.200000000000000178e+00 1.540000000000000000e+02
1.300000000000000000e+02 4.200000000000000000e+01 1.715999999999999943e+02 3.360000000000000142e+01 1.310000000000000000e+02
1.060000000000000000e+02 2.700000000000000000e+01 1.751999999999999886e+02 1.739999999999999858e+01 1.050000000000000000e+02
3.200000000000000000e+02 5.600000000000000000e+01 2.936999999999999886e+02 9.979999999999999716e+01 2.600000000000000000e+02
8.570000000000000000e+02 8.000000000000000000e+01 7.207999999999999545e+02 2.075999999999999943e+02 4.070000000000000000e+02
1.390000000000000000e+02 4.800000000000000000e+01 1.334000000000000057e+02 2.769999999999999929e+01 1.450000000000000000e+02
1.570000000000000000e+02 5.900000000000000000e+01 1.410000000000000000e+02 5.070000000000000284e+01 1.610000000000000000e+02
1.000000000000000000e+00 4.000000000000000000e+00 1.939999999999999858e+01 1.399999999999999911e+00 6.000000000000000000e+00
2.920000000000000000e+02 8.900000000000000000e+01 2.051999999999999886e+02 4.289999999999999858e+01 2.520000000000000000e+02
2.700000000000000000e+01 1.500000000000000000e+01 6.609999999999999432e+01 7.799999999999999822e+00 2.200000000000000000e+01
7.360000000000000000e+02 1.130000000000000000e+02 3.910000000000000000e+02 4.829999999999999716e+01 4.790000000000000000e+02
1.030000000000000000e+02 5.100000000000000000e+01 9.700000000000000000e+01 3.660000000000000142e+01 1.220000000000000000e+02
6.030000000000000000e+02 9.100000000000000000e+01 3.055000000000000000e+02 4.639999999999999858e+01 4.800000000000000000e+02
9.000000000000000000e+00 8.000000000000000000e+00 5.179999999999999716e+01 8.300000000000000711e+00 8.000000000000000000e+00
1.060000000000000000e+02 3.700000000000000000e+01 1.416999999999999886e+02 1.030000000000000071e+01 1.160000000000000000e+02
3.750000000000000000e+02 5.900000000000000000e+01 3.111999999999999886e+02 9.300000000000000711e+00 2.800000000000000000e+02
4.270000000000000000e+02 7.500000000000000000e+01 3.818000000000000114e+02 5.270000000000000284e+01 2.470000000000000000e+02
5.400000000000000000e+01 2.600000000000000000e+01 9.679999999999999716e+01 1.380000000000000071e+01 5.100000000000000000e+01
1.064000000000000000e+03 1.260000000000000000e+02 3.426999999999999886e+02 6.339999999999999858e+01 6.940000000000000000e+02
3.510000000000000000e+02 7.700000000000000000e+01 2.583000000000000114e+02 3.439999999999999858e+01 3.280000000000000000e+02
1.049000000000000000e+03 9.400000000000000000e+01 6.990000000000000000e+02 2.000000000000000000e+01 4.110000000000000000e+02
2.000000000000000000e+00 5.000000000000000000e+00 6.599999999999999645e+00 8.000000000000000444e-01 2.000000000000000000e+00
7.000000000000000000e+01 3.400000000000000000e+01 1.079000000000000057e+02 2.830000000000000071e+01 7.000000000000000000e+01
8.860000000000000000e+02 8.700000000000000000e+01 6.523999999999999773e+02 7.509999999999999432e+01 3.210000000000000000e+02
2.400000000000000000e+02 6.400000000000000000e+01 1.988000000000000114e+02 9.209999999999999432e+01 2.350000000000000000e+02
8.310000000000000000e+02 1.210000000000000000e+02 4.513000000000000114e+02 1.554000000000000057e+02 5.170000000000000000e+02
5.600000000000000000e+01 3.600000000000000000e+01 6.759999999999999432e+01 2.110000000000000142e+01 6.100000000000000000e+01
1.320000000000000000e+03 1.650000000000000000e+02 5.642000000000000455e+02 2.988999999999999773e+02 8.600000000000000000e+02
1.147000000000000000e+03 1.050000000000000000e+02 5.640000000000000000e+02 9.509999999999999432e+01 4.530000000000000000e+02
3.010000000000000000e+02 6.000000000000000000e+01 2.345000000000000000e+02 4.039999999999999858e+01 2.470000000000000000e+02
3.000000000000000000e+01 2.200000000000000000e+01 5.570000000000000284e+01 7.500000000000000000e+00 3.300000000000000000e+01
2.770000000000000000e+02 4.900000000000000000e+01 2.661000000000000227e+02 3.110000000000000142e+01 2.060000000000000000e+02
1.200000000000000000e+01 1.000000000000000000e+01 6.170000000000000284e+01 4.000000000000000000e+00 2.200000000000000000e+01
3.000000000000000000e+00 6.000000000000000000e+00 2.800000000000000000e+01 2.999999999999999889e-01 1.100000000000000000e+01
4.900000000000000000e+01 2.300000000000000000e+01 7.359999999999999432e+01 1.150000000000000000e+01 5.400000000000000000e+01
2.000000000000000000e+01 1.400000000000000000e+01 5.029999999999999716e+01 1.810000000000000142e+01 2.200000000000000000e+01
3.000000000000000000e+00 6.000000000000000000e+00 2.789999999999999858e+01 8.000000000000000000e+00 9.000000000000000000e+00
1.138000000000000000e+03 1.180000000000000000e+02 6.043999999999999773e+02 6.179999999999999716e+01 4.800000000000000000e+02
9.600000000000000000e+01 3.700000000000000000e+01 1.866999999999999886e+02 3.150000000000000000e+01 9.200000000000000000e+01
4.000000000000000000e+00 5.000000000000000000e+00 3.360000000000000142e+01 2.999999999999999889e-01 1.300000000000000000e+01
5.800000000000000000e+01 2.100000000000000000e+01 1.035999999999999943e+02 1.969999999999999929e+01 4.300000000000000000e+01
6.150000000000000000e+02 8.100000000000000000e+01 5.485000000000000000e+02 1.433000000000000114e+02 3.700000000000000000e+02
2.000000000000000000e+00 3.000000000000000000e+00 8.099999999999999645e+00 0.000000000000000000e+00 2.000000000000000000e+00
4.210000000000000000e+02 6.200000000000000000e+01 4.963999999999999773e+02 5.489999999999999858e+01 2.480000000000000000e+02
7.400000000000000000e+01 3.700000000000000000e+01 1.095000000000000000e+02 5.539999999999999858e+01 9.700000000000000000e+01
1.320000000000000000e+02 3.600000000000000000e+01 2.275000000000000000e+02 2.630000000000000071e+01 8.700000000000000000e+01
4.440000000000000000e+02 6.400000000000000000e+01 4.093000000000000114e+02 6.189999999999999858e+01 2.770000000000000000e+02
7.330000000000000000e+02 1.140000000000000000e+02 3.738999999999999773e+02 5.189999999999999858e+01 4.870000000000000000e+02
8.480000000000000000e+02 1.000000000000000000e+02 4.968999999999999773e+02 9.170000000000000284e+01 4.280000000000000000e+02
1.930000000000000000e+02 3.100000000000000000e+01 3.213000000000000114e+02 2.769999999999999929e+01 1.020000000000000000e+02
2.100000000000000000e+01 1.100000000000000000e+01 6.759999999999999432e+01 6.299999999999999822e+00 2.600000000000000000e+01
8.480000000000000000e+02 1.580000000000000000e+02 3.646999999999999886e+02 8.629999999999999716e+01 5.410000000000000000e+02
7.700000000000000000e+01 3.800000000000000000e+01 1.329000000000000057e+02 1.700000000000000000e+01 1.030000000000000000e+02
9.000000000000000000e+00 7.000000000000000000e+00 5.470000000000000284e+01 9.000000000000000222e-01 1.800000000000000000e+01
1.960000000000000000e+02 4.600000000000000000e+01 2.943000000000000114e+02 2.769999999999999929e+01 1.420000000000000000e+02
3.600000000000000000e+01 3.900000000000000000e+01 6.429999999999999716e+01 1.780000000000000071e+01 8.100000000000000000e+01
3.950000000000000000e+02 6.000000000000000000e+01 2.908999999999999773e+02 5.750000000000000000e+01 2.760000000000000000e+02
1.244000000000000000e+03 1.470000000000000000e+02 4.673000000000000114e+02 1.590000000000000000e+02 7.540000000000000000e+02
1.820000000000000000e+02 4.700000000000000000e+01 2.165999999999999943e+02 3.069999999999999929e+01 1.850000000000000000e+02
2.990000000000000000e+02 5.400000000000000000e+01 3.403999999999999773e+02 4.510000000000000142e+01 1.870000000000000000e+02
7.280000000000000000e+02 6.700000000000000000e+01 6.382999999999999545e+02 4.589999999999999858e+01 2.670000000000000000e+02
1.050000000000000000e+02 3.400000000000000000e+01 2.269000000000000057e+02 7.400000000000000355e+00 8.600000000000000000e+01
3.740000000000000000e+02 4.100000000000000000e+01 4.576999999999999886e+02 6.659999999999999432e+01 1.910000000000000000e+02
1.022000000000000000e+03 1.110000000000000000e+02 5.717000000000000455e+02 1.775999999999999943e+02 4.290000000000000000e+02
9.900000000000000000e+01 3.000000000000000000e+01 1.515000000000000000e+02 2.330000000000000071e+01 1.070000000000000000e+02
1.400000000000000000e+01 2.000000000000000000e+01 5.610000000000000142e+01 1.300000000000000000e+01 3.700000000000000000e+01
6.700000000000000000e+02 1.020000000000000000e+02 4.065000000000000000e+02 9.250000000000000000e+01 3.940000000000000000e+02
2.450000000000000000e+02 3.900000000000000000e+01 3.626000000000000227e+02 8.900000000000000355e+00 1.580000000000000000e+02
5.230000000000000000e+02 9.200000000000000000e+01 4.251000000000000227e+02 8.759999999999999432e+01 2.910000000000000000e+02
1.110000000000000000e+02 5.100000000000000000e+01 1.609000000000000057e+02 1.350000000000000000e+01 1.030000000000000000e+02
5.150000000000000000e+02 1.190000000000000000e+02 2.565000000000000000e+02 5.000000000000000000e+01 4.670000000000000000e+02
2.950000000000000000e+02 7.300000000000000000e+01 2.626000000000000227e+02 7.590000000000000568e+01 2.180000000000000000e+02
1.000000000000000000e+01 1.500000000000000000e+01 3.829999999999999716e+01 6.299999999999999822e+00 1.900000000000000000e+01
7.820000000000000000e+02 9.600000000000000000e+01 5.153999999999999773e+02 8.790000000000000568e+01 4.000000000000000000e+02
4.940000000000000000e+02 7.000000000000000000e+01 3.466000000000000227e+02 6.100000000000000000e+01 2.940000000000000000e+02
3.300000000000000000e+02 6.400000000000000000e+01 2.345000000000000000e+02 6.220000000000000284e+01 2.950000000000000000e+02
1.147000000000000000e+03 1.540000000000000000e+02 6.590000000000000000e+02 1.674000000000000057e+02 6.510000000000000000e+02
4.900000000000000000e+01 2.000000000000000000e+01 9.600000000000000000e+01 2.410000000000000142e+01 6.500000000000000000e+01
1.000000000000000000e+01 1.200000000000000000e+01 3.360000000000000142e+01 1.800000000000000044e+00 1.700000000000000000e+01
1.000000000000000000e+00 4.000000000000000000e+00 9.900000000000000355e+00 5.099999999999999645e+00 4.000000000000000000e+00
2.400000000000000000e+01 1.600000000000000000e+01 7.379999999999999716e+01 6.900000000000000355e+00 3.900000000000000000e+01
2.100000000000000000e+01 1.700000000000000000e+01 6.050000000000000000e+01 6.200000000000000178e+00 2.900000000000000000e+01
9.300000000000000000e+01 2.400000000000000000e+01 2.026999999999999886e+02 9.300000000000000711e+00 8.500000000000000000e+01
7.100000000000000000e+01 3.200000000000000000e+01 8.250000000000000000e+01 2.169999999999999929e+01 9.000000000000000000e+01
4.920000000000000000e+02 7.400000000000000000e+01 3.911999999999999886e+02 1.290000000000000036e+01 2.900000000000000000e+02
1.340000000000000000e+02 3.800000000000000000e+01 2.144000000000000057e+02 4.300000000000000000e+01 1.090000000000000000e+02
2.350000000000000000e+02 7.100000000000000000e+01 1.840999999999999943e+02 5.660000000000000142e+01 2.130000000000000000e+02
5.970000000000000000e+02 1.100000000000000000e+02 4.931999999999999886e+02 8.520000000000000284e+01 3.710000000000000000e+02
5.680000000000000000e+02 8.800000000000000000e+01 4.101000000000000227e+02 4.839999999999999858e+01 3.810000000000000000e+02
8.050000000000000000e+02 1.150000000000000000e+02 8.825000000000000000e+02 1.475000000000000000e+02 4.520000000000000000e+02
5.380000000000000000e+02 8.000000000000000000e+01 3.361000000000000227e+02 7.090000000000000568e+01 3.320000000000000000e+02
1.300000000000000000e+01 1.800000000000000000e+01 4.350000000000000000e+01 6.299999999999999822e+00 2.800000000000000000e+01
2.750000000000000000e+02 4.800000000000000000e+01 2.770000000000000000e+02 2.760000000000000142e+01 2.180000000000000000e+02
8.050000000000000000e+02 1.080000000000000000e+02 3.006999999999999886e+02 5.929999999999999716e+01 5.890000000000000000e+02
2.140000000000000000e+02 4.200000000000000000e+01 1.803000000000000114e+02 2.619999999999999929e+01 1.830000000000000000e+02
1.015000000000000000e+03 8.000000000000000000e+01 6.602999999999999545e+02 6.220000000000000284e+01 4.260000000000000000e+02
5.000000000000000000e+00 4.000000000000000000e+00 2.589999999999999858e+01 3.500000000000000000e+00 7.000000000000000000e+00
2.490000000000000000e+02 6.100000000000000000e+01 3.748999999999999773e+02 2.100000000000000000e+01 1.870000000000000000e+02
1.100000000000000000e+01 8.000000000000000000e+00 4.329999999999999716e+01 4.400000000000000355e+00 1.500000000000000000e+01
1.970000000000000000e+02 5.300000000000000000e+01 2.886999999999999886e+02 2.300000000000000000e+01 1.660000000000000000e+02
9.280000000000000000e+02 9.800000000000000000e+01 5.167000000000000455e+02 9.179999999999999716e+01 4.620000000000000000e+02
9.550000000000000000e+02 1.050000000000000000e+02 4.388999999999999773e+02 3.389999999999999858e+01 5.510000000000000000e+02
7.280000000000000000e+02 7.100000000000000000e+01 5.532999999999999545e+02 3.160000000000000142e+01 2.660000000000000000e+02
3.600000000000000000e+01 3.000000000000000000e+01 6.479999999999999716e+01 1.290000000000000036e+01 5.300000000000000000e+01
4.000000000000000000e+00 6.000000000000000000e+00 5.160000000000000142e+01 1.500000000000000000e+00 1.500000000000000000e+01
1.040000000000000000e+02 4.000000000000000000e+01 1.319000000000000057e+02 2.900000000000000000e+01 1.330000000000000000e+02
5.000000000000000000e+00 6.000000000000000000e+00 1.880000000000000071e+01 4.000000000000000000e+00 6.000000000000000000e+00
4.000000000000000000e+00 3.000000000000000000e+00 7.500000000000000000e+00 0.000000000000000000e+00 0.000000000000000000e+00
7.100000000000000000e+01 3.100000000000000000e+01 1.283000000000000114e+02 5.599999999999999645e+00 9.100000000000000000e+01
8.800000000000000000e+01 3.000000000000000000e+01 1.385999999999999943e+02 8.599999999999999645e+00 9.000000000000000000e+01
1.590000000000000000e+02 4.800000000000000000e+01 1.776999999999999886e+02 1.060000000000000000e+02 1.700000000000000000e+02
7.400000000000000000e+01 3.100000000000000000e+01 8.909999999999999432e+01 3.130000000000000071e+01 8.100000000000000000e+01
3.120000000000000000e+02 3.900000000000000000e+01 3.431000000000000227e+02 1.250000000000000000e+01 1.970000000000000000e+02
6.900000000000000000e+01 3.800000000000000000e+01 1.294000000000000057e+02 6.379999999999999716e+01 9.300000000000000000e+01
2.000000000000000000e+00 3.000000000000000000e+00 3.010000000000000142e+01 0.000000000000000000e+00 3.000000000000000000e+00
1.740000000000000000e+02 4.500000000000000000e+01 2.099000000000000057e+02 6.250000000000000000e+01 1.370000000000000000e+02
9.450000000000000000e+02 8.200000000000000000e+01 9.000000000000000000e+02 2.380000000000000071e+01 2.770000000000000000e+02
7.920000000000000000e+02 8.900000000000000000e+01 5.858999999999999773e+02 3.500000000000000000e+01 3.630000000000000000e+02
1.000000000000000000e+00 3.000000000000000000e+00 3.000000000000000000e+00 0.000000000000000000e+00 2.000000000000000000e+00
