8.750000000000000000e+03 9.412000000000000000e+03 2.521999999999999886e+02 4.000000000000000000e+00 1.238000000000000000e+03
8.804000000000000000e+03 9.457000000000000000e+03 2.050000000000000000e+02 4.000000000000000000e+00 1.178000000000000000e+03
8.793000000000000000e+03 9.476000000000000000e+03 2.145999999999999943e+02 4.000000000000000000e+00 1.183000000000000000e+03
8.729000000000000000e+03 9.458000000000000000e+03 2.495999999999999943e+02 4.200000000000000178e+00 1.260000000000000000e+03
8.749000000000000000e+03 9.455000000000000000e+03 2.530999999999999943e+02 4.099999999999999645e+00 1.238000000000000000e+03
8.742000000000000000e+03 9.448000000000000000e+03 2.025999999999999943e+02 4.000000000000000000e+00 1.242000000000000000e+03
8.776000000000000000e+03 9.472000000000000000e+03 2.154000000000000057e+02 4.299999999999999822e+00 1.210000000000000000e+03
8.662000000000000000e+03 9.449000000000000000e+03 2.455999999999999943e+02 4.000000000000000000e+00 1.316000000000000000e+03
8.736000000000000000e+03 9.414000000000000000e+03 2.760000000000000000e+02 4.099999999999999645e+00 1.245000000000000000e+03
8.737000000000000000e+03 9.482000000000000000e+03 2.440999999999999943e+02 4.000000000000000000e+00 1.242000000000000000e+03
8.779000000000000000e+03 9.441000000000000000e+03 2.476999999999999886e+02 4.299999999999999822e+00 1.207000000000000000e+03
8.782000000000000000e+03 9.459000000000000000e+03 2.293000000000000114e+02 4.099999999999999645e+00 1.200000000000000000e+03
8.756000000000000000e+03 9.463000000000000000e+03 2.219000000000000057e+02 4.000000000000000000e+00 1.229000000000000000e+03
8.795000000000000000e+03 9.432000000000000000e+03 2.068000000000000114e+02 4.000000000000000000e+00 1.191000000000000000e+03
8.742000000000000000e+03 9.412000000000000000e+03 2.581999999999999886e+02 4.000000000000000000e+00 1.237000000000000000e+03
8.775000000000000000e+03 9.429000000000000000e+03 2.578000000000000114e+02 4.000000000000000000e+00 1.214000000000000000e+03
8.749000000000000000e+03 9.408000000000000000e+03 2.178000000000000114e+02 4.200000000000000178e+00 1.239000000000000000e+03
8.758000000000000000e+03 9.459000000000000000e+03 2.098000000000000114e+02 4.000000000000000000e+00 1.223000000000000000e+03
8.751000000000000000e+03 9.428000000000000000e+03 2.340000000000000000e+02 4.099999999999999645e+00 1.234000000000000000e+03
8.772000000000000000e+03 9.411000000000000000e+03 2.470999999999999943e+02 4.200000000000000178e+00 1.216000000000000000e+03
8.725000000000000000e+03 9.496000000000000000e+03 2.918000000000000114e+02 4.099999999999999645e+00 1.259000000000000000e+03
8.738000000000000000e+03 9.488000000000000000e+03 3.271999999999999886e+02 4.200000000000000178e+00 1.247000000000000000e+03
8.752000000000000000e+03 9.472000000000000000e+03 1.990000000000000000e+02 4.000000000000000000e+00 1.228000000000000000e+03
8.804000000000000000e+03 9.455000000000000000e+03 2.540999999999999943e+02 4.000000000000000000e+00 1.174000000000000000e+03
8.751000000000000000e+03 9.451000000000000000e+03 2.285999999999999943e+02 4.000000000000000000e+00 1.232000000000000000e+03
8.757000000000000000e+03 9.451000000000000000e+03 2.490000000000000000e+02 4.000000000000000000e+00 1.228000000000000000e+03
8.719000000000000000e+03 9.457000000000000000e+03 2.348000000000000114e+02 4.000000000000000000e+00 1.269000000000000000e+03
8.707000000000000000e+03 9.426000000000000000e+03 2.255000000000000000e+02 4.000000000000000000e+00 1.274000000000000000e+03
8.757000000000000000e+03 9.445000000000000000e+03 2.578999999999999773e+02 4.299999999999999822e+00 1.232000000000000000e+03
8.719000000000000000e+03 9.446000000000000000e+03 2.365000000000000000e+02 4.000000000000000000e+00 1.265000000000000000e+03
8.723000000000000000e+03 9.435000000000000000e+03 2.643000000000000114e+02 4.099999999999999645e+00 1.255000000000000000e+03
8.734000000000000000e+03 9.436000000000000000e+03 2.254000000000000057e+02 4.400000000000000355e+00 1.245000000000000000e+03
8.793000000000000000e+03 9.413000000000000000e+03 2.391999999999999886e+02 4.000000000000000000e+00 1.189000000000000000e+03
8.783000000000000000e+03 9.459000000000000000e+03 2.938999999999999773e+02 4.000000000000000000e+00 1.199000000000000000e+03
8.755000000000000000e+03 9.408000000000000000e+03 2.100999999999999943e+02 4.000000000000000000e+00 1.224000000000000000e+03
8.742000000000000000e+03 9.452000000000000000e+03 2.265999999999999943e+02 4.099999999999999645e+00 1.250000000000000000e+03
8.727000000000000000e+03 9.449000000000000000e+03 2.155000000000000000e+02 4.000000000000000000e+00 1.247000000000000000e+03
8.702000000000000000e+03 9.415000000000000000e+03 2.320999999999999943e+02 4.299999999999999822e+00 1.291000000000000000e+03
8.733000000000000000e+03 9.453000000000000000e+03 2.184000000000000057e+02 4.000000000000000000e+00 1.254000000000000000e+03
8.724000000000000000e+03 9.439000000000000000e+03 2.230999999999999943e+02 4.099999999999999645e+00 1.258000000000000000e+03
8.728000000000000000e+03 9.473000000000000000e+03 1.970999999999999943e+02 4.000000000000000000e+00 1.261000000000000000e+03
8.749000000000000000e+03 9.427000000000000000e+03 2.756999999999999886e+02 4.000000000000000000e+00 1.232000000000000000e+03
8.733000000000000000e+03 9.422000000000000000e+03 2.045000000000000000e+02 4.500000000000000000e+00 1.251000000000000000e+03
8.702000000000000000e+03 9.487000000000000000e+03 2.458000000000000114e+02 4.000000000000000000e+00 1.284000000000000000e+03
8.747000000000000000e+03 9.446000000000000000e+03 2.740000000000000000e+02 4.000000000000000000e+00 1.236000000000000000e+03
8.744000000000000000e+03 9.477000000000000000e+03 2.130999999999999943e+02 4.000000000000000000e+00 1.239000000000000000e+03
8.719000000000000000e+03 9.429000000000000000e+03 2.453000000000000114e+02 4.000000000000000000e+00 1.260000000000000000e+03
8.763000000000000000e+03 9.439000000000000000e+03 2.580000000000000000e+02 4.099999999999999645e+00 1.224000000000000000e+03
8.737000000000000000e+03 9.465000000000000000e+03 2.073000000000000114e+02 4.099999999999999645e+00 1.241000000000000000e+03
8.761000000000000000e+03 9.465000000000000000e+03 2.645000000000000000e+02 4.000000000000000000e+00 1.227000000000000000e+03
8.764000000000000000e+03 9.436000000000000000e+03 2.061999999999999886e+02 4.099999999999999645e+00 1.223000000000000000e+03
8.782000000000000000e+03 9.452000000000000000e+03 2.066999999999999886e+02 4.000000000000000000e+00 1.204000000000000000e+03
8.771000000000000000e+03 9.432000000000000000e+03 2.491999999999999886e+02 4.099999999999999645e+00 1.213000000000000000e+03
8.717000000000000000e+03 9.426000000000000000e+03 2.205000000000000000e+02 4.000000000000000000e+00 1.270000000000000000e+03
8.793000000000000000e+03 9.444000000000000000e+03 1.938000000000000114e+02 4.099999999999999645e+00 1.191000000000000000e+03
8.779000000000000000e+03 9.450000000000000000e+03 2.286999999999999886e+02 4.000000000000000000e+00 1.202000000000000000e+03
8.715000000000000000e+03 9.450000000000000000e+03 2.468000000000000114e+02 4.099999999999999645e+00 1.267000000000000000e+03
8.752000000000000000e+03 9.394000000000000000e+03 3.268999999999999773e+02 4.000000000000000000e+00 1.229000000000000000e+03
8.752000000000000000e+03 9.413000000000000000e+03 2.451999999999999886e+02 4.099999999999999645e+00 1.232000000000000000e+03
8.765000000000000000e+03 9.404000000000000000e+03 2.259000000000000057e+02 4.000000000000000000e+00 1.219000000000000000e+03
8.759000000000000000e+03 9.458000000000000000e+03 2.399000000000000057e+02 4.000000000000000000e+00 1.226000000000000000e+03
8.791000000000000000e+03 9.470000000000000000e+03 2.444000000000000057e+02 4.000000000000000000e+00 1.193000000000000000e+03
8.788000000000000000e+03 9.415000000000000000e+03 2.366999999999999886e+02 4.000000000000000000e+00 1.195000000000000000e+03
8.775000000000000000e+03 9.465000000000000000e+03 2.328000000000000114e+02 4.099999999999999645e+00 1.212000000000000000e+03
8.764000000000000000e+03 9.445000000000000000e+03 2.453000000000000114e+02 4.000000000000000000e+00 1.221000000000000000e+03
8.792000000000000000e+03 9.441000000000000000e+03 2.395000000000000000e+02 4.000000000000000000e+00 1.195000000000000000e+03
8.749000000000000000e+03 9.435000000000000000e+03 2.285000000000000000e+02 4.299999999999999822e+00 1.235000000000000000e+03
8.710000000000000000e+03 9.455000000000000000e+03 2.316999999999999886e+02 4.000000000000000000e+00 1.279000000000000000e+03
8.780000000000000000e+03 9.463000000000000000e+03 2.808999999999999773e+02 4.200000000000000178e+00 1.210000000000000000e+03
8.726000000000000000e+03 9.415000000000000000e+03 2.253000000000000114e+02 4.000000000000000000e+00 1.254000000000000000e+03
8.751000000000000000e+03 9.412000000000000000e+03 2.375999999999999943e+02 4.000000000000000000e+00 1.240000000000000000e+03
8.778000000000000000e+03 9.457000000000000000e+03 2.670000000000000000e+02 4.000000000000000000e+00 1.210000000000000000e+03
8.663000000000000000e+03 9.468000000000000000e+03 2.516999999999999886e+02 4.000000000000000000e+00 1.318000000000000000e+03
8.819000000000000000e+03 9.443000000000000000e+03 2.355999999999999943e+02 4.400000000000000355e+00 1.168000000000000000e+03
8.748000000000000000e+03 9.457000000000000000e+03 2.499000000000000057e+02 4.000000000000000000e+00 1.243000000000000000e+03
8.765000000000000000e+03 9.464000000000000000e+03 2.464000000000000057e+02 4.099999999999999645e+00 1.224000000000000000e+03
8.794000000000000000e+03 9.458000000000000000e+03 2.628999999999999773e+02 4.000000000000000000e+00 1.191000000000000000e+03
8.748000000000000000e+03 9.473000000000000000e+03 2.334000000000000057e+02 4.200000000000000178e+00 1.234000000000000000e+03
8.766000000000000000e+03 9.446000000000000000e+03 2.685000000000000000e+02 4.000000000000000000e+00 1.208000000000000000e+03
8.748000000000000000e+03 9.441000000000000000e+03 2.296999999999999886e+02 4.000000000000000000e+00 1.233000000000000000e+03
8.758000000000000000e+03 9.432000000000000000e+03 2.963000000000000114e+02 4.099999999999999645e+00 1.228000000000000000e+03
8.808000000000000000e+03 9.432000000000000000e+03 2.189000000000000057e+02 4.000000000000000000e+00 1.178000000000000000e+03
8.762000000000000000e+03 9.412000000000000000e+03 2.249000000000000057e+02 4.299999999999999822e+00 1.218000000000000000e+03
8.719000000000000000e+03 9.467000000000000000e+03 1.983000000000000114e+02 4.000000000000000000e+00 1.266000000000000000e+03
8.714000000000000000e+03 9.438000000000000000e+03 3.665000000000000000e+02 4.000000000000000000e+00 1.267000000000000000e+03
8.737000000000000000e+03 9.434000000000000000e+03 2.195999999999999943e+02 4.099999999999999645e+00 1.248000000000000000e+03
8.777000000000000000e+03 9.435000000000000000e+03 2.324000000000000057e+02 4.400000000000000355e+00 1.211000000000000000e+03
8.717000000000000000e+03 9.439000000000000000e+03 2.020000000000000000e+02 4.200000000000000178e+00 1.260000000000000000e+03
8.759000000000000000e+03 9.468000000000000000e+03 3.070000000000000000e+02 4.000000000000000000e+00 1.225000000000000000e+03
8.739000000000000000e+03 9.452000000000000000e+03 2.329000000000000057e+02 4.000000000000000000e+00 1.251000000000000000e+03
8.744000000000000000e+03 9.431000000000000000e+03 2.070999999999999943e+02 4.299999999999999822e+00 1.245000000000000000e+03
8.793000000000000000e+03 9.450000000000000000e+03 2.806999999999999886e+02 4.000000000000000000e+00 1.186000000000000000e+03
8.709000000000000000e+03 9.451000000000000000e+03 2.305999999999999943e+02 4.000000000000000000e+00 1.278000000000000000e+03
8.747000000000000000e+03 9.475000000000000000e+03 3.456000000000000227e+02 4.000000000000000000e+00 1.243000000000000000e+03
8.787000000000000000e+03 9.415000000000000000e+03 2.656999999999999886e+02 4.400000000000000355e+00 1.196000000000000000e+03
8.792000000000000000e+03 9.483000000000000000e+03 2.318000000000000114e+02 4.000000000000000000e+00 1.192000000000000000e+03
8.744000000000000000e+03 9.439000000000000000e+03 2.195999999999999943e+02 4.099999999999999645e+00 1.242000000000000000e+03
8.772000000000000000e+03 9.463000000000000000e+03 2.191999999999999886e+02 4.099999999999999645e+00 1.211000000000000000e+03
8.745000000000000000e+03 9.457000000000000000e+03 2.390000000000000000e+02 4.000000000000000000e+00 1.232000000000000000e+03
8.735000000000000000e+03 9.492000000000000000e+03 2.065999999999999943e+02 4.000000000000000000e+00 1.248000000000000000e+03
8.756000000000000000e+03 9.488000000000000000e+03 2.088000000000000114e+02 4.099999999999999645e+00 1.236000000000000000e+03
8.723000000000000000e+03 9.450000000000000000e+03 2.386999999999999886e+02 4.000000000000000000e+00 1.260000000000000000e+03
8.735000000000000000e+03 9.446000000000000000e+03 2.489000000000000057e+02 4.099999999999999645e+00 1.242000000000000000e+03
8.818000000000000000e+03 9.433000000000000000e+03 2.883000000000000114e+02 4.000000000000000000e+00 1.168000000000000000e+03
8.706000000000000000e+03 9.456000000000000000e+03 2.325999999999999943e+02 4.000000000000000000e+00 1.279000000000000000e+03
8.803000000000000000e+03 9.482000000000000000e+03 2.111999999999999886e+02 4.000000000000000000e+00 1.182000000000000000e+03
8.743000000000000000e+03 9.471000000000000000e+03 2.453000000000000114e+02 4.000000000000000000e+00 1.242000000000000000e+03
8.751000000000000000e+03 9.409000000000000000e+03 2.330000000000000000e+02 4.000000000000000000e+00 1.219000000000000000e+03
8.720000000000000000e+03 9.481000000000000000e+03 2.189000000000000057e+02 4.000000000000000000e+00 1.261000000000000000e+03
8.734000000000000000e+03 9.430000000000000000e+03 2.143000000000000114e+02 4.099999999999999645e+00 1.247000000000000000e+03
8.800000000000000000e+03 9.444000000000000000e+03 1.858000000000000114e+02 4.000000000000000000e+00 1.189000000000000000e+03
8.785000000000000000e+03 9.407000000000000000e+03 2.025999999999999943e+02 4.000000000000000000e+00 1.199000000000000000e+03
8.741000000000000000e+03 9.413000000000000000e+03 2.343000000000000114e+02 4.000000000000000000e+00 1.247000000000000000e+03
8.724000000000000000e+03 9.463000000000000000e+03 2.241999999999999886e+02 4.000000000000000000e+00 1.268000000000000000e+03
8.736000000000000000e+03 9.401000000000000000e+03 2.116999999999999886e+02 4.099999999999999645e+00 1.251000000000000000e+03
8.720000000000000000e+03 9.453000000000000000e+03 2.180999999999999943e+02 4.299999999999999822e+00 1.264000000000000000e+03
8.747000000000000000e+03 9.465000000000000000e+03 1.971999999999999886e+02 4.000000000000000000e+00 1.238000000000000000e+03
8.758000000000000000e+03 9.436000000000000000e+03 2.030999999999999943e+02 4.000000000000000000e+00 1.228000000000000000e+03
8.724000000000000000e+03 9.429000000000000000e+03 2.099000000000000057e+02 4.099999999999999645e+00 1.261000000000000000e+03
8.729000000000000000e+03 9.459000000000000000e+03 2.788000000000000114e+02 4.000000000000000000e+00 1.248000000000000000e+03
8.762000000000000000e+03 9.446000000000000000e+03 2.085999999999999943e+02 4.000000000000000000e+00 1.222000000000000000e+03
8.757000000000000000e+03 9.373000000000000000e+03 2.051999999999999886e+02 4.400000000000000355e+00 1.223000000000000000e+03
8.709000000000000000e+03 9.361000000000000000e+03 2.846999999999999886e+02 4.099999999999999645e+00 1.268000000000000000e+03
8.756000000000000000e+03 9.438000000000000000e+03 2.219000000000000057e+02 3.799999999999999822e+00 1.229000000000000000e+03
8.739000000000000000e+03 9.456000000000000000e+03 2.791000000000000227e+02 4.000000000000000000e+00 1.250000000000000000e+03
8.775000000000000000e+03 9.448000000000000000e+03 3.478000000000000114e+02 4.200000000000000178e+00 1.212000000000000000e+03
8.721000000000000000e+03 9.446000000000000000e+03 2.320999999999999943e+02 4.099999999999999645e+00 1.262000000000000000e+03
8.712000000000000000e+03 9.484000000000000000e+03 2.453000000000000114e+02 4.099999999999999645e+00 1.265000000000000000e+03
8.808000000000000000e+03 9.410000000000000000e+03 2.341999999999999886e+02 4.000000000000000000e+00 1.180000000000000000e+03
8.797000000000000000e+03 9.424000000000000000e+03 2.605000000000000000e+02 4.000000000000000000e+00 1.187000000000000000e+03
8.775000000000000000e+03 9.461000000000000000e+03 2.395000000000000000e+02 4.000000000000000000e+00 1.208000000000000000e+03
8.763000000000000000e+03 9.469000000000000000e+03 2.276999999999999886e+02 4.099999999999999645e+00 1.217000000000000000e+03
8.709000000000000000e+03 9.446000000000000000e+03 2.843999999999999773e+02 4.099999999999999645e+00 1.274000000000000000e+03
8.770000000000000000e+03 9.445000000000000000e+03 2.090999999999999943e+02 4.200000000000000178e+00 1.216000000000000000e+03
8.751000000000000000e+03 9.446000000000000000e+03 3.153999999999999773e+02 4.200000000000000178e+00 1.223000000000000000e+03
8.713000000000000000e+03 9.425000000000000000e+03 2.130000000000000000e+02 4.400000000000000355e+00 1.266000000000000000e+03
8.733000000000000000e+03 9.461000000000000000e+03 2.370999999999999943e+02 4.000000000000000000e+00 1.247000000000000000e+03
8.781000000000000000e+03 9.463000000000000000e+03 2.416999999999999886e+02 4.000000000000000000e+00 1.202000000000000000e+03
8.786000000000000000e+03 9.400000000000000000e+03 3.093999999999999773e+02 4.400000000000000355e+00 1.199000000000000000e+03
8.806000000000000000e+03 9.428000000000000000e+03 2.160999999999999943e+02 4.000000000000000000e+00 1.184000000000000000e+03
8.776000000000000000e+03 9.425000000000000000e+03 2.400000000000000000e+02 4.099999999999999645e+00 1.208000000000000000e+03
8.729000000000000000e+03 9.479000000000000000e+03 2.681999999999999886e+02 4.000000000000000000e+00 1.251000000000000000e+03
8.800000000000000000e+03 9.453000000000000000e+03 2.100000000000000000e+02 4.000000000000000000e+00 1.187000000000000000e+03
8.785000000000000000e+03 9.419000000000000000e+03 2.439000000000000057e+02 4.299999999999999822e+00 1.196000000000000000e+03
8.668000000000000000e+03 9.431000000000000000e+03 2.491999999999999886e+02 4.000000000000000000e+00 1.314000000000000000e+03
8.805000000000000000e+03 9.437000000000000000e+03 2.870000000000000000e+02 4.200000000000000178e+00 1.179000000000000000e+03
8.816000000000000000e+03 9.406000000000000000e+03 2.625000000000000000e+02 4.000000000000000000e+00 1.164000000000000000e+03
8.802000000000000000e+03 9.414000000000000000e+03 2.360000000000000000e+02 4.099999999999999645e+00 1.186000000000000000e+03
8.792000000000000000e+03 9.467000000000000000e+03 2.500000000000000000e+02 4.000000000000000000e+00 1.192000000000000000e+03
8.745000000000000000e+03 9.458000000000000000e+03 2.115999999999999943e+02 4.200000000000000178e+00 1.238000000000000000e+03
8.749000000000000000e+03 9.475000000000000000e+03 1.851999999999999886e+02 4.000000000000000000e+00 1.242000000000000000e+03
8.734000000000000000e+03 9.454000000000000000e+03 2.555999999999999943e+02 4.000000000000000000e+00 1.247000000000000000e+03
8.711000000000000000e+03 9.409000000000000000e+03 2.135000000000000000e+02 4.099999999999999645e+00 1.267000000000000000e+03
8.729000000000000000e+03 9.417000000000000000e+03 2.268000000000000114e+02 4.200000000000000178e+00 1.249000000000000000e+03
8.722000000000000000e+03 9.431000000000000000e+03 3.160000000000000000e+02 4.000000000000000000e+00 1.260000000000000000e+03
8.752000000000000000e+03 9.450000000000000000e+03 2.483000000000000114e+02 4.000000000000000000e+00 1.228000000000000000e+03
8.725000000000000000e+03 9.461000000000000000e+03 2.510999999999999943e+02 4.000000000000000000e+00 1.259000000000000000e+03
8.702000000000000000e+03 9.424000000000000000e+03 2.450999999999999943e+02 4.400000000000000355e+00 1.281000000000000000e+03
8.721000000000000000e+03 9.488000000000000000e+03 2.378000000000000114e+02 4.000000000000000000e+00 1.263000000000000000e+03
8.746000000000000000e+03 9.459000000000000000e+03 2.190000000000000000e+02 4.000000000000000000e+00 1.240000000000000000e+03
8.743000000000000000e+03 9.430000000000000000e+03 2.364000000000000057e+02 4.000000000000000000e+00 1.243000000000000000e+03
8.740000000000000000e+03 9.471000000000000000e+03 2.575000000000000000e+02 4.099999999999999645e+00 1.245000000000000000e+03
8.770000000000000000e+03 9.467000000000000000e+03 2.781999999999999886e+02 4.299999999999999822e+00 1.216000000000000000e+03
8.738000000000000000e+03 9.458000000000000000e+03 2.360000000000000000e+02 4.000000000000000000e+00 1.237000000000000000e+03
8.682000000000000000e+03 9.427000000000000000e+03 2.213000000000000114e+02 4.299999999999999822e+00 1.297000000000000000e+03
8.705000000000000000e+03 9.456000000000000000e+03 2.438000000000000114e+02 4.500000000000000000e+00 1.283000000000000000e+03
8.745000000000000000e+03 9.475000000000000000e+03 2.150999999999999943e+02 4.000000000000000000e+00 1.241000000000000000e+03
8.835000000000000000e+03 9.452000000000000000e+03 2.386999999999999886e+02 4.000000000000000000e+00 1.150000000000000000e+03
8.757000000000000000e+03 9.463000000000000000e+03 2.613000000000000114e+02 4.000000000000000000e+00 1.228000000000000000e+03
8.726000000000000000e+03 9.448000000000000000e+03 2.148000000000000114e+02 4.099999999999999645e+00 1.247000000000000000e+03
8.716000000000000000e+03 9.441000000000000000e+03 2.365000000000000000e+02 4.200000000000000178e+00 1.259000000000000000e+03
8.748000000000000000e+03 9.397000000000000000e+03 2.126999999999999886e+02 4.200000000000000178e+00 1.237000000000000000e+03
8.723000000000000000e+03 9.451000000000000000e+03 3.201000000000000227e+02 4.000000000000000000e+00 1.265000000000000000e+03
8.748000000000000000e+03 9.531000000000000000e+03 2.055000000000000000e+02 4.000000000000000000e+00 1.234000000000000000e+03
8.748000000000000000e+03 9.447000000000000000e+03 1.985999999999999943e+02 4.000000000000000000e+00 1.243000000000000000e+03
8.687000000000000000e+03 9.447000000000000000e+03 2.398000000000000114e+02 4.099999999999999645e+00 1.296000000000000000e+03
8.682000000000000000e+03 9.438000000000000000e+03 2.305999999999999943e+02 4.000000000000000000e+00 1.304000000000000000e+03
8.739000000000000000e+03 9.479000000000000000e+03 2.119000000000000057e+02 4.000000000000000000e+00 1.240000000000000000e+03
8.719000000000000000e+03 9.442000000000000000e+03 2.349000000000000057e+02 4.000000000000000000e+00 1.266000000000000000e+03
8.765000000000000000e+03 9.475000000000000000e+03 2.396999999999999886e+02 4.099999999999999645e+00 1.222000000000000000e+03
8.748000000000000000e+03 9.436000000000000000e+03 2.520999999999999943e+02 4.099999999999999645e+00 1.235000000000000000e+03
8.756000000000000000e+03 9.409000000000000000e+03 2.251999999999999886e+02 4.000000000000000000e+00 1.223000000000000000e+03
8.704000000000000000e+03 9.450000000000000000e+03 2.545999999999999943e+02 4.000000000000000000e+00 1.281000000000000000e+03
8.781000000000000000e+03 9.472000000000000000e+03 2.413000000000000114e+02 4.000000000000000000e+00 1.208000000000000000e+03
8.728000000000000000e+03 9.415000000000000000e+03 2.558000000000000114e+02 4.099999999999999645e+00 1.256000000000000000e+03
8.693000000000000000e+03 9.407000000000000000e+03 2.586999999999999886e+02 4.200000000000000178e+00 1.289000000000000000e+03
8.687000000000000000e+03 9.448000000000000000e+03 2.240000000000000000e+02 4.099999999999999645e+00 1.296000000000000000e+03
8.796000000000000000e+03 9.491000000000000000e+03 2.310000000000000000e+02 4.000000000000000000e+00 1.190000000000000000e+03
8.766000000000000000e+03 9.491000000000000000e+03 2.703000000000000114e+02 4.000000000000000000e+00 1.223000000000000000e+03
8.761000000000000000e+03 9.424000000000000000e+03 2.901999999999999886e+02 4.000000000000000000e+00 1.225000000000000000e+03
8.783000000000000000e+03 9.436000000000000000e+03 2.280999999999999943e+02 4.000000000000000000e+00 1.209000000000000000e+03
8.790000000000000000e+03 9.477000000000000000e+03 2.101999999999999886e+02 4.000000000000000000e+00 1.198000000000000000e+03
8.724000000000000000e+03 9.484000000000000000e+03 2.214000000000000057e+02 4.000000000000000000e+00 1.257000000000000000e+03
8.734000000000000000e+03 9.469000000000000000e+03 2.145999999999999943e+02 4.099999999999999645e+00 1.248000000000000000e+03
8.763000000000000000e+03 9.435000000000000000e+03 2.400999999999999943e+02 4.099999999999999645e+00 1.228000000000000000e+03
8.763000000000000000e+03 9.453000000000000000e+03 2.596999999999999886e+02 4.000000000000000000e+00 1.223000000000000000e+03
8.675000000000000000e+03 9.455000000000000000e+03 1.976999999999999886e+02 4.000000000000000000e+00 1.299000000000000000e+03
8.784000000000000000e+03 9.433000000000000000e+03 2.466999999999999886e+02 4.000000000000000000e+00 1.202000000000000000e+03
8.739000000000000000e+03 9.455000000000000000e+03 2.405999999999999943e+02 4.000000000000000000e+00 1.242000000000000000e+03
8.718000000000000000e+03 9.419000000000000000e+03 2.765000000000000000e+02 4.000000000000000000e+00 1.265000000000000000e+03
8.748000000000000000e+03 9.461000000000000000e+03 2.391999999999999886e+02 4.099999999999999645e+00 1.236000000000000000e+03
8.775000000000000000e+03 9.497000000000000000e+03 2.646000000000000227e+02 4.099999999999999645e+00 1.207000000000000000e+03
8.729000000000000000e+03 9.472000000000000000e+03 2.488000000000000114e+02 4.099999999999999645e+00 1.251000000000000000e+03
8.779000000000000000e+03 9.406000000000000000e+03 2.553000000000000114e+02 4.000000000000000000e+00 1.205000000000000000e+03
8.782000000000000000e+03 9.471000000000000000e+03 2.783999999999999773e+02 4.000000000000000000e+00 1.203000000000000000e+03
8.774000000000000000e+03 9.406000000000000000e+03 2.054000000000000057e+02 4.000000000000000000e+00 1.218000000000000000e+03
8.715000000000000000e+03 9.395000000000000000e+03 2.225999999999999943e+02 4.099999999999999645e+00 1.262000000000000000e+03
8.706000000000000000e+03 9.459000000000000000e+03 2.190000000000000000e+02 4.299999999999999822e+00 1.278000000000000000e+03
8.770000000000000000e+03 9.443000000000000000e+03 3.030000000000000000e+02 4.200000000000000178e+00 1.216000000000000000e+03
8.742000000000000000e+03 9.433000000000000000e+03 2.160999999999999943e+02 4.000000000000000000e+00 1.239000000000000000e+03
8.749000000000000000e+03 9.430000000000000000e+03 2.324000000000000057e+02 4.299999999999999822e+00 1.235000000000000000e+03
8.694000000000000000e+03 9.438000000000000000e+03 2.046999999999999886e+02 4.099999999999999645e+00 1.285000000000000000e+03
8.760000000000000000e+03 9.457000000000000000e+03 2.258000000000000114e+02 4.000000000000000000e+00 1.227000000000000000e+03
8.742000000000000000e+03 9.445000000000000000e+03 2.923000000000000114e+02 4.000000000000000000e+00 1.240000000000000000e+03
8.765000000000000000e+03 9.470000000000000000e+03 2.145000000000000000e+02 4.000000000000000000e+00 1.219000000000000000e+03
8.719000000000000000e+03 9.431000000000000000e+03 2.483000000000000114e+02 4.299999999999999822e+00 1.260000000000000000e+03
8.739000000000000000e+03 9.458000000000000000e+03 2.561000000000000227e+02 4.200000000000000178e+00 1.252000000000000000e+03
8.763000000000000000e+03 9.458000000000000000e+03 2.748999999999999773e+02 4.000000000000000000e+00 1.221000000000000000e+03
8.712000000000000000e+03 9.476000000000000000e+03 2.103000000000000114e+02 4.099999999999999645e+00 1.272000000000000000e+03
8.766000000000000000e+03 9.468000000000000000e+03 2.331999999999999886e+02 4.000000000000000000e+00 1.216000000000000000e+03
8.776000000000000000e+03 9.484000000000000000e+03 2.271999999999999886e+02 4.000000000000000000e+00 1.214000000000000000e+03
8.721000000000000000e+03 9.448000000000000000e+03 2.133000000000000114e+02 4.200000000000000178e+00 1.261000000000000000e+03
8.747000000000000000e+03 9.418000000000000000e+03 2.573999999999999773e+02 4.000000000000000000e+00 1.231000000000000000e+03
8.745000000000000000e+03 9.474000000000000000e+03 2.611999999999999886e+02 4.099999999999999645e+00 1.246000000000000000e+03
8.739000000000000000e+03 9.456000000000000000e+03 2.521999999999999886e+02 4.000000000000000000e+00 1.253000000000000000e+03
8.715000000000000000e+03 9.440000000000000000e+03 2.346999999999999886e+02 4.000000000000000000e+00 1.266000000000000000e+03
8.761000000000000000e+03 9.448000000000000000e+03 2.183000000000000114e+02 4.099999999999999645e+00 1.218000000000000000e+03
8.750000000000000000e+03 9.435000000000000000e+03 2.280999999999999943e+02 4.000000000000000000e+00 1.231000000000000000e+03
8.758000000000000000e+03 9.405000000000000000e+03 1.894000000000000057e+02 4.200000000000000178e+00 1.233000000000000000e+03
8.762000000000000000e+03 9.458000000000000000e+03 2.285000000000000000e+02 4.000000000000000000e+00 1.219000000000000000e+03
8.674000000000000000e+03 9.446000000000000000e+03 2.643000000000000114e+02 4.000000000000000000e+00 1.303000000000000000e+03
8.716000000000000000e+03 9.456000000000000000e+03 2.471999999999999886e+02 4.000000000000000000e+00 1.269000000000000000e+03
8.736000000000000000e+03 9.453000000000000000e+03 2.200000000000000000e+02 4.099999999999999645e+00 1.245000000000000000e+03
8.707000000000000000e+03 9.443000000000000000e+03 2.801000000000000227e+02 4.099999999999999645e+00 1.277000000000000000e+03
8.760000000000000000e+03 9.441000000000000000e+03 2.431999999999999886e+02 4.099999999999999645e+00 1.222000000000000000e+03
8.774000000000000000e+03 9.488000000000000000e+03 2.538000000000000114e+02 4.000000000000000000e+00 1.212000000000000000e+03
8.710000000000000000e+03 9.448000000000000000e+03 2.093000000000000114e+02 4.000000000000000000e+00 1.276000000000000000e+03
8.788000000000000000e+03 9.414000000000000000e+03 2.305000000000000000e+02 4.099999999999999645e+00 1.201000000000000000e+03
8.750000000000000000e+03 9.428000000000000000e+03 2.456999999999999886e+02 4.099999999999999645e+00 1.230000000000000000e+03
8.791000000000000000e+03 9.500000000000000000e+03 2.099000000000000057e+02 4.000000000000000000e+00 1.193000000000000000e+03
8.782000000000000000e+03 9.412000000000000000e+03 2.820000000000000000e+02 4.000000000000000000e+00 1.202000000000000000e+03
8.789000000000000000e+03 9.442000000000000000e+03 2.971000000000000227e+02 4.000000000000000000e+00 1.201000000000000000e+03
8.741000000000000000e+03 9.455000000000000000e+03 2.116999999999999886e+02 4.000000000000000000e+00 1.246000000000000000e+03
8.782000000000000000e+03 9.452000000000000000e+03 2.065999999999999943e+02 4.000000000000000000e+00 1.201000000000000000e+03
8.753000000000000000e+03 9.445000000000000000e+03 2.658000000000000114e+02 4.000000000000000000e+00 1.235000000000000000e+03
8.744000000000000000e+03 9.460000000000000000e+03 2.175999999999999943e+02 4.000000000000000000e+00 1.243000000000000000e+03
8.747000000000000000e+03 9.465000000000000000e+03 2.000999999999999943e+02 4.000000000000000000e+00 1.235000000000000000e+03
8.774000000000000000e+03 9.437000000000000000e+03 2.796999999999999886e+02 4.000000000000000000e+00 1.215000000000000000e+03
8.746000000000000000e+03 9.427000000000000000e+03 2.409000000000000057e+02 4.000000000000000000e+00 1.234000000000000000e+03
8.734000000000000000e+03 9.421000000000000000e+03 2.610000000000000000e+02 4.200000000000000178e+00 1.251000000000000000e+03
