9.167000000000000000e+03 9.249000000000000000e+03 1.010799999999999955e+03 6.099999999999999645e+00 2.170000000000000000e+02
9.177000000000000000e+03 9.273000000000000000e+03 1.493500000000000000e+03 6.400000000000000355e+00 2.110000000000000000e+02
9.249000000000000000e+03 9.241000000000000000e+03 1.179099999999999909e+03 6.000000000000000000e+00 2.310000000000000000e+02
9.220000000000000000e+03 9.269000000000000000e+03 9.421000000000000227e+02 6.200000000000000178e+00 2.160000000000000000e+02
9.221000000000000000e+03 9.296000000000000000e+03 1.613500000000000000e+03 6.099999999999999645e+00 2.080000000000000000e+02
9.131000000000000000e+03 9.315000000000000000e+03 8.428999999999999773e+02 6.200000000000000178e+00 2.090000000000000000e+02
9.190000000000000000e+03 9.324000000000000000e+03 9.417000000000000455e+02 6.000000000000000000e+00 2.150000000000000000e+02
9.208000000000000000e+03 9.246000000000000000e+03 1.418700000000000045e+03 6.000000000000000000e+00 2.150000000000000000e+02
9.172000000000000000e+03 9.307000000000000000e+03 9.552000000000000455e+02 6.099999999999999645e+00 2.290000000000000000e+02
9.163000000000000000e+03 9.300000000000000000e+03 9.665000000000000000e+02 6.500000000000000000e+00 2.090000000000000000e+02
9.186000000000000000e+03 9.316000000000000000e+03 9.960000000000000000e+02 6.000000000000000000e+00 2.270000000000000000e+02
9.256000000000000000e+03 9.248000000000000000e+03 9.207000000000000455e+02 6.500000000000000000e+00 2.110000000000000000e+02
9.152000000000000000e+03 9.281000000000000000e+03 8.492999999999999545e+02 6.400000000000000355e+00 2.040000000000000000e+02
9.193000000000000000e+03 9.295000000000000000e+03 8.647000000000000455e+02 6.000000000000000000e+00 2.070000000000000000e+02
9.219000000000000000e+03 9.286000000000000000e+03 1.353200000000000045e+03 6.000000000000000000e+00 2.180000000000000000e+02
9.133000000000000000e+03 9.229000000000000000e+03 1.095500000000000000e+03 6.500000000000000000e+00 2.120000000000000000e+02
9.201000000000000000e+03 9.287000000000000000e+03 1.143900000000000091e+03 6.000000000000000000e+00 2.150000000000000000e+02
9.181000000000000000e+03 9.302000000000000000e+03 1.229700000000000045e+03 6.400000000000000355e+00 2.140000000000000000e+02
9.199000000000000000e+03 9.294000000000000000e+03 9.551000000000000227e+02 7.000000000000000000e+00 2.130000000000000000e+02
9.175000000000000000e+03 9.284000000000000000e+03 1.120200000000000045e+03 6.500000000000000000e+00 2.210000000000000000e+02
9.205000000000000000e+03 9.283000000000000000e+03 1.204900000000000091e+03 6.599999999999999645e+00 2.440000000000000000e+02
9.189000000000000000e+03 9.275000000000000000e+03 9.455000000000000000e+02 6.000000000000000000e+00 2.320000000000000000e+02
9.211000000000000000e+03 9.268000000000000000e+03 1.142900000000000091e+03 6.200000000000000178e+00 2.200000000000000000e+02
9.158000000000000000e+03 9.290000000000000000e+03 8.866000000000000227e+02 6.400000000000000355e+00 2.180000000000000000e+02
9.217000000000000000e+03 9.259000000000000000e+03 1.154700000000000045e+03 6.500000000000000000e+00 2.110000000000000000e+02
9.207000000000000000e+03 9.285000000000000000e+03 8.843999999999999773e+02 6.000000000000000000e+00 1.950000000000000000e+02
9.159000000000000000e+03 9.251000000000000000e+03 9.447000000000000455e+02 6.700000000000000178e+00 2.150000000000000000e+02
9.159000000000000000e+03 9.239000000000000000e+03 7.821000000000000227e+02 6.099999999999999645e+00 2.130000000000000000e+02
9.166000000000000000e+03 9.282000000000000000e+03 8.758999999999999773e+02 6.299999999999999822e+00 2.040000000000000000e+02
9.187000000000000000e+03 9.323000000000000000e+03 1.315099999999999909e+03 6.299999999999999822e+00 2.100000000000000000e+02
9.173000000000000000e+03 9.239000000000000000e+03 1.520099999999999909e+03 6.400000000000000355e+00 2.070000000000000000e+02
9.145000000000000000e+03 9.305000000000000000e+03 1.065400000000000091e+03 6.000000000000000000e+00 2.330000000000000000e+02
9.202000000000000000e+03 9.318000000000000000e+03 1.023799999999999955e+03 6.099999999999999645e+00 2.200000000000000000e+02
9.213000000000000000e+03 9.237000000000000000e+03 9.988999999999999773e+02 6.400000000000000355e+00 2.180000000000000000e+02
9.232000000000000000e+03 9.251000000000000000e+03 1.717599999999999909e+03 6.000000000000000000e+00 2.320000000000000000e+02
9.218000000000000000e+03 9.274000000000000000e+03 1.454200000000000045e+03 6.099999999999999645e+00 2.060000000000000000e+02
9.207000000000000000e+03 9.305000000000000000e+03 1.182099999999999909e+03 6.599999999999999645e+00 2.000000000000000000e+02
9.156000000000000000e+03 9.247000000000000000e+03 9.652999999999999545e+02 6.299999999999999822e+00 2.200000000000000000e+02
9.198000000000000000e+03 9.327000000000000000e+03 1.099000000000000000e+03 6.000000000000000000e+00 1.990000000000000000e+02
9.229000000000000000e+03 9.313000000000000000e+03 8.742999999999999545e+02 6.299999999999999822e+00 2.030000000000000000e+02
9.139000000000000000e+03 9.213000000000000000e+03 8.406000000000000227e+02 6.099999999999999645e+00 2.130000000000000000e+02
9.178000000000000000e+03 9.264000000000000000e+03 1.524299999999999955e+03 6.400000000000000355e+00 2.130000000000000000e+02
9.165000000000000000e+03 9.297000000000000000e+03 8.690000000000000000e+02 6.599999999999999645e+00 2.080000000000000000e+02
9.182000000000000000e+03 9.227000000000000000e+03 1.063599999999999909e+03 6.599999999999999645e+00 2.240000000000000000e+02
9.199000000000000000e+03 9.286000000000000000e+03 1.825099999999999909e+03 6.000000000000000000e+00 2.140000000000000000e+02
9.220000000000000000e+03 9.289000000000000000e+03 1.234299999999999955e+03 6.299999999999999822e+00 2.240000000000000000e+02
9.165000000000000000e+03 9.242000000000000000e+03 1.136200000000000045e+03 6.299999999999999822e+00 2.120000000000000000e+02
9.185000000000000000e+03 9.286000000000000000e+03 8.142999999999999545e+02 6.200000000000000178e+00 2.230000000000000000e+02
9.190000000000000000e+03 9.289000000000000000e+03 9.372999999999999545e+02 6.200000000000000178e+00 2.020000000000000000e+02
9.176000000000000000e+03 9.261000000000000000e+03 1.514400000000000091e+03 6.099999999999999645e+00 2.170000000000000000e+02
9.225000000000000000e+03 9.335000000000000000e+03 8.768999999999999773e+02 6.299999999999999822e+00 2.110000000000000000e+02
9.158000000000000000e+03 9.283000000000000000e+03 8.430000000000000000e+02 7.000000000000000000e+00 2.270000000000000000e+02
9.208000000000000000e+03 9.306000000000000000e+03 9.895000000000000000e+02 6.099999999999999645e+00 2.160000000000000000e+02
9.163000000000000000e+03 9.228000000000000000e+03 1.031700000000000045e+03 6.700000000000000178e+00 2.220000000000000000e+02
9.195000000000000000e+03 9.288000000000000000e+03 8.618999999999999773e+02 6.299999999999999822e+00 2.270000000000000000e+02
9.201000000000000000e+03 9.327000000000000000e+03 9.207999999999999545e+02 6.400000000000000355e+00 2.160000000000000000e+02
9.217000000000000000e+03 9.306000000000000000e+03 1.150799999999999955e+03 6.000000000000000000e+00 2.310000000000000000e+02
9.183000000000000000e+03 9.327000000000000000e+03 1.056000000000000000e+03 6.299999999999999822e+00 2.090000000000000000e+02
9.230000000000000000e+03 9.231000000000000000e+03 8.722999999999999545e+02 6.299999999999999822e+00 2.140000000000000000e+02
9.222000000000000000e+03 9.285000000000000000e+03 1.114099999999999909e+03 6.599999999999999645e+00 2.140000000000000000e+02
9.187000000000000000e+03 9.315000000000000000e+03 9.392999999999999545e+02 6.799999999999999822e+00 2.110000000000000000e+02
9.190000000000000000e+03 9.290000000000000000e+03 1.099599999999999909e+03 6.000000000000000000e+00 2.070000000000000000e+02
9.183000000000000000e+03 9.247000000000000000e+03 1.063400000000000091e+03 6.500000000000000000e+00 2.080000000000000000e+02
9.164000000000000000e+03 9.285000000000000000e+03 9.556000000000000227e+02 6.400000000000000355e+00 2.120000000000000000e+02
9.173000000000000000e+03 9.277000000000000000e+03 1.096500000000000000e+03 6.000000000000000000e+00 2.200000000000000000e+02
9.199000000000000000e+03 9.272000000000000000e+03 9.702000000000000455e+02 6.500000000000000000e+00 2.060000000000000000e+02
9.183000000000000000e+03 9.286000000000000000e+03 1.385700000000000045e+03 6.599999999999999645e+00 2.160000000000000000e+02
9.190000000000000000e+03 9.282000000000000000e+03 7.942999999999999545e+02 6.099999999999999645e+00 2.150000000000000000e+02
9.179000000000000000e+03 9.264000000000000000e+03 1.103799999999999955e+03 6.700000000000000178e+00 2.050000000000000000e+02
9.148000000000000000e+03 9.232000000000000000e+03 1.019000000000000000e+03 6.099999999999999645e+00 2.160000000000000000e+02
9.162000000000000000e+03 9.309000000000000000e+03 7.742999999999999545e+02 6.799999999999999822e+00 2.340000000000000000e+02
9.199000000000000000e+03 9.270000000000000000e+03 9.962999999999999545e+02 6.400000000000000355e+00 2.090000000000000000e+02
9.159000000000000000e+03 9.240000000000000000e+03 9.642999999999999545e+02 6.500000000000000000e+00 2.050000000000000000e+02
9.207000000000000000e+03 9.247000000000000000e+03 9.252000000000000455e+02 6.900000000000000355e+00 2.160000000000000000e+02
9.200000000000000000e+03 9.327000000000000000e+03 1.065799999999999955e+03 6.599999999999999645e+00 2.330000000000000000e+02
9.190000000000000000e+03 9.284000000000000000e+03 1.825099999999999909e+03 6.000000000000000000e+00 2.100000000000000000e+02
9.193000000000000000e+03 9.306000000000000000e+03 1.017899999999999977e+03 6.200000000000000178e+00 2.120000000000000000e+02
9.159000000000000000e+03 9.266000000000000000e+03 1.386000000000000000e+03 6.200000000000000178e+00 2.130000000000000000e+02
9.187000000000000000e+03 9.273000000000000000e+03 9.843999999999999773e+02 6.099999999999999645e+00 2.090000000000000000e+02
9.120000000000000000e+03 9.294000000000000000e+03 9.883999999999999773e+02 6.000000000000000000e+00 2.240000000000000000e+02
9.239000000000000000e+03 9.260000000000000000e+03 1.052599999999999909e+03 7.000000000000000000e+00 2.100000000000000000e+02
9.203000000000000000e+03 9.284000000000000000e+03 9.392999999999999545e+02 6.700000000000000178e+00 2.050000000000000000e+02
9.195000000000000000e+03 9.218000000000000000e+03 1.008500000000000000e+03 6.500000000000000000e+00 2.180000000000000000e+02
9.176000000000000000e+03 9.291000000000000000e+03 1.492099999999999909e+03 6.400000000000000355e+00 1.970000000000000000e+02
9.148000000000000000e+03 9.259000000000000000e+03 1.066099999999999909e+03 6.099999999999999645e+00 2.180000000000000000e+02
9.175000000000000000e+03 9.247000000000000000e+03 8.578999999999999773e+02 6.400000000000000355e+00 2.200000000000000000e+02
9.162000000000000000e+03 9.299000000000000000e+03 9.387999999999999545e+02 6.000000000000000000e+00 2.110000000000000000e+02
9.183000000000000000e+03 9.317000000000000000e+03 1.119599999999999909e+03 6.400000000000000355e+00 2.290000000000000000e+02
9.196000000000000000e+03 9.276000000000000000e+03 9.972000000000000455e+02 6.099999999999999645e+00 2.160000000000000000e+02
9.209000000000000000e+03 9.299000000000000000e+03 1.088400000000000091e+03 6.200000000000000178e+00 2.060000000000000000e+02
9.187000000000000000e+03 9.294000000000000000e+03 9.943999999999999773e+02 6.599999999999999645e+00 2.110000000000000000e+02
9.154000000000000000e+03 9.284000000000000000e+03 7.936000000000000227e+02 6.599999999999999645e+00 2.160000000000000000e+02
9.146000000000000000e+03 9.281000000000000000e+03 1.042799999999999955e+03 6.200000000000000178e+00 2.150000000000000000e+02
9.168000000000000000e+03 9.302000000000000000e+03 1.113299999999999955e+03 6.599999999999999645e+00 2.260000000000000000e+02
9.193000000000000000e+03 9.291000000000000000e+03 8.502000000000000455e+02 6.000000000000000000e+00 2.110000000000000000e+02
9.191000000000000000e+03 9.300000000000000000e+03 1.109000000000000000e+03 6.200000000000000178e+00 2.010000000000000000e+02
9.157000000000000000e+03 9.345000000000000000e+03 8.516000000000000227e+02 6.700000000000000178e+00 2.050000000000000000e+02
9.195000000000000000e+03 9.303000000000000000e+03 8.917999999999999545e+02 7.000000000000000000e+00 2.020000000000000000e+02
9.151000000000000000e+03 9.258000000000000000e+03 8.696000000000000227e+02 6.299999999999999822e+00 2.100000000000000000e+02
9.216000000000000000e+03 9.252000000000000000e+03 1.251799999999999955e+03 6.299999999999999822e+00 2.210000000000000000e+02
9.155000000000000000e+03 9.203000000000000000e+03 1.117500000000000000e+03 6.000000000000000000e+00 2.100000000000000000e+02
9.181000000000000000e+03 9.302000000000000000e+03 9.952000000000000455e+02 6.299999999999999822e+00 2.210000000000000000e+02
9.141000000000000000e+03 9.268000000000000000e+03 7.897000000000000455e+02 6.299999999999999822e+00 2.060000000000000000e+02
9.177000000000000000e+03 9.276000000000000000e+03 1.107599999999999909e+03 7.000000000000000000e+00 2.220000000000000000e+02
9.194000000000000000e+03 9.293000000000000000e+03 1.614000000000000000e+03 6.000000000000000000e+00 2.090000000000000000e+02
9.228000000000000000e+03 9.277000000000000000e+03 8.890000000000000000e+02 6.500000000000000000e+00 2.100000000000000000e+02
9.199000000000000000e+03 9.269000000000000000e+03 8.900000000000000000e+02 6.200000000000000178e+00 2.150000000000000000e+02
9.201000000000000000e+03 9.315000000000000000e+03 1.101099999999999909e+03 7.000000000000000000e+00 2.280000000000000000e+02
9.186000000000000000e+03 9.253000000000000000e+03 1.112500000000000000e+03 6.099999999999999645e+00 2.240000000000000000e+02
9.184000000000000000e+03 9.258000000000000000e+03 8.951000000000000227e+02 6.299999999999999822e+00 2.140000000000000000e+02
9.197000000000000000e+03 9.285000000000000000e+03 1.202099999999999909e+03 6.000000000000000000e+00 2.030000000000000000e+02
9.184000000000000000e+03 9.259000000000000000e+03 9.296000000000000227e+02 6.599999999999999645e+00 2.130000000000000000e+02
9.210000000000000000e+03 9.290000000000000000e+03 1.269200000000000045e+03 6.000000000000000000e+00 2.120000000000000000e+02
9.213000000000000000e+03 9.276000000000000000e+03 8.943999999999999773e+02 6.599999999999999645e+00 2.150000000000000000e+02
9.222000000000000000e+03 9.293000000000000000e+03 1.003399999999999977e+03 6.099999999999999645e+00 2.080000000000000000e+02
9.175000000000000000e+03 9.240000000000000000e+03 1.047299999999999955e+03 6.000000000000000000e+00 2.070000000000000000e+02
9.199000000000000000e+03 9.288000000000000000e+03 1.031299999999999955e+03 6.400000000000000355e+00 2.080000000000000000e+02
9.222000000000000000e+03 9.307000000000000000e+03 1.825099999999999909e+03 6.000000000000000000e+00 2.040000000000000000e+02
9.190000000000000000e+03 9.264000000000000000e+03 9.042999999999999545e+02 6.099999999999999645e+00 2.150000000000000000e+02
9.210000000000000000e+03 9.263000000000000000e+03 1.010799999999999955e+03 6.200000000000000178e+00 2.150000000000000000e+02
9.210000000000000000e+03 9.307000000000000000e+03 1.361000000000000000e+03 6.500000000000000000e+00 2.080000000000000000e+02
9.116000000000000000e+03 9.244000000000000000e+03 8.712999999999999545e+02 6.599999999999999645e+00 2.160000000000000000e+02
9.193000000000000000e+03 9.239000000000000000e+03 1.118000000000000000e+03 6.299999999999999822e+00 2.100000000000000000e+02
9.217000000000000000e+03 9.334000000000000000e+03 1.115599999999999909e+03 6.000000000000000000e+00 2.070000000000000000e+02
9.180000000000000000e+03 9.248000000000000000e+03 8.532999999999999545e+02 6.000000000000000000e+00 2.200000000000000000e+02
9.194000000000000000e+03 9.247000000000000000e+03 8.617999999999999545e+02 6.200000000000000178e+00 2.250000000000000000e+02
9.199000000000000000e+03 9.312000000000000000e+03 9.685000000000000000e+02 6.200000000000000178e+00 2.150000000000000000e+02
9.164000000000000000e+03 9.242000000000000000e+03 8.367999999999999545e+02 6.599999999999999645e+00 2.050000000000000000e+02
9.187000000000000000e+03 9.294000000000000000e+03 1.335099999999999909e+03 6.099999999999999645e+00 2.100000000000000000e+02
9.180000000000000000e+03 9.237000000000000000e+03 9.613999999999999773e+02 7.000000000000000000e+00 2.110000000000000000e+02
9.245000000000000000e+03 9.294000000000000000e+03 1.358599999999999909e+03 6.000000000000000000e+00 2.090000000000000000e+02
9.198000000000000000e+03 9.279000000000000000e+03 1.187599999999999909e+03 6.200000000000000178e+00 2.190000000000000000e+02
9.182000000000000000e+03 9.221000000000000000e+03 8.471000000000000227e+02 6.599999999999999645e+00 2.130000000000000000e+02
9.236000000000000000e+03 9.314000000000000000e+03 8.067000000000000455e+02 6.400000000000000355e+00 2.060000000000000000e+02
9.189000000000000000e+03 9.251000000000000000e+03 7.775000000000000000e+02 6.200000000000000178e+00 2.110000000000000000e+02
9.170000000000000000e+03 9.278000000000000000e+03 9.742999999999999545e+02 6.099999999999999645e+00 2.110000000000000000e+02
9.146000000000000000e+03 9.306000000000000000e+03 9.760000000000000000e+02 6.299999999999999822e+00 2.040000000000000000e+02
9.163000000000000000e+03 9.280000000000000000e+03 8.150000000000000000e+02 6.099999999999999645e+00 2.070000000000000000e+02
9.162000000000000000e+03 9.303000000000000000e+03 9.312999999999999545e+02 6.500000000000000000e+00 2.050000000000000000e+02
9.158000000000000000e+03 9.243000000000000000e+03 9.286000000000000227e+02 6.700000000000000178e+00 2.370000000000000000e+02
9.206000000000000000e+03 9.247000000000000000e+03 1.034900000000000091e+03 6.099999999999999645e+00 2.140000000000000000e+02
9.142000000000000000e+03 9.305000000000000000e+03 9.692999999999999545e+02 6.299999999999999822e+00 2.160000000000000000e+02
9.186000000000000000e+03 9.298000000000000000e+03 8.566000000000000227e+02 6.200000000000000178e+00 2.220000000000000000e+02
9.161000000000000000e+03 9.258000000000000000e+03 1.162700000000000045e+03 6.700000000000000178e+00 2.090000000000000000e+02
9.164000000000000000e+03 9.212000000000000000e+03 9.200000000000000000e+02 6.299999999999999822e+00 2.220000000000000000e+02
9.173000000000000000e+03 9.284000000000000000e+03 9.165000000000000000e+02 6.400000000000000355e+00 2.050000000000000000e+02
9.179000000000000000e+03 9.296000000000000000e+03 8.732999999999999545e+02 7.000000000000000000e+00 2.070000000000000000e+02
9.156000000000000000e+03 9.313000000000000000e+03 7.673999999999999773e+02 6.099999999999999645e+00 2.100000000000000000e+02
9.157000000000000000e+03 9.256000000000000000e+03 9.490000000000000000e+02 6.000000000000000000e+00 2.070000000000000000e+02
9.222000000000000000e+03 9.298000000000000000e+03 1.256900000000000091e+03 6.000000000000000000e+00 2.140000000000000000e+02
9.171000000000000000e+03 9.215000000000000000e+03 1.065299999999999955e+03 6.500000000000000000e+00 2.240000000000000000e+02
9.199000000000000000e+03 9.237000000000000000e+03 1.014500000000000000e+03 6.000000000000000000e+00 2.050000000000000000e+02
9.157000000000000000e+03 9.277000000000000000e+03 9.867000000000000455e+02 6.299999999999999822e+00 2.200000000000000000e+02
9.215000000000000000e+03 9.229000000000000000e+03 1.265000000000000000e+03 6.400000000000000355e+00 2.360000000000000000e+02
9.179000000000000000e+03 9.243000000000000000e+03 1.070700000000000045e+03 6.299999999999999822e+00 2.150000000000000000e+02
9.234000000000000000e+03 9.271000000000000000e+03 8.932999999999999545e+02 6.599999999999999645e+00 2.040000000000000000e+02
9.212000000000000000e+03 9.229000000000000000e+03 9.783999999999999773e+02 6.799999999999999822e+00 2.370000000000000000e+02
9.178000000000000000e+03 9.249000000000000000e+03 9.345000000000000000e+02 6.000000000000000000e+00 2.070000000000000000e+02
9.217000000000000000e+03 9.307000000000000000e+03 8.655000000000000000e+02 6.400000000000000355e+00 2.080000000000000000e+02
9.209000000000000000e+03 9.267000000000000000e+03 1.141299999999999955e+03 6.000000000000000000e+00 1.990000000000000000e+02
9.203000000000000000e+03 9.250000000000000000e+03 9.938999999999999773e+02 6.500000000000000000e+00 2.160000000000000000e+02
9.222000000000000000e+03 9.253000000000000000e+03 1.063599999999999909e+03 6.500000000000000000e+00 2.270000000000000000e+02
9.181000000000000000e+03 9.293000000000000000e+03 9.092000000000000455e+02 6.099999999999999645e+00 2.300000000000000000e+02
9.194000000000000000e+03 9.330000000000000000e+03 8.422999999999999545e+02 6.200000000000000178e+00 2.150000000000000000e+02
9.146000000000000000e+03 9.217000000000000000e+03 8.678999999999999773e+02 6.200000000000000178e+00 2.270000000000000000e+02
9.202000000000000000e+03 9.250000000000000000e+03 1.056099999999999909e+03 6.200000000000000178e+00 1.990000000000000000e+02
9.204000000000000000e+03 9.239000000000000000e+03 1.166000000000000000e+03 6.400000000000000355e+00 2.350000000000000000e+02
9.189000000000000000e+03 9.328000000000000000e+03 9.231000000000000227e+02 6.099999999999999645e+00 2.220000000000000000e+02
9.221000000000000000e+03 9.216000000000000000e+03 1.146799999999999955e+03 6.099999999999999645e+00 2.070000000000000000e+02
9.206000000000000000e+03 9.295000000000000000e+03 1.163500000000000000e+03 6.700000000000000178e+00 2.170000000000000000e+02
9.145000000000000000e+03 9.232000000000000000e+03 1.086500000000000000e+03 5.799999999999999822e+00 2.190000000000000000e+02
9.163000000000000000e+03 9.265000000000000000e+03 9.210000000000000000e+02 7.000000000000000000e+00 2.050000000000000000e+02
9.193000000000000000e+03 9.289000000000000000e+03 9.592000000000000455e+02 6.099999999999999645e+00 2.120000000000000000e+02
9.215000000000000000e+03 9.282000000000000000e+03 9.953999999999999773e+02 6.099999999999999645e+00 2.160000000000000000e+02
9.221000000000000000e+03 9.235000000000000000e+03 8.627999999999999545e+02 6.299999999999999822e+00 2.320000000000000000e+02
9.167000000000000000e+03 9.283000000000000000e+03 9.750000000000000000e+02 6.000000000000000000e+00 2.130000000000000000e+02
9.153000000000000000e+03 9.268000000000000000e+03 1.094599999999999909e+03 6.099999999999999645e+00 2.190000000000000000e+02
9.181000000000000000e+03 9.265000000000000000e+03 1.032200000000000045e+03 7.000000000000000000e+00 2.270000000000000000e+02
9.167000000000000000e+03 9.281000000000000000e+03 1.068700000000000045e+03 6.000000000000000000e+00 2.150000000000000000e+02
9.177000000000000000e+03 9.334000000000000000e+03 1.019200000000000045e+03 6.099999999999999645e+00 2.050000000000000000e+02
9.166000000000000000e+03 9.325000000000000000e+03 1.045500000000000000e+03 6.000000000000000000e+00 2.030000000000000000e+02
9.191000000000000000e+03 9.360000000000000000e+03 1.229200000000000045e+03 6.299999999999999822e+00 2.230000000000000000e+02
9.194000000000000000e+03 9.288000000000000000e+03 9.562999999999999545e+02 6.500000000000000000e+00 2.070000000000000000e+02
9.206000000000000000e+03 9.320000000000000000e+03 9.798999999999999773e+02 6.000000000000000000e+00 2.130000000000000000e+02
9.219000000000000000e+03 9.303000000000000000e+03 1.318500000000000000e+03 6.099999999999999645e+00 2.200000000000000000e+02
9.190000000000000000e+03 9.261000000000000000e+03 1.147000000000000000e+03 6.400000000000000355e+00 2.060000000000000000e+02
9.177000000000000000e+03 9.300000000000000000e+03 1.049299999999999955e+03 6.000000000000000000e+00 2.120000000000000000e+02
9.207000000000000000e+03 9.273000000000000000e+03 1.257000000000000000e+03 6.099999999999999645e+00 2.050000000000000000e+02
9.190000000000000000e+03 9.255000000000000000e+03 8.063999999999999773e+02 6.599999999999999645e+00 2.300000000000000000e+02
9.174000000000000000e+03 9.268000000000000000e+03 1.278200000000000045e+03 6.799999999999999822e+00 2.240000000000000000e+02
9.175000000000000000e+03 9.269000000000000000e+03 1.125200000000000045e+03 6.099999999999999645e+00 2.200000000000000000e+02
9.181000000000000000e+03 9.267000000000000000e+03 8.062000000000000455e+02 7.000000000000000000e+00 2.300000000000000000e+02
9.202000000000000000e+03 9.292000000000000000e+03 1.006600000000000023e+03 6.299999999999999822e+00 2.120000000000000000e+02
9.209000000000000000e+03 9.265000000000000000e+03 9.402000000000000455e+02 6.299999999999999822e+00 2.170000000000000000e+02
9.168000000000000000e+03 9.243000000000000000e+03 8.902000000000000455e+02 6.000000000000000000e+00 2.130000000000000000e+02
9.206000000000000000e+03 9.301000000000000000e+03 9.457999999999999545e+02 6.299999999999999822e+00 2.240000000000000000e+02
9.198000000000000000e+03 9.274000000000000000e+03 1.227700000000000045e+03 6.400000000000000355e+00 2.140000000000000000e+02
9.148000000000000000e+03 9.270000000000000000e+03 1.067299999999999955e+03 6.700000000000000178e+00 2.070000000000000000e+02
9.192000000000000000e+03 9.300000000000000000e+03 8.391000000000000227e+02 7.000000000000000000e+00 2.080000000000000000e+02
9.206000000000000000e+03 9.275000000000000000e+03 8.911000000000000227e+02 6.299999999999999822e+00 2.150000000000000000e+02
9.164000000000000000e+03 9.278000000000000000e+03 9.871000000000000227e+02 7.000000000000000000e+00 2.150000000000000000e+02
9.163000000000000000e+03 9.329000000000000000e+03 8.688999999999999773e+02 6.000000000000000000e+00 2.070000000000000000e+02
9.236000000000000000e+03 9.295000000000000000e+03 1.030299999999999955e+03 7.000000000000000000e+00 2.120000000000000000e+02
9.175000000000000000e+03 9.243000000000000000e+03 9.476000000000000227e+02 6.000000000000000000e+00 2.260000000000000000e+02
9.159000000000000000e+03 9.263000000000000000e+03 9.340000000000000000e+02 6.000000000000000000e+00 2.050000000000000000e+02
9.195000000000000000e+03 9.289000000000000000e+03 8.588999999999999773e+02 6.000000000000000000e+00 2.070000000000000000e+02
9.218000000000000000e+03 9.273000000000000000e+03 1.160500000000000000e+03 6.099999999999999645e+00 2.010000000000000000e+02
9.192000000000000000e+03 9.294000000000000000e+03 1.135500000000000000e+03 6.299999999999999822e+00 2.160000000000000000e+02
9.209000000000000000e+03 9.293000000000000000e+03 1.177099999999999909e+03 5.799999999999999822e+00 2.260000000000000000e+02
9.196000000000000000e+03 9.297000000000000000e+03 1.070299999999999955e+03 6.200000000000000178e+00 2.190000000000000000e+02
9.225000000000000000e+03 9.239000000000000000e+03 9.385000000000000000e+02 6.200000000000000178e+00 2.290000000000000000e+02
9.149000000000000000e+03 9.279000000000000000e+03 8.700000000000000000e+02 6.400000000000000355e+00 2.180000000000000000e+02
9.182000000000000000e+03 9.287000000000000000e+03 1.100700000000000045e+03 6.200000000000000178e+00 2.110000000000000000e+02
9.172000000000000000e+03 9.250000000000000000e+03 1.203400000000000091e+03 6.400000000000000355e+00 2.170000000000000000e+02
9.201000000000000000e+03 9.284000000000000000e+03 1.016799999999999955e+03 6.299999999999999822e+00 2.130000000000000000e+02
9.223000000000000000e+03 9.295000000000000000e+03 8.421000000000000227e+02 6.400000000000000355e+00 2.100000000000000000e+02
9.192000000000000000e+03 9.253000000000000000e+03 1.251200000000000045e+03 6.799999999999999822e+00 2.160000000000000000e+02
9.197000000000000000e+03 9.313000000000000000e+03 1.080000000000000000e+03 6.299999999999999822e+00 2.210000000000000000e+02
9.172000000000000000e+03 9.293000000000000000e+03 1.410000000000000000e+03 7.000000000000000000e+00 2.180000000000000000e+02
9.222000000000000000e+03 9.262000000000000000e+03 8.971000000000000227e+02 6.099999999999999645e+00 2.210000000000000000e+02
9.237000000000000000e+03 9.290000000000000000e+03 1.129000000000000000e+03 6.099999999999999645e+00 2.030000000000000000e+02
9.199000000000000000e+03 9.220000000000000000e+03 1.641099999999999909e+03 6.200000000000000178e+00 2.150000000000000000e+02
9.200000000000000000e+03 9.279000000000000000e+03 1.037200000000000045e+03 6.599999999999999645e+00 2.080000000000000000e+02
9.168000000000000000e+03 9.282000000000000000e+03 9.585000000000000000e+02 6.099999999999999645e+00 2.020000000000000000e+02
9.208000000000000000e+03 9.276000000000000000e+03 8.562999999999999545e+02 6.200000000000000178e+00 2.060000000000000000e+02
9.184000000000000000e+03 9.239000000000000000e+03 1.436099999999999909e+03 6.400000000000000355e+00 2.130000000000000000e+02
9.166000000000000000e+03 9.297000000000000000e+03 7.717999999999999545e+02 6.599999999999999645e+00 2.300000000000000000e+02
9.179000000000000000e+03 9.266000000000000000e+03 1.271599999999999909e+03 6.099999999999999645e+00 2.220000000000000000e+02
9.169000000000000000e+03 9.282000000000000000e+03 1.138900000000000091e+03 6.099999999999999645e+00 2.150000000000000000e+02
9.191000000000000000e+03 9.195000000000000000e+03 1.151099999999999909e+03 6.700000000000000178e+00 2.350000000000000000e+02
9.193000000000000000e+03 9.246000000000000000e+03 1.082599999999999909e+03 6.500000000000000000e+00 2.000000000000000000e+02
9.142000000000000000e+03 9.313000000000000000e+03 8.988999999999999773e+02 6.500000000000000000e+00 2.160000000000000000e+02
9.196000000000000000e+03 9.261000000000000000e+03 1.042000000000000000e+03 6.099999999999999645e+00 2.120000000000000000e+02
9.157000000000000000e+03 9.263000000000000000e+03 1.003799999999999955e+03 6.000000000000000000e+00 2.130000000000000000e+02
9.176000000000000000e+03 9.274000000000000000e+03 1.365500000000000000e+03 6.099999999999999645e+00 2.160000000000000000e+02
9.198000000000000000e+03 9.244000000000000000e+03 9.312999999999999545e+02 6.700000000000000178e+00 2.150000000000000000e+02
9.172000000000000000e+03 9.280000000000000000e+03 9.962999999999999545e+02 6.700000000000000178e+00 2.100000000000000000e+02
9.204000000000000000e+03 9.221000000000000000e+03 9.778999999999999773e+02 7.099999999999999645e+00 2.270000000000000000e+02
9.184000000000000000e+03 9.245000000000000000e+03 1.415799999999999955e+03 6.299999999999999822e+00 2.150000000000000000e+02
9.157000000000000000e+03 9.314000000000000000e+03 8.458999999999999773e+02 6.299999999999999822e+00 2.120000000000000000e+02
9.190000000000000000e+03 9.316000000000000000e+03 8.431000000000000227e+02 6.000000000000000000e+00 2.070000000000000000e+02
9.168000000000000000e+03 9.247000000000000000e+03 8.632999999999999545e+02 6.500000000000000000e+00 2.170000000000000000e+02
9.189000000000000000e+03 9.265000000000000000e+03 9.357000000000000455e+02 6.099999999999999645e+00 2.050000000000000000e+02
9.227000000000000000e+03 9.286000000000000000e+03 1.278000000000000000e+03 6.000000000000000000e+00 2.120000000000000000e+02
9.155000000000000000e+03 9.246000000000000000e+03 1.135400000000000091e+03 6.400000000000000355e+00 2.170000000000000000e+02
9.186000000000000000e+03 9.218000000000000000e+03 1.060599999999999909e+03 6.000000000000000000e+00 2.380000000000000000e+02
9.219000000000000000e+03 9.264000000000000000e+03 1.240000000000000000e+03 6.599999999999999645e+00 2.200000000000000000e+02
9.173000000000000000e+03 9.271000000000000000e+03 7.251000000000000227e+02 6.299999999999999822e+00 2.080000000000000000e+02
9.182000000000000000e+03 9.264000000000000000e+03 7.753999999999999773e+02 6.599999999999999645e+00 2.150000000000000000e+02
9.185000000000000000e+03 9.288000000000000000e+03 1.109299999999999955e+03 7.000000000000000000e+00 2.240000000000000000e+02
