9.501000000000000000e+03 8.647000000000000000e+03 1.208400000000000091e+03 5.000000000000000000e+00 2.290000000000000000e+03
9.429000000000000000e+03 8.550000000000000000e+03 8.266000000000000227e+02 5.200000000000000178e+00 2.328000000000000000e+03
9.496000000000000000e+03 8.585000000000000000e+03 1.099799999999999955e+03 5.000000000000000000e+00 2.311000000000000000e+03
9.430000000000000000e+03 8.618000000000000000e+03 8.722999999999999545e+02 5.000000000000000000e+00 2.232000000000000000e+03
9.470000000000000000e+03 8.536000000000000000e+03 1.033299999999999955e+03 5.400000000000000355e+00 2.217000000000000000e+03
9.463000000000000000e+03 8.572000000000000000e+03 9.352000000000000455e+02 5.200000000000000178e+00 2.267000000000000000e+03
9.471000000000000000e+03 8.575000000000000000e+03 1.137299999999999955e+03 5.000000000000000000e+00 2.239000000000000000e+03
9.450000000000000000e+03 8.541000000000000000e+03 9.855000000000000000e+02 5.000000000000000000e+00 2.288000000000000000e+03
9.500000000000000000e+03 8.606000000000000000e+03 1.187099999999999909e+03 5.000000000000000000e+00 2.348000000000000000e+03
9.459000000000000000e+03 8.588000000000000000e+03 8.508999999999999773e+02 5.000000000000000000e+00 2.309000000000000000e+03
9.469000000000000000e+03 8.535000000000000000e+03 8.773999999999999773e+02 5.200000000000000178e+00 2.261000000000000000e+03
9.461000000000000000e+03 8.532000000000000000e+03 8.047000000000000455e+02 5.299999999999999822e+00 2.287000000000000000e+03
9.480000000000000000e+03 8.540000000000000000e+03 1.429900000000000091e+03 5.000000000000000000e+00 2.296000000000000000e+03
9.446000000000000000e+03 8.568000000000000000e+03 8.617000000000000455e+02 5.400000000000000355e+00 2.313000000000000000e+03
9.475000000000000000e+03 8.599000000000000000e+03 9.928999999999999773e+02 5.000000000000000000e+00 2.241000000000000000e+03
9.444000000000000000e+03 8.522000000000000000e+03 8.201000000000000227e+02 5.200000000000000178e+00 2.349000000000000000e+03
9.515000000000000000e+03 8.631000000000000000e+03 1.311099999999999909e+03 5.200000000000000178e+00 2.291000000000000000e+03
9.449000000000000000e+03 8.547000000000000000e+03 8.676000000000000227e+02 5.400000000000000355e+00 2.265000000000000000e+03
9.463000000000000000e+03 8.681000000000000000e+03 8.895000000000000000e+02 5.000000000000000000e+00 2.238000000000000000e+03
9.459000000000000000e+03 8.631000000000000000e+03 8.506000000000000227e+02 5.200000000000000178e+00 2.309000000000000000e+03
9.393000000000000000e+03 8.642000000000000000e+03 7.705000000000000000e+02 6.000000000000000000e+00 2.287000000000000000e+03
9.526000000000000000e+03 8.551000000000000000e+03 1.220400000000000091e+03 5.000000000000000000e+00 2.235000000000000000e+03
9.427000000000000000e+03 8.536000000000000000e+03 7.830000000000000000e+02 5.000000000000000000e+00 2.310000000000000000e+03
9.472000000000000000e+03 8.582000000000000000e+03 8.817000000000000455e+02 5.500000000000000000e+00 2.228000000000000000e+03
9.473000000000000000e+03 8.646000000000000000e+03 7.085000000000000000e+02 5.000000000000000000e+00 2.256000000000000000e+03
9.466000000000000000e+03 8.587000000000000000e+03 1.117200000000000045e+03 5.200000000000000178e+00 2.260000000000000000e+03
9.529000000000000000e+03 8.642000000000000000e+03 1.779299999999999955e+03 5.000000000000000000e+00 2.313000000000000000e+03
9.463000000000000000e+03 8.601000000000000000e+03 1.121700000000000045e+03 5.200000000000000178e+00 2.293000000000000000e+03
9.490000000000000000e+03 8.521000000000000000e+03 1.220200000000000045e+03 5.299999999999999822e+00 2.255000000000000000e+03
9.482000000000000000e+03 8.573000000000000000e+03 1.038099999999999909e+03 5.000000000000000000e+00 2.312000000000000000e+03
9.477000000000000000e+03 8.646000000000000000e+03 9.035000000000000000e+02 5.000000000000000000e+00 2.263000000000000000e+03
9.499000000000000000e+03 8.544000000000000000e+03 1.300599999999999909e+03 5.200000000000000178e+00 2.242000000000000000e+03
9.530000000000000000e+03 8.501000000000000000e+03 1.333299999999999955e+03 5.500000000000000000e+00 2.285000000000000000e+03
9.460000000000000000e+03 8.590000000000000000e+03 1.035599999999999909e+03 5.000000000000000000e+00 2.220000000000000000e+03
9.418000000000000000e+03 8.682000000000000000e+03 8.147000000000000455e+02 5.000000000000000000e+00 2.309000000000000000e+03
9.513000000000000000e+03 8.655000000000000000e+03 1.112000000000000000e+03 5.000000000000000000e+00 2.265000000000000000e+03
9.457000000000000000e+03 8.575000000000000000e+03 9.717999999999999545e+02 5.000000000000000000e+00 2.328000000000000000e+03
9.471000000000000000e+03 8.533000000000000000e+03 9.238999999999999773e+02 5.200000000000000178e+00 2.302000000000000000e+03
9.436000000000000000e+03 8.606000000000000000e+03 7.521000000000000227e+02 5.500000000000000000e+00 2.203000000000000000e+03
9.510000000000000000e+03 8.487000000000000000e+03 9.798999999999999773e+02 5.599999999999999645e+00 2.251000000000000000e+03
9.468000000000000000e+03 8.498000000000000000e+03 1.014799999999999955e+03 5.400000000000000355e+00 2.327000000000000000e+03
9.482000000000000000e+03 8.609000000000000000e+03 1.469700000000000045e+03 5.000000000000000000e+00 2.282000000000000000e+03
9.482000000000000000e+03 8.617000000000000000e+03 1.398500000000000000e+03 5.099999999999999645e+00 2.275000000000000000e+03
9.488000000000000000e+03 8.535000000000000000e+03 1.023200000000000045e+03 5.200000000000000178e+00 2.284000000000000000e+03
9.440000000000000000e+03 8.552000000000000000e+03 7.273999999999999773e+02 5.400000000000000355e+00 2.231000000000000000e+03
9.382000000000000000e+03 8.595000000000000000e+03 7.612000000000000455e+02 5.299999999999999822e+00 2.244000000000000000e+03
9.480000000000000000e+03 8.616000000000000000e+03 8.768999999999999773e+02 5.000000000000000000e+00 2.265000000000000000e+03
9.463000000000000000e+03 8.603000000000000000e+03 8.502000000000000455e+02 6.000000000000000000e+00 2.280000000000000000e+03
9.458000000000000000e+03 8.508000000000000000e+03 9.433999999999999773e+02 5.599999999999999645e+00 2.268000000000000000e+03
9.447000000000000000e+03 8.648000000000000000e+03 1.077599999999999909e+03 5.000000000000000000e+00 2.294000000000000000e+03
9.436000000000000000e+03 8.474000000000000000e+03 7.790000000000000000e+02 5.700000000000000178e+00 2.224000000000000000e+03
9.434000000000000000e+03 8.628000000000000000e+03 9.141000000000000227e+02 5.099999999999999645e+00 2.239000000000000000e+03
9.466000000000000000e+03 8.637000000000000000e+03 1.212599999999999909e+03 5.000000000000000000e+00 2.265000000000000000e+03
9.505000000000000000e+03 8.575000000000000000e+03 1.083099999999999909e+03 5.400000000000000355e+00 2.242000000000000000e+03
9.484000000000000000e+03 8.542000000000000000e+03 9.447000000000000455e+02 5.200000000000000178e+00 2.243000000000000000e+03
9.512000000000000000e+03 8.615000000000000000e+03 1.224099999999999909e+03 5.099999999999999645e+00 2.283000000000000000e+03
9.455000000000000000e+03 8.560000000000000000e+03 9.293999999999999773e+02 5.299999999999999822e+00 2.183000000000000000e+03
9.456000000000000000e+03 8.616000000000000000e+03 8.455000000000000000e+02 5.000000000000000000e+00 2.303000000000000000e+03
9.475000000000000000e+03 8.567000000000000000e+03 9.781000000000000227e+02 5.200000000000000178e+00 2.265000000000000000e+03
9.446000000000000000e+03 8.612000000000000000e+03 7.537000000000000455e+02 5.099999999999999645e+00 2.247000000000000000e+03
9.449000000000000000e+03 8.619000000000000000e+03 8.627999999999999545e+02 5.000000000000000000e+00 2.343000000000000000e+03
9.444000000000000000e+03 8.598000000000000000e+03 8.842999999999999545e+02 5.099999999999999645e+00 2.318000000000000000e+03
9.470000000000000000e+03 8.560000000000000000e+03 1.071099999999999909e+03 4.599999999999999645e+00 2.278000000000000000e+03
9.435000000000000000e+03 8.569000000000000000e+03 9.521000000000000227e+02 5.099999999999999645e+00 2.319000000000000000e+03
9.454000000000000000e+03 8.643000000000000000e+03 9.387000000000000455e+02 5.000000000000000000e+00 2.267000000000000000e+03
9.448000000000000000e+03 8.497000000000000000e+03 8.578999999999999773e+02 5.599999999999999645e+00 2.278000000000000000e+03
9.478000000000000000e+03 8.591000000000000000e+03 1.007200000000000045e+03 5.000000000000000000e+00 2.336000000000000000e+03
9.442000000000000000e+03 8.543000000000000000e+03 9.122000000000000455e+02 5.099999999999999645e+00 2.267000000000000000e+03
9.485000000000000000e+03 8.611000000000000000e+03 1.078000000000000000e+03 5.000000000000000000e+00 2.248000000000000000e+03
9.458000000000000000e+03 8.476000000000000000e+03 9.417000000000000455e+02 5.599999999999999645e+00 2.311000000000000000e+03
9.480000000000000000e+03 8.628000000000000000e+03 9.852999999999999545e+02 5.000000000000000000e+00 2.264000000000000000e+03
9.452000000000000000e+03 8.617000000000000000e+03 9.220000000000000000e+02 5.000000000000000000e+00 2.294000000000000000e+03
9.424000000000000000e+03 8.683000000000000000e+03 8.156000000000000227e+02 5.000000000000000000e+00 2.247000000000000000e+03
9.413000000000000000e+03 8.612000000000000000e+03 9.260000000000000000e+02 5.200000000000000178e+00 2.332000000000000000e+03
9.455000000000000000e+03 8.642000000000000000e+03 1.232799999999999955e+03 5.000000000000000000e+00 2.257000000000000000e+03
9.447000000000000000e+03 8.669000000000000000e+03 1.071799999999999955e+03 5.000000000000000000e+00 2.281000000000000000e+03
9.461000000000000000e+03 8.528000000000000000e+03 8.216000000000000227e+02 5.299999999999999822e+00 2.346000000000000000e+03
9.461000000000000000e+03 8.584000000000000000e+03 1.278500000000000000e+03 6.000000000000000000e+00 2.251000000000000000e+03
9.507000000000000000e+03 8.552000000000000000e+03 1.171700000000000045e+03 5.200000000000000178e+00 2.269000000000000000e+03
9.482000000000000000e+03 8.515000000000000000e+03 9.357000000000000455e+02 5.000000000000000000e+00 2.318000000000000000e+03
9.496000000000000000e+03 8.499000000000000000e+03 1.160799999999999955e+03 5.400000000000000355e+00 2.295000000000000000e+03
9.441000000000000000e+03 8.530000000000000000e+03 1.043099999999999909e+03 5.200000000000000178e+00 2.323000000000000000e+03
9.479000000000000000e+03 8.619000000000000000e+03 9.721000000000000227e+02 5.200000000000000178e+00 2.309000000000000000e+03
9.435000000000000000e+03 8.633000000000000000e+03 8.388999999999999773e+02 5.099999999999999645e+00 2.287000000000000000e+03
9.416000000000000000e+03 8.569000000000000000e+03 8.605000000000000000e+02 5.200000000000000178e+00 2.330000000000000000e+03
9.463000000000000000e+03 8.506000000000000000e+03 8.315000000000000000e+02 5.299999999999999822e+00 2.313000000000000000e+03
9.479000000000000000e+03 8.623000000000000000e+03 1.265400000000000091e+03 5.000000000000000000e+00 2.286000000000000000e+03
9.427000000000000000e+03 8.574000000000000000e+03 8.877999999999999545e+02 5.599999999999999645e+00 2.287000000000000000e+03
9.477000000000000000e+03 8.560000000000000000e+03 7.907999999999999545e+02 5.400000000000000355e+00 2.232000000000000000e+03
9.494000000000000000e+03 8.633000000000000000e+03 9.780000000000000000e+02 6.000000000000000000e+00 2.308000000000000000e+03
9.409000000000000000e+03 8.632000000000000000e+03 7.487000000000000455e+02 5.099999999999999645e+00 2.264000000000000000e+03
9.497000000000000000e+03 8.641000000000000000e+03 1.159400000000000091e+03 5.000000000000000000e+00 2.271000000000000000e+03
9.444000000000000000e+03 8.622000000000000000e+03 8.296000000000000227e+02 5.000000000000000000e+00 2.289000000000000000e+03
9.479000000000000000e+03 8.572000000000000000e+03 1.016000000000000000e+03 5.099999999999999645e+00 2.225000000000000000e+03
9.464000000000000000e+03 8.632000000000000000e+03 9.522000000000000455e+02 5.000000000000000000e+00 2.326000000000000000e+03
9.436000000000000000e+03 8.550000000000000000e+03 9.205000000000000000e+02 5.099999999999999645e+00 2.290000000000000000e+03
9.444000000000000000e+03 8.583000000000000000e+03 1.159099999999999909e+03 5.000000000000000000e+00 2.325000000000000000e+03
9.530000000000000000e+03 8.589000000000000000e+03 1.498400000000000091e+03 5.200000000000000178e+00 2.315000000000000000e+03
9.445000000000000000e+03 8.600000000000000000e+03 8.568999999999999773e+02 5.099999999999999645e+00 2.272000000000000000e+03
9.442000000000000000e+03 8.550000000000000000e+03 9.528999999999999773e+02 5.200000000000000178e+00 2.299000000000000000e+03
9.487000000000000000e+03 8.639000000000000000e+03 1.101700000000000045e+03 5.000000000000000000e+00 2.251000000000000000e+03
9.483000000000000000e+03 8.632000000000000000e+03 1.115799999999999955e+03 5.000000000000000000e+00 2.252000000000000000e+03
9.483000000000000000e+03 8.585000000000000000e+03 9.262000000000000455e+02 5.200000000000000178e+00 2.275000000000000000e+03
9.437000000000000000e+03 8.642000000000000000e+03 8.925000000000000000e+02 5.099999999999999645e+00 2.256000000000000000e+03
9.446000000000000000e+03 8.604000000000000000e+03 9.155000000000000000e+02 5.000000000000000000e+00 2.224000000000000000e+03
9.500000000000000000e+03 8.562000000000000000e+03 1.242299999999999955e+03 5.099999999999999645e+00 2.231000000000000000e+03
9.435000000000000000e+03 8.662000000000000000e+03 8.838999999999999773e+02 5.000000000000000000e+00 2.254000000000000000e+03
9.437000000000000000e+03 8.647000000000000000e+03 1.001200000000000045e+03 5.000000000000000000e+00 2.303000000000000000e+03
9.508000000000000000e+03 8.619000000000000000e+03 1.188700000000000045e+03 5.000000000000000000e+00 2.342000000000000000e+03
9.474000000000000000e+03 8.614000000000000000e+03 1.109099999999999909e+03 5.000000000000000000e+00 2.286000000000000000e+03
9.458000000000000000e+03 8.612000000000000000e+03 1.239900000000000091e+03 5.200000000000000178e+00 2.313000000000000000e+03
9.465000000000000000e+03 8.589000000000000000e+03 1.137099999999999909e+03 5.000000000000000000e+00 2.291000000000000000e+03
9.461000000000000000e+03 8.533000000000000000e+03 8.345000000000000000e+02 5.099999999999999645e+00 2.286000000000000000e+03
9.462000000000000000e+03 8.508000000000000000e+03 9.966000000000000227e+02 5.599999999999999645e+00 2.281000000000000000e+03
9.493000000000000000e+03 8.552000000000000000e+03 1.014399999999999977e+03 5.299999999999999822e+00 2.297000000000000000e+03
9.473000000000000000e+03 8.515000000000000000e+03 1.017500000000000000e+03 5.299999999999999822e+00 2.304000000000000000e+03
9.502000000000000000e+03 8.544000000000000000e+03 1.214299999999999955e+03 5.200000000000000178e+00 2.269000000000000000e+03
9.488000000000000000e+03 8.640000000000000000e+03 1.154000000000000000e+03 5.000000000000000000e+00 2.245000000000000000e+03
9.484000000000000000e+03 8.525000000000000000e+03 1.145500000000000000e+03 5.400000000000000355e+00 2.302000000000000000e+03
9.461000000000000000e+03 8.546000000000000000e+03 8.975000000000000000e+02 5.299999999999999822e+00 2.310000000000000000e+03
9.488000000000000000e+03 8.632000000000000000e+03 1.246799999999999955e+03 5.000000000000000000e+00 2.314000000000000000e+03
9.470000000000000000e+03 8.598000000000000000e+03 1.170000000000000000e+03 5.000000000000000000e+00 2.262000000000000000e+03
9.419000000000000000e+03 8.602000000000000000e+03 1.048900000000000091e+03 5.099999999999999645e+00 2.271000000000000000e+03
9.432000000000000000e+03 8.603000000000000000e+03 8.513999999999999773e+02 5.000000000000000000e+00 2.314000000000000000e+03
9.454000000000000000e+03 8.633000000000000000e+03 1.352000000000000000e+03 5.000000000000000000e+00 2.304000000000000000e+03
9.409000000000000000e+03 8.597000000000000000e+03 9.823999999999999773e+02 5.000000000000000000e+00 2.229000000000000000e+03
9.442000000000000000e+03 8.627000000000000000e+03 9.223999999999999773e+02 5.000000000000000000e+00 2.294000000000000000e+03
9.432000000000000000e+03 8.630000000000000000e+03 8.813999999999999773e+02 5.000000000000000000e+00 2.253000000000000000e+03
9.465000000000000000e+03 8.659000000000000000e+03 9.770000000000000000e+02 5.000000000000000000e+00 2.346000000000000000e+03
9.459000000000000000e+03 8.598000000000000000e+03 8.482999999999999545e+02 5.000000000000000000e+00 2.330000000000000000e+03
9.526000000000000000e+03 8.593000000000000000e+03 8.996000000000000227e+02 5.200000000000000178e+00 2.262000000000000000e+03
9.458000000000000000e+03 8.605000000000000000e+03 1.003299999999999955e+03 5.000000000000000000e+00 2.303000000000000000e+03
9.428000000000000000e+03 8.553000000000000000e+03 9.127999999999999545e+02 5.400000000000000355e+00 2.304000000000000000e+03
9.420000000000000000e+03 8.535000000000000000e+03 7.155000000000000000e+02 5.099999999999999645e+00 2.250000000000000000e+03
9.469000000000000000e+03 8.435000000000000000e+03 8.623999999999999773e+02 5.400000000000000355e+00 2.299000000000000000e+03
9.459000000000000000e+03 8.525000000000000000e+03 1.007700000000000045e+03 5.599999999999999645e+00 2.257000000000000000e+03
9.461000000000000000e+03 8.598000000000000000e+03 1.125900000000000091e+03 5.000000000000000000e+00 2.291000000000000000e+03
9.485000000000000000e+03 8.575000000000000000e+03 9.806000000000000227e+02 5.000000000000000000e+00 2.248000000000000000e+03
9.447000000000000000e+03 8.682000000000000000e+03 8.688999999999999773e+02 5.000000000000000000e+00 2.256000000000000000e+03
9.458000000000000000e+03 8.560000000000000000e+03 9.602999999999999545e+02 5.200000000000000178e+00 2.296000000000000000e+03
9.458000000000000000e+03 8.633000000000000000e+03 8.575000000000000000e+02 5.000000000000000000e+00 2.274000000000000000e+03
9.438000000000000000e+03 8.503000000000000000e+03 8.743999999999999773e+02 5.500000000000000000e+00 2.291000000000000000e+03
9.473000000000000000e+03 8.613000000000000000e+03 8.930000000000000000e+02 5.000000000000000000e+00 2.329000000000000000e+03
9.446000000000000000e+03 8.574000000000000000e+03 9.442000000000000455e+02 5.099999999999999645e+00 2.366000000000000000e+03
9.449000000000000000e+03 8.633000000000000000e+03 1.076200000000000045e+03 5.000000000000000000e+00 2.391000000000000000e+03
9.448000000000000000e+03 8.635000000000000000e+03 8.892000000000000455e+02 5.000000000000000000e+00 2.261000000000000000e+03
9.444000000000000000e+03 8.630000000000000000e+03 9.583999999999999773e+02 5.000000000000000000e+00 2.324000000000000000e+03
9.490000000000000000e+03 8.528000000000000000e+03 1.132799999999999955e+03 5.500000000000000000e+00 2.305000000000000000e+03
9.490000000000000000e+03 8.594000000000000000e+03 1.073799999999999955e+03 5.400000000000000355e+00 2.337000000000000000e+03
9.450000000000000000e+03 8.664000000000000000e+03 8.342000000000000455e+02 5.000000000000000000e+00 2.255000000000000000e+03
9.445000000000000000e+03 8.515000000000000000e+03 9.260000000000000000e+02 6.000000000000000000e+00 2.310000000000000000e+03
9.447000000000000000e+03 8.595000000000000000e+03 7.511000000000000227e+02 5.000000000000000000e+00 2.248000000000000000e+03
9.450000000000000000e+03 8.647000000000000000e+03 1.110400000000000091e+03 5.000000000000000000e+00 2.307000000000000000e+03
9.500000000000000000e+03 8.633000000000000000e+03 1.202099999999999909e+03 5.000000000000000000e+00 2.257000000000000000e+03
9.450000000000000000e+03 8.635000000000000000e+03 1.091400000000000091e+03 5.000000000000000000e+00 2.277000000000000000e+03
9.502000000000000000e+03 8.574000000000000000e+03 1.199799999999999955e+03 5.099999999999999645e+00 2.228000000000000000e+03
9.430000000000000000e+03 8.538000000000000000e+03 8.725000000000000000e+02 5.200000000000000178e+00 2.287000000000000000e+03
9.509000000000000000e+03 8.554000000000000000e+03 9.783999999999999773e+02 5.099999999999999645e+00 2.317000000000000000e+03
9.460000000000000000e+03 8.607000000000000000e+03 8.943999999999999773e+02 5.000000000000000000e+00 2.275000000000000000e+03
9.465000000000000000e+03 8.635000000000000000e+03 8.653999999999999773e+02 6.000000000000000000e+00 2.295000000000000000e+03
9.450000000000000000e+03 8.539000000000000000e+03 9.781000000000000227e+02 5.000000000000000000e+00 2.290000000000000000e+03
9.498000000000000000e+03 8.607000000000000000e+03 1.072400000000000091e+03 5.000000000000000000e+00 2.248000000000000000e+03
9.466000000000000000e+03 8.628000000000000000e+03 9.737000000000000455e+02 5.000000000000000000e+00 2.303000000000000000e+03
9.499000000000000000e+03 8.666000000000000000e+03 8.772000000000000455e+02 5.000000000000000000e+00 2.258000000000000000e+03
9.519000000000000000e+03 8.601000000000000000e+03 9.872000000000000455e+02 6.000000000000000000e+00 2.260000000000000000e+03
9.435000000000000000e+03 8.534000000000000000e+03 9.987999999999999545e+02 5.000000000000000000e+00 2.320000000000000000e+03
9.444000000000000000e+03 8.657000000000000000e+03 8.991000000000000227e+02 5.000000000000000000e+00 2.228000000000000000e+03
9.459000000000000000e+03 8.584000000000000000e+03 1.007899999999999977e+03 5.299999999999999822e+00 2.330000000000000000e+03
9.470000000000000000e+03 8.614000000000000000e+03 9.423999999999999773e+02 5.000000000000000000e+00 2.351000000000000000e+03
9.469000000000000000e+03 8.618000000000000000e+03 1.019700000000000045e+03 5.000000000000000000e+00 2.301000000000000000e+03
9.428000000000000000e+03 8.552000000000000000e+03 8.188999999999999773e+02 5.000000000000000000e+00 2.261000000000000000e+03
9.501000000000000000e+03 8.622000000000000000e+03 9.232999999999999545e+02 5.000000000000000000e+00 2.242000000000000000e+03
9.501000000000000000e+03 8.663000000000000000e+03 1.314900000000000091e+03 5.000000000000000000e+00 2.296000000000000000e+03
9.465000000000000000e+03 8.574000000000000000e+03 1.055599999999999909e+03 5.000000000000000000e+00 2.229000000000000000e+03
9.431000000000000000e+03 8.555000000000000000e+03 8.547999999999999545e+02 5.000000000000000000e+00 2.340000000000000000e+03
9.495000000000000000e+03 8.565000000000000000e+03 1.016500000000000000e+03 5.000000000000000000e+00 2.258000000000000000e+03
9.491000000000000000e+03 8.632000000000000000e+03 8.942999999999999545e+02 5.000000000000000000e+00 2.237000000000000000e+03
9.449000000000000000e+03 8.607000000000000000e+03 8.188999999999999773e+02 5.000000000000000000e+00 2.336000000000000000e+03
9.445000000000000000e+03 8.573000000000000000e+03 1.057299999999999955e+03 5.000000000000000000e+00 2.254000000000000000e+03
9.500000000000000000e+03 8.577000000000000000e+03 1.084099999999999909e+03 5.099999999999999645e+00 2.309000000000000000e+03
9.472000000000000000e+03 8.499000000000000000e+03 9.088999999999999773e+02 5.500000000000000000e+00 2.305000000000000000e+03
9.473000000000000000e+03 8.628000000000000000e+03 1.060099999999999909e+03 5.299999999999999822e+00 2.300000000000000000e+03
9.428000000000000000e+03 8.616000000000000000e+03 8.673999999999999773e+02 5.000000000000000000e+00 2.309000000000000000e+03
9.470000000000000000e+03 8.492000000000000000e+03 8.590000000000000000e+02 5.500000000000000000e+00 2.326000000000000000e+03
9.469000000000000000e+03 8.596000000000000000e+03 9.085000000000000000e+02 5.200000000000000178e+00 2.230000000000000000e+03
9.512000000000000000e+03 8.648000000000000000e+03 1.161000000000000000e+03 5.099999999999999645e+00 2.271000000000000000e+03
9.499000000000000000e+03 8.675000000000000000e+03 1.439000000000000000e+03 5.000000000000000000e+00 2.258000000000000000e+03
9.479000000000000000e+03 8.608000000000000000e+03 1.496400000000000091e+03 5.099999999999999645e+00 2.279000000000000000e+03
9.436000000000000000e+03 8.689000000000000000e+03 8.196000000000000227e+02 5.000000000000000000e+00 2.224000000000000000e+03
9.456000000000000000e+03 8.556000000000000000e+03 8.737999999999999545e+02 5.599999999999999645e+00 2.226000000000000000e+03
9.500000000000000000e+03 8.586000000000000000e+03 1.040000000000000000e+03 5.099999999999999645e+00 2.265000000000000000e+03
9.490000000000000000e+03 8.642000000000000000e+03 8.930000000000000000e+02 5.299999999999999822e+00 2.272000000000000000e+03
9.449000000000000000e+03 8.630000000000000000e+03 8.166000000000000227e+02 5.000000000000000000e+00 2.234000000000000000e+03
9.488000000000000000e+03 8.607000000000000000e+03 1.081500000000000000e+03 5.200000000000000178e+00 2.257000000000000000e+03
9.487000000000000000e+03 8.609000000000000000e+03 1.183099999999999909e+03 5.000000000000000000e+00 2.268000000000000000e+03
9.469000000000000000e+03 8.582000000000000000e+03 8.932000000000000455e+02 5.200000000000000178e+00 2.239000000000000000e+03
9.424000000000000000e+03 8.599000000000000000e+03 7.135000000000000000e+02 5.000000000000000000e+00 2.291000000000000000e+03
9.449000000000000000e+03 8.647000000000000000e+03 8.391000000000000227e+02 5.000000000000000000e+00 2.299000000000000000e+03
9.487000000000000000e+03 8.586000000000000000e+03 1.133700000000000045e+03 5.000000000000000000e+00 2.251000000000000000e+03
9.518000000000000000e+03 8.521000000000000000e+03 1.271599999999999909e+03 5.000000000000000000e+00 2.282000000000000000e+03
9.478000000000000000e+03 8.562000000000000000e+03 1.088299999999999955e+03 5.099999999999999645e+00 2.258000000000000000e+03
9.480000000000000000e+03 8.612000000000000000e+03 9.377999999999999545e+02 5.099999999999999645e+00 2.348000000000000000e+03
9.440000000000000000e+03 8.541000000000000000e+03 8.242999999999999545e+02 4.700000000000000178e+00 2.334000000000000000e+03
9.487000000000000000e+03 8.561000000000000000e+03 1.134799999999999955e+03 5.400000000000000355e+00 2.277000000000000000e+03
9.443000000000000000e+03 8.632000000000000000e+03 7.902000000000000455e+02 5.099999999999999645e+00 2.246000000000000000e+03
9.464000000000000000e+03 8.613000000000000000e+03 8.860000000000000000e+02 5.200000000000000178e+00 2.250000000000000000e+03
9.471000000000000000e+03 8.465000000000000000e+03 1.110799999999999955e+03 5.400000000000000355e+00 2.314000000000000000e+03
9.450000000000000000e+03 8.625000000000000000e+03 8.947999999999999545e+02 5.099999999999999645e+00 2.253000000000000000e+03
9.424000000000000000e+03 8.534000000000000000e+03 9.562000000000000455e+02 5.000000000000000000e+00 2.312000000000000000e+03
9.434000000000000000e+03 8.614000000000000000e+03 1.019299999999999955e+03 5.000000000000000000e+00 2.339000000000000000e+03
9.462000000000000000e+03 8.672000000000000000e+03 8.916000000000000227e+02 5.000000000000000000e+00 2.311000000000000000e+03
9.435000000000000000e+03 8.592000000000000000e+03 8.101000000000000227e+02 5.000000000000000000e+00 2.329000000000000000e+03
9.455000000000000000e+03 8.550000000000000000e+03 1.036500000000000000e+03 5.299999999999999822e+00 2.269000000000000000e+03
9.516000000000000000e+03 8.571000000000000000e+03 1.200299999999999955e+03 5.299999999999999822e+00 2.290000000000000000e+03
9.417000000000000000e+03 8.649000000000000000e+03 8.086000000000000227e+02 5.000000000000000000e+00 2.296000000000000000e+03
9.448000000000000000e+03 8.617000000000000000e+03 8.025000000000000000e+02 5.000000000000000000e+00 2.348000000000000000e+03
9.479000000000000000e+03 8.493000000000000000e+03 1.274299999999999955e+03 6.000000000000000000e+00 2.264000000000000000e+03
9.510000000000000000e+03 8.544000000000000000e+03 1.181900000000000091e+03 5.299999999999999822e+00 2.284000000000000000e+03
9.495000000000000000e+03 8.686000000000000000e+03 1.037000000000000000e+03 5.000000000000000000e+00 2.257000000000000000e+03
9.444000000000000000e+03 8.610000000000000000e+03 8.938999999999999773e+02 5.000000000000000000e+00 2.270000000000000000e+03
9.472000000000000000e+03 8.675000000000000000e+03 9.522999999999999545e+02 5.000000000000000000e+00 2.304000000000000000e+03
9.501000000000000000e+03 8.607000000000000000e+03 1.235799999999999955e+03 5.299999999999999822e+00 2.253000000000000000e+03
9.473000000000000000e+03 8.615000000000000000e+03 9.377000000000000455e+02 5.000000000000000000e+00 2.299000000000000000e+03
9.455000000000000000e+03 8.539000000000000000e+03 1.101500000000000000e+03 5.400000000000000355e+00 2.238000000000000000e+03
9.487000000000000000e+03 8.620000000000000000e+03 8.817000000000000455e+02 5.000000000000000000e+00 2.304000000000000000e+03
9.482000000000000000e+03 8.628000000000000000e+03 9.016000000000000227e+02 5.000000000000000000e+00 2.221000000000000000e+03
9.468000000000000000e+03 8.616000000000000000e+03 1.108799999999999955e+03 5.000000000000000000e+00 2.252000000000000000e+03
9.449000000000000000e+03 8.554000000000000000e+03 8.208999999999999773e+02 5.200000000000000178e+00 2.224000000000000000e+03
9.411000000000000000e+03 8.577000000000000000e+03 7.771000000000000227e+02 5.200000000000000178e+00 2.369000000000000000e+03
9.447000000000000000e+03 8.613000000000000000e+03 9.843999999999999773e+02 5.000000000000000000e+00 2.295000000000000000e+03
9.483000000000000000e+03 8.593000000000000000e+03 9.430000000000000000e+02 5.000000000000000000e+00 2.350000000000000000e+03
9.450000000000000000e+03 8.609000000000000000e+03 6.950000000000000000e+02 5.000000000000000000e+00 2.284000000000000000e+03
9.475000000000000000e+03 8.550000000000000000e+03 9.000000000000000000e+02 5.200000000000000178e+00 2.291000000000000000e+03
9.423000000000000000e+03 8.539000000000000000e+03 9.227999999999999545e+02 5.400000000000000355e+00 2.254000000000000000e+03
9.474000000000000000e+03 8.661000000000000000e+03 8.732000000000000455e+02 5.000000000000000000e+00 2.266000000000000000e+03
9.476000000000000000e+03 8.650000000000000000e+03 9.057999999999999545e+02 5.000000000000000000e+00 2.293000000000000000e+03
9.454000000000000000e+03 8.655000000000000000e+03 1.056799999999999955e+03 5.000000000000000000e+00 2.289000000000000000e+03
9.464000000000000000e+03 8.498000000000000000e+03 1.226799999999999955e+03 5.400000000000000355e+00 2.306000000000000000e+03
9.459000000000000000e+03 8.598000000000000000e+03 1.004200000000000045e+03 5.099999999999999645e+00 2.306000000000000000e+03
9.430000000000000000e+03 8.594000000000000000e+03 7.560000000000000000e+02 5.000000000000000000e+00 2.282000000000000000e+03
9.449000000000000000e+03 8.660000000000000000e+03 9.527999999999999545e+02 5.000000000000000000e+00 2.232000000000000000e+03
9.479000000000000000e+03 8.660000000000000000e+03 8.536000000000000227e+02 5.000000000000000000e+00 2.271000000000000000e+03
9.445000000000000000e+03 8.503000000000000000e+03 1.071400000000000091e+03 5.599999999999999645e+00 2.256000000000000000e+03
9.469000000000000000e+03 8.584000000000000000e+03 1.032700000000000045e+03 5.400000000000000355e+00 2.263000000000000000e+03
9.468000000000000000e+03 8.585000000000000000e+03 1.103599999999999909e+03 5.000000000000000000e+00 2.290000000000000000e+03
9.439000000000000000e+03 8.492000000000000000e+03 8.285000000000000000e+02 5.299999999999999822e+00 2.257000000000000000e+03
9.474000000000000000e+03 8.601000000000000000e+03 1.117299999999999955e+03 5.099999999999999645e+00 2.237000000000000000e+03
9.413000000000000000e+03 8.682000000000000000e+03 8.027000000000000455e+02 5.000000000000000000e+00 2.299000000000000000e+03
9.451000000000000000e+03 8.559000000000000000e+03 8.111000000000000227e+02 5.099999999999999645e+00 2.264000000000000000e+03
9.463000000000000000e+03 8.607000000000000000e+03 9.151000000000000227e+02 5.000000000000000000e+00 2.269000000000000000e+03
