9.061000000000000000e+03 8.303000000000000000e+03 5.023999999999999773e+02 1.330000000000000071e+01 1.800000000000000000e+02
9.075000000000000000e+03 8.314000000000000000e+03 5.483999999999999773e+02 1.340000000000000036e+01 1.780000000000000000e+02
9.045000000000000000e+03 8.547000000000000000e+03 8.487000000000000455e+02 1.150000000000000000e+01 1.950000000000000000e+02
9.007000000000000000e+03 8.499000000000000000e+03 5.686000000000000227e+02 1.119999999999999929e+01 1.890000000000000000e+02
9.019000000000000000e+03 8.316000000000000000e+03 5.491000000000000227e+02 1.380000000000000071e+01 1.900000000000000000e+02
9.067000000000000000e+03 8.509000000000000000e+03 5.385000000000000000e+02 1.250000000000000000e+01 1.960000000000000000e+02
9.057000000000000000e+03 8.497000000000000000e+03 7.186000000000000227e+02 1.219999999999999929e+01 1.840000000000000000e+02
9.041000000000000000e+03 8.501000000000000000e+03 5.695000000000000000e+02 1.200000000000000000e+01 1.900000000000000000e+02
9.006000000000000000e+03 8.422000000000000000e+03 7.538999999999999773e+02 1.219999999999999929e+01 1.830000000000000000e+02
9.011000000000000000e+03 8.538000000000000000e+03 6.412000000000000455e+02 1.219999999999999929e+01 1.780000000000000000e+02
9.024000000000000000e+03 8.546000000000000000e+03 4.810000000000000000e+02 1.190000000000000036e+01 1.810000000000000000e+02
9.033000000000000000e+03 8.448000000000000000e+03 4.698000000000000114e+02 1.219999999999999929e+01 2.060000000000000000e+02
9.048000000000000000e+03 8.487000000000000000e+03 5.938999999999999773e+02 1.219999999999999929e+01 1.830000000000000000e+02
9.044000000000000000e+03 8.542000000000000000e+03 4.970000000000000000e+02 1.180000000000000071e+01 1.890000000000000000e+02
9.051000000000000000e+03 8.355000000000000000e+03 9.295000000000000000e+02 1.340000000000000036e+01 1.880000000000000000e+02
9.028000000000000000e+03 8.371000000000000000e+03 6.020000000000000000e+02 1.469999999999999929e+01 1.980000000000000000e+02
9.035000000000000000e+03 8.458000000000000000e+03 4.656000000000000227e+02 1.230000000000000071e+01 1.830000000000000000e+02
9.023000000000000000e+03 8.613000000000000000e+03 5.217000000000000455e+02 1.130000000000000071e+01 1.900000000000000000e+02
9.034000000000000000e+03 8.424000000000000000e+03 6.515000000000000000e+02 1.300000000000000000e+01 2.010000000000000000e+02
9.014000000000000000e+03 8.383000000000000000e+03 5.891000000000000227e+02 1.240000000000000036e+01 1.960000000000000000e+02
9.059000000000000000e+03 8.444000000000000000e+03 4.491000000000000227e+02 1.380000000000000071e+01 1.800000000000000000e+02
9.024000000000000000e+03 8.599000000000000000e+03 7.733999999999999773e+02 1.269999999999999929e+01 1.920000000000000000e+02
9.065000000000000000e+03 8.381000000000000000e+03 5.717000000000000455e+02 1.359999999999999964e+01 1.730000000000000000e+02
9.056000000000000000e+03 8.653000000000000000e+03 4.908000000000000114e+02 1.259999999999999964e+01 1.920000000000000000e+02
9.041000000000000000e+03 8.660000000000000000e+03 7.573999999999999773e+02 1.269999999999999929e+01 1.910000000000000000e+02
9.043000000000000000e+03 8.594000000000000000e+03 7.112999999999999545e+02 1.259999999999999964e+01 1.860000000000000000e+02
9.046000000000000000e+03 8.530000000000000000e+03 6.571000000000000227e+02 1.130000000000000071e+01 1.890000000000000000e+02
9.050000000000000000e+03 8.529000000000000000e+03 5.282999999999999545e+02 1.209999999999999964e+01 1.870000000000000000e+02
9.034000000000000000e+03 8.731000000000000000e+03 6.421000000000000227e+02 1.159999999999999964e+01 1.860000000000000000e+02
9.065000000000000000e+03 8.688000000000000000e+03 7.291000000000000227e+02 1.109999999999999964e+01 2.050000000000000000e+02
9.036000000000000000e+03 8.671000000000000000e+03 6.871000000000000227e+02 1.230000000000000071e+01 1.900000000000000000e+02
9.029000000000000000e+03 8.507000000000000000e+03 6.347000000000000455e+02 1.250000000000000000e+01 1.800000000000000000e+02
9.052000000000000000e+03 8.450000000000000000e+03 7.408999999999999773e+02 1.350000000000000000e+01 1.930000000000000000e+02
9.034000000000000000e+03 8.583000000000000000e+03 7.181000000000000227e+02 1.430000000000000071e+01 1.980000000000000000e+02
9.058000000000000000e+03 8.266000000000000000e+03 5.962999999999999545e+02 1.680000000000000071e+01 1.860000000000000000e+02
9.001000000000000000e+03 8.265000000000000000e+03 7.847000000000000455e+02 1.390000000000000036e+01 1.800000000000000000e+02
9.057000000000000000e+03 8.583000000000000000e+03 6.317000000000000455e+02 1.109999999999999964e+01 1.940000000000000000e+02
9.029000000000000000e+03 8.316000000000000000e+03 5.722999999999999545e+02 1.440000000000000036e+01 1.950000000000000000e+02
9.053000000000000000e+03 8.603000000000000000e+03 7.225000000000000000e+02 1.250000000000000000e+01 2.020000000000000000e+02
9.019000000000000000e+03 8.646000000000000000e+03 6.035000000000000000e+02 1.150000000000000000e+01 1.970000000000000000e+02
9.019000000000000000e+03 8.398000000000000000e+03 6.838999999999999773e+02 1.409999999999999964e+01 1.840000000000000000e+02
9.021000000000000000e+03 8.198000000000000000e+03 6.873999999999999773e+02 1.380000000000000071e+01 1.830000000000000000e+02
9.063000000000000000e+03 8.332000000000000000e+03 6.197000000000000455e+02 1.259999999999999964e+01 1.880000000000000000e+02
9.034000000000000000e+03 8.493000000000000000e+03 4.693999999999999773e+02 1.209999999999999964e+01 2.020000000000000000e+02
9.013000000000000000e+03 8.593000000000000000e+03 5.001000000000000227e+02 1.169999999999999929e+01 2.040000000000000000e+02
9.033000000000000000e+03 8.528000000000000000e+03 5.496000000000000227e+02 1.269999999999999929e+01 2.010000000000000000e+02
9.030000000000000000e+03 8.417000000000000000e+03 6.977000000000000455e+02 1.409999999999999964e+01 1.930000000000000000e+02
9.044000000000000000e+03 8.560000000000000000e+03 5.697000000000000455e+02 1.259999999999999964e+01 2.050000000000000000e+02
9.036000000000000000e+03 8.329000000000000000e+03 6.817000000000000455e+02 1.430000000000000071e+01 1.780000000000000000e+02
9.063000000000000000e+03 8.636000000000000000e+03 5.400000000000000000e+02 1.190000000000000036e+01 2.040000000000000000e+02
9.056000000000000000e+03 8.519000000000000000e+03 8.403999999999999773e+02 1.330000000000000071e+01 1.930000000000000000e+02
9.027000000000000000e+03 8.302000000000000000e+03 7.147999999999999545e+02 1.440000000000000036e+01 2.000000000000000000e+02
9.028000000000000000e+03 8.384000000000000000e+03 4.761000000000000227e+02 1.380000000000000071e+01 1.860000000000000000e+02
9.050000000000000000e+03 8.462000000000000000e+03 5.091000000000000227e+02 1.240000000000000036e+01 1.940000000000000000e+02
9.049000000000000000e+03 8.658000000000000000e+03 5.707000000000000455e+02 1.190000000000000036e+01 1.800000000000000000e+02
9.029000000000000000e+03 8.519000000000000000e+03 5.582999999999999545e+02 1.250000000000000000e+01 1.900000000000000000e+02
9.050000000000000000e+03 8.508000000000000000e+03 5.481000000000000227e+02 1.240000000000000036e+01 1.900000000000000000e+02
9.042000000000000000e+03 8.511000000000000000e+03 5.900000000000000000e+02 1.309999999999999964e+01 1.860000000000000000e+02
9.081000000000000000e+03 8.513000000000000000e+03 6.937999999999999545e+02 1.209999999999999964e+01 1.860000000000000000e+02
9.049000000000000000e+03 8.321000000000000000e+03 5.731000000000000227e+02 1.480000000000000071e+01 1.920000000000000000e+02
9.022000000000000000e+03 8.473000000000000000e+03 5.130000000000000000e+02 1.240000000000000036e+01 1.940000000000000000e+02
9.024000000000000000e+03 8.653000000000000000e+03 5.505000000000000000e+02 1.190000000000000036e+01 1.900000000000000000e+02
9.064000000000000000e+03 8.522000000000000000e+03 6.172000000000000455e+02 1.300000000000000000e+01 1.870000000000000000e+02
9.088000000000000000e+03 8.552000000000000000e+03 6.950000000000000000e+02 1.330000000000000071e+01 1.950000000000000000e+02
9.048000000000000000e+03 8.483000000000000000e+03 5.642000000000000455e+02 1.209999999999999964e+01 1.990000000000000000e+02
9.034000000000000000e+03 8.581000000000000000e+03 6.902999999999999545e+02 1.230000000000000071e+01 1.960000000000000000e+02
9.049000000000000000e+03 8.418000000000000000e+03 1.040799999999999955e+03 1.259999999999999964e+01 1.770000000000000000e+02
9.012000000000000000e+03 8.452000000000000000e+03 5.352999999999999545e+02 1.269999999999999929e+01 1.890000000000000000e+02
9.064000000000000000e+03 8.303000000000000000e+03 6.526000000000000227e+02 1.330000000000000071e+01 1.870000000000000000e+02
9.011000000000000000e+03 8.378000000000000000e+03 6.003999999999999773e+02 1.359999999999999964e+01 1.850000000000000000e+02
9.026000000000000000e+03 8.280000000000000000e+03 7.012999999999999545e+02 1.390000000000000036e+01 1.880000000000000000e+02
9.004000000000000000e+03 8.335000000000000000e+03 5.942000000000000455e+02 1.369999999999999929e+01 1.890000000000000000e+02
9.028000000000000000e+03 8.525000000000000000e+03 5.083000000000000114e+02 1.200000000000000000e+01 2.060000000000000000e+02
9.033000000000000000e+03 8.520000000000000000e+03 5.083000000000000114e+02 1.159999999999999964e+01 1.800000000000000000e+02
9.042000000000000000e+03 8.541000000000000000e+03 5.240000000000000000e+02 1.159999999999999964e+01 1.880000000000000000e+02
8.986000000000000000e+03 8.489000000000000000e+03 5.740000000000000000e+02 1.319999999999999929e+01 1.810000000000000000e+02
9.006000000000000000e+03 8.447000000000000000e+03 5.521000000000000227e+02 1.450000000000000000e+01 1.700000000000000000e+02
9.036000000000000000e+03 8.509000000000000000e+03 6.022000000000000455e+02 1.309999999999999964e+01 1.920000000000000000e+02
9.037000000000000000e+03 8.510000000000000000e+03 5.598999999999999773e+02 1.300000000000000000e+01 1.940000000000000000e+02
9.043000000000000000e+03 8.402000000000000000e+03 6.783999999999999773e+02 1.340000000000000036e+01 1.860000000000000000e+02
9.063000000000000000e+03 8.497000000000000000e+03 5.116000000000000227e+02 1.309999999999999964e+01 1.960000000000000000e+02
9.006000000000000000e+03 8.578000000000000000e+03 6.377999999999999545e+02 1.319999999999999929e+01 1.930000000000000000e+02
9.005000000000000000e+03 8.600000000000000000e+03 1.000799999999999955e+03 1.200000000000000000e+01 1.960000000000000000e+02
9.019000000000000000e+03 8.559000000000000000e+03 7.402000000000000455e+02 1.180000000000000071e+01 1.830000000000000000e+02
9.035000000000000000e+03 8.554000000000000000e+03 6.437000000000000455e+02 1.319999999999999929e+01 1.920000000000000000e+02
9.022000000000000000e+03 8.359000000000000000e+03 5.815000000000000000e+02 1.309999999999999964e+01 1.800000000000000000e+02
8.982000000000000000e+03 8.201000000000000000e+03 6.460000000000000000e+02 1.619999999999999929e+01 1.870000000000000000e+02
9.064000000000000000e+03 8.473000000000000000e+03 7.208999999999999773e+02 1.369999999999999929e+01 1.780000000000000000e+02
9.048000000000000000e+03 8.485000000000000000e+03 6.680000000000000000e+02 1.140000000000000036e+01 1.900000000000000000e+02
9.036000000000000000e+03 8.573000000000000000e+03 5.516000000000000227e+02 1.309999999999999964e+01 1.970000000000000000e+02
9.077000000000000000e+03 8.623000000000000000e+03 6.162999999999999545e+02 1.330000000000000071e+01 1.760000000000000000e+02
9.017000000000000000e+03 8.633000000000000000e+03 8.442000000000000455e+02 1.109999999999999964e+01 1.750000000000000000e+02
9.072000000000000000e+03 8.449000000000000000e+03 5.642999999999999545e+02 1.359999999999999964e+01 2.010000000000000000e+02
9.052000000000000000e+03 8.310000000000000000e+03 6.102999999999999545e+02 1.319999999999999929e+01 1.950000000000000000e+02
9.031000000000000000e+03 8.277000000000000000e+03 5.552999999999999545e+02 1.369999999999999929e+01 1.780000000000000000e+02
9.042000000000000000e+03 8.656000000000000000e+03 7.001000000000000227e+02 1.240000000000000036e+01 1.890000000000000000e+02
9.011000000000000000e+03 8.341000000000000000e+03 4.528000000000000114e+02 1.369999999999999929e+01 2.010000000000000000e+02
9.010000000000000000e+03 8.183000000000000000e+03 6.122000000000000455e+02 1.459999999999999964e+01 1.860000000000000000e+02
9.081000000000000000e+03 8.645000000000000000e+03 5.257999999999999545e+02 1.180000000000000071e+01 1.800000000000000000e+02
9.095000000000000000e+03 8.569000000000000000e+03 5.096999999999999886e+02 1.290000000000000036e+01 1.800000000000000000e+02
9.014000000000000000e+03 8.402000000000000000e+03 6.650000000000000000e+02 1.280000000000000071e+01 1.830000000000000000e+02
9.049000000000000000e+03 8.444000000000000000e+03 6.223999999999999773e+02 1.290000000000000036e+01 1.840000000000000000e+02
9.023000000000000000e+03 8.532000000000000000e+03 5.307999999999999545e+02 1.359999999999999964e+01 1.760000000000000000e+02
9.093000000000000000e+03 8.392000000000000000e+03 5.872000000000000455e+02 1.350000000000000000e+01 1.950000000000000000e+02
9.007000000000000000e+03 8.581000000000000000e+03 7.080000000000000000e+02 1.240000000000000036e+01 1.870000000000000000e+02
8.998000000000000000e+03 8.610000000000000000e+03 5.855000000000000000e+02 1.180000000000000071e+01 1.860000000000000000e+02
9.018000000000000000e+03 8.510000000000000000e+03 4.808000000000000114e+02 1.150000000000000000e+01 1.850000000000000000e+02
8.994000000000000000e+03 8.072000000000000000e+03 5.567000000000000455e+02 1.500000000000000000e+01 1.990000000000000000e+02
9.056000000000000000e+03 8.567000000000000000e+03 5.838999999999999773e+02 1.219999999999999929e+01 1.790000000000000000e+02
9.003000000000000000e+03 8.455000000000000000e+03 7.408999999999999773e+02 1.209999999999999964e+01 1.850000000000000000e+02
9.011000000000000000e+03 8.647000000000000000e+03 5.907999999999999545e+02 1.230000000000000071e+01 1.740000000000000000e+02
9.082000000000000000e+03 8.342000000000000000e+03 6.140000000000000000e+02 1.259999999999999964e+01 1.780000000000000000e+02
9.064000000000000000e+03 8.641000000000000000e+03 5.510000000000000000e+02 1.209999999999999964e+01 1.870000000000000000e+02
9.014000000000000000e+03 8.664000000000000000e+03 4.821999999999999886e+02 1.150000000000000000e+01 1.710000000000000000e+02
9.073000000000000000e+03 8.536000000000000000e+03 6.051000000000000227e+02 1.300000000000000000e+01 1.890000000000000000e+02
9.033000000000000000e+03 8.524000000000000000e+03 4.986999999999999886e+02 1.230000000000000071e+01 1.880000000000000000e+02
9.052000000000000000e+03 8.500000000000000000e+03 5.582000000000000455e+02 1.350000000000000000e+01 1.850000000000000000e+02
9.062000000000000000e+03 8.422000000000000000e+03 8.015000000000000000e+02 1.209999999999999964e+01 1.850000000000000000e+02
9.035000000000000000e+03 8.600000000000000000e+03 6.767000000000000455e+02 1.200000000000000000e+01 1.820000000000000000e+02
8.995000000000000000e+03 8.536000000000000000e+03 5.622000000000000455e+02 1.190000000000000036e+01 1.900000000000000000e+02
9.036000000000000000e+03 8.426000000000000000e+03 8.261000000000000227e+02 1.209999999999999964e+01 1.810000000000000000e+02
9.020000000000000000e+03 8.482000000000000000e+03 5.482999999999999545e+02 1.219999999999999929e+01 1.910000000000000000e+02
9.049000000000000000e+03 8.620000000000000000e+03 8.841000000000000227e+02 1.200000000000000000e+01 2.030000000000000000e+02
9.043000000000000000e+03 8.496000000000000000e+03 6.946000000000000227e+02 1.269999999999999929e+01 1.920000000000000000e+02
9.014000000000000000e+03 8.516000000000000000e+03 6.736000000000000227e+02 1.230000000000000071e+01 1.960000000000000000e+02
9.024000000000000000e+03 8.562000000000000000e+03 5.636000000000000227e+02 1.230000000000000071e+01 2.100000000000000000e+02
9.007000000000000000e+03 8.622000000000000000e+03 4.921000000000000227e+02 1.230000000000000071e+01 2.030000000000000000e+02
9.001000000000000000e+03 8.576000000000000000e+03 9.312000000000000455e+02 1.240000000000000036e+01 1.810000000000000000e+02
9.049000000000000000e+03 8.445000000000000000e+03 6.646000000000000227e+02 1.340000000000000036e+01 2.060000000000000000e+02
9.022000000000000000e+03 8.719000000000000000e+03 5.386000000000000227e+02 1.119999999999999929e+01 1.880000000000000000e+02
9.031000000000000000e+03 8.387000000000000000e+03 6.062999999999999545e+02 1.350000000000000000e+01 1.950000000000000000e+02
9.031000000000000000e+03 8.623000000000000000e+03 5.562000000000000455e+02 1.209999999999999964e+01 1.920000000000000000e+02
9.044000000000000000e+03 8.442000000000000000e+03 5.902000000000000455e+02 1.300000000000000000e+01 1.920000000000000000e+02
9.010000000000000000e+03 8.252000000000000000e+03 7.686000000000000227e+02 1.330000000000000071e+01 1.940000000000000000e+02
9.078000000000000000e+03 8.474000000000000000e+03 5.722999999999999545e+02 1.290000000000000036e+01 1.880000000000000000e+02
9.005000000000000000e+03 8.458000000000000000e+03 1.069599999999999909e+03 1.390000000000000036e+01 1.930000000000000000e+02
9.078000000000000000e+03 8.567000000000000000e+03 7.505000000000000000e+02 1.209999999999999964e+01 1.920000000000000000e+02
9.047000000000000000e+03 8.497000000000000000e+03 4.888999999999999773e+02 1.250000000000000000e+01 1.930000000000000000e+02
9.067000000000000000e+03 8.533000000000000000e+03 5.807000000000000455e+02 1.350000000000000000e+01 1.910000000000000000e+02
9.009000000000000000e+03 8.531000000000000000e+03 6.462000000000000455e+02 1.209999999999999964e+01 1.900000000000000000e+02
9.078000000000000000e+03 8.443000000000000000e+03 9.820000000000000000e+02 1.269999999999999929e+01 1.940000000000000000e+02
9.020000000000000000e+03 8.405000000000000000e+03 5.402999999999999545e+02 1.240000000000000036e+01 1.880000000000000000e+02
9.028000000000000000e+03 8.574000000000000000e+03 6.995000000000000000e+02 1.219999999999999929e+01 2.050000000000000000e+02
9.036000000000000000e+03 8.665000000000000000e+03 5.723999999999999773e+02 1.300000000000000000e+01 1.940000000000000000e+02
9.021000000000000000e+03 8.567000000000000000e+03 5.693999999999999773e+02 1.230000000000000071e+01 1.850000000000000000e+02
9.046000000000000000e+03 8.487000000000000000e+03 6.383999999999999773e+02 1.150000000000000000e+01 2.020000000000000000e+02
9.057000000000000000e+03 8.492000000000000000e+03 7.688999999999999773e+02 1.259999999999999964e+01 1.970000000000000000e+02
9.052000000000000000e+03 8.565000000000000000e+03 6.643999999999999773e+02 1.169999999999999929e+01 1.890000000000000000e+02
9.034000000000000000e+03 8.420000000000000000e+03 7.877000000000000455e+02 1.340000000000000036e+01 1.920000000000000000e+02
9.019000000000000000e+03 8.483000000000000000e+03 6.248999999999999773e+02 1.490000000000000036e+01 1.980000000000000000e+02
9.034000000000000000e+03 8.506000000000000000e+03 5.162999999999999545e+02 1.230000000000000071e+01 1.890000000000000000e+02
9.054000000000000000e+03 8.535000000000000000e+03 6.141000000000000227e+02 1.290000000000000036e+01 2.040000000000000000e+02
9.047000000000000000e+03 8.668000000000000000e+03 5.372000000000000455e+02 1.259999999999999964e+01 1.860000000000000000e+02
9.057000000000000000e+03 8.485000000000000000e+03 8.362999999999999545e+02 1.450000000000000000e+01 1.900000000000000000e+02
8.983000000000000000e+03 8.541000000000000000e+03 6.997999999999999545e+02 1.240000000000000036e+01 1.880000000000000000e+02
9.084000000000000000e+03 8.513000000000000000e+03 4.828000000000000114e+02 1.359999999999999964e+01 1.920000000000000000e+02
9.046000000000000000e+03 8.657000000000000000e+03 6.177999999999999545e+02 1.330000000000000071e+01 1.960000000000000000e+02
9.034000000000000000e+03 8.473000000000000000e+03 7.147000000000000455e+02 1.330000000000000071e+01 2.050000000000000000e+02
9.041000000000000000e+03 8.487000000000000000e+03 5.937000000000000455e+02 1.230000000000000071e+01 1.950000000000000000e+02
8.999000000000000000e+03 8.504000000000000000e+03 4.543000000000000114e+02 1.169999999999999929e+01 1.840000000000000000e+02
9.023000000000000000e+03 8.334000000000000000e+03 6.145000000000000000e+02 1.380000000000000071e+01 1.880000000000000000e+02
8.986000000000000000e+03 8.304000000000000000e+03 5.577000000000000455e+02 1.269999999999999929e+01 1.830000000000000000e+02
9.028000000000000000e+03 8.218000000000000000e+03 6.610000000000000000e+02 1.450000000000000000e+01 1.860000000000000000e+02
9.036000000000000000e+03 8.609000000000000000e+03 6.078999999999999773e+02 1.159999999999999964e+01 2.000000000000000000e+02
9.008000000000000000e+03 8.499000000000000000e+03 5.675000000000000000e+02 1.169999999999999929e+01 1.890000000000000000e+02
9.037000000000000000e+03 8.273000000000000000e+03 6.056000000000000227e+02 1.430000000000000071e+01 1.890000000000000000e+02
9.063000000000000000e+03 8.523000000000000000e+03 5.520000000000000000e+02 1.330000000000000071e+01 1.960000000000000000e+02
9.033000000000000000e+03 8.613000000000000000e+03 5.426000000000000227e+02 1.130000000000000071e+01 1.950000000000000000e+02
9.037000000000000000e+03 8.296000000000000000e+03 5.668999999999999773e+02 1.540000000000000036e+01 1.810000000000000000e+02
9.021000000000000000e+03 8.328000000000000000e+03 4.846999999999999886e+02 1.469999999999999929e+01 1.940000000000000000e+02
9.037000000000000000e+03 8.556000000000000000e+03 6.312000000000000455e+02 1.250000000000000000e+01 1.820000000000000000e+02
9.043000000000000000e+03 8.224000000000000000e+03 5.576000000000000227e+02 1.569999999999999929e+01 1.770000000000000000e+02
9.048000000000000000e+03 8.540000000000000000e+03 5.888999999999999773e+02 1.290000000000000036e+01 2.160000000000000000e+02
9.058000000000000000e+03 8.363000000000000000e+03 5.966000000000000227e+02 1.450000000000000000e+01 1.920000000000000000e+02
9.033000000000000000e+03 8.437000000000000000e+03 6.972999999999999545e+02 1.380000000000000071e+01 1.980000000000000000e+02
9.031000000000000000e+03 8.525000000000000000e+03 5.818999999999999773e+02 1.209999999999999964e+01 1.980000000000000000e+02
9.048000000000000000e+03 8.591000000000000000e+03 4.973000000000000114e+02 1.209999999999999964e+01 1.800000000000000000e+02
9.032000000000000000e+03 8.291000000000000000e+03 5.520000000000000000e+02 1.480000000000000071e+01 1.820000000000000000e+02
9.040000000000000000e+03 8.447000000000000000e+03 8.892000000000000455e+02 1.350000000000000000e+01 1.850000000000000000e+02
8.979000000000000000e+03 8.543000000000000000e+03 5.730000000000000000e+02 1.309999999999999964e+01 1.860000000000000000e+02
9.087000000000000000e+03 8.646000000000000000e+03 6.382000000000000455e+02 1.190000000000000036e+01 1.870000000000000000e+02
9.044000000000000000e+03 8.494000000000000000e+03 5.412999999999999545e+02 1.309999999999999964e+01 1.900000000000000000e+02
9.029000000000000000e+03 8.587000000000000000e+03 6.136000000000000227e+02 1.230000000000000071e+01 1.850000000000000000e+02
9.030000000000000000e+03 8.598000000000000000e+03 4.910000000000000000e+02 1.290000000000000036e+01 1.870000000000000000e+02
9.005000000000000000e+03 8.307000000000000000e+03 6.033999999999999773e+02 1.380000000000000071e+01 1.800000000000000000e+02
9.062000000000000000e+03 8.315000000000000000e+03 8.238999999999999773e+02 1.430000000000000071e+01 1.950000000000000000e+02
9.042000000000000000e+03 8.423000000000000000e+03 5.892000000000000455e+02 1.350000000000000000e+01 1.730000000000000000e+02
9.022000000000000000e+03 8.638000000000000000e+03 5.728999999999999773e+02 1.140000000000000036e+01 1.960000000000000000e+02
9.023000000000000000e+03 8.536000000000000000e+03 4.851999999999999886e+02 1.169999999999999929e+01 2.000000000000000000e+02
9.004000000000000000e+03 8.501000000000000000e+03 7.132999999999999545e+02 1.290000000000000036e+01 1.830000000000000000e+02
8.999000000000000000e+03 8.362000000000000000e+03 5.337999999999999545e+02 1.319999999999999929e+01 1.870000000000000000e+02
9.081000000000000000e+03 8.654000000000000000e+03 6.398999999999999773e+02 1.109999999999999964e+01 1.940000000000000000e+02
9.022000000000000000e+03 8.423000000000000000e+03 7.735000000000000000e+02 1.390000000000000036e+01 1.910000000000000000e+02
9.016000000000000000e+03 8.494000000000000000e+03 8.428999999999999773e+02 1.309999999999999964e+01 1.950000000000000000e+02
9.019000000000000000e+03 8.560000000000000000e+03 5.388999999999999773e+02 1.219999999999999929e+01 1.910000000000000000e+02
9.015000000000000000e+03 8.633000000000000000e+03 5.773999999999999773e+02 1.219999999999999929e+01 1.980000000000000000e+02
9.030000000000000000e+03 8.584000000000000000e+03 5.463999999999999773e+02 1.180000000000000071e+01 1.980000000000000000e+02
9.014000000000000000e+03 8.487000000000000000e+03 6.197999999999999545e+02 1.230000000000000071e+01 1.910000000000000000e+02
9.030000000000000000e+03 8.415000000000000000e+03 7.013999999999999773e+02 1.390000000000000036e+01 1.700000000000000000e+02
9.037000000000000000e+03 8.434000000000000000e+03 7.751000000000000227e+02 1.369999999999999929e+01 1.940000000000000000e+02
9.042000000000000000e+03 8.377000000000000000e+03 7.268999999999999773e+02 1.409999999999999964e+01 1.700000000000000000e+02
9.039000000000000000e+03 8.575000000000000000e+03 6.172000000000000455e+02 1.140000000000000036e+01 1.920000000000000000e+02
9.002000000000000000e+03 8.737000000000000000e+03 6.887000000000000455e+02 1.140000000000000036e+01 1.940000000000000000e+02
9.040000000000000000e+03 8.598000000000000000e+03 5.988999999999999773e+02 1.200000000000000000e+01 1.910000000000000000e+02
9.061000000000000000e+03 8.526000000000000000e+03 8.097000000000000455e+02 1.380000000000000071e+01 1.950000000000000000e+02
9.046000000000000000e+03 8.419000000000000000e+03 5.280000000000000000e+02 1.269999999999999929e+01 1.890000000000000000e+02
9.040000000000000000e+03 8.474000000000000000e+03 7.285000000000000000e+02 1.230000000000000071e+01 1.860000000000000000e+02
9.032000000000000000e+03 8.439000000000000000e+03 5.457000000000000455e+02 1.209999999999999964e+01 2.020000000000000000e+02
8.996000000000000000e+03 8.404000000000000000e+03 7.348999999999999773e+02 1.240000000000000036e+01 2.010000000000000000e+02
9.005000000000000000e+03 8.499000000000000000e+03 6.716000000000000227e+02 1.240000000000000036e+01 1.920000000000000000e+02
9.041000000000000000e+03 8.645000000000000000e+03 5.897999999999999545e+02 1.169999999999999929e+01 1.790000000000000000e+02
9.079000000000000000e+03 8.581000000000000000e+03 6.392999999999999545e+02 1.200000000000000000e+01 1.810000000000000000e+02
9.031000000000000000e+03 8.556000000000000000e+03 5.998999999999999773e+02 1.230000000000000071e+01 1.700000000000000000e+02
9.022000000000000000e+03 8.529000000000000000e+03 4.606999999999999886e+02 1.369999999999999929e+01 2.010000000000000000e+02
9.007000000000000000e+03 8.413000000000000000e+03 5.631000000000000227e+02 1.090000000000000036e+01 1.860000000000000000e+02
9.082000000000000000e+03 8.533000000000000000e+03 5.213999999999999773e+02 1.350000000000000000e+01 1.830000000000000000e+02
9.024000000000000000e+03 8.553000000000000000e+03 6.726000000000000227e+02 1.250000000000000000e+01 1.910000000000000000e+02
9.008000000000000000e+03 8.416000000000000000e+03 7.625000000000000000e+02 1.400000000000000000e+01 1.830000000000000000e+02
9.010000000000000000e+03 8.366000000000000000e+03 5.063999999999999773e+02 1.340000000000000036e+01 1.850000000000000000e+02
9.016000000000000000e+03 8.425000000000000000e+03 6.802000000000000455e+02 1.330000000000000071e+01 1.990000000000000000e+02
9.025000000000000000e+03 8.118000000000000000e+03 8.342999999999999545e+02 1.480000000000000071e+01 1.820000000000000000e+02
9.048000000000000000e+03 8.444000000000000000e+03 4.308000000000000114e+02 1.230000000000000071e+01 2.080000000000000000e+02
9.042000000000000000e+03 8.232000000000000000e+03 5.867999999999999545e+02 1.350000000000000000e+01 1.940000000000000000e+02
9.000000000000000000e+03 8.348000000000000000e+03 5.538999999999999773e+02 1.390000000000000036e+01 1.730000000000000000e+02
9.037000000000000000e+03 8.440000000000000000e+03 5.892000000000000455e+02 1.390000000000000036e+01 1.810000000000000000e+02
9.056000000000000000e+03 8.493000000000000000e+03 5.933999999999999773e+02 1.190000000000000036e+01 1.850000000000000000e+02
9.044000000000000000e+03 8.302000000000000000e+03 6.557000000000000455e+02 1.340000000000000036e+01 1.870000000000000000e+02
9.035000000000000000e+03 8.321000000000000000e+03 7.570000000000000000e+02 1.290000000000000036e+01 1.920000000000000000e+02
9.058000000000000000e+03 8.516000000000000000e+03 6.650000000000000000e+02 1.190000000000000036e+01 1.970000000000000000e+02
9.012000000000000000e+03 8.282000000000000000e+03 6.632999999999999545e+02 1.340000000000000036e+01 1.960000000000000000e+02
9.031000000000000000e+03 8.465000000000000000e+03 6.642000000000000455e+02 1.250000000000000000e+01 1.940000000000000000e+02
9.061000000000000000e+03 8.643000000000000000e+03 1.060000000000000000e+03 1.169999999999999929e+01 1.840000000000000000e+02
9.079000000000000000e+03 8.579000000000000000e+03 5.652999999999999545e+02 1.409999999999999964e+01 2.020000000000000000e+02
9.023000000000000000e+03 8.377000000000000000e+03 4.906000000000000227e+02 1.350000000000000000e+01 1.910000000000000000e+02
9.061000000000000000e+03 8.451000000000000000e+03 5.061000000000000227e+02 1.250000000000000000e+01 1.950000000000000000e+02
9.079000000000000000e+03 8.156000000000000000e+03 5.187000000000000455e+02 1.519999999999999929e+01 1.900000000000000000e+02
9.037000000000000000e+03 8.654000000000000000e+03 5.541000000000000227e+02 1.269999999999999929e+01 1.880000000000000000e+02
9.026000000000000000e+03 8.542000000000000000e+03 6.132999999999999545e+02 1.200000000000000000e+01 1.860000000000000000e+02
9.021000000000000000e+03 8.370000000000000000e+03 6.907999999999999545e+02 1.390000000000000036e+01 1.850000000000000000e+02
9.042000000000000000e+03 8.506000000000000000e+03 6.316000000000000227e+02 1.209999999999999964e+01 1.950000000000000000e+02
9.048000000000000000e+03 8.640000000000000000e+03 6.082000000000000455e+02 1.150000000000000000e+01 1.920000000000000000e+02
9.025000000000000000e+03 8.552000000000000000e+03 6.696000000000000227e+02 1.250000000000000000e+01 1.810000000000000000e+02
9.034000000000000000e+03 8.385000000000000000e+03 6.058999999999999773e+02 1.340000000000000036e+01 1.890000000000000000e+02
9.018000000000000000e+03 8.327000000000000000e+03 4.838999999999999773e+02 1.380000000000000071e+01 1.740000000000000000e+02
9.030000000000000000e+03 8.748000000000000000e+03 8.377000000000000455e+02 1.230000000000000071e+01 1.780000000000000000e+02
9.025000000000000000e+03 8.435000000000000000e+03 8.152000000000000455e+02 1.300000000000000000e+01 2.030000000000000000e+02
9.064000000000000000e+03 8.413000000000000000e+03 7.906000000000000227e+02 1.359999999999999964e+01 1.800000000000000000e+02
9.041000000000000000e+03 8.376000000000000000e+03 6.040000000000000000e+02 1.330000000000000071e+01 2.050000000000000000e+02
9.084000000000000000e+03 8.497000000000000000e+03 5.103999999999999773e+02 1.269999999999999929e+01 2.000000000000000000e+02
9.047000000000000000e+03 8.048000000000000000e+03 5.902999999999999545e+02 1.450000000000000000e+01 1.700000000000000000e+02
