9.930000000000000000e+03 8.662000000000000000e+03 1.815000000000000000e+02 8.000000000000000000e+00 6.400000000000000000e+01
9.928000000000000000e+03 8.696000000000000000e+03 1.915999999999999943e+02 8.000000000000000000e+00 6.400000000000000000e+01
9.914000000000000000e+03 8.750000000000000000e+03 2.231999999999999886e+02 8.199999999999999289e+00 6.600000000000000000e+01
9.931000000000000000e+03 8.767000000000000000e+03 2.025999999999999943e+02 7.400000000000000355e+00 6.500000000000000000e+01
9.924000000000000000e+03 8.688000000000000000e+03 2.484000000000000057e+02 8.000000000000000000e+00 6.400000000000000000e+01
9.923000000000000000e+03 8.669000000000000000e+03 2.339000000000000057e+02 8.000000000000000000e+00 7.300000000000000000e+01
9.925000000000000000e+03 8.679000000000000000e+03 2.050000000000000000e+02 7.400000000000000355e+00 5.500000000000000000e+01
9.920000000000000000e+03 8.660000000000000000e+03 2.100999999999999943e+02 7.400000000000000355e+00 6.200000000000000000e+01
9.925000000000000000e+03 8.680000000000000000e+03 1.844000000000000057e+02 8.000000000000000000e+00 6.100000000000000000e+01
9.937000000000000000e+03 8.659000000000000000e+03 1.751999999999999886e+02 8.000000000000000000e+00 5.700000000000000000e+01
9.921000000000000000e+03 8.738000000000000000e+03 2.330999999999999943e+02 8.099999999999999645e+00 6.700000000000000000e+01
9.922000000000000000e+03 8.667000000000000000e+03 2.219000000000000057e+02 8.099999999999999645e+00 6.600000000000000000e+01
9.920000000000000000e+03 8.769000000000000000e+03 2.146999999999999886e+02 8.000000000000000000e+00 6.600000000000000000e+01
9.914000000000000000e+03 8.620000000000000000e+03 1.768000000000000114e+02 8.000000000000000000e+00 6.600000000000000000e+01
9.923000000000000000e+03 8.725000000000000000e+03 1.910999999999999943e+02 8.000000000000000000e+00 5.900000000000000000e+01
9.909000000000000000e+03 8.732000000000000000e+03 2.288000000000000114e+02 8.000000000000000000e+00 6.000000000000000000e+01
9.908000000000000000e+03 8.688000000000000000e+03 1.945000000000000000e+02 7.500000000000000000e+00 5.900000000000000000e+01
9.925000000000000000e+03 8.683000000000000000e+03 1.991999999999999886e+02 8.000000000000000000e+00 5.500000000000000000e+01
9.922000000000000000e+03 8.739000000000000000e+03 2.366999999999999886e+02 7.200000000000000178e+00 6.200000000000000000e+01
9.920000000000000000e+03 8.685000000000000000e+03 1.834000000000000057e+02 7.400000000000000355e+00 6.300000000000000000e+01
9.928000000000000000e+03 8.655000000000000000e+03 1.940000000000000000e+02 7.500000000000000000e+00 6.600000000000000000e+01
9.912000000000000000e+03 8.661000000000000000e+03 1.673000000000000114e+02 8.000000000000000000e+00 6.500000000000000000e+01
9.922000000000000000e+03 8.695000000000000000e+03 2.700000000000000000e+02 7.599999999999999645e+00 6.200000000000000000e+01
9.899000000000000000e+03 8.628000000000000000e+03 1.970000000000000000e+02 8.199999999999999289e+00 7.300000000000000000e+01
9.919000000000000000e+03 8.696000000000000000e+03 1.955000000000000000e+02 7.500000000000000000e+00 6.700000000000000000e+01
9.925000000000000000e+03 8.655000000000000000e+03 2.285999999999999943e+02 7.599999999999999645e+00 7.600000000000000000e+01
9.929000000000000000e+03 8.666000000000000000e+03 2.035000000000000000e+02 8.000000000000000000e+00 5.800000000000000000e+01
9.934000000000000000e+03 8.756000000000000000e+03 1.898000000000000114e+02 8.000000000000000000e+00 6.900000000000000000e+01
9.920000000000000000e+03 8.639000000000000000e+03 2.781000000000000227e+02 8.300000000000000711e+00 6.700000000000000000e+01
9.926000000000000000e+03 8.659000000000000000e+03 2.210999999999999943e+02 8.199999999999999289e+00 5.400000000000000000e+01
9.925000000000000000e+03 8.729000000000000000e+03 1.690000000000000000e+02 7.099999999999999645e+00 6.600000000000000000e+01
9.923000000000000000e+03 8.741000000000000000e+03 1.936999999999999886e+02 7.400000000000000355e+00 6.400000000000000000e+01
9.931000000000000000e+03 8.597000000000000000e+03 1.854000000000000057e+02 7.400000000000000355e+00 6.100000000000000000e+01
9.927000000000000000e+03 8.670000000000000000e+03 1.750000000000000000e+02 8.000000000000000000e+00 6.600000000000000000e+01
9.914000000000000000e+03 8.648000000000000000e+03 1.875999999999999943e+02 7.599999999999999645e+00 7.000000000000000000e+01
9.921000000000000000e+03 8.688000000000000000e+03 1.953000000000000114e+02 8.599999999999999645e+00 6.900000000000000000e+01
9.924000000000000000e+03 8.686000000000000000e+03 2.129000000000000057e+02 7.599999999999999645e+00 5.200000000000000000e+01
9.935000000000000000e+03 8.712000000000000000e+03 2.125999999999999943e+02 8.000000000000000000e+00 6.100000000000000000e+01
9.916000000000000000e+03 8.688000000000000000e+03 1.939000000000000057e+02 8.000000000000000000e+00 7.500000000000000000e+01
9.920000000000000000e+03 8.709000000000000000e+03 2.155000000000000000e+02 7.400000000000000355e+00 6.200000000000000000e+01
9.915000000000000000e+03 8.710000000000000000e+03 1.986999999999999886e+02 8.000000000000000000e+00 7.100000000000000000e+01
9.924000000000000000e+03 8.624000000000000000e+03 1.878000000000000114e+02 7.599999999999999645e+00 5.900000000000000000e+01
9.908000000000000000e+03 8.652000000000000000e+03 2.495999999999999943e+02 7.700000000000000178e+00 6.500000000000000000e+01
9.917000000000000000e+03 8.669000000000000000e+03 1.938000000000000114e+02 8.199999999999999289e+00 6.000000000000000000e+01
9.920000000000000000e+03 8.723000000000000000e+03 2.010000000000000000e+02 7.599999999999999645e+00 6.200000000000000000e+01
9.920000000000000000e+03 8.658000000000000000e+03 2.009000000000000057e+02 7.400000000000000355e+00 6.300000000000000000e+01
9.924000000000000000e+03 8.702000000000000000e+03 2.174000000000000057e+02 7.000000000000000000e+00 6.000000000000000000e+01
9.923000000000000000e+03 8.654000000000000000e+03 1.810999999999999943e+02 8.000000000000000000e+00 6.200000000000000000e+01
9.912000000000000000e+03 8.574000000000000000e+03 2.450000000000000000e+02 8.000000000000000000e+00 7.000000000000000000e+01
9.922000000000000000e+03 8.641000000000000000e+03 1.904000000000000057e+02 7.799999999999999822e+00 7.300000000000000000e+01
9.930000000000000000e+03 8.695000000000000000e+03 1.945000000000000000e+02 7.000000000000000000e+00 6.400000000000000000e+01
9.922000000000000000e+03 8.687000000000000000e+03 2.010000000000000000e+02 8.000000000000000000e+00 5.800000000000000000e+01
9.917000000000000000e+03 8.696000000000000000e+03 1.806999999999999886e+02 8.000000000000000000e+00 6.100000000000000000e+01
9.919000000000000000e+03 8.759000000000000000e+03 2.420999999999999943e+02 8.099999999999999645e+00 5.700000000000000000e+01
9.925000000000000000e+03 8.622000000000000000e+03 1.800999999999999943e+02 7.599999999999999645e+00 7.200000000000000000e+01
9.923000000000000000e+03 8.711000000000000000e+03 1.711999999999999886e+02 8.000000000000000000e+00 5.700000000000000000e+01
9.927000000000000000e+03 8.679000000000000000e+03 2.661000000000000227e+02 8.000000000000000000e+00 6.500000000000000000e+01
9.939000000000000000e+03 8.722000000000000000e+03 1.881999999999999886e+02 7.400000000000000355e+00 6.400000000000000000e+01
9.911000000000000000e+03 8.697000000000000000e+03 2.866999999999999886e+02 7.299999999999999822e+00 6.500000000000000000e+01
9.918000000000000000e+03 8.664000000000000000e+03 2.140999999999999943e+02 8.099999999999999645e+00 6.800000000000000000e+01
9.926000000000000000e+03 8.735000000000000000e+03 1.970999999999999943e+02 8.000000000000000000e+00 6.100000000000000000e+01
9.909000000000000000e+03 8.674000000000000000e+03 2.011999999999999886e+02 7.500000000000000000e+00 6.500000000000000000e+01
9.934000000000000000e+03 8.687000000000000000e+03 2.661000000000000227e+02 8.000000000000000000e+00 5.900000000000000000e+01
9.926000000000000000e+03 8.724000000000000000e+03 1.896999999999999886e+02 8.199999999999999289e+00 7.200000000000000000e+01
9.927000000000000000e+03 8.685000000000000000e+03 2.181999999999999886e+02 8.300000000000000711e+00 6.900000000000000000e+01
9.918000000000000000e+03 8.752000000000000000e+03 2.219000000000000057e+02 7.000000000000000000e+00 6.100000000000000000e+01
9.919000000000000000e+03 8.748000000000000000e+03 2.418000000000000114e+02 7.200000000000000178e+00 5.600000000000000000e+01
9.920000000000000000e+03 8.634000000000000000e+03 2.224000000000000057e+02 7.799999999999999822e+00 6.500000000000000000e+01
9.927000000000000000e+03 8.693000000000000000e+03 2.418000000000000114e+02 7.599999999999999645e+00 6.200000000000000000e+01
9.919000000000000000e+03 8.695000000000000000e+03 1.745999999999999943e+02 8.000000000000000000e+00 7.100000000000000000e+01
9.917000000000000000e+03 8.635000000000000000e+03 1.811999999999999886e+02 8.000000000000000000e+00 6.000000000000000000e+01
9.924000000000000000e+03 8.698000000000000000e+03 2.199000000000000057e+02 7.599999999999999645e+00 7.300000000000000000e+01
9.923000000000000000e+03 8.765000000000000000e+03 2.064000000000000057e+02 8.099999999999999645e+00 7.000000000000000000e+01
9.913000000000000000e+03 8.706000000000000000e+03 2.291999999999999886e+02 7.599999999999999645e+00 6.300000000000000000e+01
9.931000000000000000e+03 8.723000000000000000e+03 2.173000000000000114e+02 7.000000000000000000e+00 5.900000000000000000e+01
9.903000000000000000e+03 8.691000000000000000e+03 1.806999999999999886e+02 7.400000000000000355e+00 6.200000000000000000e+01
9.920000000000000000e+03 8.701000000000000000e+03 2.248000000000000114e+02 7.799999999999999822e+00 6.800000000000000000e+01
9.924000000000000000e+03 8.643000000000000000e+03 1.841999999999999886e+02 7.700000000000000178e+00 6.400000000000000000e+01
9.919000000000000000e+03 8.660000000000000000e+03 2.040000000000000000e+02 7.799999999999999822e+00 7.000000000000000000e+01
9.922000000000000000e+03 8.656000000000000000e+03 1.988000000000000114e+02 7.500000000000000000e+00 6.100000000000000000e+01
9.912000000000000000e+03 8.766000000000000000e+03 2.031999999999999886e+02 8.099999999999999645e+00 6.100000000000000000e+01
9.918000000000000000e+03 8.720000000000000000e+03 1.870000000000000000e+02 8.000000000000000000e+00 5.400000000000000000e+01
9.918000000000000000e+03 8.728000000000000000e+03 1.990999999999999943e+02 7.200000000000000178e+00 6.500000000000000000e+01
9.915000000000000000e+03 8.697000000000000000e+03 1.731999999999999886e+02 8.199999999999999289e+00 6.400000000000000000e+01
9.922000000000000000e+03 8.680000000000000000e+03 1.848000000000000114e+02 8.400000000000000355e+00 6.600000000000000000e+01
9.911000000000000000e+03 8.706000000000000000e+03 1.783000000000000114e+02 8.000000000000000000e+00 6.100000000000000000e+01
9.906000000000000000e+03 8.712000000000000000e+03 2.250999999999999943e+02 7.500000000000000000e+00 6.700000000000000000e+01
9.940000000000000000e+03 8.651000000000000000e+03 1.845999999999999943e+02 7.400000000000000355e+00 6.100000000000000000e+01
9.905000000000000000e+03 8.721000000000000000e+03 2.035000000000000000e+02 7.400000000000000355e+00 7.100000000000000000e+01
9.920000000000000000e+03 8.713000000000000000e+03 1.883000000000000114e+02 7.799999999999999822e+00 6.800000000000000000e+01
9.931000000000000000e+03 8.649000000000000000e+03 1.830000000000000000e+02 7.200000000000000178e+00 7.100000000000000000e+01
9.921000000000000000e+03 8.705000000000000000e+03 1.975000000000000000e+02 8.000000000000000000e+00 6.500000000000000000e+01
9.935000000000000000e+03 8.732000000000000000e+03 1.988000000000000114e+02 8.000000000000000000e+00 5.700000000000000000e+01
9.923000000000000000e+03 8.743000000000000000e+03 1.849000000000000057e+02 8.199999999999999289e+00 5.800000000000000000e+01
9.926000000000000000e+03 8.687000000000000000e+03 2.491999999999999886e+02 7.400000000000000355e+00 6.100000000000000000e+01
9.928000000000000000e+03 8.737000000000000000e+03 2.000000000000000000e+02 8.099999999999999645e+00 6.300000000000000000e+01
9.908000000000000000e+03 8.671000000000000000e+03 1.878000000000000114e+02 7.400000000000000355e+00 6.100000000000000000e+01
9.923000000000000000e+03 8.699000000000000000e+03 1.973000000000000114e+02 7.299999999999999822e+00 7.000000000000000000e+01
9.921000000000000000e+03 8.668000000000000000e+03 2.278000000000000114e+02 7.500000000000000000e+00 6.200000000000000000e+01
9.922000000000000000e+03 8.649000000000000000e+03 1.945999999999999943e+02 9.000000000000000000e+00 5.900000000000000000e+01
9.915000000000000000e+03 8.700000000000000000e+03 2.028000000000000114e+02 8.300000000000000711e+00 6.300000000000000000e+01
9.929000000000000000e+03 8.720000000000000000e+03 1.616999999999999886e+02 7.299999999999999822e+00 6.200000000000000000e+01
9.905000000000000000e+03 8.672000000000000000e+03 2.235000000000000000e+02 8.000000000000000000e+00 6.500000000000000000e+01
9.932000000000000000e+03 8.631000000000000000e+03 2.088000000000000114e+02 7.599999999999999645e+00 5.800000000000000000e+01
9.925000000000000000e+03 8.647000000000000000e+03 2.058000000000000114e+02 7.500000000000000000e+00 6.900000000000000000e+01
9.922000000000000000e+03 8.714000000000000000e+03 2.524000000000000057e+02 7.299999999999999822e+00 6.500000000000000000e+01
9.931000000000000000e+03 8.704000000000000000e+03 1.960000000000000000e+02 8.300000000000000711e+00 6.000000000000000000e+01
9.921000000000000000e+03 8.671000000000000000e+03 2.418000000000000114e+02 7.400000000000000355e+00 6.900000000000000000e+01
9.924000000000000000e+03 8.748000000000000000e+03 2.126999999999999886e+02 7.599999999999999645e+00 6.100000000000000000e+01
9.925000000000000000e+03 8.701000000000000000e+03 1.819000000000000057e+02 8.000000000000000000e+00 6.200000000000000000e+01
9.931000000000000000e+03 8.703000000000000000e+03 1.755000000000000000e+02 8.099999999999999645e+00 6.200000000000000000e+01
9.931000000000000000e+03 8.730000000000000000e+03 2.500000000000000000e+02 8.300000000000000711e+00 5.500000000000000000e+01
9.926000000000000000e+03 8.661000000000000000e+03 2.419000000000000057e+02 8.000000000000000000e+00 7.200000000000000000e+01
9.921000000000000000e+03 8.711000000000000000e+03 2.678000000000000114e+02 7.400000000000000355e+00 7.200000000000000000e+01
9.934000000000000000e+03 8.753000000000000000e+03 2.546999999999999886e+02 7.200000000000000178e+00 6.500000000000000000e+01
9.922000000000000000e+03 8.680000000000000000e+03 1.894000000000000057e+02 8.099999999999999645e+00 5.700000000000000000e+01
9.916000000000000000e+03 8.629000000000000000e+03 2.076999999999999886e+02 7.500000000000000000e+00 6.700000000000000000e+01
9.918000000000000000e+03 8.714000000000000000e+03 1.855999999999999943e+02 8.099999999999999645e+00 7.200000000000000000e+01
9.919000000000000000e+03 8.586000000000000000e+03 1.819000000000000057e+02 8.400000000000000355e+00 6.000000000000000000e+01
9.930000000000000000e+03 8.671000000000000000e+03 2.300999999999999943e+02 7.200000000000000178e+00 6.400000000000000000e+01
9.926000000000000000e+03 8.692000000000000000e+03 1.718000000000000114e+02 7.599999999999999645e+00 5.600000000000000000e+01
9.926000000000000000e+03 8.696000000000000000e+03 2.004000000000000057e+02 7.400000000000000355e+00 5.700000000000000000e+01
9.919000000000000000e+03 8.722000000000000000e+03 1.646999999999999886e+02 8.000000000000000000e+00 8.100000000000000000e+01
9.919000000000000000e+03 8.743000000000000000e+03 1.960999999999999943e+02 8.300000000000000711e+00 6.200000000000000000e+01
9.925000000000000000e+03 8.621000000000000000e+03 1.950000000000000000e+02 7.599999999999999645e+00 7.100000000000000000e+01
9.927000000000000000e+03 8.732000000000000000e+03 2.209000000000000057e+02 8.000000000000000000e+00 5.600000000000000000e+01
9.925000000000000000e+03 8.656000000000000000e+03 2.020999999999999943e+02 8.000000000000000000e+00 6.500000000000000000e+01
9.914000000000000000e+03 8.660000000000000000e+03 2.535000000000000000e+02 7.299999999999999822e+00 5.800000000000000000e+01
9.928000000000000000e+03 8.782000000000000000e+03 2.324000000000000057e+02 8.199999999999999289e+00 6.400000000000000000e+01
9.926000000000000000e+03 8.680000000000000000e+03 2.100999999999999943e+02 7.700000000000000178e+00 6.300000000000000000e+01
9.910000000000000000e+03 8.733000000000000000e+03 2.171999999999999886e+02 8.099999999999999645e+00 6.200000000000000000e+01
9.915000000000000000e+03 8.702000000000000000e+03 2.561999999999999886e+02 8.000000000000000000e+00 6.400000000000000000e+01
9.924000000000000000e+03 8.670000000000000000e+03 2.335000000000000000e+02 8.599999999999999645e+00 6.200000000000000000e+01
9.910000000000000000e+03 8.689000000000000000e+03 2.270000000000000000e+02 7.400000000000000355e+00 6.500000000000000000e+01
9.922000000000000000e+03 8.707000000000000000e+03 1.834000000000000057e+02 7.500000000000000000e+00 6.100000000000000000e+01
9.902000000000000000e+03 8.669000000000000000e+03 2.345000000000000000e+02 8.199999999999999289e+00 6.400000000000000000e+01
9.922000000000000000e+03 8.635000000000000000e+03 1.934000000000000057e+02 7.700000000000000178e+00 8.100000000000000000e+01
9.911000000000000000e+03 8.758000000000000000e+03 2.295999999999999943e+02 7.799999999999999822e+00 6.200000000000000000e+01
9.927000000000000000e+03 8.663000000000000000e+03 2.625000000000000000e+02 7.299999999999999822e+00 7.100000000000000000e+01
9.943000000000000000e+03 8.693000000000000000e+03 2.380000000000000000e+02 7.299999999999999822e+00 6.200000000000000000e+01
9.923000000000000000e+03 8.687000000000000000e+03 2.194000000000000057e+02 7.599999999999999645e+00 6.200000000000000000e+01
9.924000000000000000e+03 8.695000000000000000e+03 2.113000000000000114e+02 7.500000000000000000e+00 6.300000000000000000e+01
9.936000000000000000e+03 8.729000000000000000e+03 2.520999999999999943e+02 7.299999999999999822e+00 6.000000000000000000e+01
9.932000000000000000e+03 8.696000000000000000e+03 2.325000000000000000e+02 7.700000000000000178e+00 6.400000000000000000e+01
9.929000000000000000e+03 8.680000000000000000e+03 1.708000000000000114e+02 7.599999999999999645e+00 6.900000000000000000e+01
9.918000000000000000e+03 8.681000000000000000e+03 1.886999999999999886e+02 7.200000000000000178e+00 5.800000000000000000e+01
9.914000000000000000e+03 8.667000000000000000e+03 1.951999999999999886e+02 8.500000000000000000e+00 6.600000000000000000e+01
9.929000000000000000e+03 8.641000000000000000e+03 1.840999999999999943e+02 8.000000000000000000e+00 6.700000000000000000e+01
9.923000000000000000e+03 8.680000000000000000e+03 2.424000000000000057e+02 7.599999999999999645e+00 7.100000000000000000e+01
9.913000000000000000e+03 8.680000000000000000e+03 2.374000000000000057e+02 8.000000000000000000e+00 5.600000000000000000e+01
9.922000000000000000e+03 8.711000000000000000e+03 1.993000000000000114e+02 8.000000000000000000e+00 6.200000000000000000e+01
9.930000000000000000e+03 8.706000000000000000e+03 1.665000000000000000e+02 8.000000000000000000e+00 6.300000000000000000e+01
9.924000000000000000e+03 8.652000000000000000e+03 2.010999999999999943e+02 7.400000000000000355e+00 6.400000000000000000e+01
9.925000000000000000e+03 8.675000000000000000e+03 1.835000000000000000e+02 8.199999999999999289e+00 6.500000000000000000e+01
9.928000000000000000e+03 8.694000000000000000e+03 2.236999999999999886e+02 8.000000000000000000e+00 6.000000000000000000e+01
9.919000000000000000e+03 8.734000000000000000e+03 1.968000000000000114e+02 8.000000000000000000e+00 5.900000000000000000e+01
9.937000000000000000e+03 8.678000000000000000e+03 2.049000000000000057e+02 9.099999999999999645e+00 6.500000000000000000e+01
9.933000000000000000e+03 8.753000000000000000e+03 1.818000000000000114e+02 8.000000000000000000e+00 5.800000000000000000e+01
9.923000000000000000e+03 8.726000000000000000e+03 1.966999999999999886e+02 8.099999999999999645e+00 6.100000000000000000e+01
9.931000000000000000e+03 8.711000000000000000e+03 1.969000000000000057e+02 8.000000000000000000e+00 6.500000000000000000e+01
9.915000000000000000e+03 8.699000000000000000e+03 2.220999999999999943e+02 8.500000000000000000e+00 6.700000000000000000e+01
9.928000000000000000e+03 8.660000000000000000e+03 2.463000000000000114e+02 7.700000000000000178e+00 6.500000000000000000e+01
9.916000000000000000e+03 8.673000000000000000e+03 2.001999999999999886e+02 8.199999999999999289e+00 6.000000000000000000e+01
9.926000000000000000e+03 8.745000000000000000e+03 1.975999999999999943e+02 8.000000000000000000e+00 5.500000000000000000e+01
9.934000000000000000e+03 8.723000000000000000e+03 2.545000000000000000e+02 7.599999999999999645e+00 7.100000000000000000e+01
9.908000000000000000e+03 8.761000000000000000e+03 2.305999999999999943e+02 8.000000000000000000e+00 5.700000000000000000e+01
9.927000000000000000e+03 8.680000000000000000e+03 2.144000000000000057e+02 7.500000000000000000e+00 5.500000000000000000e+01
9.926000000000000000e+03 8.669000000000000000e+03 2.013000000000000114e+02 7.599999999999999645e+00 6.700000000000000000e+01
9.923000000000000000e+03 8.671000000000000000e+03 1.615999999999999943e+02 7.799999999999999822e+00 6.500000000000000000e+01
9.933000000000000000e+03 8.615000000000000000e+03 1.843000000000000114e+02 7.599999999999999645e+00 7.000000000000000000e+01
9.922000000000000000e+03 8.731000000000000000e+03 2.019000000000000057e+02 7.299999999999999822e+00 6.200000000000000000e+01
9.920000000000000000e+03 8.696000000000000000e+03 1.855999999999999943e+02 8.000000000000000000e+00 6.500000000000000000e+01
9.927000000000000000e+03 8.706000000000000000e+03 2.533000000000000114e+02 8.000000000000000000e+00 6.900000000000000000e+01
9.926000000000000000e+03 8.677000000000000000e+03 2.101999999999999886e+02 7.500000000000000000e+00 7.100000000000000000e+01
9.923000000000000000e+03 8.607000000000000000e+03 1.881999999999999886e+02 7.599999999999999645e+00 6.800000000000000000e+01
9.931000000000000000e+03 8.722000000000000000e+03 2.838999999999999773e+02 7.599999999999999645e+00 7.200000000000000000e+01
9.930000000000000000e+03 8.714000000000000000e+03 2.055000000000000000e+02 8.000000000000000000e+00 6.600000000000000000e+01
9.915000000000000000e+03 8.652000000000000000e+03 2.255000000000000000e+02 8.300000000000000711e+00 7.000000000000000000e+01
9.931000000000000000e+03 8.671000000000000000e+03 2.320000000000000000e+02 8.000000000000000000e+00 7.200000000000000000e+01
9.909000000000000000e+03 8.696000000000000000e+03 2.453000000000000114e+02 8.099999999999999645e+00 5.800000000000000000e+01
9.937000000000000000e+03 8.744000000000000000e+03 2.206999999999999886e+02 7.200000000000000178e+00 6.900000000000000000e+01
9.913000000000000000e+03 8.732000000000000000e+03 2.530999999999999943e+02 8.300000000000000711e+00 6.400000000000000000e+01
9.926000000000000000e+03 8.714000000000000000e+03 1.791999999999999886e+02 7.599999999999999645e+00 6.400000000000000000e+01
9.921000000000000000e+03 8.679000000000000000e+03 2.195999999999999943e+02 7.500000000000000000e+00 6.800000000000000000e+01
9.930000000000000000e+03 8.737000000000000000e+03 2.321999999999999886e+02 8.000000000000000000e+00 6.200000000000000000e+01
9.914000000000000000e+03 8.697000000000000000e+03 2.495000000000000000e+02 8.500000000000000000e+00 5.500000000000000000e+01
9.913000000000000000e+03 8.730000000000000000e+03 1.856999999999999886e+02 7.400000000000000355e+00 7.300000000000000000e+01
9.910000000000000000e+03 8.673000000000000000e+03 1.535999999999999943e+02 7.400000000000000355e+00 7.300000000000000000e+01
9.929000000000000000e+03 8.590000000000000000e+03 2.276999999999999886e+02 8.000000000000000000e+00 7.200000000000000000e+01
9.919000000000000000e+03 8.695000000000000000e+03 1.935999999999999943e+02 7.500000000000000000e+00 6.400000000000000000e+01
9.921000000000000000e+03 8.635000000000000000e+03 1.721999999999999886e+02 8.000000000000000000e+00 6.000000000000000000e+01
9.921000000000000000e+03 8.703000000000000000e+03 2.329000000000000057e+02 8.000000000000000000e+00 6.200000000000000000e+01
9.919000000000000000e+03 8.703000000000000000e+03 1.715999999999999943e+02 9.000000000000000000e+00 6.700000000000000000e+01
9.901000000000000000e+03 8.697000000000000000e+03 2.330000000000000000e+02 7.599999999999999645e+00 5.600000000000000000e+01
9.914000000000000000e+03 8.764000000000000000e+03 2.655000000000000000e+02 7.400000000000000355e+00 7.100000000000000000e+01
9.931000000000000000e+03 8.706000000000000000e+03 2.961000000000000227e+02 8.300000000000000711e+00 6.400000000000000000e+01
9.917000000000000000e+03 8.655000000000000000e+03 1.926999999999999886e+02 7.400000000000000355e+00 6.200000000000000000e+01
9.920000000000000000e+03 8.686000000000000000e+03 2.140000000000000000e+02 8.000000000000000000e+00 7.200000000000000000e+01
9.912000000000000000e+03 8.731000000000000000e+03 1.643000000000000114e+02 7.400000000000000355e+00 5.500000000000000000e+01
9.931000000000000000e+03 8.657000000000000000e+03 2.778000000000000114e+02 7.299999999999999822e+00 6.200000000000000000e+01
9.922000000000000000e+03 8.695000000000000000e+03 2.320999999999999943e+02 8.000000000000000000e+00 5.500000000000000000e+01
9.930000000000000000e+03 8.675000000000000000e+03 1.966999999999999886e+02 7.400000000000000355e+00 5.300000000000000000e+01
9.913000000000000000e+03 8.653000000000000000e+03 2.103000000000000114e+02 7.599999999999999645e+00 6.400000000000000000e+01
9.912000000000000000e+03 8.782000000000000000e+03 2.671999999999999886e+02 7.599999999999999645e+00 7.200000000000000000e+01
9.931000000000000000e+03 8.676000000000000000e+03 2.013000000000000114e+02 8.000000000000000000e+00 6.800000000000000000e+01
9.928000000000000000e+03 8.666000000000000000e+03 1.834000000000000057e+02 8.500000000000000000e+00 5.500000000000000000e+01
9.931000000000000000e+03 8.717000000000000000e+03 2.230999999999999943e+02 8.199999999999999289e+00 6.500000000000000000e+01
9.915000000000000000e+03 8.626000000000000000e+03 1.854000000000000057e+02 7.700000000000000178e+00 6.600000000000000000e+01
9.907000000000000000e+03 8.671000000000000000e+03 1.815000000000000000e+02 7.799999999999999822e+00 6.600000000000000000e+01
9.911000000000000000e+03 8.722000000000000000e+03 1.890000000000000000e+02 8.000000000000000000e+00 5.500000000000000000e+01
9.914000000000000000e+03 8.710000000000000000e+03 2.140000000000000000e+02 7.500000000000000000e+00 5.200000000000000000e+01
9.930000000000000000e+03 8.713000000000000000e+03 2.683000000000000114e+02 7.400000000000000355e+00 6.400000000000000000e+01
9.931000000000000000e+03 8.655000000000000000e+03 1.996999999999999886e+02 8.000000000000000000e+00 6.900000000000000000e+01
9.915000000000000000e+03 8.717000000000000000e+03 2.499000000000000057e+02 7.400000000000000355e+00 6.500000000000000000e+01
9.935000000000000000e+03 8.748000000000000000e+03 2.356999999999999886e+02 7.099999999999999645e+00 7.200000000000000000e+01
9.939000000000000000e+03 8.677000000000000000e+03 1.789000000000000057e+02 7.500000000000000000e+00 5.900000000000000000e+01
9.921000000000000000e+03 8.674000000000000000e+03 1.635999999999999943e+02 7.400000000000000355e+00 7.000000000000000000e+01
9.940000000000000000e+03 8.685000000000000000e+03 2.340000000000000000e+02 8.199999999999999289e+00 6.000000000000000000e+01
9.932000000000000000e+03 8.742000000000000000e+03 1.953000000000000114e+02 7.400000000000000355e+00 6.400000000000000000e+01
9.912000000000000000e+03 8.746000000000000000e+03 2.481999999999999886e+02 7.500000000000000000e+00 7.000000000000000000e+01
9.926000000000000000e+03 8.647000000000000000e+03 2.049000000000000057e+02 8.000000000000000000e+00 6.400000000000000000e+01
9.922000000000000000e+03 8.741000000000000000e+03 2.065000000000000000e+02 8.000000000000000000e+00 6.300000000000000000e+01
9.934000000000000000e+03 8.649000000000000000e+03 1.860999999999999943e+02 7.500000000000000000e+00 7.100000000000000000e+01
9.917000000000000000e+03 8.736000000000000000e+03 2.443000000000000114e+02 7.299999999999999822e+00 6.000000000000000000e+01
9.924000000000000000e+03 8.771000000000000000e+03 1.990999999999999943e+02 8.000000000000000000e+00 7.200000000000000000e+01
9.936000000000000000e+03 8.699000000000000000e+03 1.978000000000000114e+02 8.099999999999999645e+00 6.800000000000000000e+01
9.925000000000000000e+03 8.587000000000000000e+03 2.079000000000000057e+02 7.500000000000000000e+00 6.500000000000000000e+01
9.926000000000000000e+03 8.720000000000000000e+03 1.914000000000000057e+02 7.299999999999999822e+00 6.900000000000000000e+01
9.931000000000000000e+03 8.716000000000000000e+03 2.016999999999999886e+02 8.000000000000000000e+00 6.200000000000000000e+01
9.920000000000000000e+03 8.725000000000000000e+03 1.920999999999999943e+02 8.000000000000000000e+00 6.900000000000000000e+01
9.914000000000000000e+03 8.690000000000000000e+03 1.910999999999999943e+02 7.400000000000000355e+00 6.200000000000000000e+01
9.938000000000000000e+03 8.717000000000000000e+03 1.811999999999999886e+02 8.000000000000000000e+00 6.100000000000000000e+01
9.921000000000000000e+03 8.668000000000000000e+03 1.795999999999999943e+02 8.000000000000000000e+00 5.800000000000000000e+01
9.916000000000000000e+03 8.702000000000000000e+03 2.060999999999999943e+02 7.299999999999999822e+00 6.500000000000000000e+01
9.910000000000000000e+03 8.660000000000000000e+03 1.970000000000000000e+02 7.500000000000000000e+00 7.200000000000000000e+01
9.925000000000000000e+03 8.690000000000000000e+03 2.429000000000000057e+02 8.000000000000000000e+00 6.500000000000000000e+01
9.914000000000000000e+03 8.708000000000000000e+03 2.390000000000000000e+02 7.400000000000000355e+00 6.200000000000000000e+01
9.921000000000000000e+03 8.676000000000000000e+03 2.233000000000000114e+02 8.400000000000000355e+00 7.000000000000000000e+01
9.930000000000000000e+03 8.638000000000000000e+03 1.674000000000000057e+02 7.799999999999999822e+00 5.900000000000000000e+01
9.916000000000000000e+03 8.646000000000000000e+03 2.086999999999999886e+02 7.599999999999999645e+00 6.500000000000000000e+01
9.915000000000000000e+03 8.681000000000000000e+03 2.245000000000000000e+02 8.300000000000000711e+00 5.700000000000000000e+01
9.922000000000000000e+03 8.679000000000000000e+03 1.925000000000000000e+02 7.299999999999999822e+00 7.300000000000000000e+01
9.941000000000000000e+03 8.642000000000000000e+03 2.213000000000000114e+02 8.000000000000000000e+00 7.000000000000000000e+01
9.911000000000000000e+03 8.672000000000000000e+03 1.688000000000000114e+02 8.000000000000000000e+00 6.400000000000000000e+01
9.911000000000000000e+03 8.621000000000000000e+03 2.071999999999999886e+02 7.700000000000000178e+00 6.600000000000000000e+01
9.918000000000000000e+03 8.652000000000000000e+03 2.035999999999999943e+02 7.700000000000000178e+00 6.900000000000000000e+01
9.931000000000000000e+03 8.697000000000000000e+03 2.285000000000000000e+02 8.000000000000000000e+00 6.500000000000000000e+01
9.935000000000000000e+03 8.726000000000000000e+03 1.923000000000000114e+02 7.799999999999999822e+00 6.000000000000000000e+01
9.922000000000000000e+03 8.715000000000000000e+03 2.153000000000000114e+02 7.000000000000000000e+00 5.300000000000000000e+01
9.926000000000000000e+03 8.716000000000000000e+03 1.760000000000000000e+02 8.000000000000000000e+00 6.300000000000000000e+01
