9.728000000000000000e+03 8.997000000000000000e+03 2.841999999999999886e+02 8.699999999999999289e+00 1.700000000000000000e+01
9.712000000000000000e+03 8.999000000000000000e+03 3.175000000000000000e+02 8.199999999999999289e+00 1.500000000000000000e+01
9.738000000000000000e+03 9.017000000000000000e+03 3.508999999999999773e+02 8.099999999999999645e+00 1.700000000000000000e+01
9.717000000000000000e+03 8.977000000000000000e+03 2.831000000000000227e+02 8.199999999999999289e+00 1.600000000000000000e+01
9.713000000000000000e+03 8.985000000000000000e+03 4.365000000000000000e+02 8.400000000000000355e+00 1.700000000000000000e+01
9.728000000000000000e+03 8.920000000000000000e+03 3.103999999999999773e+02 9.000000000000000000e+00 2.000000000000000000e+01
9.737000000000000000e+03 9.060000000000000000e+03 3.383999999999999773e+02 8.800000000000000711e+00 1.500000000000000000e+01
9.740000000000000000e+03 8.948000000000000000e+03 3.045000000000000000e+02 9.400000000000000355e+00 1.500000000000000000e+01
9.712000000000000000e+03 9.010000000000000000e+03 2.539000000000000057e+02 8.800000000000000711e+00 1.700000000000000000e+01
9.746000000000000000e+03 8.978000000000000000e+03 2.886999999999999886e+02 8.699999999999999289e+00 1.700000000000000000e+01
9.700000000000000000e+03 8.874000000000000000e+03 3.028999999999999773e+02 8.800000000000000711e+00 1.900000000000000000e+01
9.735000000000000000e+03 9.003000000000000000e+03 3.218999999999999773e+02 9.199999999999999289e+00 1.600000000000000000e+01
9.730000000000000000e+03 8.915000000000000000e+03 2.670000000000000000e+02 9.099999999999999645e+00 1.600000000000000000e+01
9.735000000000000000e+03 8.967000000000000000e+03 4.385000000000000000e+02 8.500000000000000000e+00 1.900000000000000000e+01
9.730000000000000000e+03 8.915000000000000000e+03 3.206000000000000227e+02 8.800000000000000711e+00 1.700000000000000000e+01
9.714000000000000000e+03 8.958000000000000000e+03 2.948000000000000114e+02 8.500000000000000000e+00 2.100000000000000000e+01
9.712000000000000000e+03 9.013000000000000000e+03 3.133000000000000114e+02 8.900000000000000355e+00 1.900000000000000000e+01
9.752000000000000000e+03 9.071000000000000000e+03 2.875000000000000000e+02 8.699999999999999289e+00 1.500000000000000000e+01
9.722000000000000000e+03 8.980000000000000000e+03 3.061000000000000227e+02 8.599999999999999645e+00 1.600000000000000000e+01
9.701000000000000000e+03 9.030000000000000000e+03 3.358000000000000114e+02 8.300000000000000711e+00 1.700000000000000000e+01
9.726000000000000000e+03 8.983000000000000000e+03 2.803999999999999773e+02 8.199999999999999289e+00 2.000000000000000000e+01
9.734000000000000000e+03 9.022000000000000000e+03 3.403999999999999773e+02 8.900000000000000355e+00 1.400000000000000000e+01
9.740000000000000000e+03 8.948000000000000000e+03 3.313000000000000114e+02 9.000000000000000000e+00 1.800000000000000000e+01
9.732000000000000000e+03 8.944000000000000000e+03 2.806000000000000227e+02 8.400000000000000355e+00 1.700000000000000000e+01
9.738000000000000000e+03 9.001000000000000000e+03 3.081999999999999886e+02 8.400000000000000355e+00 1.700000000000000000e+01
9.745000000000000000e+03 8.999000000000000000e+03 3.263999999999999773e+02 8.500000000000000000e+00 1.800000000000000000e+01
9.732000000000000000e+03 8.957000000000000000e+03 3.133000000000000114e+02 9.099999999999999645e+00 1.700000000000000000e+01
9.732000000000000000e+03 9.064000000000000000e+03 3.078999999999999773e+02 8.300000000000000711e+00 1.800000000000000000e+01
9.744000000000000000e+03 9.030000000000000000e+03 2.740000000000000000e+02 8.300000000000000711e+00 1.800000000000000000e+01
9.718000000000000000e+03 8.964000000000000000e+03 3.293000000000000114e+02 8.400000000000000355e+00 1.600000000000000000e+01
9.733000000000000000e+03 9.007000000000000000e+03 2.938999999999999773e+02 8.199999999999999289e+00 1.600000000000000000e+01
9.712000000000000000e+03 8.944000000000000000e+03 4.153000000000000114e+02 8.400000000000000355e+00 1.600000000000000000e+01
9.734000000000000000e+03 8.951000000000000000e+03 3.538000000000000114e+02 8.500000000000000000e+00 1.800000000000000000e+01
9.728000000000000000e+03 8.942000000000000000e+03 2.928999999999999773e+02 8.199999999999999289e+00 1.900000000000000000e+01
9.695000000000000000e+03 8.967000000000000000e+03 3.223999999999999773e+02 8.099999999999999645e+00 1.600000000000000000e+01
9.725000000000000000e+03 9.000000000000000000e+03 2.761000000000000227e+02 8.800000000000000711e+00 1.700000000000000000e+01
9.718000000000000000e+03 8.963000000000000000e+03 3.088999999999999773e+02 8.599999999999999645e+00 2.000000000000000000e+01
9.743000000000000000e+03 9.019000000000000000e+03 2.445999999999999943e+02 8.300000000000000711e+00 1.900000000000000000e+01
9.725000000000000000e+03 9.067000000000000000e+03 2.795000000000000000e+02 8.000000000000000000e+00 1.600000000000000000e+01
9.715000000000000000e+03 8.946000000000000000e+03 3.446000000000000227e+02 9.000000000000000000e+00 1.500000000000000000e+01
9.737000000000000000e+03 8.982000000000000000e+03 3.621000000000000227e+02 8.300000000000000711e+00 1.600000000000000000e+01
9.744000000000000000e+03 8.971000000000000000e+03 3.140000000000000000e+02 8.599999999999999645e+00 2.000000000000000000e+01
9.733000000000000000e+03 8.955000000000000000e+03 3.410000000000000000e+02 8.900000000000000355e+00 1.800000000000000000e+01
9.690000000000000000e+03 9.014000000000000000e+03 3.366000000000000227e+02 8.800000000000000711e+00 1.500000000000000000e+01
9.738000000000000000e+03 9.009000000000000000e+03 2.816000000000000227e+02 8.500000000000000000e+00 1.700000000000000000e+01
9.724000000000000000e+03 8.995000000000000000e+03 3.141000000000000227e+02 9.099999999999999645e+00 1.500000000000000000e+01
9.723000000000000000e+03 9.049000000000000000e+03 4.636000000000000227e+02 8.500000000000000000e+00 1.800000000000000000e+01
9.738000000000000000e+03 8.956000000000000000e+03 3.393999999999999773e+02 8.199999999999999289e+00 1.600000000000000000e+01
9.748000000000000000e+03 8.977000000000000000e+03 3.295000000000000000e+02 9.000000000000000000e+00 1.700000000000000000e+01
9.745000000000000000e+03 8.975000000000000000e+03 2.806000000000000227e+02 8.099999999999999645e+00 1.900000000000000000e+01
9.738000000000000000e+03 8.893000000000000000e+03 3.858999999999999773e+02 8.400000000000000355e+00 1.700000000000000000e+01
9.710000000000000000e+03 8.988000000000000000e+03 3.076999999999999886e+02 8.699999999999999289e+00 1.800000000000000000e+01
9.688000000000000000e+03 8.953000000000000000e+03 3.233999999999999773e+02 8.199999999999999289e+00 1.500000000000000000e+01
9.732000000000000000e+03 9.045000000000000000e+03 4.055000000000000000e+02 7.799999999999999822e+00 1.600000000000000000e+01
9.702000000000000000e+03 8.944000000000000000e+03 2.998999999999999773e+02 9.000000000000000000e+00 1.800000000000000000e+01
9.723000000000000000e+03 8.987000000000000000e+03 3.371999999999999886e+02 8.300000000000000711e+00 2.100000000000000000e+01
9.715000000000000000e+03 9.014000000000000000e+03 3.138999999999999773e+02 8.400000000000000355e+00 1.600000000000000000e+01
9.740000000000000000e+03 9.015000000000000000e+03 2.513000000000000114e+02 9.199999999999999289e+00 1.700000000000000000e+01
9.731000000000000000e+03 9.031000000000000000e+03 2.761999999999999886e+02 8.800000000000000711e+00 1.700000000000000000e+01
9.728000000000000000e+03 8.939000000000000000e+03 2.966000000000000227e+02 8.599999999999999645e+00 2.200000000000000000e+01
9.731000000000000000e+03 9.024000000000000000e+03 2.766999999999999886e+02 8.599999999999999645e+00 1.700000000000000000e+01
9.713000000000000000e+03 8.991000000000000000e+03 2.631000000000000227e+02 8.699999999999999289e+00 1.700000000000000000e+01
9.745000000000000000e+03 8.977000000000000000e+03 3.383999999999999773e+02 8.599999999999999645e+00 1.800000000000000000e+01
9.716000000000000000e+03 8.979000000000000000e+03 3.216000000000000227e+02 8.099999999999999645e+00 1.800000000000000000e+01
9.721000000000000000e+03 9.043000000000000000e+03 3.296999999999999886e+02 9.000000000000000000e+00 1.500000000000000000e+01
9.711000000000000000e+03 8.916000000000000000e+03 7.257999999999999545e+02 8.199999999999999289e+00 2.400000000000000000e+01
9.704000000000000000e+03 8.932000000000000000e+03 3.481999999999999886e+02 8.400000000000000355e+00 1.900000000000000000e+01
9.767000000000000000e+03 9.056000000000000000e+03 2.936000000000000227e+02 8.900000000000000355e+00 1.900000000000000000e+01
9.752000000000000000e+03 8.869000000000000000e+03 3.280000000000000000e+02 9.300000000000000711e+00 2.100000000000000000e+01
9.726000000000000000e+03 8.868000000000000000e+03 2.771000000000000227e+02 8.599999999999999645e+00 1.600000000000000000e+01
9.709000000000000000e+03 8.972000000000000000e+03 2.856999999999999886e+02 8.199999999999999289e+00 2.100000000000000000e+01
9.736000000000000000e+03 9.058000000000000000e+03 3.363999999999999773e+02 8.599999999999999645e+00 1.900000000000000000e+01
9.730000000000000000e+03 8.961000000000000000e+03 3.278000000000000114e+02 8.400000000000000355e+00 1.700000000000000000e+01
9.710000000000000000e+03 8.877000000000000000e+03 2.641000000000000227e+02 8.400000000000000355e+00 1.900000000000000000e+01
9.718000000000000000e+03 9.006000000000000000e+03 3.326000000000000227e+02 8.300000000000000711e+00 1.900000000000000000e+01
9.726000000000000000e+03 8.942000000000000000e+03 3.318999999999999773e+02 8.699999999999999289e+00 1.900000000000000000e+01
9.744000000000000000e+03 8.942000000000000000e+03 2.856999999999999886e+02 8.099999999999999645e+00 1.800000000000000000e+01
9.718000000000000000e+03 8.889000000000000000e+03 4.138999999999999773e+02 8.199999999999999289e+00 1.600000000000000000e+01
9.725000000000000000e+03 8.949000000000000000e+03 3.280000000000000000e+02 8.599999999999999645e+00 1.700000000000000000e+01
9.744000000000000000e+03 8.990000000000000000e+03 3.513999999999999773e+02 8.300000000000000711e+00 1.700000000000000000e+01
9.749000000000000000e+03 9.037000000000000000e+03 3.826000000000000227e+02 8.500000000000000000e+00 1.500000000000000000e+01
9.712000000000000000e+03 9.007000000000000000e+03 2.903000000000000114e+02 8.099999999999999645e+00 1.500000000000000000e+01
9.719000000000000000e+03 9.010000000000000000e+03 4.015000000000000000e+02 8.199999999999999289e+00 2.000000000000000000e+01
9.719000000000000000e+03 8.996000000000000000e+03 2.778999999999999773e+02 8.599999999999999645e+00 1.800000000000000000e+01
9.728000000000000000e+03 9.002000000000000000e+03 3.078000000000000114e+02 8.900000000000000355e+00 1.600000000000000000e+01
9.721000000000000000e+03 8.960000000000000000e+03 2.848000000000000114e+02 8.800000000000000711e+00 1.500000000000000000e+01
9.732000000000000000e+03 8.935000000000000000e+03 3.348000000000000114e+02 8.199999999999999289e+00 1.800000000000000000e+01
9.726000000000000000e+03 9.023000000000000000e+03 3.083999999999999773e+02 8.000000000000000000e+00 1.600000000000000000e+01
9.717000000000000000e+03 8.943000000000000000e+03 3.106000000000000227e+02 8.500000000000000000e+00 2.000000000000000000e+01
9.720000000000000000e+03 8.932000000000000000e+03 3.315000000000000000e+02 9.300000000000000711e+00 1.600000000000000000e+01
9.743000000000000000e+03 8.910000000000000000e+03 3.370000000000000000e+02 7.900000000000000355e+00 1.800000000000000000e+01
9.696000000000000000e+03 8.941000000000000000e+03 3.381000000000000227e+02 9.199999999999999289e+00 1.600000000000000000e+01
9.717000000000000000e+03 9.030000000000000000e+03 2.893000000000000114e+02 9.000000000000000000e+00 1.800000000000000000e+01
9.704000000000000000e+03 8.982000000000000000e+03 3.436999999999999886e+02 9.000000000000000000e+00 1.800000000000000000e+01
9.726000000000000000e+03 8.965000000000000000e+03 2.801000000000000227e+02 8.800000000000000711e+00 1.900000000000000000e+01
9.730000000000000000e+03 9.040000000000000000e+03 3.918999999999999773e+02 8.599999999999999645e+00 1.500000000000000000e+01
9.716000000000000000e+03 8.902000000000000000e+03 3.320000000000000000e+02 9.199999999999999289e+00 1.900000000000000000e+01
9.732000000000000000e+03 8.921000000000000000e+03 3.280000000000000000e+02 8.800000000000000711e+00 1.700000000000000000e+01
9.740000000000000000e+03 9.052000000000000000e+03 3.258000000000000114e+02 8.699999999999999289e+00 1.600000000000000000e+01
9.733000000000000000e+03 8.972000000000000000e+03 2.763999999999999773e+02 8.699999999999999289e+00 1.700000000000000000e+01
9.738000000000000000e+03 8.989000000000000000e+03 6.182999999999999545e+02 8.199999999999999289e+00 1.500000000000000000e+01
9.709000000000000000e+03 9.049000000000000000e+03 3.613000000000000114e+02 8.099999999999999645e+00 1.600000000000000000e+01
9.716000000000000000e+03 9.049000000000000000e+03 3.301999999999999886e+02 9.099999999999999645e+00 1.600000000000000000e+01
9.726000000000000000e+03 8.988000000000000000e+03 2.765000000000000000e+02 8.500000000000000000e+00 1.800000000000000000e+01
9.722000000000000000e+03 8.972000000000000000e+03 4.178000000000000114e+02 9.000000000000000000e+00 1.700000000000000000e+01
9.712000000000000000e+03 9.016000000000000000e+03 2.738999999999999773e+02 8.300000000000000711e+00 1.500000000000000000e+01
9.751000000000000000e+03 8.989000000000000000e+03 3.578000000000000114e+02 8.699999999999999289e+00 1.600000000000000000e+01
9.711000000000000000e+03 8.986000000000000000e+03 3.450000000000000000e+02 8.599999999999999645e+00 1.800000000000000000e+01
9.741000000000000000e+03 8.958000000000000000e+03 3.128000000000000114e+02 8.400000000000000355e+00 1.800000000000000000e+01
9.715000000000000000e+03 9.013000000000000000e+03 2.800000000000000000e+02 8.800000000000000711e+00 1.900000000000000000e+01
9.735000000000000000e+03 8.941000000000000000e+03 3.963000000000000114e+02 8.400000000000000355e+00 1.600000000000000000e+01
9.712000000000000000e+03 8.915000000000000000e+03 2.425999999999999943e+02 9.000000000000000000e+00 1.700000000000000000e+01
9.726000000000000000e+03 8.996000000000000000e+03 2.988000000000000114e+02 8.400000000000000355e+00 1.800000000000000000e+01
9.701000000000000000e+03 8.923000000000000000e+03 2.971000000000000227e+02 8.699999999999999289e+00 1.600000000000000000e+01
9.730000000000000000e+03 8.982000000000000000e+03 3.608999999999999773e+02 8.400000000000000355e+00 1.800000000000000000e+01
9.724000000000000000e+03 8.959000000000000000e+03 2.938999999999999773e+02 8.599999999999999645e+00 1.900000000000000000e+01
9.736000000000000000e+03 9.016000000000000000e+03 4.491000000000000227e+02 8.099999999999999645e+00 1.500000000000000000e+01
9.738000000000000000e+03 9.035000000000000000e+03 2.830000000000000000e+02 8.000000000000000000e+00 1.700000000000000000e+01
9.717000000000000000e+03 8.934000000000000000e+03 2.855000000000000000e+02 8.699999999999999289e+00 1.500000000000000000e+01
9.707000000000000000e+03 8.964000000000000000e+03 3.503999999999999773e+02 8.500000000000000000e+00 1.400000000000000000e+01
9.735000000000000000e+03 9.032000000000000000e+03 2.995000000000000000e+02 8.300000000000000711e+00 2.100000000000000000e+01
9.714000000000000000e+03 8.975000000000000000e+03 3.176999999999999886e+02 9.099999999999999645e+00 1.600000000000000000e+01
9.754000000000000000e+03 8.990000000000000000e+03 3.355000000000000000e+02 8.099999999999999645e+00 1.500000000000000000e+01
9.712000000000000000e+03 8.951000000000000000e+03 2.708999999999999773e+02 9.099999999999999645e+00 1.600000000000000000e+01
9.740000000000000000e+03 8.962000000000000000e+03 3.291000000000000227e+02 8.400000000000000355e+00 1.900000000000000000e+01
9.723000000000000000e+03 9.003000000000000000e+03 3.103000000000000114e+02 9.000000000000000000e+00 1.600000000000000000e+01
9.716000000000000000e+03 8.950000000000000000e+03 3.488000000000000114e+02 8.300000000000000711e+00 1.600000000000000000e+01
9.736000000000000000e+03 8.960000000000000000e+03 3.258999999999999773e+02 8.400000000000000355e+00 1.800000000000000000e+01
9.714000000000000000e+03 8.924000000000000000e+03 3.956000000000000227e+02 8.900000000000000355e+00 1.600000000000000000e+01
9.720000000000000000e+03 8.935000000000000000e+03 2.801999999999999886e+02 8.599999999999999645e+00 1.700000000000000000e+01
9.742000000000000000e+03 9.067000000000000000e+03 3.178999999999999773e+02 8.300000000000000711e+00 1.800000000000000000e+01
9.725000000000000000e+03 8.921000000000000000e+03 3.713000000000000114e+02 9.500000000000000000e+00 1.800000000000000000e+01
9.709000000000000000e+03 8.990000000000000000e+03 3.566000000000000227e+02 8.599999999999999645e+00 1.700000000000000000e+01
9.720000000000000000e+03 9.064000000000000000e+03 3.338000000000000114e+02 7.799999999999999822e+00 1.500000000000000000e+01
9.724000000000000000e+03 8.970000000000000000e+03 3.588000000000000114e+02 8.800000000000000711e+00 1.700000000000000000e+01
9.720000000000000000e+03 8.904000000000000000e+03 4.090000000000000000e+02 8.699999999999999289e+00 1.700000000000000000e+01
9.704000000000000000e+03 8.931000000000000000e+03 3.138000000000000114e+02 9.000000000000000000e+00 1.500000000000000000e+01
9.706000000000000000e+03 8.928000000000000000e+03 2.813000000000000114e+02 8.699999999999999289e+00 1.900000000000000000e+01
9.721000000000000000e+03 8.956000000000000000e+03 3.145000000000000000e+02 9.000000000000000000e+00 1.800000000000000000e+01
9.743000000000000000e+03 8.963000000000000000e+03 4.146999999999999886e+02 8.400000000000000355e+00 1.600000000000000000e+01
9.703000000000000000e+03 8.980000000000000000e+03 4.338000000000000114e+02 9.000000000000000000e+00 1.500000000000000000e+01
9.719000000000000000e+03 8.969000000000000000e+03 3.360000000000000000e+02 8.300000000000000711e+00 1.500000000000000000e+01
9.707000000000000000e+03 9.014000000000000000e+03 3.416000000000000227e+02 8.300000000000000711e+00 2.000000000000000000e+01
9.715000000000000000e+03 8.951000000000000000e+03 4.083000000000000114e+02 8.500000000000000000e+00 1.900000000000000000e+01
9.716000000000000000e+03 8.952000000000000000e+03 3.768999999999999773e+02 9.599999999999999645e+00 2.000000000000000000e+01
9.711000000000000000e+03 9.027000000000000000e+03 2.810000000000000000e+02 8.800000000000000711e+00 1.500000000000000000e+01
9.705000000000000000e+03 8.937000000000000000e+03 2.873000000000000114e+02 1.019999999999999929e+01 1.500000000000000000e+01
9.715000000000000000e+03 9.028000000000000000e+03 2.801999999999999886e+02 8.300000000000000711e+00 1.600000000000000000e+01
9.746000000000000000e+03 8.983000000000000000e+03 3.898000000000000114e+02 9.099999999999999645e+00 1.700000000000000000e+01
9.721000000000000000e+03 8.893000000000000000e+03 3.838000000000000114e+02 9.099999999999999645e+00 2.000000000000000000e+01
9.723000000000000000e+03 9.045000000000000000e+03 2.500999999999999943e+02 8.099999999999999645e+00 1.800000000000000000e+01
9.715000000000000000e+03 8.971000000000000000e+03 2.855000000000000000e+02 9.099999999999999645e+00 1.800000000000000000e+01
9.725000000000000000e+03 8.946000000000000000e+03 2.695000000000000000e+02 9.000000000000000000e+00 1.500000000000000000e+01
9.741000000000000000e+03 8.938000000000000000e+03 3.271000000000000227e+02 9.599999999999999645e+00 1.900000000000000000e+01
9.716000000000000000e+03 8.996000000000000000e+03 3.390000000000000000e+02 8.800000000000000711e+00 1.800000000000000000e+01
9.745000000000000000e+03 8.984000000000000000e+03 3.090000000000000000e+02 8.000000000000000000e+00 1.600000000000000000e+01
9.692000000000000000e+03 8.885000000000000000e+03 2.986999999999999886e+02 9.000000000000000000e+00 1.500000000000000000e+01
9.726000000000000000e+03 9.016000000000000000e+03 3.231999999999999886e+02 8.800000000000000711e+00 1.500000000000000000e+01
9.729000000000000000e+03 8.893000000000000000e+03 2.741999999999999886e+02 8.300000000000000711e+00 1.600000000000000000e+01
9.702000000000000000e+03 8.936000000000000000e+03 3.253999999999999773e+02 8.900000000000000355e+00 1.700000000000000000e+01
9.737000000000000000e+03 8.953000000000000000e+03 3.481000000000000227e+02 8.300000000000000711e+00 2.100000000000000000e+01
9.729000000000000000e+03 8.962000000000000000e+03 2.936000000000000227e+02 8.400000000000000355e+00 1.800000000000000000e+01
9.731000000000000000e+03 9.006000000000000000e+03 2.818999999999999773e+02 8.699999999999999289e+00 1.400000000000000000e+01
9.731000000000000000e+03 8.916000000000000000e+03 3.326000000000000227e+02 8.699999999999999289e+00 1.600000000000000000e+01
9.759000000000000000e+03 8.940000000000000000e+03 3.098000000000000114e+02 8.599999999999999645e+00 1.600000000000000000e+01
9.739000000000000000e+03 8.936000000000000000e+03 3.491999999999999886e+02 8.900000000000000355e+00 1.600000000000000000e+01
9.727000000000000000e+03 9.029000000000000000e+03 2.876000000000000227e+02 8.500000000000000000e+00 1.900000000000000000e+01
9.762000000000000000e+03 8.921000000000000000e+03 2.726000000000000227e+02 9.099999999999999645e+00 1.700000000000000000e+01
9.728000000000000000e+03 8.963000000000000000e+03 3.446999999999999886e+02 9.099999999999999645e+00 1.700000000000000000e+01
9.682000000000000000e+03 8.917000000000000000e+03 3.001999999999999886e+02 9.000000000000000000e+00 1.800000000000000000e+01
9.713000000000000000e+03 8.971000000000000000e+03 3.456000000000000227e+02 8.400000000000000355e+00 1.600000000000000000e+01
9.714000000000000000e+03 8.949000000000000000e+03 3.133000000000000114e+02 8.500000000000000000e+00 1.700000000000000000e+01
9.731000000000000000e+03 8.936000000000000000e+03 3.266999999999999886e+02 8.500000000000000000e+00 1.700000000000000000e+01
9.724000000000000000e+03 9.010000000000000000e+03 2.771000000000000227e+02 8.199999999999999289e+00 1.800000000000000000e+01
9.740000000000000000e+03 8.942000000000000000e+03 3.681999999999999886e+02 8.699999999999999289e+00 1.800000000000000000e+01
9.730000000000000000e+03 8.860000000000000000e+03 3.738999999999999773e+02 8.599999999999999645e+00 1.600000000000000000e+01
9.747000000000000000e+03 9.035000000000000000e+03 3.851000000000000227e+02 8.199999999999999289e+00 1.600000000000000000e+01
9.723000000000000000e+03 8.873000000000000000e+03 3.836000000000000227e+02 8.500000000000000000e+00 1.500000000000000000e+01
9.718000000000000000e+03 9.081000000000000000e+03 2.883000000000000114e+02 7.700000000000000178e+00 1.600000000000000000e+01
9.730000000000000000e+03 9.003000000000000000e+03 2.913999999999999773e+02 8.500000000000000000e+00 2.000000000000000000e+01
9.715000000000000000e+03 8.949000000000000000e+03 2.718999999999999773e+02 9.099999999999999645e+00 1.700000000000000000e+01
9.728000000000000000e+03 9.016000000000000000e+03 3.170000000000000000e+02 9.000000000000000000e+00 1.900000000000000000e+01
9.735000000000000000e+03 9.009000000000000000e+03 3.053000000000000114e+02 9.099999999999999645e+00 1.500000000000000000e+01
9.767000000000000000e+03 8.996000000000000000e+03 3.911000000000000227e+02 8.699999999999999289e+00 1.500000000000000000e+01
9.729000000000000000e+03 8.914000000000000000e+03 2.758000000000000114e+02 8.699999999999999289e+00 1.900000000000000000e+01
9.738000000000000000e+03 9.087000000000000000e+03 3.526999999999999886e+02 8.699999999999999289e+00 1.400000000000000000e+01
9.728000000000000000e+03 8.991000000000000000e+03 2.871999999999999886e+02 7.799999999999999822e+00 2.100000000000000000e+01
9.727000000000000000e+03 9.021000000000000000e+03 3.015000000000000000e+02 8.099999999999999645e+00 1.500000000000000000e+01
9.710000000000000000e+03 8.987000000000000000e+03 3.026999999999999886e+02 8.300000000000000711e+00 1.600000000000000000e+01
9.730000000000000000e+03 8.979000000000000000e+03 3.445000000000000000e+02 8.199999999999999289e+00 1.600000000000000000e+01
9.743000000000000000e+03 8.930000000000000000e+03 3.431999999999999886e+02 9.400000000000000355e+00 1.700000000000000000e+01
9.704000000000000000e+03 8.985000000000000000e+03 3.695000000000000000e+02 8.400000000000000355e+00 1.900000000000000000e+01
9.703000000000000000e+03 8.894000000000000000e+03 2.539000000000000057e+02 9.099999999999999645e+00 1.800000000000000000e+01
9.738000000000000000e+03 8.991000000000000000e+03 3.338999999999999773e+02 8.199999999999999289e+00 1.700000000000000000e+01
9.706000000000000000e+03 8.973000000000000000e+03 2.731999999999999886e+02 9.000000000000000000e+00 1.800000000000000000e+01
9.760000000000000000e+03 8.992000000000000000e+03 3.356999999999999886e+02 8.699999999999999289e+00 1.600000000000000000e+01
9.698000000000000000e+03 9.022000000000000000e+03 4.503000000000000114e+02 8.199999999999999289e+00 1.500000000000000000e+01
9.712000000000000000e+03 8.971000000000000000e+03 3.203999999999999773e+02 8.400000000000000355e+00 2.000000000000000000e+01
9.743000000000000000e+03 8.996000000000000000e+03 4.301999999999999886e+02 9.500000000000000000e+00 1.700000000000000000e+01
9.711000000000000000e+03 8.959000000000000000e+03 2.701000000000000227e+02 8.500000000000000000e+00 1.600000000000000000e+01
9.738000000000000000e+03 8.965000000000000000e+03 2.790000000000000000e+02 8.500000000000000000e+00 1.600000000000000000e+01
9.716000000000000000e+03 8.962000000000000000e+03 3.476000000000000227e+02 8.800000000000000711e+00 1.700000000000000000e+01
9.727000000000000000e+03 8.995000000000000000e+03 3.753000000000000114e+02 8.400000000000000355e+00 1.600000000000000000e+01
9.731000000000000000e+03 9.018000000000000000e+03 4.725000000000000000e+02 8.699999999999999289e+00 1.800000000000000000e+01
9.730000000000000000e+03 8.941000000000000000e+03 2.986000000000000227e+02 8.800000000000000711e+00 1.600000000000000000e+01
9.748000000000000000e+03 8.918000000000000000e+03 3.753000000000000114e+02 9.000000000000000000e+00 1.600000000000000000e+01
9.739000000000000000e+03 8.999000000000000000e+03 2.613999999999999773e+02 8.599999999999999645e+00 1.800000000000000000e+01
9.739000000000000000e+03 8.976000000000000000e+03 3.483999999999999773e+02 9.000000000000000000e+00 1.900000000000000000e+01
9.700000000000000000e+03 8.963000000000000000e+03 3.470000000000000000e+02 9.000000000000000000e+00 2.000000000000000000e+01
9.708000000000000000e+03 8.989000000000000000e+03 3.413999999999999773e+02 8.199999999999999289e+00 1.800000000000000000e+01
9.733000000000000000e+03 8.960000000000000000e+03 3.751999999999999886e+02 8.400000000000000355e+00 1.500000000000000000e+01
9.727000000000000000e+03 8.947000000000000000e+03 3.066999999999999886e+02 8.199999999999999289e+00 1.600000000000000000e+01
9.729000000000000000e+03 8.980000000000000000e+03 3.243999999999999773e+02 8.599999999999999645e+00 1.700000000000000000e+01
9.719000000000000000e+03 8.979000000000000000e+03 2.953999999999999773e+02 9.000000000000000000e+00 2.000000000000000000e+01
9.711000000000000000e+03 8.930000000000000000e+03 2.436999999999999886e+02 8.800000000000000711e+00 1.400000000000000000e+01
9.745000000000000000e+03 9.003000000000000000e+03 3.695000000000000000e+02 8.000000000000000000e+00 1.500000000000000000e+01
9.721000000000000000e+03 8.953000000000000000e+03 2.956000000000000227e+02 8.400000000000000355e+00 1.700000000000000000e+01
9.733000000000000000e+03 8.979000000000000000e+03 3.633000000000000114e+02 9.099999999999999645e+00 2.000000000000000000e+01
9.705000000000000000e+03 9.052000000000000000e+03 3.786000000000000227e+02 8.900000000000000355e+00 1.600000000000000000e+01
9.724000000000000000e+03 9.021000000000000000e+03 2.606999999999999886e+02 8.000000000000000000e+00 1.700000000000000000e+01
9.732000000000000000e+03 8.917000000000000000e+03 2.980000000000000000e+02 9.000000000000000000e+00 1.900000000000000000e+01
9.709000000000000000e+03 8.996000000000000000e+03 3.468000000000000114e+02 8.400000000000000355e+00 1.500000000000000000e+01
9.730000000000000000e+03 8.864000000000000000e+03 2.608000000000000114e+02 8.199999999999999289e+00 1.700000000000000000e+01
9.731000000000000000e+03 8.929000000000000000e+03 2.946999999999999886e+02 8.500000000000000000e+00 1.600000000000000000e+01
9.712000000000000000e+03 9.010000000000000000e+03 2.996999999999999886e+02 8.500000000000000000e+00 1.700000000000000000e+01
9.750000000000000000e+03 8.922000000000000000e+03 3.000000000000000000e+02 8.400000000000000355e+00 1.600000000000000000e+01
9.714000000000000000e+03 8.998000000000000000e+03 3.388999999999999773e+02 8.199999999999999289e+00 1.800000000000000000e+01
9.744000000000000000e+03 8.975000000000000000e+03 3.033999999999999773e+02 8.099999999999999645e+00 1.600000000000000000e+01
9.755000000000000000e+03 9.049000000000000000e+03 3.058000000000000114e+02 8.400000000000000355e+00 1.900000000000000000e+01
9.725000000000000000e+03 9.046000000000000000e+03 3.501000000000000227e+02 8.000000000000000000e+00 1.500000000000000000e+01
9.727000000000000000e+03 9.000000000000000000e+03 2.608999999999999773e+02 9.000000000000000000e+00 1.900000000000000000e+01
9.737000000000000000e+03 8.960000000000000000e+03 3.406999999999999886e+02 9.000000000000000000e+00 1.600000000000000000e+01
9.757000000000000000e+03 8.971000000000000000e+03 4.973000000000000114e+02 8.500000000000000000e+00 1.500000000000000000e+01
9.730000000000000000e+03 9.010000000000000000e+03 4.066999999999999886e+02 9.300000000000000711e+00 1.700000000000000000e+01
9.708000000000000000e+03 8.924000000000000000e+03 3.368999999999999773e+02 8.400000000000000355e+00 1.700000000000000000e+01
9.738000000000000000e+03 9.020000000000000000e+03 2.636000000000000227e+02 9.099999999999999645e+00 1.800000000000000000e+01
9.718000000000000000e+03 8.997000000000000000e+03 3.786000000000000227e+02 8.400000000000000355e+00 1.900000000000000000e+01
9.728000000000000000e+03 9.017000000000000000e+03 3.826999999999999886e+02 8.599999999999999645e+00 1.600000000000000000e+01
9.734000000000000000e+03 8.968000000000000000e+03 3.051000000000000227e+02 9.000000000000000000e+00 1.900000000000000000e+01
9.722000000000000000e+03 8.975000000000000000e+03 4.610000000000000000e+02 8.599999999999999645e+00 1.900000000000000000e+01
9.717000000000000000e+03 8.933000000000000000e+03 3.116000000000000227e+02 8.699999999999999289e+00 1.500000000000000000e+01
9.709000000000000000e+03 8.965000000000000000e+03 3.145000000000000000e+02 8.699999999999999289e+00 1.900000000000000000e+01
9.741000000000000000e+03 8.952000000000000000e+03 3.416999999999999886e+02 9.199999999999999289e+00 1.500000000000000000e+01
9.718000000000000000e+03 9.003000000000000000e+03 4.060000000000000000e+02 9.199999999999999289e+00 1.500000000000000000e+01
9.727000000000000000e+03 8.962000000000000000e+03 3.193999999999999773e+02 8.599999999999999645e+00 1.600000000000000000e+01
9.739000000000000000e+03 9.029000000000000000e+03 3.023999999999999773e+02 8.500000000000000000e+00 1.700000000000000000e+01
9.722000000000000000e+03 8.954000000000000000e+03 3.536999999999999886e+02 8.599999999999999645e+00 1.600000000000000000e+01
9.708000000000000000e+03 9.000000000000000000e+03 2.701999999999999886e+02 8.400000000000000355e+00 1.500000000000000000e+01
9.741000000000000000e+03 9.008000000000000000e+03 4.833999999999999773e+02 8.599999999999999645e+00 1.500000000000000000e+01
9.744000000000000000e+03 8.950000000000000000e+03 2.756999999999999886e+02 9.000000000000000000e+00 1.600000000000000000e+01
