9.510000000000000000e+03 4.124000000000000000e+03 1.473000000000000114e+02 4.029999999999999716e+01 1.080000000000000000e+02
9.559000000000000000e+03 3.871000000000000000e+03 1.695000000000000000e+02 3.520000000000000284e+01 8.100000000000000000e+01
9.507000000000000000e+03 4.181000000000000000e+03 1.389000000000000057e+02 3.339999999999999858e+01 8.900000000000000000e+01
9.562000000000000000e+03 4.325000000000000000e+03 1.684000000000000057e+02 3.620000000000000284e+01 1.070000000000000000e+02
9.523000000000000000e+03 4.247000000000000000e+03 1.699000000000000057e+02 3.710000000000000142e+01 9.500000000000000000e+01
9.554000000000000000e+03 4.306000000000000000e+03 1.938000000000000114e+02 3.370000000000000284e+01 9.500000000000000000e+01
9.571000000000000000e+03 4.310000000000000000e+03 1.594000000000000057e+02 3.270000000000000284e+01 9.400000000000000000e+01
9.558000000000000000e+03 3.954000000000000000e+03 1.465000000000000000e+02 3.879999999999999716e+01 9.100000000000000000e+01
9.548000000000000000e+03 4.072000000000000000e+03 1.309000000000000057e+02 3.200000000000000000e+01 9.200000000000000000e+01
9.560000000000000000e+03 3.808000000000000000e+03 1.192000000000000028e+02 3.720000000000000284e+01 9.200000000000000000e+01
9.542000000000000000e+03 3.763000000000000000e+03 1.655000000000000000e+02 3.789999999999999858e+01 8.800000000000000000e+01
9.571000000000000000e+03 3.773000000000000000e+03 1.676999999999999886e+02 3.320000000000000284e+01 8.500000000000000000e+01
9.559000000000000000e+03 3.903000000000000000e+03 1.593000000000000114e+02 3.889999999999999858e+01 8.900000000000000000e+01
9.545000000000000000e+03 4.051000000000000000e+03 1.830000000000000000e+02 3.300000000000000000e+01 8.700000000000000000e+01
9.536000000000000000e+03 4.072000000000000000e+03 1.410999999999999943e+02 3.520000000000000284e+01 8.700000000000000000e+01
9.548000000000000000e+03 3.960000000000000000e+03 1.280000000000000000e+02 3.600000000000000000e+01 8.600000000000000000e+01
9.546000000000000000e+03 4.313000000000000000e+03 1.948000000000000114e+02 3.450000000000000000e+01 9.600000000000000000e+01
9.542000000000000000e+03 4.412000000000000000e+03 1.755999999999999943e+02 3.729999999999999716e+01 9.300000000000000000e+01
9.525000000000000000e+03 4.183000000000000000e+03 1.364000000000000057e+02 3.289999999999999858e+01 9.300000000000000000e+01
9.531000000000000000e+03 4.188000000000000000e+03 1.645999999999999943e+02 3.970000000000000284e+01 9.600000000000000000e+01
9.515000000000000000e+03 3.777000000000000000e+03 1.425999999999999943e+02 3.439999999999999858e+01 8.600000000000000000e+01
9.528000000000000000e+03 3.893000000000000000e+03 1.303000000000000114e+02 3.400000000000000000e+01 8.900000000000000000e+01
9.566000000000000000e+03 3.924000000000000000e+03 1.506999999999999886e+02 3.500000000000000000e+01 8.600000000000000000e+01
9.561000000000000000e+03 4.062000000000000000e+03 1.385999999999999943e+02 3.589999999999999858e+01 9.300000000000000000e+01
9.510000000000000000e+03 4.085000000000000000e+03 1.474000000000000057e+02 3.550000000000000000e+01 9.100000000000000000e+01
9.507000000000000000e+03 4.000000000000000000e+03 1.705999999999999943e+02 3.460000000000000142e+01 8.300000000000000000e+01
9.537000000000000000e+03 3.930000000000000000e+03 1.590999999999999943e+02 3.600000000000000000e+01 7.800000000000000000e+01
9.495000000000000000e+03 4.279000000000000000e+03 1.645000000000000000e+02 3.310000000000000142e+01 8.900000000000000000e+01
9.522000000000000000e+03 3.954000000000000000e+03 1.460000000000000000e+02 3.860000000000000142e+01 8.700000000000000000e+01
9.591000000000000000e+03 4.267000000000000000e+03 1.688000000000000114e+02 3.410000000000000142e+01 1.010000000000000000e+02
9.539000000000000000e+03 4.161000000000000000e+03 1.775000000000000000e+02 3.210000000000000142e+01 8.300000000000000000e+01
9.509000000000000000e+03 4.296000000000000000e+03 1.655000000000000000e+02 3.239999999999999858e+01 8.800000000000000000e+01
9.530000000000000000e+03 4.165000000000000000e+03 1.275000000000000000e+02 3.360000000000000142e+01 8.700000000000000000e+01
9.550000000000000000e+03 4.011000000000000000e+03 1.511999999999999886e+02 3.960000000000000142e+01 8.900000000000000000e+01
9.518000000000000000e+03 3.910000000000000000e+03 1.716999999999999886e+02 3.800000000000000000e+01 8.000000000000000000e+01
9.516000000000000000e+03 4.097000000000000000e+03 1.360000000000000000e+02 3.420000000000000284e+01 7.600000000000000000e+01
9.564000000000000000e+03 4.253000000000000000e+03 1.217000000000000028e+02 3.000000000000000000e+01 1.010000000000000000e+02
9.553000000000000000e+03 4.113000000000000000e+03 1.675000000000000000e+02 3.550000000000000000e+01 9.500000000000000000e+01
9.519000000000000000e+03 4.194000000000000000e+03 1.690000000000000000e+02 4.029999999999999716e+01 9.300000000000000000e+01
9.536000000000000000e+03 4.227000000000000000e+03 1.605999999999999943e+02 3.610000000000000142e+01 9.000000000000000000e+01
9.574000000000000000e+03 4.087000000000000000e+03 1.350000000000000000e+02 3.660000000000000142e+01 9.900000000000000000e+01
9.502000000000000000e+03 4.077000000000000000e+03 1.463000000000000114e+02 3.500000000000000000e+01 8.400000000000000000e+01
9.493000000000000000e+03 4.047000000000000000e+03 1.795999999999999943e+02 4.089999999999999858e+01 8.600000000000000000e+01
9.575000000000000000e+03 4.112000000000000000e+03 1.809000000000000057e+02 3.670000000000000284e+01 8.400000000000000000e+01
9.506000000000000000e+03 4.179000000000000000e+03 1.294000000000000057e+02 3.300000000000000000e+01 1.000000000000000000e+02
9.530000000000000000e+03 4.384000000000000000e+03 2.005999999999999943e+02 3.260000000000000142e+01 9.000000000000000000e+01
9.528000000000000000e+03 4.243000000000000000e+03 1.315999999999999943e+02 3.300000000000000000e+01 8.400000000000000000e+01
9.534000000000000000e+03 4.364000000000000000e+03 1.409000000000000057e+02 3.539999999999999858e+01 9.500000000000000000e+01
9.589000000000000000e+03 4.129000000000000000e+03 1.137000000000000028e+02 3.289999999999999858e+01 8.700000000000000000e+01
9.550000000000000000e+03 3.925000000000000000e+03 1.598000000000000114e+02 3.520000000000000284e+01 8.300000000000000000e+01
9.552000000000000000e+03 4.055000000000000000e+03 1.520000000000000000e+02 3.110000000000000142e+01 8.100000000000000000e+01
9.545000000000000000e+03 4.236000000000000000e+03 1.490000000000000000e+02 3.460000000000000142e+01 9.000000000000000000e+01
9.534000000000000000e+03 3.919000000000000000e+03 1.534000000000000057e+02 3.620000000000000284e+01 8.100000000000000000e+01
9.564000000000000000e+03 3.930000000000000000e+03 1.575999999999999943e+02 3.520000000000000284e+01 9.000000000000000000e+01
9.540000000000000000e+03 3.865000000000000000e+03 1.393000000000000114e+02 3.920000000000000284e+01 8.700000000000000000e+01
9.528000000000000000e+03 3.859000000000000000e+03 1.509000000000000057e+02 3.570000000000000284e+01 7.700000000000000000e+01
9.502000000000000000e+03 4.232000000000000000e+03 1.825999999999999943e+02 3.420000000000000284e+01 9.000000000000000000e+01
9.550000000000000000e+03 4.144000000000000000e+03 1.616999999999999886e+02 3.539999999999999858e+01 8.800000000000000000e+01
9.528000000000000000e+03 3.987000000000000000e+03 1.410999999999999943e+02 3.739999999999999858e+01 8.100000000000000000e+01
9.585000000000000000e+03 3.955000000000000000e+03 1.416999999999999886e+02 3.460000000000000142e+01 9.700000000000000000e+01
9.515000000000000000e+03 4.008000000000000000e+03 1.501999999999999886e+02 3.479999999999999716e+01 8.400000000000000000e+01
9.524000000000000000e+03 3.944000000000000000e+03 1.725000000000000000e+02 3.550000000000000000e+01 8.500000000000000000e+01
9.575000000000000000e+03 4.261000000000000000e+03 1.389000000000000057e+02 3.510000000000000142e+01 8.700000000000000000e+01
9.543000000000000000e+03 4.122000000000000000e+03 1.388000000000000114e+02 3.529999999999999716e+01 8.900000000000000000e+01
9.514000000000000000e+03 4.140000000000000000e+03 1.540000000000000000e+02 4.239999999999999858e+01 9.900000000000000000e+01
9.567000000000000000e+03 4.271000000000000000e+03 1.419000000000000057e+02 3.520000000000000284e+01 8.700000000000000000e+01
9.541000000000000000e+03 4.258000000000000000e+03 1.898000000000000114e+02 3.410000000000000142e+01 1.020000000000000000e+02
9.547000000000000000e+03 4.106000000000000000e+03 1.375999999999999943e+02 3.700000000000000000e+01 8.700000000000000000e+01
9.540000000000000000e+03 4.011000000000000000e+03 1.555999999999999943e+02 3.960000000000000142e+01 8.200000000000000000e+01
9.508000000000000000e+03 4.078000000000000000e+03 1.405999999999999943e+02 3.639999999999999858e+01 9.100000000000000000e+01
9.537000000000000000e+03 3.797000000000000000e+03 1.723000000000000114e+02 3.850000000000000000e+01 7.900000000000000000e+01
9.506000000000000000e+03 3.857000000000000000e+03 1.869000000000000057e+02 3.929999999999999716e+01 7.700000000000000000e+01
9.535000000000000000e+03 4.146000000000000000e+03 1.484000000000000057e+02 3.510000000000000142e+01 8.800000000000000000e+01
9.549000000000000000e+03 3.972000000000000000e+03 1.330000000000000000e+02 3.420000000000000284e+01 8.900000000000000000e+01
9.548000000000000000e+03 3.992000000000000000e+03 2.038000000000000114e+02 3.879999999999999716e+01 8.600000000000000000e+01
9.520000000000000000e+03 4.010000000000000000e+03 1.415999999999999943e+02 3.470000000000000284e+01 8.200000000000000000e+01
9.529000000000000000e+03 3.689000000000000000e+03 1.528000000000000114e+02 3.900000000000000000e+01 7.800000000000000000e+01
9.566000000000000000e+03 3.973000000000000000e+03 1.539000000000000057e+02 3.320000000000000284e+01 9.600000000000000000e+01
9.545000000000000000e+03 4.109000000000000000e+03 1.304000000000000057e+02 3.200000000000000000e+01 8.700000000000000000e+01
9.521000000000000000e+03 4.148000000000000000e+03 1.328000000000000114e+02 3.470000000000000284e+01 8.700000000000000000e+01
9.532000000000000000e+03 3.964000000000000000e+03 1.325999999999999943e+02 3.839999999999999858e+01 9.100000000000000000e+01
9.519000000000000000e+03 3.619000000000000000e+03 1.414000000000000057e+02 3.770000000000000284e+01 7.300000000000000000e+01
9.498000000000000000e+03 3.976000000000000000e+03 1.415000000000000000e+02 3.739999999999999858e+01 8.400000000000000000e+01
9.484000000000000000e+03 3.783000000000000000e+03 1.845999999999999943e+02 3.350000000000000000e+01 8.300000000000000000e+01
9.553000000000000000e+03 4.266000000000000000e+03 1.324000000000000057e+02 3.420000000000000284e+01 8.100000000000000000e+01
9.537000000000000000e+03 4.253000000000000000e+03 2.058000000000000114e+02 3.370000000000000284e+01 9.300000000000000000e+01
9.530000000000000000e+03 3.899000000000000000e+03 1.283000000000000114e+02 3.229999999999999716e+01 8.500000000000000000e+01
9.574000000000000000e+03 3.956000000000000000e+03 1.473000000000000114e+02 4.020000000000000284e+01 8.500000000000000000e+01
9.559000000000000000e+03 4.083000000000000000e+03 1.267000000000000028e+02 3.220000000000000284e+01 7.700000000000000000e+01
9.533000000000000000e+03 4.134000000000000000e+03 1.308000000000000114e+02 3.300000000000000000e+01 8.800000000000000000e+01
9.527000000000000000e+03 3.951000000000000000e+03 1.325999999999999943e+02 3.689999999999999858e+01 8.400000000000000000e+01
9.515000000000000000e+03 3.781000000000000000e+03 1.509000000000000057e+02 3.660000000000000142e+01 8.700000000000000000e+01
9.531000000000000000e+03 4.160000000000000000e+03 1.444000000000000057e+02 4.079999999999999716e+01 8.300000000000000000e+01
9.500000000000000000e+03 4.021000000000000000e+03 1.570999999999999943e+02 3.520000000000000284e+01 8.500000000000000000e+01
9.523000000000000000e+03 4.103000000000000000e+03 1.443000000000000114e+02 3.600000000000000000e+01 9.700000000000000000e+01
9.516000000000000000e+03 4.216000000000000000e+03 1.355000000000000000e+02 3.460000000000000142e+01 8.500000000000000000e+01
9.510000000000000000e+03 4.313000000000000000e+03 1.555000000000000000e+02 3.050000000000000000e+01 9.500000000000000000e+01
9.525000000000000000e+03 3.679000000000000000e+03 1.535999999999999943e+02 3.479999999999999716e+01 8.200000000000000000e+01
9.533000000000000000e+03 3.897000000000000000e+03 1.440000000000000000e+02 3.760000000000000142e+01 8.400000000000000000e+01
9.568000000000000000e+03 4.127000000000000000e+03 1.410000000000000000e+02 3.410000000000000142e+01 9.000000000000000000e+01
9.546000000000000000e+03 4.330000000000000000e+03 1.380999999999999943e+02 4.110000000000000142e+01 9.800000000000000000e+01
9.549000000000000000e+03 4.015000000000000000e+03 1.326999999999999886e+02 3.550000000000000000e+01 1.000000000000000000e+02
9.527000000000000000e+03 4.188000000000000000e+03 1.476999999999999886e+02 3.429999999999999716e+01 9.000000000000000000e+01
9.532000000000000000e+03 4.107000000000000000e+03 1.495999999999999943e+02 3.729999999999999716e+01 9.800000000000000000e+01
9.548000000000000000e+03 4.055000000000000000e+03 1.560999999999999943e+02 3.410000000000000142e+01 7.900000000000000000e+01
9.568000000000000000e+03 4.025000000000000000e+03 1.445000000000000000e+02 3.800000000000000000e+01 1.030000000000000000e+02
9.519000000000000000e+03 3.966000000000000000e+03 1.451999999999999886e+02 3.510000000000000142e+01 8.200000000000000000e+01
9.492000000000000000e+03 4.122000000000000000e+03 1.360000000000000000e+02 3.439999999999999858e+01 8.800000000000000000e+01
9.551000000000000000e+03 4.208000000000000000e+03 1.533000000000000114e+02 3.320000000000000284e+01 9.200000000000000000e+01
9.554000000000000000e+03 4.194000000000000000e+03 1.620000000000000000e+02 3.510000000000000142e+01 9.700000000000000000e+01
9.527000000000000000e+03 3.897000000000000000e+03 1.433000000000000114e+02 3.660000000000000142e+01 8.100000000000000000e+01
9.531000000000000000e+03 4.236000000000000000e+03 1.515999999999999943e+02 3.410000000000000142e+01 9.800000000000000000e+01
9.544000000000000000e+03 4.088000000000000000e+03 1.376999999999999886e+02 3.579999999999999716e+01 8.600000000000000000e+01
9.492000000000000000e+03 4.099000000000000000e+03 1.438000000000000114e+02 3.529999999999999716e+01 8.500000000000000000e+01
9.531000000000000000e+03 4.029000000000000000e+03 1.421999999999999886e+02 3.420000000000000284e+01 8.800000000000000000e+01
9.547000000000000000e+03 4.151000000000000000e+03 1.539000000000000057e+02 3.510000000000000142e+01 9.000000000000000000e+01
9.585000000000000000e+03 4.112000000000000000e+03 1.651999999999999886e+02 3.300000000000000000e+01 8.300000000000000000e+01
9.500000000000000000e+03 4.371000000000000000e+03 1.534000000000000057e+02 3.189999999999999858e+01 9.100000000000000000e+01
9.509000000000000000e+03 3.860000000000000000e+03 1.383000000000000114e+02 3.500000000000000000e+01 8.600000000000000000e+01
9.523000000000000000e+03 4.112000000000000000e+03 1.548000000000000114e+02 3.229999999999999716e+01 8.500000000000000000e+01
9.550000000000000000e+03 4.201000000000000000e+03 1.333000000000000114e+02 3.610000000000000142e+01 8.500000000000000000e+01
9.579000000000000000e+03 4.030000000000000000e+03 1.349000000000000057e+02 3.889999999999999858e+01 9.000000000000000000e+01
9.546000000000000000e+03 4.493000000000000000e+03 1.788000000000000114e+02 3.589999999999999858e+01 9.700000000000000000e+01
9.532000000000000000e+03 4.294000000000000000e+03 1.635000000000000000e+02 3.570000000000000284e+01 9.400000000000000000e+01
9.562000000000000000e+03 4.061000000000000000e+03 1.488000000000000114e+02 3.639999999999999858e+01 9.000000000000000000e+01
9.545000000000000000e+03 4.099000000000000000e+03 1.275999999999999943e+02 3.889999999999999858e+01 9.200000000000000000e+01
9.509000000000000000e+03 4.280000000000000000e+03 1.395000000000000000e+02 3.270000000000000284e+01 1.030000000000000000e+02
9.526000000000000000e+03 4.355000000000000000e+03 1.320000000000000000e+02 3.420000000000000284e+01 8.900000000000000000e+01
9.550000000000000000e+03 4.310000000000000000e+03 1.349000000000000057e+02 3.470000000000000284e+01 9.200000000000000000e+01
9.483000000000000000e+03 4.145000000000000000e+03 1.635000000000000000e+02 3.360000000000000142e+01 9.800000000000000000e+01
9.576000000000000000e+03 4.179000000000000000e+03 1.356999999999999886e+02 3.750000000000000000e+01 1.030000000000000000e+02
9.522000000000000000e+03 4.185000000000000000e+03 1.247999999999999972e+02 3.329999999999999716e+01 9.300000000000000000e+01
9.551000000000000000e+03 4.092000000000000000e+03 1.575999999999999943e+02 3.420000000000000284e+01 9.500000000000000000e+01
9.572000000000000000e+03 4.367000000000000000e+03 1.440999999999999943e+02 3.689999999999999858e+01 8.900000000000000000e+01
9.564000000000000000e+03 3.933000000000000000e+03 1.595000000000000000e+02 3.610000000000000142e+01 8.900000000000000000e+01
9.564000000000000000e+03 4.177000000000000000e+03 1.210000000000000000e+02 3.229999999999999716e+01 9.100000000000000000e+01
9.527000000000000000e+03 4.165000000000000000e+03 1.439000000000000057e+02 3.379999999999999716e+01 8.700000000000000000e+01
9.568000000000000000e+03 4.352000000000000000e+03 1.277000000000000028e+02 3.289999999999999858e+01 8.900000000000000000e+01
9.536000000000000000e+03 4.064000000000000000e+03 1.505999999999999943e+02 3.620000000000000284e+01 9.000000000000000000e+01
9.542000000000000000e+03 4.118000000000000000e+03 1.740999999999999943e+02 3.839999999999999858e+01 8.000000000000000000e+01
9.502000000000000000e+03 4.064000000000000000e+03 1.445000000000000000e+02 3.700000000000000000e+01 9.500000000000000000e+01
9.545000000000000000e+03 4.103000000000000000e+03 1.445999999999999943e+02 3.400000000000000000e+01 8.600000000000000000e+01
9.556000000000000000e+03 4.139000000000000000e+03 1.568000000000000114e+02 3.600000000000000000e+01 9.400000000000000000e+01
9.566000000000000000e+03 4.166000000000000000e+03 1.629000000000000057e+02 3.400000000000000000e+01 9.000000000000000000e+01
9.532000000000000000e+03 3.995000000000000000e+03 1.425999999999999943e+02 3.510000000000000142e+01 9.700000000000000000e+01
9.535000000000000000e+03 4.122000000000000000e+03 2.026999999999999886e+02 4.239999999999999858e+01 9.900000000000000000e+01
9.513000000000000000e+03 4.367000000000000000e+03 1.270000000000000000e+02 2.910000000000000142e+01 9.000000000000000000e+01
9.540000000000000000e+03 4.137000000000000000e+03 1.345999999999999943e+02 3.379999999999999716e+01 8.700000000000000000e+01
9.527000000000000000e+03 4.344000000000000000e+03 1.635999999999999943e+02 3.650000000000000000e+01 9.800000000000000000e+01
9.510000000000000000e+03 4.217000000000000000e+03 1.510999999999999943e+02 3.810000000000000142e+01 1.010000000000000000e+02
9.542000000000000000e+03 4.234000000000000000e+03 1.504000000000000057e+02 3.629999999999999716e+01 8.600000000000000000e+01
9.546000000000000000e+03 3.956000000000000000e+03 1.569000000000000057e+02 5.589999999999999858e+01 8.600000000000000000e+01
9.564000000000000000e+03 4.205000000000000000e+03 1.212000000000000028e+02 3.439999999999999858e+01 9.600000000000000000e+01
9.517000000000000000e+03 4.179000000000000000e+03 1.424000000000000057e+02 3.220000000000000284e+01 9.100000000000000000e+01
9.543000000000000000e+03 4.113000000000000000e+03 2.005999999999999943e+02 3.829999999999999716e+01 9.800000000000000000e+01
9.524000000000000000e+03 4.374000000000000000e+03 1.535999999999999943e+02 3.300000000000000000e+01 9.000000000000000000e+01
9.553000000000000000e+03 4.215000000000000000e+03 1.448000000000000114e+02 3.150000000000000000e+01 9.200000000000000000e+01
9.572000000000000000e+03 3.972000000000000000e+03 1.695000000000000000e+02 3.629999999999999716e+01 7.800000000000000000e+01
9.542000000000000000e+03 3.854000000000000000e+03 1.660999999999999943e+02 3.879999999999999716e+01 7.900000000000000000e+01
9.536000000000000000e+03 3.840000000000000000e+03 1.409000000000000057e+02 3.629999999999999716e+01 7.800000000000000000e+01
9.558000000000000000e+03 4.123000000000000000e+03 1.410999999999999943e+02 3.119999999999999929e+01 9.500000000000000000e+01
9.537000000000000000e+03 4.171000000000000000e+03 1.518000000000000114e+02 3.450000000000000000e+01 9.100000000000000000e+01
9.517000000000000000e+03 3.785000000000000000e+03 1.410000000000000000e+02 3.679999999999999716e+01 8.600000000000000000e+01
9.523000000000000000e+03 3.947000000000000000e+03 1.520000000000000000e+02 3.900000000000000000e+01 7.700000000000000000e+01
9.549000000000000000e+03 4.046000000000000000e+03 1.343000000000000114e+02 3.279999999999999716e+01 8.000000000000000000e+01
9.538000000000000000e+03 3.990000000000000000e+03 1.439000000000000057e+02 3.760000000000000142e+01 8.900000000000000000e+01
9.540000000000000000e+03 4.259000000000000000e+03 1.606999999999999886e+02 3.200000000000000000e+01 8.500000000000000000e+01
9.529000000000000000e+03 4.094000000000000000e+03 1.324000000000000057e+02 3.860000000000000142e+01 8.600000000000000000e+01
9.569000000000000000e+03 4.285000000000000000e+03 1.305000000000000000e+02 3.279999999999999716e+01 8.800000000000000000e+01
9.508000000000000000e+03 3.963000000000000000e+03 2.039000000000000057e+02 3.520000000000000284e+01 8.000000000000000000e+01
9.519000000000000000e+03 4.031000000000000000e+03 1.504000000000000057e+02 3.889999999999999858e+01 9.100000000000000000e+01
9.530000000000000000e+03 4.247000000000000000e+03 1.474000000000000057e+02 3.639999999999999858e+01 9.500000000000000000e+01
9.548000000000000000e+03 4.083000000000000000e+03 1.480000000000000000e+02 3.670000000000000284e+01 8.300000000000000000e+01
9.504000000000000000e+03 4.231000000000000000e+03 1.590000000000000000e+02 3.410000000000000142e+01 9.200000000000000000e+01
9.545000000000000000e+03 4.193000000000000000e+03 1.301999999999999886e+02 3.739999999999999858e+01 1.010000000000000000e+02
9.571000000000000000e+03 3.998000000000000000e+03 1.461999999999999886e+02 3.239999999999999858e+01 8.400000000000000000e+01
9.516000000000000000e+03 4.267000000000000000e+03 1.435999999999999943e+02 3.600000000000000000e+01 8.700000000000000000e+01
9.563000000000000000e+03 4.087000000000000000e+03 1.645000000000000000e+02 3.510000000000000142e+01 8.800000000000000000e+01
9.528000000000000000e+03 4.062000000000000000e+03 1.501999999999999886e+02 3.100000000000000000e+01 9.800000000000000000e+01
9.508000000000000000e+03 4.105000000000000000e+03 1.945000000000000000e+02 3.539999999999999858e+01 9.900000000000000000e+01
9.542000000000000000e+03 3.846000000000000000e+03 1.890999999999999943e+02 3.450000000000000000e+01 8.400000000000000000e+01
9.551000000000000000e+03 4.165000000000000000e+03 1.541999999999999886e+02 3.800000000000000000e+01 8.800000000000000000e+01
9.551000000000000000e+03 4.035000000000000000e+03 1.423000000000000114e+02 3.900000000000000000e+01 8.300000000000000000e+01
9.532000000000000000e+03 4.043000000000000000e+03 1.689000000000000057e+02 3.650000000000000000e+01 8.400000000000000000e+01
9.504000000000000000e+03 4.114000000000000000e+03 1.378000000000000114e+02 3.770000000000000284e+01 8.600000000000000000e+01
9.519000000000000000e+03 3.819000000000000000e+03 1.406999999999999886e+02 3.410000000000000142e+01 8.400000000000000000e+01
9.494000000000000000e+03 3.719000000000000000e+03 1.875000000000000000e+02 3.320000000000000284e+01 8.400000000000000000e+01
9.534000000000000000e+03 4.141000000000000000e+03 1.451999999999999886e+02 3.389999999999999858e+01 9.500000000000000000e+01
9.553000000000000000e+03 3.865000000000000000e+03 1.461999999999999886e+02 3.500000000000000000e+01 8.400000000000000000e+01
9.576000000000000000e+03 4.198000000000000000e+03 1.643000000000000114e+02 3.410000000000000142e+01 8.000000000000000000e+01
9.565000000000000000e+03 4.185000000000000000e+03 1.586999999999999886e+02 3.410000000000000142e+01 8.900000000000000000e+01
9.523000000000000000e+03 4.066000000000000000e+03 1.600999999999999943e+02 3.450000000000000000e+01 8.600000000000000000e+01
9.511000000000000000e+03 4.438000000000000000e+03 1.474000000000000057e+02 2.739999999999999858e+01 9.400000000000000000e+01
9.573000000000000000e+03 4.216000000000000000e+03 1.699000000000000057e+02 3.250000000000000000e+01 8.500000000000000000e+01
9.518000000000000000e+03 4.317000000000000000e+03 1.510000000000000000e+02 3.650000000000000000e+01 9.600000000000000000e+01
9.531000000000000000e+03 4.115000000000000000e+03 1.544000000000000057e+02 4.250000000000000000e+01 9.400000000000000000e+01
9.541000000000000000e+03 4.200000000000000000e+03 1.323000000000000114e+02 3.529999999999999716e+01 9.100000000000000000e+01
9.545000000000000000e+03 4.280000000000000000e+03 1.438000000000000114e+02 3.420000000000000284e+01 8.900000000000000000e+01
9.555000000000000000e+03 4.202000000000000000e+03 1.620999999999999943e+02 3.260000000000000142e+01 8.500000000000000000e+01
9.510000000000000000e+03 3.839000000000000000e+03 1.336999999999999886e+02 3.310000000000000142e+01 8.700000000000000000e+01
9.516000000000000000e+03 4.196000000000000000e+03 1.603000000000000114e+02 3.539999999999999858e+01 1.010000000000000000e+02
9.520000000000000000e+03 3.871000000000000000e+03 1.700999999999999943e+02 3.470000000000000284e+01 9.200000000000000000e+01
9.553000000000000000e+03 4.301000000000000000e+03 1.568000000000000114e+02 3.700000000000000000e+01 9.100000000000000000e+01
9.527000000000000000e+03 3.837000000000000000e+03 1.540999999999999943e+02 3.739999999999999858e+01 8.500000000000000000e+01
9.560000000000000000e+03 3.994000000000000000e+03 1.500999999999999943e+02 3.429999999999999716e+01 9.100000000000000000e+01
9.563000000000000000e+03 4.185000000000000000e+03 1.601999999999999886e+02 3.360000000000000142e+01 9.600000000000000000e+01
9.510000000000000000e+03 4.209000000000000000e+03 1.381999999999999886e+02 3.529999999999999716e+01 8.400000000000000000e+01
9.525000000000000000e+03 4.384000000000000000e+03 1.619000000000000057e+02 3.500000000000000000e+01 8.800000000000000000e+01
9.528000000000000000e+03 4.192000000000000000e+03 1.364000000000000057e+02 3.360000000000000142e+01 9.500000000000000000e+01
9.569000000000000000e+03 4.030000000000000000e+03 1.809000000000000057e+02 3.329999999999999716e+01 9.000000000000000000e+01
9.530000000000000000e+03 4.183000000000000000e+03 1.624000000000000057e+02 3.400000000000000000e+01 1.000000000000000000e+02
9.543000000000000000e+03 4.029000000000000000e+03 1.498000000000000114e+02 3.639999999999999858e+01 9.300000000000000000e+01
9.534000000000000000e+03 4.211000000000000000e+03 1.484000000000000057e+02 3.300000000000000000e+01 9.200000000000000000e+01
9.535000000000000000e+03 4.014000000000000000e+03 1.260999999999999943e+02 3.510000000000000142e+01 8.800000000000000000e+01
9.528000000000000000e+03 4.358000000000000000e+03 1.646999999999999886e+02 3.250000000000000000e+01 9.800000000000000000e+01
9.549000000000000000e+03 4.105000000000000000e+03 2.581999999999999886e+02 3.560000000000000142e+01 8.600000000000000000e+01
9.542000000000000000e+03 3.939000000000000000e+03 1.366999999999999886e+02 3.729999999999999716e+01 8.700000000000000000e+01
9.542000000000000000e+03 3.878000000000000000e+03 1.646999999999999886e+02 4.229999999999999716e+01 8.100000000000000000e+01
9.534000000000000000e+03 4.219000000000000000e+03 1.249000000000000057e+02 3.489999999999999858e+01 8.200000000000000000e+01
9.540000000000000000e+03 3.977000000000000000e+03 1.515000000000000000e+02 3.520000000000000284e+01 8.000000000000000000e+01
9.560000000000000000e+03 3.848000000000000000e+03 1.801999999999999886e+02 3.739999999999999858e+01 8.300000000000000000e+01
9.542000000000000000e+03 4.072000000000000000e+03 1.583000000000000114e+02 3.370000000000000284e+01 8.100000000000000000e+01
9.556000000000000000e+03 4.140000000000000000e+03 1.511999999999999886e+02 3.420000000000000284e+01 9.300000000000000000e+01
9.516000000000000000e+03 4.286000000000000000e+03 1.436999999999999886e+02 3.100000000000000000e+01 8.500000000000000000e+01
9.532000000000000000e+03 3.950000000000000000e+03 1.499000000000000057e+02 3.610000000000000142e+01 8.300000000000000000e+01
9.540000000000000000e+03 4.135000000000000000e+03 1.964000000000000057e+02 3.560000000000000142e+01 8.400000000000000000e+01
9.547000000000000000e+03 4.143000000000000000e+03 2.020999999999999943e+02 3.720000000000000284e+01 9.000000000000000000e+01
9.545000000000000000e+03 3.865000000000000000e+03 1.295000000000000000e+02 3.820000000000000284e+01 8.200000000000000000e+01
9.545000000000000000e+03 4.052000000000000000e+03 1.240000000000000000e+02 3.560000000000000142e+01 8.500000000000000000e+01
9.524000000000000000e+03 3.928000000000000000e+03 1.298000000000000114e+02 3.850000000000000000e+01 8.400000000000000000e+01
9.516000000000000000e+03 4.131000000000000000e+03 1.601999999999999886e+02 3.660000000000000142e+01 8.800000000000000000e+01
9.564000000000000000e+03 3.866000000000000000e+03 1.373000000000000114e+02 4.210000000000000142e+01 8.100000000000000000e+01
9.569000000000000000e+03 4.100000000000000000e+03 1.498000000000000114e+02 3.239999999999999858e+01 9.000000000000000000e+01
9.526000000000000000e+03 4.155000000000000000e+03 1.690999999999999943e+02 3.400000000000000000e+01 8.700000000000000000e+01
9.546000000000000000e+03 4.033000000000000000e+03 1.530000000000000000e+02 3.520000000000000284e+01 8.100000000000000000e+01
9.526000000000000000e+03 4.341000000000000000e+03 1.501999999999999886e+02 3.820000000000000284e+01 9.100000000000000000e+01
9.519000000000000000e+03 4.142000000000000000e+03 1.368000000000000114e+02 3.460000000000000142e+01 9.400000000000000000e+01
9.518000000000000000e+03 3.889000000000000000e+03 1.520000000000000000e+02 3.500000000000000000e+01 8.500000000000000000e+01
9.524000000000000000e+03 3.966000000000000000e+03 1.350000000000000000e+02 3.379999999999999716e+01 8.100000000000000000e+01
9.514000000000000000e+03 4.244000000000000000e+03 1.451999999999999886e+02 3.300000000000000000e+01 8.100000000000000000e+01
9.527000000000000000e+03 3.882000000000000000e+03 1.741999999999999886e+02 3.450000000000000000e+01 8.600000000000000000e+01
9.555000000000000000e+03 4.243000000000000000e+03 1.379000000000000057e+02 3.239999999999999858e+01 9.000000000000000000e+01
9.518000000000000000e+03 4.022000000000000000e+03 1.901999999999999886e+02 4.150000000000000000e+01 9.000000000000000000e+01
9.554000000000000000e+03 3.952000000000000000e+03 1.222999999999999972e+02 3.739999999999999858e+01 9.600000000000000000e+01
9.561000000000000000e+03 4.216000000000000000e+03 1.329000000000000057e+02 3.610000000000000142e+01 8.600000000000000000e+01
9.522000000000000000e+03 3.968000000000000000e+03 1.365000000000000000e+02 3.310000000000000142e+01 9.300000000000000000e+01
9.526000000000000000e+03 4.061000000000000000e+03 1.569000000000000057e+02 3.820000000000000284e+01 8.000000000000000000e+01
9.538000000000000000e+03 4.041000000000000000e+03 1.518000000000000114e+02 3.570000000000000284e+01 8.400000000000000000e+01
9.566000000000000000e+03 4.131000000000000000e+03 1.931999999999999886e+02 3.500000000000000000e+01 9.600000000000000000e+01
9.529000000000000000e+03 4.155000000000000000e+03 1.553000000000000114e+02 3.800000000000000000e+01 8.400000000000000000e+01
