8.415000000000000000e+03 9.346000000000000000e+03 1.171099999999999909e+03 3.299999999999999822e+00 3.714000000000000000e+03
8.995000000000000000e+03 9.341000000000000000e+03 1.825099999999999909e+03 3.399999999999999911e+00 3.713000000000000000e+03
8.591000000000000000e+03 9.312000000000000000e+03 1.399900000000000091e+03 3.600000000000000089e+00 3.731000000000000000e+03
9.005000000000000000e+03 9.357000000000000000e+03 1.803700000000000045e+03 3.299999999999999822e+00 3.686000000000000000e+03
8.879000000000000000e+03 9.281000000000000000e+03 1.666099999999999909e+03 3.500000000000000000e+00 3.652000000000000000e+03
8.957000000000000000e+03 9.306000000000000000e+03 1.738400000000000091e+03 3.399999999999999911e+00 3.620000000000000000e+03
8.520000000000000000e+03 9.327000000000000000e+03 1.219500000000000000e+03 3.600000000000000089e+00 3.633000000000000000e+03
8.786000000000000000e+03 9.329000000000000000e+03 1.528500000000000000e+03 3.299999999999999822e+00 3.668000000000000000e+03
8.865000000000000000e+03 9.266000000000000000e+03 1.736200000000000045e+03 3.500000000000000000e+00 3.715000000000000000e+03
8.684000000000000000e+03 9.350000000000000000e+03 1.402700000000000045e+03 3.299999999999999822e+00 3.618000000000000000e+03
9.042000000000000000e+03 9.320000000000000000e+03 1.825099999999999909e+03 3.500000000000000000e+00 3.599000000000000000e+03
8.697000000000000000e+03 9.323000000000000000e+03 1.423900000000000091e+03 3.500000000000000000e+00 3.692000000000000000e+03
9.019000000000000000e+03 9.360000000000000000e+03 1.825099999999999909e+03 3.500000000000000000e+00 3.650000000000000000e+03
9.006000000000000000e+03 9.377000000000000000e+03 1.825099999999999909e+03 3.200000000000000178e+00 3.688000000000000000e+03
8.478000000000000000e+03 9.405000000000000000e+03 1.198799999999999955e+03 3.200000000000000178e+00 3.677000000000000000e+03
8.979000000000000000e+03 9.338000000000000000e+03 1.797700000000000045e+03 3.399999999999999911e+00 3.733000000000000000e+03
9.002000000000000000e+03 9.328000000000000000e+03 1.825099999999999909e+03 3.399999999999999911e+00 3.644000000000000000e+03
8.754000000000000000e+03 9.329000000000000000e+03 1.470200000000000045e+03 3.299999999999999822e+00 3.699000000000000000e+03
8.537000000000000000e+03 9.332000000000000000e+03 1.301200000000000045e+03 3.399999999999999911e+00 3.719000000000000000e+03
9.063000000000000000e+03 9.365000000000000000e+03 1.825099999999999909e+03 3.200000000000000178e+00 3.640000000000000000e+03
9.009000000000000000e+03 9.363000000000000000e+03 1.825099999999999909e+03 3.299999999999999822e+00 3.619000000000000000e+03
8.795000000000000000e+03 9.356000000000000000e+03 1.500500000000000000e+03 3.299999999999999822e+00 3.690000000000000000e+03
8.743000000000000000e+03 9.390000000000000000e+03 1.505299999999999955e+03 3.200000000000000178e+00 3.624000000000000000e+03
8.455000000000000000e+03 9.334000000000000000e+03 1.186400000000000091e+03 3.200000000000000178e+00 3.680000000000000000e+03
8.716000000000000000e+03 9.354000000000000000e+03 1.491200000000000045e+03 3.200000000000000178e+00 3.770000000000000000e+03
8.706000000000000000e+03 9.359000000000000000e+03 1.528099999999999909e+03 3.200000000000000178e+00 3.705000000000000000e+03
8.996000000000000000e+03 9.318000000000000000e+03 1.825099999999999909e+03 3.200000000000000178e+00 3.705000000000000000e+03
8.816000000000000000e+03 9.299000000000000000e+03 1.618799999999999955e+03 3.299999999999999822e+00 3.716000000000000000e+03
8.772000000000000000e+03 9.320000000000000000e+03 1.505400000000000091e+03 3.399999999999999911e+00 3.678000000000000000e+03
8.496000000000000000e+03 9.371000000000000000e+03 1.260900000000000091e+03 3.200000000000000178e+00 3.696000000000000000e+03
8.997000000000000000e+03 9.326000000000000000e+03 1.825099999999999909e+03 3.299999999999999822e+00 3.710000000000000000e+03
8.989000000000000000e+03 9.338000000000000000e+03 1.825099999999999909e+03 3.399999999999999911e+00 3.615000000000000000e+03
8.966000000000000000e+03 9.287000000000000000e+03 1.691700000000000045e+03 3.299999999999999822e+00 3.654000000000000000e+03
9.032000000000000000e+03 9.393000000000000000e+03 1.825099999999999909e+03 3.299999999999999822e+00 3.650000000000000000e+03
9.019000000000000000e+03 9.379000000000000000e+03 1.825099999999999909e+03 3.399999999999999911e+00 3.732000000000000000e+03
8.870000000000000000e+03 9.382000000000000000e+03 1.713200000000000045e+03 3.399999999999999911e+00 3.673000000000000000e+03
8.861000000000000000e+03 9.348000000000000000e+03 1.692799999999999955e+03 3.100000000000000089e+00 3.751000000000000000e+03
8.717000000000000000e+03 9.389000000000000000e+03 1.483900000000000091e+03 3.100000000000000089e+00 3.676000000000000000e+03
8.735000000000000000e+03 9.302000000000000000e+03 1.366599999999999909e+03 3.600000000000000089e+00 3.694000000000000000e+03
8.485000000000000000e+03 9.369000000000000000e+03 1.150099999999999909e+03 3.100000000000000089e+00 3.658000000000000000e+03
8.868000000000000000e+03 9.268000000000000000e+03 1.673000000000000000e+03 3.500000000000000000e+00 3.730000000000000000e+03
8.912000000000000000e+03 9.328000000000000000e+03 1.595200000000000045e+03 3.399999999999999911e+00 3.525000000000000000e+03
8.845000000000000000e+03 9.355000000000000000e+03 1.488200000000000045e+03 3.200000000000000178e+00 3.717000000000000000e+03
8.647000000000000000e+03 9.398000000000000000e+03 1.360799999999999955e+03 4.000000000000000000e+00 3.701000000000000000e+03
8.788000000000000000e+03 9.359000000000000000e+03 1.480200000000000045e+03 3.100000000000000089e+00 3.673000000000000000e+03
8.741000000000000000e+03 9.344000000000000000e+03 1.529200000000000045e+03 3.299999999999999822e+00 3.729000000000000000e+03
8.969000000000000000e+03 9.400000000000000000e+03 1.825099999999999909e+03 3.100000000000000089e+00 3.631000000000000000e+03
9.044000000000000000e+03 9.373000000000000000e+03 1.825099999999999909e+03 3.200000000000000178e+00 3.680000000000000000e+03
9.013000000000000000e+03 9.368000000000000000e+03 1.802599999999999909e+03 3.299999999999999822e+00 3.626000000000000000e+03
8.766000000000000000e+03 9.245000000000000000e+03 1.582299999999999955e+03 3.500000000000000000e+00 3.615000000000000000e+03
8.453000000000000000e+03 9.318000000000000000e+03 1.189200000000000045e+03 3.399999999999999911e+00 3.673000000000000000e+03
8.829000000000000000e+03 9.343000000000000000e+03 1.571200000000000045e+03 3.299999999999999822e+00 3.749000000000000000e+03
8.603000000000000000e+03 9.339000000000000000e+03 1.402599999999999909e+03 3.299999999999999822e+00 3.685000000000000000e+03
8.831000000000000000e+03 9.332000000000000000e+03 1.593400000000000091e+03 3.600000000000000089e+00 3.675000000000000000e+03
8.809000000000000000e+03 9.320000000000000000e+03 1.569799999999999955e+03 3.399999999999999911e+00 3.610000000000000000e+03
9.028000000000000000e+03 9.324000000000000000e+03 1.825099999999999909e+03 4.000000000000000000e+00 3.656000000000000000e+03
8.884000000000000000e+03 9.345000000000000000e+03 1.640799999999999955e+03 3.200000000000000178e+00 3.635000000000000000e+03
9.023000000000000000e+03 9.312000000000000000e+03 1.825099999999999909e+03 3.399999999999999911e+00 3.628000000000000000e+03
8.995000000000000000e+03 9.388000000000000000e+03 1.825099999999999909e+03 3.100000000000000089e+00 3.677000000000000000e+03
8.675000000000000000e+03 9.392000000000000000e+03 1.381599999999999909e+03 3.100000000000000089e+00 3.720000000000000000e+03
8.642000000000000000e+03 9.369000000000000000e+03 1.407099999999999909e+03 3.200000000000000178e+00 3.706000000000000000e+03
8.672000000000000000e+03 9.320000000000000000e+03 1.454599999999999909e+03 3.399999999999999911e+00 3.600000000000000000e+03
8.879000000000000000e+03 9.423000000000000000e+03 1.575400000000000091e+03 3.299999999999999822e+00 3.739000000000000000e+03
8.642000000000000000e+03 9.286000000000000000e+03 1.467599999999999909e+03 3.500000000000000000e+00 3.696000000000000000e+03
9.017000000000000000e+03 9.348000000000000000e+03 1.825099999999999909e+03 3.299999999999999822e+00 3.675000000000000000e+03
9.036000000000000000e+03 9.351000000000000000e+03 1.825099999999999909e+03 3.399999999999999911e+00 3.648000000000000000e+03
8.969000000000000000e+03 9.279000000000000000e+03 1.825099999999999909e+03 3.500000000000000000e+00 3.714000000000000000e+03
8.909000000000000000e+03 9.313000000000000000e+03 1.825099999999999909e+03 3.500000000000000000e+00 3.761000000000000000e+03
8.949000000000000000e+03 9.318000000000000000e+03 1.825099999999999909e+03 3.399999999999999911e+00 3.610000000000000000e+03
8.898000000000000000e+03 9.330000000000000000e+03 1.630900000000000091e+03 3.299999999999999822e+00 3.703000000000000000e+03
8.932000000000000000e+03 9.326000000000000000e+03 1.825099999999999909e+03 3.600000000000000089e+00 3.666000000000000000e+03
8.045000000000000000e+03 9.298000000000000000e+03 9.433999999999999773e+02 3.399999999999999911e+00 3.765000000000000000e+03
8.662000000000000000e+03 9.359000000000000000e+03 1.361599999999999909e+03 3.299999999999999822e+00 3.677000000000000000e+03
8.425000000000000000e+03 9.331000000000000000e+03 1.115700000000000045e+03 3.299999999999999822e+00 3.673000000000000000e+03
8.962000000000000000e+03 9.306000000000000000e+03 1.811000000000000000e+03 3.399999999999999911e+00 3.693000000000000000e+03
8.396000000000000000e+03 9.301000000000000000e+03 1.161799999999999955e+03 3.500000000000000000e+00 3.664000000000000000e+03
8.625000000000000000e+03 9.263000000000000000e+03 1.287400000000000091e+03 3.700000000000000178e+00 3.612000000000000000e+03
8.947000000000000000e+03 9.261000000000000000e+03 1.777400000000000091e+03 3.500000000000000000e+00 3.704000000000000000e+03
9.004000000000000000e+03 9.332000000000000000e+03 1.825099999999999909e+03 3.299999999999999822e+00 3.670000000000000000e+03
9.022000000000000000e+03 9.353000000000000000e+03 1.825099999999999909e+03 3.299999999999999822e+00 3.638000000000000000e+03
8.939000000000000000e+03 9.382000000000000000e+03 1.775200000000000045e+03 3.200000000000000178e+00 3.668000000000000000e+03
8.891000000000000000e+03 9.354000000000000000e+03 1.570799999999999955e+03 3.200000000000000178e+00 3.636000000000000000e+03
8.168000000000000000e+03 9.341000000000000000e+03 9.740000000000000000e+02 3.100000000000000089e+00 3.716000000000000000e+03
9.021000000000000000e+03 9.332000000000000000e+03 1.825099999999999909e+03 3.600000000000000089e+00 3.742000000000000000e+03
9.005000000000000000e+03 9.314000000000000000e+03 1.825099999999999909e+03 3.200000000000000178e+00 3.616000000000000000e+03
8.702000000000000000e+03 9.372000000000000000e+03 1.397799999999999955e+03 3.200000000000000178e+00 3.666000000000000000e+03
8.993000000000000000e+03 9.319000000000000000e+03 1.825099999999999909e+03 3.500000000000000000e+00 3.708000000000000000e+03
9.060000000000000000e+03 9.304000000000000000e+03 1.825099999999999909e+03 3.399999999999999911e+00 3.641000000000000000e+03
9.011000000000000000e+03 9.323000000000000000e+03 1.774799999999999955e+03 3.399999999999999911e+00 3.719000000000000000e+03
8.971000000000000000e+03 9.283000000000000000e+03 1.825099999999999909e+03 3.600000000000000089e+00 3.693000000000000000e+03
8.661000000000000000e+03 9.319000000000000000e+03 1.403000000000000000e+03 3.200000000000000178e+00 3.714000000000000000e+03
8.435000000000000000e+03 9.326000000000000000e+03 1.229299999999999955e+03 3.500000000000000000e+00 3.673000000000000000e+03
8.995000000000000000e+03 9.313000000000000000e+03 1.825099999999999909e+03 3.500000000000000000e+00 3.752000000000000000e+03
8.919000000000000000e+03 9.367000000000000000e+03 1.669400000000000091e+03 3.200000000000000178e+00 3.692000000000000000e+03
8.619000000000000000e+03 9.348000000000000000e+03 1.325299999999999955e+03 3.200000000000000178e+00 3.673000000000000000e+03
8.615000000000000000e+03 9.351000000000000000e+03 1.302099999999999909e+03 3.399999999999999911e+00 3.701000000000000000e+03
8.903000000000000000e+03 9.322000000000000000e+03 1.825099999999999909e+03 3.399999999999999911e+00 3.744000000000000000e+03
9.024000000000000000e+03 9.353000000000000000e+03 1.825099999999999909e+03 3.399999999999999911e+00 3.659000000000000000e+03
8.701000000000000000e+03 9.351000000000000000e+03 1.476099999999999909e+03 3.200000000000000178e+00 3.759000000000000000e+03
8.871000000000000000e+03 9.319000000000000000e+03 1.582099999999999909e+03 3.399999999999999911e+00 3.685000000000000000e+03
8.476000000000000000e+03 9.287000000000000000e+03 1.199299999999999955e+03 3.200000000000000178e+00 3.786000000000000000e+03
9.019000000000000000e+03 9.380000000000000000e+03 1.823299999999999955e+03 3.299999999999999822e+00 3.615000000000000000e+03
9.064000000000000000e+03 9.348000000000000000e+03 1.825099999999999909e+03 3.399999999999999911e+00 3.692000000000000000e+03
9.081000000000000000e+03 9.334000000000000000e+03 1.825099999999999909e+03 3.500000000000000000e+00 3.628000000000000000e+03
8.181000000000000000e+03 9.365000000000000000e+03 9.735000000000000000e+02 3.500000000000000000e+00 3.709000000000000000e+03
8.938000000000000000e+03 9.335000000000000000e+03 1.708000000000000000e+03 3.299999999999999822e+00 3.694000000000000000e+03
8.692000000000000000e+03 9.325000000000000000e+03 1.352500000000000000e+03 3.299999999999999822e+00 3.628000000000000000e+03
8.833000000000000000e+03 9.364000000000000000e+03 1.566299999999999955e+03 3.200000000000000178e+00 3.682000000000000000e+03
9.029000000000000000e+03 9.295000000000000000e+03 1.825099999999999909e+03 3.299999999999999822e+00 3.795000000000000000e+03
8.987000000000000000e+03 9.368000000000000000e+03 1.825099999999999909e+03 3.200000000000000178e+00 3.673000000000000000e+03
8.957000000000000000e+03 9.384000000000000000e+03 1.690500000000000000e+03 3.299999999999999822e+00 3.691000000000000000e+03
8.960000000000000000e+03 9.290000000000000000e+03 1.809200000000000045e+03 3.600000000000000089e+00 3.693000000000000000e+03
8.619000000000000000e+03 9.329000000000000000e+03 1.356200000000000045e+03 3.399999999999999911e+00 3.653000000000000000e+03
8.955000000000000000e+03 9.375000000000000000e+03 1.782299999999999955e+03 3.200000000000000178e+00 3.663000000000000000e+03
9.027000000000000000e+03 9.323000000000000000e+03 1.825099999999999909e+03 3.399999999999999911e+00 3.680000000000000000e+03
8.304000000000000000e+03 9.354000000000000000e+03 1.057700000000000045e+03 3.399999999999999911e+00 3.629000000000000000e+03
8.915000000000000000e+03 9.346000000000000000e+03 1.672700000000000045e+03 3.299999999999999822e+00 3.653000000000000000e+03
8.929000000000000000e+03 9.371000000000000000e+03 1.825099999999999909e+03 3.299999999999999822e+00 3.640000000000000000e+03
8.021000000000000000e+03 9.410000000000000000e+03 9.236000000000000227e+02 3.200000000000000178e+00 3.716000000000000000e+03
9.019000000000000000e+03 9.277000000000000000e+03 1.805099999999999909e+03 3.600000000000000089e+00 3.695000000000000000e+03
8.697000000000000000e+03 9.382000000000000000e+03 1.336400000000000091e+03 3.200000000000000178e+00 3.733000000000000000e+03
8.992000000000000000e+03 9.348000000000000000e+03 1.825099999999999909e+03 3.200000000000000178e+00 3.621000000000000000e+03
8.838000000000000000e+03 9.361000000000000000e+03 1.704799999999999955e+03 3.200000000000000178e+00 3.780000000000000000e+03
8.884000000000000000e+03 9.353000000000000000e+03 1.603599999999999909e+03 3.100000000000000089e+00 3.668000000000000000e+03
8.704000000000000000e+03 9.320000000000000000e+03 1.323500000000000000e+03 3.399999999999999911e+00 3.564000000000000000e+03
8.879000000000000000e+03 9.270000000000000000e+03 1.607400000000000091e+03 3.500000000000000000e+00 3.658000000000000000e+03
9.015000000000000000e+03 9.323000000000000000e+03 1.767500000000000000e+03 3.500000000000000000e+00 3.748000000000000000e+03
9.009000000000000000e+03 9.346000000000000000e+03 1.825099999999999909e+03 3.200000000000000178e+00 3.649000000000000000e+03
9.033000000000000000e+03 9.287000000000000000e+03 1.825099999999999909e+03 3.399999999999999911e+00 3.668000000000000000e+03
8.987000000000000000e+03 9.375000000000000000e+03 1.725299999999999955e+03 3.200000000000000178e+00 3.713000000000000000e+03
9.023000000000000000e+03 9.371000000000000000e+03 1.825099999999999909e+03 3.399999999999999911e+00 3.672000000000000000e+03
8.814000000000000000e+03 9.358000000000000000e+03 1.468099999999999909e+03 3.100000000000000089e+00 3.583000000000000000e+03
8.438000000000000000e+03 9.324000000000000000e+03 1.146099999999999909e+03 3.299999999999999822e+00 3.720000000000000000e+03
9.031000000000000000e+03 9.296000000000000000e+03 1.825099999999999909e+03 3.399999999999999911e+00 3.623000000000000000e+03
8.931000000000000000e+03 9.315000000000000000e+03 1.661900000000000091e+03 3.399999999999999911e+00 3.671000000000000000e+03
8.199000000000000000e+03 9.375000000000000000e+03 1.034599999999999909e+03 3.100000000000000089e+00 3.751000000000000000e+03
8.471000000000000000e+03 9.354000000000000000e+03 1.225599999999999909e+03 3.200000000000000178e+00 3.758000000000000000e+03
8.895000000000000000e+03 9.333000000000000000e+03 1.676799999999999955e+03 3.299999999999999822e+00 3.693000000000000000e+03
8.582000000000000000e+03 9.335000000000000000e+03 1.280799999999999955e+03 3.200000000000000178e+00 3.658000000000000000e+03
8.841000000000000000e+03 9.347000000000000000e+03 1.553400000000000091e+03 3.200000000000000178e+00 3.721000000000000000e+03
8.988000000000000000e+03 9.322000000000000000e+03 1.825099999999999909e+03 3.399999999999999911e+00 3.667000000000000000e+03
9.028000000000000000e+03 9.390000000000000000e+03 1.800599999999999909e+03 3.200000000000000178e+00 3.634000000000000000e+03
8.829000000000000000e+03 9.390000000000000000e+03 1.580200000000000045e+03 3.299999999999999822e+00 3.728000000000000000e+03
8.811000000000000000e+03 9.298000000000000000e+03 1.623799999999999955e+03 3.399999999999999911e+00 3.725000000000000000e+03
8.944000000000000000e+03 9.377000000000000000e+03 1.825099999999999909e+03 3.399999999999999911e+00 3.740000000000000000e+03
8.877000000000000000e+03 9.333000000000000000e+03 1.680099999999999909e+03 3.600000000000000089e+00 3.699000000000000000e+03
8.860000000000000000e+03 9.268000000000000000e+03 1.676700000000000045e+03 3.500000000000000000e+00 3.790000000000000000e+03
8.673000000000000000e+03 9.364000000000000000e+03 1.417299999999999955e+03 3.299999999999999822e+00 3.694000000000000000e+03
8.657000000000000000e+03 9.377000000000000000e+03 1.345700000000000045e+03 3.200000000000000178e+00 3.643000000000000000e+03
8.975000000000000000e+03 9.368000000000000000e+03 1.825099999999999909e+03 3.100000000000000089e+00 3.676000000000000000e+03
8.921000000000000000e+03 9.348000000000000000e+03 1.685700000000000045e+03 3.200000000000000178e+00 3.651000000000000000e+03
8.872000000000000000e+03 9.334000000000000000e+03 1.648000000000000000e+03 3.200000000000000178e+00 3.653000000000000000e+03
8.990000000000000000e+03 9.333000000000000000e+03 1.825099999999999909e+03 3.500000000000000000e+00 3.808000000000000000e+03
8.988000000000000000e+03 9.377000000000000000e+03 1.825099999999999909e+03 3.100000000000000089e+00 3.701000000000000000e+03
8.950000000000000000e+03 9.369000000000000000e+03 1.825099999999999909e+03 3.399999999999999911e+00 3.587000000000000000e+03
8.684000000000000000e+03 9.410000000000000000e+03 1.315599999999999909e+03 3.200000000000000178e+00 3.604000000000000000e+03
8.710000000000000000e+03 9.317000000000000000e+03 1.405599999999999909e+03 3.600000000000000089e+00 3.740000000000000000e+03
8.887000000000000000e+03 9.349000000000000000e+03 1.679200000000000045e+03 3.299999999999999822e+00 3.712000000000000000e+03
9.039000000000000000e+03 9.316000000000000000e+03 1.825099999999999909e+03 3.200000000000000178e+00 3.581000000000000000e+03
8.675000000000000000e+03 9.364000000000000000e+03 1.398900000000000091e+03 3.000000000000000000e+00 3.628000000000000000e+03
9.049000000000000000e+03 9.381000000000000000e+03 1.825099999999999909e+03 3.100000000000000089e+00 3.684000000000000000e+03
8.939000000000000000e+03 9.354000000000000000e+03 1.758400000000000091e+03 3.399999999999999911e+00 3.608000000000000000e+03
8.408000000000000000e+03 9.379000000000000000e+03 1.080200000000000045e+03 3.200000000000000178e+00 3.593000000000000000e+03
8.903000000000000000e+03 9.330000000000000000e+03 1.743599999999999909e+03 3.200000000000000178e+00 3.737000000000000000e+03
9.008000000000000000e+03 9.358000000000000000e+03 1.825099999999999909e+03 3.299999999999999822e+00 3.625000000000000000e+03
9.064000000000000000e+03 9.249000000000000000e+03 1.825099999999999909e+03 3.799999999999999822e+00 3.705000000000000000e+03
8.580000000000000000e+03 9.347000000000000000e+03 1.268000000000000000e+03 3.100000000000000089e+00 3.704000000000000000e+03
8.561000000000000000e+03 9.325000000000000000e+03 1.310099999999999909e+03 3.700000000000000178e+00 3.605000000000000000e+03
8.997000000000000000e+03 9.325000000000000000e+03 1.825099999999999909e+03 3.200000000000000178e+00 3.705000000000000000e+03
8.892000000000000000e+03 9.386000000000000000e+03 1.632099999999999909e+03 3.399999999999999911e+00 3.620000000000000000e+03
8.562000000000000000e+03 9.310000000000000000e+03 1.291599999999999909e+03 3.500000000000000000e+00 3.684000000000000000e+03
8.615000000000000000e+03 9.363000000000000000e+03 1.397000000000000000e+03 3.000000000000000000e+00 3.719000000000000000e+03
9.015000000000000000e+03 9.279000000000000000e+03 1.825099999999999909e+03 3.600000000000000089e+00 3.746000000000000000e+03
8.455000000000000000e+03 9.366000000000000000e+03 1.285000000000000000e+03 3.100000000000000089e+00 3.665000000000000000e+03
8.638000000000000000e+03 9.351000000000000000e+03 1.339900000000000091e+03 3.100000000000000089e+00 3.700000000000000000e+03
8.813000000000000000e+03 9.336000000000000000e+03 1.538400000000000091e+03 3.600000000000000089e+00 3.721000000000000000e+03
8.735000000000000000e+03 9.309000000000000000e+03 1.480000000000000000e+03 3.600000000000000089e+00 3.731000000000000000e+03
8.960000000000000000e+03 9.329000000000000000e+03 1.825099999999999909e+03 3.299999999999999822e+00 3.672000000000000000e+03
9.023000000000000000e+03 9.304000000000000000e+03 1.825099999999999909e+03 3.500000000000000000e+00 3.652000000000000000e+03
9.031000000000000000e+03 9.314000000000000000e+03 1.825099999999999909e+03 3.600000000000000089e+00 3.716000000000000000e+03
8.378000000000000000e+03 9.342000000000000000e+03 1.071700000000000045e+03 3.399999999999999911e+00 3.603000000000000000e+03
9.093000000000000000e+03 9.314000000000000000e+03 1.825099999999999909e+03 3.399999999999999911e+00 3.697000000000000000e+03
8.325000000000000000e+03 9.332000000000000000e+03 1.190599999999999909e+03 3.600000000000000089e+00 3.714000000000000000e+03
9.008000000000000000e+03 9.370000000000000000e+03 1.825099999999999909e+03 3.399999999999999911e+00 3.660000000000000000e+03
8.930000000000000000e+03 9.304000000000000000e+03 1.689599999999999909e+03 3.399999999999999911e+00 3.703000000000000000e+03
8.684000000000000000e+03 9.298000000000000000e+03 1.384500000000000000e+03 3.200000000000000178e+00 3.617000000000000000e+03
8.212000000000000000e+03 9.343000000000000000e+03 1.042500000000000000e+03 3.200000000000000178e+00 3.627000000000000000e+03
8.657000000000000000e+03 9.349000000000000000e+03 1.368700000000000045e+03 3.100000000000000089e+00 3.612000000000000000e+03
8.507000000000000000e+03 9.338000000000000000e+03 1.259500000000000000e+03 3.500000000000000000e+00 3.694000000000000000e+03
9.046000000000000000e+03 9.364000000000000000e+03 1.825099999999999909e+03 3.100000000000000089e+00 3.692000000000000000e+03
8.901000000000000000e+03 9.286000000000000000e+03 1.745200000000000045e+03 3.700000000000000178e+00 3.665000000000000000e+03
8.351000000000000000e+03 9.373000000000000000e+03 1.075000000000000000e+03 3.200000000000000178e+00 3.647000000000000000e+03
8.897000000000000000e+03 9.346000000000000000e+03 1.681200000000000045e+03 3.100000000000000089e+00 3.638000000000000000e+03
8.628000000000000000e+03 9.377000000000000000e+03 1.339599999999999909e+03 3.200000000000000178e+00 3.718000000000000000e+03
8.730000000000000000e+03 9.299000000000000000e+03 1.416500000000000000e+03 3.500000000000000000e+00 3.646000000000000000e+03
8.921000000000000000e+03 9.347000000000000000e+03 1.825099999999999909e+03 3.299999999999999822e+00 3.748000000000000000e+03
8.926000000000000000e+03 9.276000000000000000e+03 1.726700000000000045e+03 3.600000000000000089e+00 3.661000000000000000e+03
8.996000000000000000e+03 9.384000000000000000e+03 1.825099999999999909e+03 3.200000000000000178e+00 3.735000000000000000e+03
8.710000000000000000e+03 9.335000000000000000e+03 1.408299999999999955e+03 3.200000000000000178e+00 3.664000000000000000e+03
8.979000000000000000e+03 9.320000000000000000e+03 1.825099999999999909e+03 3.399999999999999911e+00 3.710000000000000000e+03
8.522000000000000000e+03 9.408000000000000000e+03 1.210799999999999955e+03 3.100000000000000089e+00 3.670000000000000000e+03
9.030000000000000000e+03 9.376000000000000000e+03 1.825099999999999909e+03 3.500000000000000000e+00 3.694000000000000000e+03
8.973000000000000000e+03 9.343000000000000000e+03 1.825099999999999909e+03 3.399999999999999911e+00 3.711000000000000000e+03
9.023000000000000000e+03 9.317000000000000000e+03 1.825099999999999909e+03 3.299999999999999822e+00 3.641000000000000000e+03
9.014000000000000000e+03 9.320000000000000000e+03 1.763900000000000091e+03 3.299999999999999822e+00 3.674000000000000000e+03
8.782000000000000000e+03 9.371000000000000000e+03 1.576400000000000091e+03 3.399999999999999911e+00 3.625000000000000000e+03
8.813000000000000000e+03 9.344000000000000000e+03 1.586299999999999955e+03 3.299999999999999822e+00 3.717000000000000000e+03
8.943000000000000000e+03 9.298000000000000000e+03 1.779900000000000091e+03 3.600000000000000089e+00 3.765000000000000000e+03
8.803000000000000000e+03 9.336000000000000000e+03 1.583000000000000000e+03 3.100000000000000089e+00 3.690000000000000000e+03
8.956000000000000000e+03 9.352000000000000000e+03 1.825099999999999909e+03 3.200000000000000178e+00 3.667000000000000000e+03
8.956000000000000000e+03 9.298000000000000000e+03 1.799500000000000000e+03 3.299999999999999822e+00 3.657000000000000000e+03
8.138000000000000000e+03 9.364000000000000000e+03 9.462000000000000455e+02 3.299999999999999822e+00 3.697000000000000000e+03
8.855000000000000000e+03 9.317000000000000000e+03 1.549000000000000000e+03 3.500000000000000000e+00 3.701000000000000000e+03
8.871000000000000000e+03 9.289000000000000000e+03 1.662000000000000000e+03 3.600000000000000089e+00 3.569000000000000000e+03
8.419000000000000000e+03 9.384000000000000000e+03 1.144400000000000091e+03 3.100000000000000089e+00 3.698000000000000000e+03
8.942000000000000000e+03 9.391000000000000000e+03 1.825099999999999909e+03 3.100000000000000089e+00 3.672000000000000000e+03
8.568000000000000000e+03 9.321000000000000000e+03 1.260299999999999955e+03 3.399999999999999911e+00 3.623000000000000000e+03
9.012000000000000000e+03 9.357000000000000000e+03 1.825099999999999909e+03 3.000000000000000000e+00 3.704000000000000000e+03
8.611000000000000000e+03 9.390000000000000000e+03 1.256599999999999909e+03 3.299999999999999822e+00 3.709000000000000000e+03
8.115000000000000000e+03 9.399000000000000000e+03 9.455000000000000000e+02 3.100000000000000089e+00 3.730000000000000000e+03
8.808000000000000000e+03 9.314000000000000000e+03 1.578299999999999955e+03 3.299999999999999822e+00 3.718000000000000000e+03
9.008000000000000000e+03 9.316000000000000000e+03 1.814200000000000045e+03 3.200000000000000178e+00 3.703000000000000000e+03
8.737000000000000000e+03 9.325000000000000000e+03 1.425900000000000091e+03 3.200000000000000178e+00 3.638000000000000000e+03
8.799000000000000000e+03 9.359000000000000000e+03 1.563200000000000045e+03 3.299999999999999822e+00 3.764000000000000000e+03
8.838000000000000000e+03 9.293000000000000000e+03 1.722900000000000091e+03 3.399999999999999911e+00 3.694000000000000000e+03
8.843000000000000000e+03 9.274000000000000000e+03 1.657500000000000000e+03 3.299999999999999822e+00 3.680000000000000000e+03
9.008000000000000000e+03 9.300000000000000000e+03 1.825099999999999909e+03 3.700000000000000178e+00 3.663000000000000000e+03
9.062000000000000000e+03 9.394000000000000000e+03 1.825099999999999909e+03 3.100000000000000089e+00 3.645000000000000000e+03
8.996000000000000000e+03 9.268000000000000000e+03 1.825099999999999909e+03 4.000000000000000000e+00 3.716000000000000000e+03
8.597000000000000000e+03 9.291000000000000000e+03 1.326000000000000000e+03 3.299999999999999822e+00 3.679000000000000000e+03
8.842000000000000000e+03 9.351000000000000000e+03 1.600000000000000000e+03 3.200000000000000178e+00 3.668000000000000000e+03
8.949000000000000000e+03 9.349000000000000000e+03 1.825099999999999909e+03 3.299999999999999822e+00 3.790000000000000000e+03
8.865000000000000000e+03 9.350000000000000000e+03 1.699400000000000091e+03 3.100000000000000089e+00 3.637000000000000000e+03
8.673000000000000000e+03 9.391000000000000000e+03 1.351200000000000045e+03 3.100000000000000089e+00 3.681000000000000000e+03
8.492000000000000000e+03 9.393000000000000000e+03 1.201900000000000091e+03 3.200000000000000178e+00 3.701000000000000000e+03
8.680000000000000000e+03 9.367000000000000000e+03 1.405900000000000091e+03 3.299999999999999822e+00 3.671000000000000000e+03
9.055000000000000000e+03 9.364000000000000000e+03 1.825099999999999909e+03 3.200000000000000178e+00 3.660000000000000000e+03
8.572000000000000000e+03 9.343000000000000000e+03 1.274099999999999909e+03 3.299999999999999822e+00 3.640000000000000000e+03
8.919000000000000000e+03 9.311000000000000000e+03 1.688700000000000045e+03 3.299999999999999822e+00 3.676000000000000000e+03
8.370000000000000000e+03 9.375000000000000000e+03 1.134299999999999955e+03 3.299999999999999822e+00 3.601000000000000000e+03
9.005000000000000000e+03 9.370000000000000000e+03 1.825099999999999909e+03 3.200000000000000178e+00 3.670000000000000000e+03
8.951000000000000000e+03 9.339000000000000000e+03 1.688299999999999955e+03 3.299999999999999822e+00 3.744000000000000000e+03
8.890000000000000000e+03 9.360000000000000000e+03 1.589900000000000091e+03 3.500000000000000000e+00 3.608000000000000000e+03
8.330000000000000000e+03 9.356000000000000000e+03 1.046500000000000000e+03 3.200000000000000178e+00 3.587000000000000000e+03
8.968000000000000000e+03 9.341000000000000000e+03 1.825099999999999909e+03 3.299999999999999822e+00 3.657000000000000000e+03
9.014000000000000000e+03 9.355000000000000000e+03 1.825099999999999909e+03 3.299999999999999822e+00 3.763000000000000000e+03
8.635000000000000000e+03 9.332000000000000000e+03 1.419900000000000091e+03 3.299999999999999822e+00 3.702000000000000000e+03
9.057000000000000000e+03 9.362000000000000000e+03 1.825099999999999909e+03 3.100000000000000089e+00 3.669000000000000000e+03
9.045000000000000000e+03 9.368000000000000000e+03 1.825099999999999909e+03 3.299999999999999822e+00 3.711000000000000000e+03
9.034000000000000000e+03 9.346000000000000000e+03 1.825099999999999909e+03 3.200000000000000178e+00 3.687000000000000000e+03
