9.131000000000000000e+03 8.732000000000000000e+03 6.667999999999999545e+02 1.300000000000000000e+01 5.400000000000000000e+01
9.154000000000000000e+03 8.840000000000000000e+03 5.078999999999999773e+02 1.269999999999999929e+01 5.600000000000000000e+01
9.122000000000000000e+03 8.669000000000000000e+03 6.167999999999999545e+02 1.330000000000000071e+01 5.000000000000000000e+01
9.131000000000000000e+03 8.786000000000000000e+03 5.286000000000000227e+02 1.400000000000000000e+01 5.100000000000000000e+01
9.144000000000000000e+03 8.780000000000000000e+03 6.445000000000000000e+02 1.230000000000000071e+01 6.000000000000000000e+01
9.167000000000000000e+03 8.762000000000000000e+03 7.147999999999999545e+02 1.200000000000000000e+01 4.800000000000000000e+01
9.123000000000000000e+03 8.861000000000000000e+03 9.500000000000000000e+02 1.200000000000000000e+01 5.300000000000000000e+01
9.136000000000000000e+03 8.773000000000000000e+03 5.466000000000000227e+02 1.209999999999999964e+01 4.800000000000000000e+01
9.168000000000000000e+03 8.760000000000000000e+03 6.368999999999999773e+02 1.230000000000000071e+01 5.500000000000000000e+01
9.168000000000000000e+03 8.779000000000000000e+03 6.623999999999999773e+02 1.200000000000000000e+01 5.100000000000000000e+01
9.139000000000000000e+03 8.759000000000000000e+03 5.058000000000000114e+02 1.200000000000000000e+01 5.500000000000000000e+01
9.132000000000000000e+03 8.665000000000000000e+03 7.455000000000000000e+02 1.240000000000000036e+01 5.600000000000000000e+01
9.131000000000000000e+03 8.701000000000000000e+03 4.921000000000000227e+02 1.290000000000000036e+01 5.800000000000000000e+01
9.134000000000000000e+03 8.710000000000000000e+03 7.088999999999999773e+02 1.200000000000000000e+01 5.200000000000000000e+01
9.105000000000000000e+03 8.748000000000000000e+03 5.096999999999999886e+02 1.340000000000000036e+01 5.300000000000000000e+01
9.148000000000000000e+03 8.697000000000000000e+03 5.317000000000000455e+02 1.290000000000000036e+01 6.100000000000000000e+01
9.131000000000000000e+03 8.817000000000000000e+03 5.210000000000000000e+02 1.309999999999999964e+01 5.700000000000000000e+01
9.169000000000000000e+03 8.694000000000000000e+03 4.683000000000000114e+02 1.200000000000000000e+01 5.100000000000000000e+01
9.132000000000000000e+03 8.844000000000000000e+03 5.988999999999999773e+02 1.250000000000000000e+01 5.400000000000000000e+01
9.160000000000000000e+03 8.798000000000000000e+03 5.192000000000000455e+02 1.259999999999999964e+01 5.000000000000000000e+01
9.114000000000000000e+03 8.808000000000000000e+03 5.840000000000000000e+02 1.330000000000000071e+01 5.000000000000000000e+01
9.150000000000000000e+03 8.778000000000000000e+03 6.725000000000000000e+02 1.369999999999999929e+01 5.700000000000000000e+01
9.129000000000000000e+03 8.738000000000000000e+03 5.708999999999999773e+02 1.340000000000000036e+01 5.500000000000000000e+01
9.133000000000000000e+03 8.813000000000000000e+03 6.031000000000000227e+02 1.180000000000000071e+01 5.100000000000000000e+01
9.156000000000000000e+03 8.820000000000000000e+03 7.805000000000000000e+02 1.250000000000000000e+01 5.200000000000000000e+01
9.144000000000000000e+03 8.737000000000000000e+03 5.676000000000000227e+02 1.219999999999999929e+01 5.500000000000000000e+01
9.143000000000000000e+03 8.702000000000000000e+03 5.915000000000000000e+02 1.300000000000000000e+01 4.900000000000000000e+01
9.151000000000000000e+03 8.826000000000000000e+03 5.831000000000000227e+02 1.300000000000000000e+01 5.500000000000000000e+01
9.136000000000000000e+03 8.707000000000000000e+03 5.722000000000000455e+02 1.219999999999999929e+01 5.600000000000000000e+01
9.119000000000000000e+03 8.756000000000000000e+03 6.277999999999999545e+02 1.269999999999999929e+01 5.800000000000000000e+01
9.099000000000000000e+03 8.755000000000000000e+03 5.800000000000000000e+02 1.209999999999999964e+01 6.000000000000000000e+01
9.151000000000000000e+03 8.860000000000000000e+03 6.083999999999999773e+02 1.269999999999999929e+01 5.300000000000000000e+01
9.118000000000000000e+03 8.741000000000000000e+03 6.502999999999999545e+02 1.219999999999999929e+01 5.700000000000000000e+01
9.179000000000000000e+03 8.791000000000000000e+03 9.432000000000000455e+02 1.200000000000000000e+01 4.700000000000000000e+01
9.123000000000000000e+03 8.728000000000000000e+03 4.671999999999999886e+02 1.259999999999999964e+01 5.700000000000000000e+01
9.159000000000000000e+03 8.786000000000000000e+03 6.160000000000000000e+02 1.290000000000000036e+01 5.300000000000000000e+01
9.144000000000000000e+03 8.742000000000000000e+03 8.492999999999999545e+02 1.200000000000000000e+01 5.700000000000000000e+01
9.113000000000000000e+03 8.772000000000000000e+03 6.821000000000000227e+02 1.269999999999999929e+01 5.600000000000000000e+01
9.111000000000000000e+03 8.660000000000000000e+03 6.302999999999999545e+02 1.350000000000000000e+01 5.000000000000000000e+01
9.100000000000000000e+03 8.713000000000000000e+03 5.632000000000000455e+02 1.309999999999999964e+01 5.100000000000000000e+01
9.146000000000000000e+03 8.794000000000000000e+03 5.532999999999999545e+02 1.369999999999999929e+01 5.200000000000000000e+01
9.121000000000000000e+03 8.783000000000000000e+03 4.938000000000000114e+02 1.350000000000000000e+01 4.800000000000000000e+01
9.114000000000000000e+03 8.704000000000000000e+03 5.452000000000000455e+02 1.290000000000000036e+01 5.000000000000000000e+01
9.132000000000000000e+03 8.759000000000000000e+03 4.765000000000000000e+02 1.219999999999999929e+01 5.500000000000000000e+01
9.145000000000000000e+03 8.807000000000000000e+03 6.675000000000000000e+02 1.240000000000000036e+01 5.100000000000000000e+01
9.149000000000000000e+03 8.765000000000000000e+03 6.310000000000000000e+02 1.200000000000000000e+01 5.200000000000000000e+01
9.145000000000000000e+03 8.713000000000000000e+03 6.866000000000000227e+02 1.230000000000000071e+01 5.300000000000000000e+01
9.127000000000000000e+03 8.752000000000000000e+03 5.193999999999999773e+02 1.230000000000000071e+01 5.500000000000000000e+01
9.125000000000000000e+03 8.709000000000000000e+03 5.571000000000000227e+02 1.319999999999999929e+01 5.400000000000000000e+01
9.081000000000000000e+03 8.797000000000000000e+03 9.732000000000000455e+02 1.230000000000000071e+01 5.100000000000000000e+01
9.135000000000000000e+03 8.781000000000000000e+03 5.942999999999999545e+02 1.359999999999999964e+01 4.900000000000000000e+01
9.153000000000000000e+03 8.771000000000000000e+03 7.418999999999999773e+02 1.290000000000000036e+01 5.700000000000000000e+01
9.106000000000000000e+03 8.781000000000000000e+03 6.887000000000000455e+02 1.140000000000000036e+01 5.300000000000000000e+01
9.126000000000000000e+03 8.778000000000000000e+03 5.612999999999999545e+02 1.130000000000000071e+01 5.800000000000000000e+01
9.164000000000000000e+03 8.833000000000000000e+03 5.202000000000000455e+02 1.309999999999999964e+01 5.800000000000000000e+01
9.107000000000000000e+03 8.595000000000000000e+03 5.338999999999999773e+02 1.269999999999999929e+01 5.200000000000000000e+01
9.198000000000000000e+03 8.748000000000000000e+03 5.957000000000000455e+02 1.250000000000000000e+01 4.700000000000000000e+01
9.191000000000000000e+03 8.730000000000000000e+03 5.336000000000000227e+02 1.269999999999999929e+01 4.900000000000000000e+01
9.137000000000000000e+03 8.742000000000000000e+03 7.036000000000000227e+02 1.309999999999999964e+01 4.900000000000000000e+01
9.108000000000000000e+03 8.753000000000000000e+03 6.592999999999999545e+02 1.230000000000000071e+01 6.500000000000000000e+01
9.118000000000000000e+03 8.810000000000000000e+03 5.352000000000000455e+02 1.250000000000000000e+01 5.000000000000000000e+01
9.154000000000000000e+03 8.632000000000000000e+03 5.637000000000000455e+02 1.250000000000000000e+01 5.400000000000000000e+01
9.203000000000000000e+03 8.808000000000000000e+03 6.942999999999999545e+02 1.250000000000000000e+01 5.400000000000000000e+01
9.168000000000000000e+03 8.813000000000000000e+03 9.142000000000000455e+02 1.240000000000000036e+01 4.900000000000000000e+01
9.128000000000000000e+03 8.801000000000000000e+03 5.732000000000000455e+02 1.190000000000000036e+01 5.400000000000000000e+01
9.143000000000000000e+03 8.739000000000000000e+03 7.675000000000000000e+02 1.300000000000000000e+01 5.300000000000000000e+01
9.139000000000000000e+03 8.736000000000000000e+03 5.463999999999999773e+02 1.240000000000000036e+01 5.100000000000000000e+01
9.128000000000000000e+03 8.856000000000000000e+03 5.613999999999999773e+02 1.169999999999999929e+01 4.800000000000000000e+01
9.139000000000000000e+03 8.772000000000000000e+03 9.746000000000000227e+02 1.219999999999999929e+01 5.400000000000000000e+01
9.109000000000000000e+03 8.799000000000000000e+03 4.813000000000000114e+02 1.440000000000000036e+01 5.200000000000000000e+01
9.142000000000000000e+03 8.739000000000000000e+03 5.213999999999999773e+02 1.309999999999999964e+01 5.900000000000000000e+01
9.093000000000000000e+03 8.676000000000000000e+03 6.618999999999999773e+02 1.250000000000000000e+01 5.500000000000000000e+01
9.110000000000000000e+03 8.710000000000000000e+03 6.323999999999999773e+02 1.269999999999999929e+01 5.600000000000000000e+01
9.158000000000000000e+03 8.728000000000000000e+03 5.892000000000000455e+02 1.150000000000000000e+01 5.300000000000000000e+01
9.134000000000000000e+03 8.755000000000000000e+03 5.858999999999999773e+02 1.259999999999999964e+01 5.400000000000000000e+01
9.111000000000000000e+03 8.697000000000000000e+03 5.540000000000000000e+02 1.350000000000000000e+01 5.400000000000000000e+01
9.122000000000000000e+03 8.772000000000000000e+03 8.658999999999999773e+02 1.200000000000000000e+01 5.200000000000000000e+01
9.163000000000000000e+03 8.760000000000000000e+03 5.338999999999999773e+02 1.209999999999999964e+01 5.000000000000000000e+01
9.130000000000000000e+03 8.857000000000000000e+03 6.891000000000000227e+02 1.200000000000000000e+01 5.300000000000000000e+01
9.122000000000000000e+03 8.848000000000000000e+03 5.106999999999999886e+02 1.259999999999999964e+01 5.000000000000000000e+01
9.107000000000000000e+03 8.860000000000000000e+03 4.063000000000000114e+02 1.180000000000000071e+01 5.100000000000000000e+01
9.132000000000000000e+03 8.764000000000000000e+03 6.162000000000000455e+02 1.250000000000000000e+01 5.400000000000000000e+01
9.125000000000000000e+03 8.844000000000000000e+03 7.607999999999999545e+02 1.200000000000000000e+01 5.900000000000000000e+01
9.130000000000000000e+03 8.781000000000000000e+03 5.643999999999999773e+02 1.259999999999999964e+01 4.900000000000000000e+01
9.125000000000000000e+03 8.794000000000000000e+03 5.546000000000000227e+02 1.180000000000000071e+01 5.300000000000000000e+01
9.139000000000000000e+03 8.695000000000000000e+03 5.877000000000000455e+02 1.300000000000000000e+01 5.600000000000000000e+01
9.160000000000000000e+03 8.770000000000000000e+03 8.195000000000000000e+02 1.180000000000000071e+01 5.800000000000000000e+01
9.126000000000000000e+03 8.743000000000000000e+03 6.292999999999999545e+02 1.309999999999999964e+01 5.100000000000000000e+01
9.100000000000000000e+03 8.747000000000000000e+03 5.452000000000000455e+02 1.330000000000000071e+01 5.800000000000000000e+01
9.150000000000000000e+03 8.792000000000000000e+03 9.862999999999999545e+02 1.209999999999999964e+01 5.100000000000000000e+01
9.134000000000000000e+03 8.783000000000000000e+03 7.027999999999999545e+02 1.209999999999999964e+01 5.600000000000000000e+01
9.107000000000000000e+03 8.752000000000000000e+03 8.042000000000000455e+02 1.209999999999999964e+01 5.800000000000000000e+01
9.141000000000000000e+03 8.800000000000000000e+03 5.821000000000000227e+02 1.230000000000000071e+01 4.700000000000000000e+01
9.179000000000000000e+03 8.770000000000000000e+03 8.282999999999999545e+02 1.300000000000000000e+01 5.500000000000000000e+01
9.130000000000000000e+03 8.721000000000000000e+03 4.555000000000000000e+02 1.300000000000000000e+01 4.900000000000000000e+01
9.142000000000000000e+03 8.826000000000000000e+03 6.012000000000000455e+02 1.150000000000000000e+01 5.400000000000000000e+01
9.141000000000000000e+03 8.787000000000000000e+03 4.901000000000000227e+02 1.180000000000000071e+01 5.700000000000000000e+01
9.166000000000000000e+03 8.793000000000000000e+03 5.317000000000000455e+02 1.219999999999999929e+01 6.000000000000000000e+01
9.153000000000000000e+03 8.755000000000000000e+03 5.906000000000000227e+02 1.340000000000000036e+01 5.200000000000000000e+01
9.138000000000000000e+03 8.735000000000000000e+03 5.410000000000000000e+02 1.409999999999999964e+01 5.600000000000000000e+01
9.161000000000000000e+03 8.709000000000000000e+03 6.067999999999999545e+02 1.209999999999999964e+01 5.700000000000000000e+01
9.137000000000000000e+03 8.669000000000000000e+03 5.610000000000000000e+02 1.300000000000000000e+01 4.800000000000000000e+01
9.162000000000000000e+03 8.719000000000000000e+03 8.067000000000000455e+02 1.280000000000000071e+01 5.600000000000000000e+01
9.174000000000000000e+03 8.830000000000000000e+03 4.765000000000000000e+02 1.200000000000000000e+01 5.200000000000000000e+01
9.109000000000000000e+03 8.753000000000000000e+03 5.101000000000000227e+02 1.330000000000000071e+01 5.200000000000000000e+01
9.165000000000000000e+03 8.708000000000000000e+03 5.280000000000000000e+02 1.230000000000000071e+01 5.100000000000000000e+01
9.127000000000000000e+03 8.831000000000000000e+03 5.701000000000000227e+02 1.209999999999999964e+01 5.500000000000000000e+01
9.160000000000000000e+03 8.674000000000000000e+03 5.531000000000000227e+02 1.280000000000000071e+01 5.200000000000000000e+01
9.127000000000000000e+03 8.745000000000000000e+03 6.027999999999999545e+02 1.300000000000000000e+01 5.400000000000000000e+01
9.113000000000000000e+03 8.776000000000000000e+03 6.405000000000000000e+02 1.300000000000000000e+01 5.300000000000000000e+01
9.166000000000000000e+03 8.746000000000000000e+03 6.440000000000000000e+02 1.269999999999999929e+01 5.500000000000000000e+01
9.122000000000000000e+03 8.796000000000000000e+03 6.640000000000000000e+02 1.309999999999999964e+01 4.900000000000000000e+01
9.133000000000000000e+03 8.766000000000000000e+03 5.787999999999999545e+02 1.290000000000000036e+01 5.300000000000000000e+01
9.112000000000000000e+03 8.729000000000000000e+03 6.438999999999999773e+02 1.250000000000000000e+01 5.300000000000000000e+01
9.094000000000000000e+03 8.776000000000000000e+03 6.318999999999999773e+02 1.209999999999999964e+01 5.500000000000000000e+01
9.130000000000000000e+03 8.715000000000000000e+03 5.780000000000000000e+02 1.200000000000000000e+01 5.500000000000000000e+01
9.128000000000000000e+03 8.759000000000000000e+03 7.657999999999999545e+02 1.209999999999999964e+01 5.400000000000000000e+01
9.122000000000000000e+03 8.742000000000000000e+03 5.276000000000000227e+02 1.180000000000000071e+01 5.300000000000000000e+01
9.127000000000000000e+03 8.764000000000000000e+03 7.592000000000000455e+02 1.309999999999999964e+01 5.700000000000000000e+01
9.102000000000000000e+03 8.733000000000000000e+03 5.537000000000000455e+02 1.340000000000000036e+01 5.200000000000000000e+01
9.133000000000000000e+03 8.817000000000000000e+03 7.848999999999999773e+02 1.409999999999999964e+01 5.700000000000000000e+01
9.132000000000000000e+03 8.798000000000000000e+03 5.153999999999999773e+02 1.230000000000000071e+01 5.600000000000000000e+01
9.155000000000000000e+03 8.726000000000000000e+03 5.512999999999999545e+02 1.300000000000000000e+01 5.600000000000000000e+01
9.111000000000000000e+03 8.787000000000000000e+03 9.652000000000000455e+02 1.219999999999999929e+01 5.100000000000000000e+01
9.176000000000000000e+03 8.782000000000000000e+03 5.877000000000000455e+02 1.190000000000000036e+01 4.900000000000000000e+01
9.177000000000000000e+03 8.711000000000000000e+03 5.081000000000000227e+02 1.350000000000000000e+01 5.000000000000000000e+01
9.124000000000000000e+03 8.750000000000000000e+03 5.615000000000000000e+02 1.209999999999999964e+01 5.300000000000000000e+01
9.154000000000000000e+03 8.713000000000000000e+03 4.851999999999999886e+02 1.190000000000000036e+01 5.100000000000000000e+01
9.143000000000000000e+03 8.706000000000000000e+03 4.730000000000000000e+02 1.269999999999999929e+01 5.900000000000000000e+01
9.103000000000000000e+03 8.755000000000000000e+03 5.655000000000000000e+02 1.309999999999999964e+01 5.900000000000000000e+01
9.153000000000000000e+03 8.822000000000000000e+03 5.706000000000000227e+02 1.219999999999999929e+01 5.500000000000000000e+01
9.106000000000000000e+03 8.734000000000000000e+03 4.896999999999999886e+02 1.250000000000000000e+01 4.900000000000000000e+01
9.153000000000000000e+03 8.715000000000000000e+03 5.213999999999999773e+02 1.240000000000000036e+01 5.200000000000000000e+01
9.137000000000000000e+03 8.731000000000000000e+03 4.768999999999999773e+02 1.309999999999999964e+01 5.000000000000000000e+01
9.104000000000000000e+03 8.781000000000000000e+03 8.177000000000000455e+02 1.250000000000000000e+01 5.900000000000000000e+01
9.137000000000000000e+03 8.745000000000000000e+03 6.991000000000000227e+02 1.319999999999999929e+01 5.400000000000000000e+01
9.126000000000000000e+03 8.732000000000000000e+03 5.998999999999999773e+02 1.219999999999999929e+01 5.100000000000000000e+01
9.147000000000000000e+03 8.790000000000000000e+03 7.221000000000000227e+02 1.230000000000000071e+01 5.000000000000000000e+01
9.073000000000000000e+03 8.615000000000000000e+03 7.227999999999999545e+02 1.280000000000000071e+01 5.200000000000000000e+01
9.102000000000000000e+03 8.774000000000000000e+03 5.442000000000000455e+02 1.300000000000000000e+01 5.000000000000000000e+01
9.138000000000000000e+03 8.726000000000000000e+03 4.583000000000000114e+02 1.200000000000000000e+01 5.300000000000000000e+01
9.140000000000000000e+03 8.723000000000000000e+03 6.312999999999999545e+02 1.169999999999999929e+01 5.600000000000000000e+01
9.103000000000000000e+03 8.787000000000000000e+03 5.680000000000000000e+02 1.169999999999999929e+01 5.500000000000000000e+01
9.120000000000000000e+03 8.767000000000000000e+03 5.736000000000000227e+02 1.230000000000000071e+01 5.000000000000000000e+01
9.144000000000000000e+03 8.797000000000000000e+03 4.486000000000000227e+02 1.200000000000000000e+01 5.200000000000000000e+01
9.117000000000000000e+03 8.772000000000000000e+03 5.467999999999999545e+02 1.259999999999999964e+01 5.300000000000000000e+01
9.093000000000000000e+03 8.711000000000000000e+03 5.561000000000000227e+02 1.230000000000000071e+01 5.100000000000000000e+01
9.111000000000000000e+03 8.739000000000000000e+03 7.088999999999999773e+02 1.280000000000000071e+01 5.000000000000000000e+01
9.143000000000000000e+03 8.769000000000000000e+03 7.407999999999999545e+02 1.300000000000000000e+01 5.200000000000000000e+01
9.143000000000000000e+03 8.717000000000000000e+03 6.098999999999999773e+02 1.200000000000000000e+01 5.000000000000000000e+01
9.119000000000000000e+03 8.810000000000000000e+03 6.206000000000000227e+02 1.300000000000000000e+01 5.100000000000000000e+01
9.121000000000000000e+03 8.702000000000000000e+03 6.395000000000000000e+02 1.240000000000000036e+01 5.300000000000000000e+01
9.122000000000000000e+03 8.746000000000000000e+03 5.956000000000000227e+02 1.259999999999999964e+01 5.700000000000000000e+01
9.130000000000000000e+03 8.731000000000000000e+03 5.988999999999999773e+02 1.180000000000000071e+01 5.400000000000000000e+01
9.103000000000000000e+03 8.769000000000000000e+03 5.872000000000000455e+02 1.259999999999999964e+01 5.400000000000000000e+01
9.113000000000000000e+03 8.700000000000000000e+03 1.019799999999999955e+03 1.250000000000000000e+01 4.900000000000000000e+01
9.110000000000000000e+03 8.757000000000000000e+03 5.848999999999999773e+02 1.140000000000000036e+01 5.400000000000000000e+01
9.130000000000000000e+03 8.769000000000000000e+03 7.738999999999999773e+02 1.250000000000000000e+01 6.200000000000000000e+01
9.104000000000000000e+03 8.755000000000000000e+03 5.076000000000000227e+02 1.309999999999999964e+01 4.700000000000000000e+01
9.136000000000000000e+03 8.806000000000000000e+03 5.741000000000000227e+02 1.290000000000000036e+01 5.600000000000000000e+01
9.153000000000000000e+03 8.724000000000000000e+03 7.158999999999999773e+02 1.250000000000000000e+01 4.800000000000000000e+01
9.111000000000000000e+03 8.733000000000000000e+03 6.857000000000000455e+02 1.200000000000000000e+01 4.900000000000000000e+01
9.111000000000000000e+03 8.783000000000000000e+03 5.571000000000000227e+02 1.330000000000000071e+01 6.000000000000000000e+01
9.117000000000000000e+03 8.793000000000000000e+03 7.368999999999999773e+02 1.280000000000000071e+01 5.100000000000000000e+01
9.118000000000000000e+03 8.784000000000000000e+03 5.413999999999999773e+02 1.240000000000000036e+01 5.500000000000000000e+01
9.120000000000000000e+03 8.756000000000000000e+03 4.983999999999999773e+02 1.319999999999999929e+01 4.800000000000000000e+01
9.142000000000000000e+03 8.745000000000000000e+03 5.647999999999999545e+02 1.190000000000000036e+01 5.600000000000000000e+01
9.166000000000000000e+03 8.693000000000000000e+03 7.172999999999999545e+02 1.250000000000000000e+01 5.200000000000000000e+01
9.153000000000000000e+03 8.803000000000000000e+03 6.642999999999999545e+02 1.319999999999999929e+01 5.400000000000000000e+01
9.136000000000000000e+03 8.717000000000000000e+03 4.418999999999999773e+02 1.259999999999999964e+01 5.400000000000000000e+01
9.110000000000000000e+03 8.727000000000000000e+03 4.931999999999999886e+02 1.319999999999999929e+01 5.000000000000000000e+01
9.156000000000000000e+03 8.714000000000000000e+03 9.781000000000000227e+02 1.280000000000000071e+01 5.500000000000000000e+01
9.159000000000000000e+03 8.748000000000000000e+03 9.928999999999999773e+02 1.350000000000000000e+01 4.900000000000000000e+01
9.149000000000000000e+03 8.656000000000000000e+03 7.501000000000000227e+02 1.169999999999999929e+01 5.600000000000000000e+01
9.149000000000000000e+03 8.791000000000000000e+03 6.837999999999999545e+02 1.269999999999999929e+01 5.400000000000000000e+01
9.157000000000000000e+03 8.821000000000000000e+03 5.352000000000000455e+02 1.209999999999999964e+01 5.300000000000000000e+01
9.121000000000000000e+03 8.743000000000000000e+03 5.276000000000000227e+02 1.259999999999999964e+01 5.100000000000000000e+01
9.135000000000000000e+03 8.705000000000000000e+03 6.410000000000000000e+02 1.309999999999999964e+01 6.100000000000000000e+01
9.093000000000000000e+03 8.815000000000000000e+03 5.896000000000000227e+02 1.219999999999999929e+01 5.100000000000000000e+01
9.121000000000000000e+03 8.751000000000000000e+03 4.683000000000000114e+02 1.319999999999999929e+01 5.600000000000000000e+01
9.106000000000000000e+03 8.743000000000000000e+03 5.750000000000000000e+02 1.190000000000000036e+01 5.000000000000000000e+01
9.150000000000000000e+03 8.696000000000000000e+03 7.207999999999999545e+02 1.200000000000000000e+01 5.000000000000000000e+01
9.162000000000000000e+03 8.761000000000000000e+03 5.210000000000000000e+02 1.219999999999999929e+01 5.200000000000000000e+01
9.120000000000000000e+03 8.789000000000000000e+03 5.943999999999999773e+02 1.300000000000000000e+01 5.000000000000000000e+01
9.132000000000000000e+03 8.796000000000000000e+03 6.845000000000000000e+02 1.169999999999999929e+01 4.900000000000000000e+01
9.139000000000000000e+03 8.777000000000000000e+03 5.688999999999999773e+02 1.280000000000000071e+01 5.400000000000000000e+01
9.122000000000000000e+03 8.753000000000000000e+03 5.952000000000000455e+02 1.200000000000000000e+01 5.200000000000000000e+01
9.123000000000000000e+03 8.792000000000000000e+03 8.905000000000000000e+02 1.269999999999999929e+01 5.100000000000000000e+01
9.137000000000000000e+03 8.773000000000000000e+03 9.331000000000000227e+02 1.150000000000000000e+01 5.500000000000000000e+01
9.143000000000000000e+03 8.782000000000000000e+03 5.451000000000000227e+02 1.169999999999999929e+01 5.300000000000000000e+01
9.159000000000000000e+03 8.765000000000000000e+03 5.066000000000000227e+02 1.159999999999999964e+01 5.100000000000000000e+01
9.160000000000000000e+03 8.698000000000000000e+03 8.182000000000000455e+02 1.330000000000000071e+01 5.100000000000000000e+01
9.135000000000000000e+03 8.837000000000000000e+03 8.965000000000000000e+02 1.140000000000000036e+01 5.500000000000000000e+01
9.180000000000000000e+03 8.893000000000000000e+03 5.046999999999999886e+02 1.130000000000000071e+01 5.500000000000000000e+01
9.117000000000000000e+03 8.757000000000000000e+03 7.563999999999999773e+02 1.190000000000000036e+01 5.400000000000000000e+01
9.137000000000000000e+03 8.695000000000000000e+03 5.625000000000000000e+02 1.390000000000000036e+01 5.500000000000000000e+01
9.134000000000000000e+03 8.765000000000000000e+03 4.708000000000000114e+02 1.319999999999999929e+01 5.300000000000000000e+01
9.147000000000000000e+03 8.736000000000000000e+03 6.172000000000000455e+02 1.259999999999999964e+01 5.200000000000000000e+01
9.146000000000000000e+03 8.702000000000000000e+03 6.498999999999999773e+02 1.280000000000000071e+01 4.800000000000000000e+01
9.131000000000000000e+03 8.742000000000000000e+03 5.713999999999999773e+02 1.230000000000000071e+01 5.200000000000000000e+01
9.157000000000000000e+03 8.752000000000000000e+03 5.043000000000000114e+02 1.269999999999999929e+01 5.500000000000000000e+01
9.146000000000000000e+03 8.783000000000000000e+03 7.915000000000000000e+02 1.400000000000000000e+01 5.400000000000000000e+01
9.094000000000000000e+03 8.810000000000000000e+03 5.637000000000000455e+02 1.250000000000000000e+01 5.500000000000000000e+01
9.147000000000000000e+03 8.795000000000000000e+03 6.517000000000000455e+02 1.200000000000000000e+01 5.400000000000000000e+01
9.109000000000000000e+03 8.771000000000000000e+03 9.347000000000000455e+02 1.300000000000000000e+01 5.200000000000000000e+01
9.143000000000000000e+03 8.732000000000000000e+03 4.518000000000000114e+02 1.269999999999999929e+01 5.400000000000000000e+01
9.111000000000000000e+03 8.705000000000000000e+03 5.068999999999999773e+02 1.319999999999999929e+01 5.900000000000000000e+01
9.142000000000000000e+03 8.739000000000000000e+03 5.237999999999999545e+02 1.300000000000000000e+01 4.900000000000000000e+01
9.114000000000000000e+03 8.690000000000000000e+03 5.613999999999999773e+02 1.200000000000000000e+01 5.300000000000000000e+01
9.153000000000000000e+03 8.805000000000000000e+03 5.363999999999999773e+02 1.230000000000000071e+01 5.800000000000000000e+01
9.138000000000000000e+03 8.766000000000000000e+03 5.477999999999999545e+02 1.359999999999999964e+01 5.100000000000000000e+01
9.104000000000000000e+03 8.701000000000000000e+03 6.427999999999999545e+02 1.259999999999999964e+01 5.100000000000000000e+01
9.147000000000000000e+03 8.774000000000000000e+03 5.807999999999999545e+02 1.200000000000000000e+01 5.300000000000000000e+01
9.118000000000000000e+03 8.710000000000000000e+03 5.115000000000000000e+02 1.330000000000000071e+01 5.000000000000000000e+01
9.147000000000000000e+03 8.716000000000000000e+03 1.018600000000000023e+03 1.119999999999999929e+01 4.900000000000000000e+01
9.134000000000000000e+03 8.820000000000000000e+03 8.607000000000000455e+02 1.200000000000000000e+01 5.500000000000000000e+01
9.149000000000000000e+03 8.767000000000000000e+03 4.980000000000000000e+02 1.309999999999999964e+01 5.600000000000000000e+01
9.141000000000000000e+03 8.670000000000000000e+03 6.868999999999999773e+02 1.350000000000000000e+01 5.100000000000000000e+01
9.123000000000000000e+03 8.757000000000000000e+03 5.578999999999999773e+02 1.219999999999999929e+01 5.400000000000000000e+01
9.114000000000000000e+03 8.677000000000000000e+03 5.373999999999999773e+02 1.219999999999999929e+01 5.300000000000000000e+01
9.105000000000000000e+03 8.810000000000000000e+03 6.973999999999999773e+02 1.259999999999999964e+01 5.300000000000000000e+01
9.144000000000000000e+03 8.737000000000000000e+03 5.718999999999999773e+02 1.250000000000000000e+01 5.000000000000000000e+01
9.133000000000000000e+03 8.714000000000000000e+03 5.570000000000000000e+02 1.250000000000000000e+01 5.400000000000000000e+01
9.132000000000000000e+03 8.713000000000000000e+03 5.327000000000000455e+02 1.250000000000000000e+01 5.200000000000000000e+01
9.133000000000000000e+03 8.798000000000000000e+03 6.628999999999999773e+02 1.259999999999999964e+01 5.100000000000000000e+01
9.121000000000000000e+03 8.705000000000000000e+03 5.548999999999999773e+02 1.209999999999999964e+01 5.400000000000000000e+01
9.104000000000000000e+03 8.764000000000000000e+03 5.185000000000000000e+02 1.269999999999999929e+01 4.800000000000000000e+01
9.151000000000000000e+03 8.776000000000000000e+03 6.645000000000000000e+02 1.209999999999999964e+01 5.000000000000000000e+01
9.154000000000000000e+03 8.660000000000000000e+03 5.520000000000000000e+02 1.309999999999999964e+01 5.300000000000000000e+01
9.149000000000000000e+03 8.820000000000000000e+03 5.188999999999999773e+02 1.200000000000000000e+01 5.600000000000000000e+01
9.143000000000000000e+03 8.664000000000000000e+03 5.147000000000000455e+02 1.359999999999999964e+01 5.400000000000000000e+01
9.087000000000000000e+03 8.794000000000000000e+03 5.086999999999999886e+02 1.209999999999999964e+01 4.900000000000000000e+01
9.131000000000000000e+03 8.851000000000000000e+03 7.768999999999999773e+02 1.240000000000000036e+01 5.100000000000000000e+01
9.160000000000000000e+03 8.734000000000000000e+03 5.285000000000000000e+02 1.309999999999999964e+01 4.800000000000000000e+01
9.166000000000000000e+03 8.780000000000000000e+03 7.290000000000000000e+02 1.290000000000000036e+01 5.600000000000000000e+01
9.172000000000000000e+03 8.736000000000000000e+03 5.862000000000000455e+02 1.340000000000000036e+01 5.700000000000000000e+01
9.139000000000000000e+03 8.700000000000000000e+03 5.562000000000000455e+02 1.200000000000000000e+01 4.700000000000000000e+01
9.104000000000000000e+03 8.746000000000000000e+03 5.118000000000000114e+02 1.269999999999999929e+01 4.800000000000000000e+01
9.138000000000000000e+03 8.839000000000000000e+03 5.412000000000000455e+02 1.390000000000000036e+01 5.300000000000000000e+01
9.157000000000000000e+03 8.822000000000000000e+03 6.207999999999999545e+02 1.169999999999999929e+01 5.200000000000000000e+01
9.143000000000000000e+03 8.635000000000000000e+03 5.205000000000000000e+02 1.309999999999999964e+01 5.200000000000000000e+01
9.113000000000000000e+03 8.726000000000000000e+03 5.001999999999999886e+02 1.200000000000000000e+01 5.600000000000000000e+01
9.119000000000000000e+03 8.650000000000000000e+03 4.686999999999999886e+02 1.309999999999999964e+01 5.300000000000000000e+01
9.177000000000000000e+03 8.749000000000000000e+03 6.252999999999999545e+02 1.300000000000000000e+01 4.700000000000000000e+01
9.138000000000000000e+03 8.753000000000000000e+03 5.168999999999999773e+02 1.200000000000000000e+01 5.200000000000000000e+01
9.157000000000000000e+03 8.689000000000000000e+03 6.933999999999999773e+02 1.190000000000000036e+01 5.000000000000000000e+01
9.117000000000000000e+03 8.706000000000000000e+03 7.077000000000000455e+02 1.230000000000000071e+01 5.400000000000000000e+01
9.124000000000000000e+03 8.773000000000000000e+03 5.377000000000000455e+02 1.209999999999999964e+01 5.600000000000000000e+01
9.144000000000000000e+03 8.656000000000000000e+03 5.158999999999999773e+02 1.230000000000000071e+01 5.900000000000000000e+01
9.104000000000000000e+03 8.687000000000000000e+03 5.111999999999999886e+02 1.290000000000000036e+01 5.600000000000000000e+01
