4.175000000000000000e+03 6.516000000000000000e+03 2.545999999999999943e+02 2.369999999999999929e+01 5.372000000000000000e+03
4.069000000000000000e+03 6.718000000000000000e+03 2.158000000000000114e+02 2.180000000000000071e+01 5.464000000000000000e+03
4.073000000000000000e+03 6.512000000000000000e+03 2.093000000000000114e+02 2.539999999999999858e+01 5.451000000000000000e+03
4.155000000000000000e+03 6.555000000000000000e+03 1.864000000000000057e+02 2.280000000000000071e+01 5.382000000000000000e+03
4.138000000000000000e+03 6.491000000000000000e+03 1.905999999999999943e+02 2.200000000000000000e+01 5.419000000000000000e+03
4.231000000000000000e+03 6.729000000000000000e+03 2.158000000000000114e+02 2.300000000000000000e+01 5.335000000000000000e+03
4.062000000000000000e+03 6.601000000000000000e+03 2.048000000000000114e+02 2.100000000000000000e+01 5.433000000000000000e+03
4.112000000000000000e+03 6.510000000000000000e+03 1.949000000000000057e+02 2.330000000000000071e+01 5.440000000000000000e+03
4.240000000000000000e+03 6.522000000000000000e+03 1.751999999999999886e+02 2.460000000000000142e+01 5.329000000000000000e+03
4.160000000000000000e+03 6.526000000000000000e+03 1.853000000000000114e+02 2.210000000000000142e+01 5.387000000000000000e+03
4.091000000000000000e+03 6.684000000000000000e+03 1.875999999999999943e+02 2.269999999999999929e+01 5.459000000000000000e+03
4.176000000000000000e+03 6.473000000000000000e+03 5.247999999999999545e+02 2.319999999999999929e+01 5.370000000000000000e+03
4.137000000000000000e+03 6.374000000000000000e+03 1.958000000000000114e+02 2.319999999999999929e+01 5.386000000000000000e+03
4.157000000000000000e+03 6.494000000000000000e+03 1.790000000000000000e+02 2.319999999999999929e+01 5.361000000000000000e+03
4.097000000000000000e+03 6.462000000000000000e+03 1.845999999999999943e+02 2.260000000000000142e+01 5.429000000000000000e+03
4.171000000000000000e+03 6.577000000000000000e+03 2.065000000000000000e+02 2.189999999999999858e+01 5.402000000000000000e+03
4.174000000000000000e+03 6.475000000000000000e+03 2.060000000000000000e+02 2.550000000000000000e+01 5.406000000000000000e+03
4.042000000000000000e+03 6.473000000000000000e+03 1.911999999999999886e+02 2.169999999999999929e+01 5.485000000000000000e+03
4.132000000000000000e+03 6.521000000000000000e+03 1.916999999999999886e+02 2.400000000000000000e+01 5.426000000000000000e+03
4.215000000000000000e+03 6.690000000000000000e+03 2.245000000000000000e+02 2.200000000000000000e+01 5.310000000000000000e+03
4.174000000000000000e+03 6.533000000000000000e+03 2.838000000000000114e+02 2.219999999999999929e+01 5.336000000000000000e+03
4.151000000000000000e+03 6.545000000000000000e+03 2.136999999999999886e+02 2.469999999999999929e+01 5.356000000000000000e+03
4.193000000000000000e+03 6.526000000000000000e+03 2.294000000000000057e+02 2.419999999999999929e+01 5.353000000000000000e+03
4.129000000000000000e+03 6.396000000000000000e+03 1.880000000000000000e+02 2.289999999999999858e+01 5.394000000000000000e+03
4.131000000000000000e+03 6.653000000000000000e+03 1.909000000000000057e+02 2.400000000000000000e+01 5.422000000000000000e+03
4.034000000000000000e+03 6.448000000000000000e+03 1.656999999999999886e+02 2.280000000000000071e+01 5.520000000000000000e+03
4.103000000000000000e+03 6.438000000000000000e+03 1.614000000000000057e+02 2.400000000000000000e+01 5.431000000000000000e+03
4.099000000000000000e+03 6.634000000000000000e+03 1.996999999999999886e+02 2.200000000000000000e+01 5.461000000000000000e+03
4.134000000000000000e+03 6.500000000000000000e+03 2.049000000000000057e+02 2.239999999999999858e+01 5.414000000000000000e+03
4.226000000000000000e+03 6.679000000000000000e+03 2.280999999999999943e+02 2.239999999999999858e+01 5.316000000000000000e+03
4.109000000000000000e+03 6.396000000000000000e+03 1.865000000000000000e+02 2.419999999999999929e+01 5.449000000000000000e+03
4.151000000000000000e+03 6.530000000000000000e+03 1.805999999999999943e+02 2.150000000000000000e+01 5.368000000000000000e+03
4.238000000000000000e+03 6.483000000000000000e+03 2.223000000000000114e+02 2.319999999999999929e+01 5.327000000000000000e+03
4.142000000000000000e+03 6.616000000000000000e+03 2.074000000000000057e+02 2.239999999999999858e+01 5.398000000000000000e+03
4.131000000000000000e+03 6.585000000000000000e+03 3.291000000000000227e+02 2.500000000000000000e+01 5.417000000000000000e+03
4.067000000000000000e+03 6.427000000000000000e+03 2.856000000000000227e+02 2.310000000000000142e+01 5.472000000000000000e+03
4.160000000000000000e+03 6.569000000000000000e+03 1.733000000000000114e+02 2.300000000000000000e+01 5.416000000000000000e+03
4.119000000000000000e+03 6.487000000000000000e+03 2.168000000000000114e+02 2.169999999999999929e+01 5.408000000000000000e+03
4.096000000000000000e+03 6.497000000000000000e+03 2.686999999999999886e+02 2.380000000000000071e+01 5.432000000000000000e+03
4.106000000000000000e+03 6.502000000000000000e+03 2.791999999999999886e+02 2.719999999999999929e+01 5.423000000000000000e+03
4.161000000000000000e+03 6.578000000000000000e+03 3.073000000000000114e+02 2.639999999999999858e+01 5.340000000000000000e+03
4.277000000000000000e+03 6.643000000000000000e+03 2.134000000000000057e+02 2.200000000000000000e+01 5.253000000000000000e+03
4.166000000000000000e+03 6.719000000000000000e+03 1.923000000000000114e+02 2.300000000000000000e+01 5.380000000000000000e+03
4.172000000000000000e+03 6.417000000000000000e+03 2.021999999999999886e+02 2.469999999999999929e+01 5.343000000000000000e+03
4.210000000000000000e+03 6.521000000000000000e+03 1.965999999999999943e+02 2.219999999999999929e+01 5.368000000000000000e+03
4.110000000000000000e+03 6.388000000000000000e+03 2.209000000000000057e+02 2.510000000000000142e+01 5.431000000000000000e+03
4.232000000000000000e+03 6.514000000000000000e+03 1.975999999999999943e+02 2.210000000000000142e+01 5.330000000000000000e+03
4.186000000000000000e+03 6.429000000000000000e+03 2.091999999999999886e+02 2.219999999999999929e+01 5.392000000000000000e+03
4.192000000000000000e+03 6.573000000000000000e+03 2.364000000000000057e+02 2.410000000000000142e+01 5.306000000000000000e+03
4.128000000000000000e+03 6.662000000000000000e+03 1.771999999999999886e+02 2.319999999999999929e+01 5.430000000000000000e+03
4.137000000000000000e+03 6.469000000000000000e+03 2.980000000000000000e+02 2.330000000000000071e+01 5.420000000000000000e+03
4.209000000000000000e+03 6.669000000000000000e+03 2.946000000000000227e+02 2.360000000000000142e+01 5.334000000000000000e+03
4.074000000000000000e+03 6.460000000000000000e+03 1.651999999999999886e+02 2.060000000000000142e+01 5.468000000000000000e+03
4.203000000000000000e+03 6.474000000000000000e+03 1.925999999999999943e+02 2.300000000000000000e+01 5.326000000000000000e+03
4.122000000000000000e+03 6.303000000000000000e+03 1.825999999999999943e+02 2.339999999999999858e+01 5.394000000000000000e+03
4.077000000000000000e+03 6.714000000000000000e+03 1.843000000000000114e+02 2.150000000000000000e+01 5.470000000000000000e+03
4.187000000000000000e+03 6.499000000000000000e+03 1.921999999999999886e+02 2.350000000000000000e+01 5.338000000000000000e+03
4.108000000000000000e+03 6.568000000000000000e+03 1.836999999999999886e+02 2.319999999999999929e+01 5.448000000000000000e+03
4.227000000000000000e+03 6.620000000000000000e+03 2.265999999999999943e+02 2.410000000000000142e+01 5.324000000000000000e+03
4.116000000000000000e+03 6.516000000000000000e+03 4.335000000000000000e+02 2.310000000000000142e+01 5.427000000000000000e+03
4.095000000000000000e+03 6.528000000000000000e+03 2.034000000000000057e+02 2.269999999999999929e+01 5.471000000000000000e+03
4.205000000000000000e+03 6.439000000000000000e+03 2.045999999999999943e+02 2.280000000000000071e+01 5.335000000000000000e+03
4.067000000000000000e+03 6.539000000000000000e+03 2.953000000000000114e+02 2.330000000000000071e+01 5.481000000000000000e+03
4.178000000000000000e+03 6.601000000000000000e+03 1.926999999999999886e+02 2.469999999999999929e+01 5.380000000000000000e+03
4.077000000000000000e+03 6.587000000000000000e+03 1.898000000000000114e+02 2.160000000000000142e+01 5.448000000000000000e+03
4.140000000000000000e+03 6.629000000000000000e+03 1.880000000000000000e+02 2.369999999999999929e+01 5.438000000000000000e+03
4.172000000000000000e+03 6.530000000000000000e+03 1.803000000000000114e+02 2.180000000000000071e+01 5.378000000000000000e+03
4.201000000000000000e+03 6.613000000000000000e+03 1.971999999999999886e+02 2.150000000000000000e+01 5.345000000000000000e+03
4.197000000000000000e+03 6.597000000000000000e+03 1.805000000000000000e+02 2.260000000000000142e+01 5.339000000000000000e+03
4.137000000000000000e+03 6.474000000000000000e+03 2.726000000000000227e+02 2.300000000000000000e+01 5.404000000000000000e+03
4.156000000000000000e+03 6.521000000000000000e+03 1.893000000000000114e+02 2.260000000000000142e+01 5.415000000000000000e+03
4.094000000000000000e+03 6.598000000000000000e+03 1.766999999999999886e+02 2.460000000000000142e+01 5.448000000000000000e+03
4.094000000000000000e+03 6.581000000000000000e+03 1.840000000000000000e+02 2.200000000000000000e+01 5.464000000000000000e+03
4.225000000000000000e+03 6.360000000000000000e+03 2.043000000000000114e+02 2.300000000000000000e+01 5.313000000000000000e+03
4.112000000000000000e+03 6.675000000000000000e+03 1.993000000000000114e+02 2.430000000000000071e+01 5.405000000000000000e+03
4.078000000000000000e+03 6.354000000000000000e+03 2.426999999999999886e+02 2.369999999999999929e+01 5.427000000000000000e+03
4.112000000000000000e+03 6.493000000000000000e+03 2.691000000000000227e+02 2.369999999999999929e+01 5.439000000000000000e+03
4.146000000000000000e+03 6.300000000000000000e+03 2.206999999999999886e+02 2.419999999999999929e+01 5.383000000000000000e+03
4.162000000000000000e+03 6.677000000000000000e+03 2.140999999999999943e+02 2.269999999999999929e+01 5.376000000000000000e+03
4.118000000000000000e+03 6.606000000000000000e+03 1.715999999999999943e+02 2.200000000000000000e+01 5.405000000000000000e+03
4.213000000000000000e+03 6.479000000000000000e+03 2.115000000000000000e+02 2.639999999999999858e+01 5.332000000000000000e+03
4.121000000000000000e+03 6.554000000000000000e+03 1.730000000000000000e+02 2.380000000000000071e+01 5.433000000000000000e+03
4.156000000000000000e+03 6.559000000000000000e+03 2.345999999999999943e+02 2.369999999999999929e+01 5.422000000000000000e+03
4.136000000000000000e+03 6.501000000000000000e+03 3.971999999999999886e+02 2.330000000000000071e+01 5.453000000000000000e+03
4.156000000000000000e+03 6.379000000000000000e+03 1.754000000000000057e+02 2.580000000000000071e+01 5.389000000000000000e+03
4.164000000000000000e+03 6.437000000000000000e+03 1.921999999999999886e+02 2.480000000000000071e+01 5.388000000000000000e+03
4.144000000000000000e+03 6.453000000000000000e+03 2.094000000000000057e+02 2.230000000000000071e+01 5.420000000000000000e+03
4.129000000000000000e+03 6.637000000000000000e+03 2.403000000000000114e+02 2.319999999999999929e+01 5.393000000000000000e+03
4.089000000000000000e+03 6.481000000000000000e+03 2.063000000000000114e+02 2.300000000000000000e+01 5.453000000000000000e+03
4.256000000000000000e+03 6.318000000000000000e+03 1.781999999999999886e+02 2.400000000000000000e+01 5.280000000000000000e+03
4.122000000000000000e+03 6.392000000000000000e+03 2.210999999999999943e+02 2.389999999999999858e+01 5.408000000000000000e+03
4.131000000000000000e+03 6.471000000000000000e+03 1.695999999999999943e+02 2.369999999999999929e+01 5.400000000000000000e+03
4.163000000000000000e+03 6.667000000000000000e+03 2.548000000000000114e+02 2.080000000000000071e+01 5.404000000000000000e+03
4.163000000000000000e+03 6.524000000000000000e+03 2.203000000000000114e+02 2.180000000000000071e+01 5.423000000000000000e+03
4.105000000000000000e+03 6.596000000000000000e+03 4.041000000000000227e+02 2.400000000000000000e+01 5.442000000000000000e+03
4.170000000000000000e+03 6.627000000000000000e+03 1.868000000000000114e+02 2.289999999999999858e+01 5.372000000000000000e+03
4.063000000000000000e+03 6.399000000000000000e+03 1.836999999999999886e+02 2.610000000000000142e+01 5.480000000000000000e+03
4.092000000000000000e+03 6.418000000000000000e+03 4.833999999999999773e+02 2.239999999999999858e+01 5.443000000000000000e+03
4.156000000000000000e+03 6.626000000000000000e+03 1.700000000000000000e+02 2.210000000000000142e+01 5.382000000000000000e+03
4.106000000000000000e+03 6.536000000000000000e+03 2.509000000000000057e+02 2.180000000000000071e+01 5.449000000000000000e+03
4.132000000000000000e+03 6.825000000000000000e+03 1.850999999999999943e+02 2.100000000000000000e+01 5.434000000000000000e+03
4.109000000000000000e+03 6.696000000000000000e+03 2.045999999999999943e+02 2.219999999999999929e+01 5.427000000000000000e+03
4.144000000000000000e+03 6.383000000000000000e+03 2.064000000000000057e+02 2.430000000000000071e+01 5.389000000000000000e+03
4.187000000000000000e+03 6.830000000000000000e+03 2.126999999999999886e+02 2.200000000000000000e+01 5.365000000000000000e+03
4.136000000000000000e+03 6.534000000000000000e+03 2.291999999999999886e+02 2.380000000000000071e+01 5.394000000000000000e+03
4.147000000000000000e+03 6.608000000000000000e+03 2.623999999999999773e+02 2.280000000000000071e+01 5.422000000000000000e+03
4.203000000000000000e+03 6.411000000000000000e+03 2.048000000000000114e+02 2.250000000000000000e+01 5.324000000000000000e+03
4.163000000000000000e+03 6.489000000000000000e+03 1.951999999999999886e+02 2.230000000000000071e+01 5.402000000000000000e+03
4.114000000000000000e+03 6.427000000000000000e+03 2.210999999999999943e+02 2.310000000000000142e+01 5.437000000000000000e+03
4.188000000000000000e+03 6.554000000000000000e+03 2.688999999999999773e+02 2.280000000000000071e+01 5.347000000000000000e+03
4.191000000000000000e+03 6.716000000000000000e+03 2.786000000000000227e+02 2.460000000000000142e+01 5.333000000000000000e+03
4.142000000000000000e+03 6.482000000000000000e+03 2.335999999999999943e+02 2.230000000000000071e+01 5.376000000000000000e+03
4.192000000000000000e+03 6.480000000000000000e+03 2.094000000000000057e+02 2.310000000000000142e+01 5.333000000000000000e+03
4.084000000000000000e+03 6.481000000000000000e+03 1.755999999999999943e+02 2.289999999999999858e+01 5.489000000000000000e+03
4.174000000000000000e+03 6.665000000000000000e+03 2.020000000000000000e+02 2.050000000000000000e+01 5.406000000000000000e+03
4.143000000000000000e+03 6.309000000000000000e+03 2.958000000000000114e+02 2.289999999999999858e+01 5.419000000000000000e+03
4.153000000000000000e+03 6.467000000000000000e+03 1.815999999999999943e+02 2.400000000000000000e+01 5.370000000000000000e+03
4.086000000000000000e+03 6.685000000000000000e+03 2.323000000000000114e+02 2.119999999999999929e+01 5.487000000000000000e+03
4.181000000000000000e+03 6.661000000000000000e+03 1.835999999999999943e+02 2.300000000000000000e+01 5.351000000000000000e+03
4.193000000000000000e+03 6.496000000000000000e+03 1.696999999999999886e+02 2.319999999999999929e+01 5.379000000000000000e+03
4.166000000000000000e+03 6.659000000000000000e+03 2.240999999999999943e+02 2.450000000000000000e+01 5.378000000000000000e+03
4.138000000000000000e+03 6.739000000000000000e+03 1.725999999999999943e+02 2.300000000000000000e+01 5.406000000000000000e+03
4.137000000000000000e+03 6.505000000000000000e+03 2.651000000000000227e+02 2.250000000000000000e+01 5.387000000000000000e+03
4.144000000000000000e+03 6.459000000000000000e+03 4.138999999999999773e+02 2.269999999999999929e+01 5.379000000000000000e+03
4.139000000000000000e+03 6.505000000000000000e+03 2.405999999999999943e+02 2.560000000000000142e+01 5.417000000000000000e+03
4.149000000000000000e+03 6.580000000000000000e+03 2.035000000000000000e+02 2.200000000000000000e+01 5.385000000000000000e+03
4.181000000000000000e+03 6.549000000000000000e+03 2.354000000000000057e+02 2.319999999999999929e+01 5.380000000000000000e+03
4.178000000000000000e+03 6.568000000000000000e+03 2.618000000000000114e+02 2.410000000000000142e+01 5.369000000000000000e+03
4.198000000000000000e+03 6.529000000000000000e+03 2.089000000000000057e+02 2.160000000000000142e+01 5.360000000000000000e+03
4.106000000000000000e+03 6.407000000000000000e+03 2.239000000000000057e+02 2.530000000000000071e+01 5.426000000000000000e+03
4.192000000000000000e+03 6.439000000000000000e+03 2.434000000000000057e+02 2.389999999999999858e+01 5.391000000000000000e+03
4.050000000000000000e+03 6.665000000000000000e+03 2.613999999999999773e+02 2.310000000000000142e+01 5.504000000000000000e+03
4.127000000000000000e+03 6.634000000000000000e+03 1.798000000000000114e+02 2.200000000000000000e+01 5.448000000000000000e+03
4.149000000000000000e+03 6.472000000000000000e+03 1.604000000000000057e+02 2.680000000000000071e+01 5.380000000000000000e+03
4.180000000000000000e+03 6.592000000000000000e+03 1.663000000000000114e+02 2.289999999999999858e+01 5.370000000000000000e+03
4.139000000000000000e+03 6.497000000000000000e+03 2.060999999999999943e+02 2.400000000000000000e+01 5.435000000000000000e+03
4.197000000000000000e+03 6.443000000000000000e+03 1.515999999999999943e+02 2.250000000000000000e+01 5.337000000000000000e+03
4.103000000000000000e+03 6.797000000000000000e+03 2.338000000000000114e+02 2.339999999999999858e+01 5.475000000000000000e+03
4.145000000000000000e+03 6.355000000000000000e+03 2.038000000000000114e+02 2.180000000000000071e+01 5.410000000000000000e+03
4.164000000000000000e+03 6.537000000000000000e+03 1.795999999999999943e+02 2.450000000000000000e+01 5.368000000000000000e+03
4.154000000000000000e+03 6.656000000000000000e+03 2.279000000000000057e+02 2.250000000000000000e+01 5.384000000000000000e+03
4.123000000000000000e+03 6.515000000000000000e+03 1.630999999999999943e+02 2.380000000000000071e+01 5.404000000000000000e+03
4.082000000000000000e+03 6.696000000000000000e+03 1.796999999999999886e+02 2.339999999999999858e+01 5.431000000000000000e+03
4.120000000000000000e+03 6.729000000000000000e+03 2.741999999999999886e+02 2.569999999999999929e+01 5.421000000000000000e+03
4.122000000000000000e+03 6.549000000000000000e+03 2.200000000000000000e+02 2.160000000000000142e+01 5.429000000000000000e+03
4.103000000000000000e+03 6.711000000000000000e+03 1.959000000000000057e+02 2.369999999999999929e+01 5.445000000000000000e+03
4.136000000000000000e+03 6.417000000000000000e+03 1.833000000000000114e+02 2.430000000000000071e+01 5.421000000000000000e+03
4.061000000000000000e+03 6.400000000000000000e+03 1.899000000000000057e+02 2.269999999999999929e+01 5.469000000000000000e+03
4.171000000000000000e+03 6.447000000000000000e+03 1.878000000000000114e+02 2.230000000000000071e+01 5.387000000000000000e+03
4.155000000000000000e+03 6.718000000000000000e+03 1.970000000000000000e+02 2.230000000000000071e+01 5.397000000000000000e+03
4.149000000000000000e+03 6.669000000000000000e+03 2.001999999999999886e+02 2.389999999999999858e+01 5.387000000000000000e+03
4.125000000000000000e+03 6.547000000000000000e+03 2.149000000000000057e+02 2.410000000000000142e+01 5.414000000000000000e+03
4.108000000000000000e+03 6.694000000000000000e+03 1.838000000000000114e+02 2.319999999999999929e+01 5.467000000000000000e+03
4.096000000000000000e+03 6.536000000000000000e+03 2.233000000000000114e+02 2.239999999999999858e+01 5.401000000000000000e+03
4.243000000000000000e+03 6.378000000000000000e+03 2.330000000000000000e+02 2.200000000000000000e+01 5.303000000000000000e+03
4.171000000000000000e+03 6.493000000000000000e+03 2.025999999999999943e+02 2.400000000000000000e+01 5.366000000000000000e+03
4.135000000000000000e+03 6.489000000000000000e+03 1.710999999999999943e+02 2.500000000000000000e+01 5.424000000000000000e+03
4.190000000000000000e+03 6.582000000000000000e+03 2.060999999999999943e+02 2.219999999999999929e+01 5.349000000000000000e+03
4.122000000000000000e+03 6.500000000000000000e+03 2.100999999999999943e+02 2.330000000000000071e+01 5.441000000000000000e+03
4.115000000000000000e+03 6.644000000000000000e+03 2.320000000000000000e+02 2.280000000000000071e+01 5.443000000000000000e+03
4.141000000000000000e+03 6.589000000000000000e+03 2.390999999999999943e+02 2.510000000000000142e+01 5.391000000000000000e+03
3.985000000000000000e+03 6.462000000000000000e+03 2.139000000000000057e+02 2.300000000000000000e+01 5.548000000000000000e+03
4.023000000000000000e+03 6.744000000000000000e+03 2.741000000000000227e+02 2.139999999999999858e+01 5.493000000000000000e+03
4.163000000000000000e+03 6.739000000000000000e+03 2.651999999999999886e+02 2.180000000000000071e+01 5.379000000000000000e+03
4.135000000000000000e+03 6.409000000000000000e+03 1.800000000000000000e+02 2.269999999999999929e+01 5.393000000000000000e+03
4.131000000000000000e+03 6.644000000000000000e+03 1.604000000000000057e+02 2.550000000000000000e+01 5.397000000000000000e+03
4.092000000000000000e+03 6.651000000000000000e+03 2.060000000000000000e+02 2.239999999999999858e+01 5.458000000000000000e+03
4.149000000000000000e+03 6.551000000000000000e+03 1.840000000000000000e+02 2.150000000000000000e+01 5.383000000000000000e+03
4.190000000000000000e+03 6.622000000000000000e+03 2.180000000000000000e+02 2.239999999999999858e+01 5.386000000000000000e+03
4.184000000000000000e+03 6.397000000000000000e+03 1.661999999999999886e+02 2.400000000000000000e+01 5.347000000000000000e+03
4.148000000000000000e+03 6.659000000000000000e+03 1.970000000000000000e+02 2.219999999999999929e+01 5.351000000000000000e+03
4.122000000000000000e+03 6.406000000000000000e+03 2.136999999999999886e+02 2.460000000000000142e+01 5.415000000000000000e+03
4.096000000000000000e+03 6.492000000000000000e+03 2.663000000000000114e+02 2.400000000000000000e+01 5.407000000000000000e+03
4.138000000000000000e+03 6.469000000000000000e+03 2.194000000000000057e+02 2.310000000000000142e+01 5.395000000000000000e+03
4.178000000000000000e+03 6.757000000000000000e+03 1.750000000000000000e+02 2.510000000000000142e+01 5.345000000000000000e+03
4.260000000000000000e+03 6.606000000000000000e+03 2.675000000000000000e+02 2.119999999999999929e+01 5.326000000000000000e+03
4.129000000000000000e+03 6.436000000000000000e+03 2.658000000000000114e+02 2.400000000000000000e+01 5.370000000000000000e+03
4.158000000000000000e+03 6.524000000000000000e+03 2.045999999999999943e+02 2.289999999999999858e+01 5.375000000000000000e+03
4.087000000000000000e+03 6.692000000000000000e+03 2.020000000000000000e+02 2.280000000000000071e+01 5.443000000000000000e+03
4.117000000000000000e+03 6.625000000000000000e+03 1.745999999999999943e+02 2.110000000000000142e+01 5.400000000000000000e+03
4.166000000000000000e+03 6.625000000000000000e+03 1.958000000000000114e+02 2.369999999999999929e+01 5.356000000000000000e+03
4.138000000000000000e+03 6.435000000000000000e+03 2.308000000000000114e+02 2.460000000000000142e+01 5.453000000000000000e+03
4.120000000000000000e+03 6.687000000000000000e+03 3.591000000000000227e+02 2.000000000000000000e+01 5.415000000000000000e+03
4.121000000000000000e+03 6.498000000000000000e+03 2.466999999999999886e+02 2.350000000000000000e+01 5.418000000000000000e+03
4.204000000000000000e+03 6.545000000000000000e+03 2.315000000000000000e+02 2.260000000000000142e+01 5.410000000000000000e+03
4.058000000000000000e+03 6.742000000000000000e+03 2.160000000000000000e+02 2.050000000000000000e+01 5.461000000000000000e+03
4.133000000000000000e+03 6.423000000000000000e+03 2.143000000000000114e+02 2.300000000000000000e+01 5.396000000000000000e+03
4.091000000000000000e+03 6.508000000000000000e+03 2.931000000000000227e+02 2.480000000000000071e+01 5.434000000000000000e+03
4.064000000000000000e+03 6.609000000000000000e+03 2.353000000000000114e+02 2.239999999999999858e+01 5.449000000000000000e+03
4.164000000000000000e+03 6.622000000000000000e+03 2.216999999999999886e+02 2.160000000000000142e+01 5.366000000000000000e+03
4.118000000000000000e+03 6.624000000000000000e+03 1.638000000000000114e+02 2.300000000000000000e+01 5.428000000000000000e+03
4.242000000000000000e+03 6.431000000000000000e+03 1.915000000000000000e+02 2.360000000000000142e+01 5.278000000000000000e+03
4.067000000000000000e+03 6.379000000000000000e+03 2.224000000000000057e+02 2.169999999999999929e+01 5.491000000000000000e+03
4.142000000000000000e+03 6.701000000000000000e+03 1.925999999999999943e+02 2.310000000000000142e+01 5.408000000000000000e+03
4.165000000000000000e+03 6.505000000000000000e+03 1.745999999999999943e+02 2.339999999999999858e+01 5.360000000000000000e+03
4.122000000000000000e+03 6.640000000000000000e+03 1.988000000000000114e+02 2.319999999999999929e+01 5.422000000000000000e+03
4.147000000000000000e+03 6.607000000000000000e+03 2.050999999999999943e+02 2.210000000000000142e+01 5.365000000000000000e+03
4.084000000000000000e+03 6.642000000000000000e+03 3.101999999999999886e+02 2.339999999999999858e+01 5.428000000000000000e+03
4.015000000000000000e+03 6.608000000000000000e+03 2.410999999999999943e+02 2.389999999999999858e+01 5.466000000000000000e+03
4.201000000000000000e+03 6.677000000000000000e+03 1.955999999999999943e+02 2.200000000000000000e+01 5.357000000000000000e+03
4.099000000000000000e+03 6.394000000000000000e+03 2.416999999999999886e+02 2.210000000000000142e+01 5.451000000000000000e+03
4.166000000000000000e+03 6.620000000000000000e+03 1.795999999999999943e+02 2.269999999999999929e+01 5.358000000000000000e+03
4.106000000000000000e+03 6.570000000000000000e+03 2.218000000000000114e+02 2.230000000000000071e+01 5.431000000000000000e+03
4.034000000000000000e+03 6.318000000000000000e+03 2.310000000000000000e+02 2.489999999999999858e+01 5.491000000000000000e+03
4.144000000000000000e+03 6.554000000000000000e+03 2.581000000000000227e+02 2.339999999999999858e+01 5.401000000000000000e+03
4.193000000000000000e+03 6.409000000000000000e+03 2.394000000000000057e+02 2.250000000000000000e+01 5.349000000000000000e+03
4.116000000000000000e+03 6.576000000000000000e+03 2.005999999999999943e+02 2.280000000000000071e+01 5.372000000000000000e+03
4.118000000000000000e+03 6.583000000000000000e+03 1.950000000000000000e+02 2.460000000000000142e+01 5.426000000000000000e+03
4.124000000000000000e+03 6.429000000000000000e+03 2.084000000000000057e+02 2.180000000000000071e+01 5.429000000000000000e+03
4.107000000000000000e+03 6.471000000000000000e+03 2.159000000000000057e+02 2.500000000000000000e+01 5.436000000000000000e+03
4.216000000000000000e+03 6.441000000000000000e+03 2.050999999999999943e+02 2.239999999999999858e+01 5.326000000000000000e+03
4.153000000000000000e+03 6.568000000000000000e+03 2.070999999999999943e+02 2.280000000000000071e+01 5.375000000000000000e+03
4.172000000000000000e+03 6.493000000000000000e+03 1.883000000000000114e+02 2.300000000000000000e+01 5.338000000000000000e+03
4.127000000000000000e+03 6.622000000000000000e+03 1.749000000000000057e+02 2.100000000000000000e+01 5.401000000000000000e+03
4.188000000000000000e+03 6.473000000000000000e+03 1.843000000000000114e+02 2.510000000000000142e+01 5.387000000000000000e+03
4.215000000000000000e+03 6.370000000000000000e+03 1.754000000000000057e+02 2.189999999999999858e+01 5.330000000000000000e+03
4.062000000000000000e+03 6.697000000000000000e+03 1.959000000000000057e+02 2.360000000000000142e+01 5.459000000000000000e+03
4.137000000000000000e+03 6.614000000000000000e+03 1.555999999999999943e+02 2.350000000000000000e+01 5.393000000000000000e+03
4.071000000000000000e+03 6.594000000000000000e+03 2.298000000000000114e+02 2.280000000000000071e+01 5.469000000000000000e+03
4.114000000000000000e+03 6.592000000000000000e+03 2.160999999999999943e+02 2.219999999999999929e+01 5.456000000000000000e+03
4.098000000000000000e+03 6.598000000000000000e+03 2.200000000000000000e+02 2.339999999999999858e+01 5.438000000000000000e+03
4.177000000000000000e+03 6.506000000000000000e+03 2.459000000000000057e+02 2.219999999999999929e+01 5.349000000000000000e+03
4.254000000000000000e+03 6.790000000000000000e+03 2.710000000000000000e+02 2.150000000000000000e+01 5.304000000000000000e+03
4.156000000000000000e+03 6.694000000000000000e+03 2.180000000000000000e+02 2.210000000000000142e+01 5.392000000000000000e+03
4.121000000000000000e+03 6.458000000000000000e+03 1.665000000000000000e+02 2.589999999999999858e+01 5.434000000000000000e+03
4.101000000000000000e+03 6.621000000000000000e+03 2.225999999999999943e+02 2.419999999999999929e+01 5.468000000000000000e+03
4.137000000000000000e+03 6.659000000000000000e+03 2.190000000000000000e+02 2.360000000000000142e+01 5.430000000000000000e+03
4.099000000000000000e+03 6.676000000000000000e+03 2.240999999999999943e+02 2.330000000000000071e+01 5.410000000000000000e+03
4.023000000000000000e+03 6.573000000000000000e+03 1.946999999999999886e+02 2.269999999999999929e+01 5.493000000000000000e+03
4.191000000000000000e+03 6.637000000000000000e+03 1.765000000000000000e+02 2.210000000000000142e+01 5.359000000000000000e+03
4.193000000000000000e+03 6.576000000000000000e+03 1.826999999999999886e+02 2.269999999999999929e+01 5.332000000000000000e+03
4.088000000000000000e+03 6.617000000000000000e+03 2.696999999999999886e+02 2.350000000000000000e+01 5.414000000000000000e+03
4.107000000000000000e+03 6.572000000000000000e+03 2.281999999999999886e+02 2.330000000000000071e+01 5.432000000000000000e+03
4.104000000000000000e+03 6.548000000000000000e+03 1.756999999999999886e+02 2.180000000000000071e+01 5.426000000000000000e+03
4.162000000000000000e+03 6.485000000000000000e+03 2.074000000000000057e+02 2.430000000000000071e+01 5.383000000000000000e+03
4.150000000000000000e+03 6.516000000000000000e+03 2.270000000000000000e+02 2.200000000000000000e+01 5.411000000000000000e+03
4.072000000000000000e+03 6.579000000000000000e+03 1.790999999999999943e+02 2.419999999999999929e+01 5.479000000000000000e+03
4.141000000000000000e+03 6.589000000000000000e+03 1.745999999999999943e+02 2.280000000000000071e+01 5.435000000000000000e+03
4.035000000000000000e+03 6.512000000000000000e+03 1.770000000000000000e+02 2.300000000000000000e+01 5.526000000000000000e+03
4.226000000000000000e+03 6.587000000000000000e+03 2.274000000000000057e+02 2.110000000000000142e+01 5.323000000000000000e+03
4.114000000000000000e+03 6.470000000000000000e+03 2.376999999999999886e+02 2.339999999999999858e+01 5.439000000000000000e+03
4.191000000000000000e+03 6.644000000000000000e+03 2.885000000000000000e+02 2.260000000000000142e+01 5.344000000000000000e+03
4.126000000000000000e+03 6.672000000000000000e+03 3.058000000000000114e+02 2.210000000000000142e+01 5.443000000000000000e+03
4.167000000000000000e+03 6.593000000000000000e+03 1.830000000000000000e+02 2.510000000000000142e+01 5.375000000000000000e+03
4.151000000000000000e+03 6.636000000000000000e+03 1.970999999999999943e+02 2.339999999999999858e+01 5.411000000000000000e+03
4.131000000000000000e+03 6.502000000000000000e+03 1.904000000000000057e+02 2.330000000000000071e+01 5.402000000000000000e+03
4.173000000000000000e+03 6.584000000000000000e+03 1.716999999999999886e+02 2.310000000000000142e+01 5.345000000000000000e+03
4.159000000000000000e+03 6.537000000000000000e+03 1.943000000000000114e+02 2.569999999999999929e+01 5.400000000000000000e+03
4.139000000000000000e+03 6.578000000000000000e+03 2.155000000000000000e+02 2.160000000000000142e+01 5.412000000000000000e+03
4.119000000000000000e+03 6.427000000000000000e+03 2.853999999999999773e+02 2.319999999999999929e+01 5.423000000000000000e+03
