9.692000000000000000e+03 9.017000000000000000e+03 3.078000000000000114e+02 6.599999999999999645e+00 1.570000000000000000e+02
9.682000000000000000e+03 9.059000000000000000e+03 3.998999999999999773e+02 7.099999999999999645e+00 1.590000000000000000e+02
9.684000000000000000e+03 9.088000000000000000e+03 3.186000000000000227e+02 6.700000000000000178e+00 1.530000000000000000e+02
9.686000000000000000e+03 8.978000000000000000e+03 4.985000000000000000e+02 7.000000000000000000e+00 1.520000000000000000e+02
9.694000000000000000e+03 9.027000000000000000e+03 3.711000000000000227e+02 7.500000000000000000e+00 1.730000000000000000e+02
9.705000000000000000e+03 9.098000000000000000e+03 2.853999999999999773e+02 7.000000000000000000e+00 1.540000000000000000e+02
9.630000000000000000e+03 9.091000000000000000e+03 3.026999999999999886e+02 6.700000000000000178e+00 1.590000000000000000e+02
9.671000000000000000e+03 9.060000000000000000e+03 3.143999999999999773e+02 7.500000000000000000e+00 1.480000000000000000e+02
9.665000000000000000e+03 9.057000000000000000e+03 3.296000000000000227e+02 7.000000000000000000e+00 1.630000000000000000e+02
9.721000000000000000e+03 9.044000000000000000e+03 3.320000000000000000e+02 7.200000000000000178e+00 1.570000000000000000e+02
9.682000000000000000e+03 9.051000000000000000e+03 3.776000000000000227e+02 7.000000000000000000e+00 1.570000000000000000e+02
9.680000000000000000e+03 9.071000000000000000e+03 3.068999999999999773e+02 7.099999999999999645e+00 1.530000000000000000e+02
9.649000000000000000e+03 9.039000000000000000e+03 2.755000000000000000e+02 6.799999999999999822e+00 1.520000000000000000e+02
9.656000000000000000e+03 9.057000000000000000e+03 3.030000000000000000e+02 7.000000000000000000e+00 1.670000000000000000e+02
9.669000000000000000e+03 9.054000000000000000e+03 3.445000000000000000e+02 7.000000000000000000e+00 1.700000000000000000e+02
9.640000000000000000e+03 9.052000000000000000e+03 3.053999999999999773e+02 7.000000000000000000e+00 1.720000000000000000e+02
9.647000000000000000e+03 9.006000000000000000e+03 3.373000000000000114e+02 7.000000000000000000e+00 1.640000000000000000e+02
9.635000000000000000e+03 9.018000000000000000e+03 2.946999999999999886e+02 7.000000000000000000e+00 1.480000000000000000e+02
9.676000000000000000e+03 9.074000000000000000e+03 2.913999999999999773e+02 6.900000000000000355e+00 1.700000000000000000e+02
9.709000000000000000e+03 9.024000000000000000e+03 2.903000000000000114e+02 6.900000000000000355e+00 1.700000000000000000e+02
9.658000000000000000e+03 8.998000000000000000e+03 3.503999999999999773e+02 7.000000000000000000e+00 1.590000000000000000e+02
9.669000000000000000e+03 9.028000000000000000e+03 2.578999999999999773e+02 7.000000000000000000e+00 1.560000000000000000e+02
9.695000000000000000e+03 9.085000000000000000e+03 2.513000000000000114e+02 7.400000000000000355e+00 1.550000000000000000e+02
9.693000000000000000e+03 9.022000000000000000e+03 3.228999999999999773e+02 7.000000000000000000e+00 1.740000000000000000e+02
9.669000000000000000e+03 9.070000000000000000e+03 3.438000000000000114e+02 6.700000000000000178e+00 1.550000000000000000e+02
9.645000000000000000e+03 9.061000000000000000e+03 3.826999999999999886e+02 6.500000000000000000e+00 1.570000000000000000e+02
9.662000000000000000e+03 9.061000000000000000e+03 3.630000000000000000e+02 7.000000000000000000e+00 1.590000000000000000e+02
9.684000000000000000e+03 9.087000000000000000e+03 4.751999999999999886e+02 7.099999999999999645e+00 1.550000000000000000e+02
9.688000000000000000e+03 9.066000000000000000e+03 3.306000000000000227e+02 7.000000000000000000e+00 1.530000000000000000e+02
9.699000000000000000e+03 9.041000000000000000e+03 3.363000000000000114e+02 7.000000000000000000e+00 1.580000000000000000e+02
9.648000000000000000e+03 8.984000000000000000e+03 2.905000000000000000e+02 7.099999999999999645e+00 1.810000000000000000e+02
9.662000000000000000e+03 9.119000000000000000e+03 4.130000000000000000e+02 6.900000000000000355e+00 1.730000000000000000e+02
9.673000000000000000e+03 9.069000000000000000e+03 3.606999999999999886e+02 7.000000000000000000e+00 1.560000000000000000e+02
9.697000000000000000e+03 9.091000000000000000e+03 3.133000000000000114e+02 7.000000000000000000e+00 1.660000000000000000e+02
9.670000000000000000e+03 9.069000000000000000e+03 3.318000000000000114e+02 6.799999999999999822e+00 1.630000000000000000e+02
9.661000000000000000e+03 9.031000000000000000e+03 3.516000000000000227e+02 7.000000000000000000e+00 1.540000000000000000e+02
9.653000000000000000e+03 9.019000000000000000e+03 3.528999999999999773e+02 7.099999999999999645e+00 1.490000000000000000e+02
9.675000000000000000e+03 9.034000000000000000e+03 2.938000000000000114e+02 7.000000000000000000e+00 1.680000000000000000e+02
9.678000000000000000e+03 9.060000000000000000e+03 3.713999999999999773e+02 7.000000000000000000e+00 1.560000000000000000e+02
9.665000000000000000e+03 9.066000000000000000e+03 3.196000000000000227e+02 6.400000000000000355e+00 1.570000000000000000e+02
9.665000000000000000e+03 9.037000000000000000e+03 3.180000000000000000e+02 6.799999999999999822e+00 1.470000000000000000e+02
9.653000000000000000e+03 9.124000000000000000e+03 3.158999999999999773e+02 7.000000000000000000e+00 1.650000000000000000e+02
9.686000000000000000e+03 9.074000000000000000e+03 3.431999999999999886e+02 7.400000000000000355e+00 1.780000000000000000e+02
9.652000000000000000e+03 9.059000000000000000e+03 3.111000000000000227e+02 6.700000000000000178e+00 1.710000000000000000e+02
9.683000000000000000e+03 9.073000000000000000e+03 3.005000000000000000e+02 7.299999999999999822e+00 1.560000000000000000e+02
9.693000000000000000e+03 9.025000000000000000e+03 3.001999999999999886e+02 7.099999999999999645e+00 1.730000000000000000e+02
9.652000000000000000e+03 9.003000000000000000e+03 2.983000000000000114e+02 6.599999999999999645e+00 1.850000000000000000e+02
9.668000000000000000e+03 9.062000000000000000e+03 4.638000000000000114e+02 6.700000000000000178e+00 1.540000000000000000e+02
9.678000000000000000e+03 9.106000000000000000e+03 3.338999999999999773e+02 7.000000000000000000e+00 1.590000000000000000e+02
9.663000000000000000e+03 9.107000000000000000e+03 4.168999999999999773e+02 6.700000000000000178e+00 1.640000000000000000e+02
9.654000000000000000e+03 9.028000000000000000e+03 2.995000000000000000e+02 6.799999999999999822e+00 1.670000000000000000e+02
9.666000000000000000e+03 9.110000000000000000e+03 4.088999999999999773e+02 7.000000000000000000e+00 1.620000000000000000e+02
9.672000000000000000e+03 9.078000000000000000e+03 3.271999999999999886e+02 6.700000000000000178e+00 1.620000000000000000e+02
9.651000000000000000e+03 9.067000000000000000e+03 4.111999999999999886e+02 7.000000000000000000e+00 1.570000000000000000e+02
9.661000000000000000e+03 9.074000000000000000e+03 3.623999999999999773e+02 6.700000000000000178e+00 1.520000000000000000e+02
9.645000000000000000e+03 9.089000000000000000e+03 2.800000000000000000e+02 6.900000000000000355e+00 1.620000000000000000e+02
9.676000000000000000e+03 9.040000000000000000e+03 3.508999999999999773e+02 6.700000000000000178e+00 1.490000000000000000e+02
9.672000000000000000e+03 9.095000000000000000e+03 2.983000000000000114e+02 7.000000000000000000e+00 1.710000000000000000e+02
9.690000000000000000e+03 9.061000000000000000e+03 3.381000000000000227e+02 6.599999999999999645e+00 1.720000000000000000e+02
9.661000000000000000e+03 9.049000000000000000e+03 3.195000000000000000e+02 7.000000000000000000e+00 1.670000000000000000e+02
9.682000000000000000e+03 9.079000000000000000e+03 3.203999999999999773e+02 6.700000000000000178e+00 1.590000000000000000e+02
9.655000000000000000e+03 9.076000000000000000e+03 3.468000000000000114e+02 7.099999999999999645e+00 1.620000000000000000e+02
9.662000000000000000e+03 9.030000000000000000e+03 3.181999999999999886e+02 7.000000000000000000e+00 1.620000000000000000e+02
9.671000000000000000e+03 8.968000000000000000e+03 3.443000000000000114e+02 6.299999999999999822e+00 1.490000000000000000e+02
9.659000000000000000e+03 9.050000000000000000e+03 6.972000000000000455e+02 7.000000000000000000e+00 1.790000000000000000e+02
9.686000000000000000e+03 9.051000000000000000e+03 2.793000000000000114e+02 7.000000000000000000e+00 1.710000000000000000e+02
9.668000000000000000e+03 9.032000000000000000e+03 5.033000000000000114e+02 6.799999999999999822e+00 1.810000000000000000e+02
9.666000000000000000e+03 9.034000000000000000e+03 2.936999999999999886e+02 7.099999999999999645e+00 1.570000000000000000e+02
9.670000000000000000e+03 9.093000000000000000e+03 2.980000000000000000e+02 6.799999999999999822e+00 1.670000000000000000e+02
9.678000000000000000e+03 9.112000000000000000e+03 2.983000000000000114e+02 7.000000000000000000e+00 1.610000000000000000e+02
9.681000000000000000e+03 9.061000000000000000e+03 3.701000000000000227e+02 6.700000000000000178e+00 1.620000000000000000e+02
9.670000000000000000e+03 9.062000000000000000e+03 2.911000000000000227e+02 7.000000000000000000e+00 1.580000000000000000e+02
9.662000000000000000e+03 9.103000000000000000e+03 3.701999999999999886e+02 6.500000000000000000e+00 1.520000000000000000e+02
9.683000000000000000e+03 9.056000000000000000e+03 3.723000000000000114e+02 6.799999999999999822e+00 1.740000000000000000e+02
9.682000000000000000e+03 9.069000000000000000e+03 3.061999999999999886e+02 6.900000000000000355e+00 1.600000000000000000e+02
9.644000000000000000e+03 9.017000000000000000e+03 3.281999999999999886e+02 7.000000000000000000e+00 1.790000000000000000e+02
9.685000000000000000e+03 9.063000000000000000e+03 2.563000000000000114e+02 7.400000000000000355e+00 1.590000000000000000e+02
9.678000000000000000e+03 8.994000000000000000e+03 4.025000000000000000e+02 6.500000000000000000e+00 1.760000000000000000e+02
9.666000000000000000e+03 9.107000000000000000e+03 2.539000000000000057e+02 6.700000000000000178e+00 1.780000000000000000e+02
9.644000000000000000e+03 8.928000000000000000e+03 3.196000000000000227e+02 7.099999999999999645e+00 1.710000000000000000e+02
9.657000000000000000e+03 9.012000000000000000e+03 2.748999999999999773e+02 6.599999999999999645e+00 1.540000000000000000e+02
9.657000000000000000e+03 9.071000000000000000e+03 3.433999999999999773e+02 6.400000000000000355e+00 1.580000000000000000e+02
9.635000000000000000e+03 9.058000000000000000e+03 3.286000000000000227e+02 7.299999999999999822e+00 1.720000000000000000e+02
9.682000000000000000e+03 9.057000000000000000e+03 3.381000000000000227e+02 7.000000000000000000e+00 1.690000000000000000e+02
9.638000000000000000e+03 9.015000000000000000e+03 3.055000000000000000e+02 6.400000000000000355e+00 1.600000000000000000e+02
9.689000000000000000e+03 9.088000000000000000e+03 2.961000000000000227e+02 6.700000000000000178e+00 1.670000000000000000e+02
9.668000000000000000e+03 9.023000000000000000e+03 2.670000000000000000e+02 7.599999999999999645e+00 1.840000000000000000e+02
9.706000000000000000e+03 9.063000000000000000e+03 3.130000000000000000e+02 6.700000000000000178e+00 1.690000000000000000e+02
9.682000000000000000e+03 9.025000000000000000e+03 2.971999999999999886e+02 6.700000000000000178e+00 1.340000000000000000e+02
9.653000000000000000e+03 9.110000000000000000e+03 3.093000000000000114e+02 6.799999999999999822e+00 1.630000000000000000e+02
9.641000000000000000e+03 9.006000000000000000e+03 3.196000000000000227e+02 7.099999999999999645e+00 1.710000000000000000e+02
9.672000000000000000e+03 9.148000000000000000e+03 2.956000000000000227e+02 6.599999999999999645e+00 1.480000000000000000e+02
9.690000000000000000e+03 9.015000000000000000e+03 3.351999999999999886e+02 7.200000000000000178e+00 1.740000000000000000e+02
9.641000000000000000e+03 9.096000000000000000e+03 3.240000000000000000e+02 7.000000000000000000e+00 1.710000000000000000e+02
9.665000000000000000e+03 9.086000000000000000e+03 3.591999999999999886e+02 6.500000000000000000e+00 1.580000000000000000e+02
9.662000000000000000e+03 9.009000000000000000e+03 3.333000000000000114e+02 7.000000000000000000e+00 1.510000000000000000e+02
9.711000000000000000e+03 9.120000000000000000e+03 3.215000000000000000e+02 7.400000000000000355e+00 1.670000000000000000e+02
9.677000000000000000e+03 9.053000000000000000e+03 3.315000000000000000e+02 7.099999999999999645e+00 1.520000000000000000e+02
9.681000000000000000e+03 9.007000000000000000e+03 3.058000000000000114e+02 7.000000000000000000e+00 1.600000000000000000e+02
9.694000000000000000e+03 8.984000000000000000e+03 3.333000000000000114e+02 7.099999999999999645e+00 1.720000000000000000e+02
9.673000000000000000e+03 9.051000000000000000e+03 3.043999999999999773e+02 7.000000000000000000e+00 1.760000000000000000e+02
9.674000000000000000e+03 9.061000000000000000e+03 3.923999999999999773e+02 6.700000000000000178e+00 1.460000000000000000e+02
9.665000000000000000e+03 9.016000000000000000e+03 3.548999999999999773e+02 6.700000000000000178e+00 1.510000000000000000e+02
9.693000000000000000e+03 9.062000000000000000e+03 3.270000000000000000e+02 7.200000000000000178e+00 1.750000000000000000e+02
9.679000000000000000e+03 9.069000000000000000e+03 4.001000000000000227e+02 7.000000000000000000e+00 1.690000000000000000e+02
9.680000000000000000e+03 9.079000000000000000e+03 3.178999999999999773e+02 7.099999999999999645e+00 1.490000000000000000e+02
9.648000000000000000e+03 9.172000000000000000e+03 2.971000000000000227e+02 7.099999999999999645e+00 1.670000000000000000e+02
9.671000000000000000e+03 9.016000000000000000e+03 2.601000000000000227e+02 6.799999999999999822e+00 1.470000000000000000e+02
9.692000000000000000e+03 9.066000000000000000e+03 3.455000000000000000e+02 7.000000000000000000e+00 1.650000000000000000e+02
9.688000000000000000e+03 9.000000000000000000e+03 6.131000000000000227e+02 6.799999999999999822e+00 1.620000000000000000e+02
9.701000000000000000e+03 9.003000000000000000e+03 3.276000000000000227e+02 7.200000000000000178e+00 1.620000000000000000e+02
9.687000000000000000e+03 9.055000000000000000e+03 3.261999999999999886e+02 6.700000000000000178e+00 1.520000000000000000e+02
9.695000000000000000e+03 9.059000000000000000e+03 3.091000000000000227e+02 7.500000000000000000e+00 1.820000000000000000e+02
9.656000000000000000e+03 9.071000000000000000e+03 2.768999999999999773e+02 7.099999999999999645e+00 1.720000000000000000e+02
9.682000000000000000e+03 9.075000000000000000e+03 3.366999999999999886e+02 6.700000000000000178e+00 1.690000000000000000e+02
9.668000000000000000e+03 9.038000000000000000e+03 3.416999999999999886e+02 6.799999999999999822e+00 1.720000000000000000e+02
9.677000000000000000e+03 9.045000000000000000e+03 3.091000000000000227e+02 7.000000000000000000e+00 1.520000000000000000e+02
9.701000000000000000e+03 9.068000000000000000e+03 3.846999999999999886e+02 6.599999999999999645e+00 1.560000000000000000e+02
9.643000000000000000e+03 9.048000000000000000e+03 3.788999999999999773e+02 7.000000000000000000e+00 1.800000000000000000e+02
9.657000000000000000e+03 9.093000000000000000e+03 3.430000000000000000e+02 7.000000000000000000e+00 1.560000000000000000e+02
9.693000000000000000e+03 9.070000000000000000e+03 2.878000000000000114e+02 7.000000000000000000e+00 1.480000000000000000e+02
9.679000000000000000e+03 9.047000000000000000e+03 3.345000000000000000e+02 6.700000000000000178e+00 1.780000000000000000e+02
9.680000000000000000e+03 9.082000000000000000e+03 3.038000000000000114e+02 6.599999999999999645e+00 1.550000000000000000e+02
9.682000000000000000e+03 9.088000000000000000e+03 2.683000000000000114e+02 7.000000000000000000e+00 1.650000000000000000e+02
9.702000000000000000e+03 9.042000000000000000e+03 2.825000000000000000e+02 7.099999999999999645e+00 1.720000000000000000e+02
9.650000000000000000e+03 9.094000000000000000e+03 2.985000000000000000e+02 7.200000000000000178e+00 1.600000000000000000e+02
9.686000000000000000e+03 9.028000000000000000e+03 4.090000000000000000e+02 7.400000000000000355e+00 1.560000000000000000e+02
9.660000000000000000e+03 9.080000000000000000e+03 3.038000000000000114e+02 6.900000000000000355e+00 1.490000000000000000e+02
9.667000000000000000e+03 9.074000000000000000e+03 4.463000000000000114e+02 7.000000000000000000e+00 1.470000000000000000e+02
9.695000000000000000e+03 9.084000000000000000e+03 3.566000000000000227e+02 6.700000000000000178e+00 1.730000000000000000e+02
9.683000000000000000e+03 9.065000000000000000e+03 3.076000000000000227e+02 7.000000000000000000e+00 1.510000000000000000e+02
9.686000000000000000e+03 9.105000000000000000e+03 3.325000000000000000e+02 6.700000000000000178e+00 1.560000000000000000e+02
9.676000000000000000e+03 9.000000000000000000e+03 4.421000000000000227e+02 7.000000000000000000e+00 1.550000000000000000e+02
9.672000000000000000e+03 9.088000000000000000e+03 2.656000000000000227e+02 6.900000000000000355e+00 1.700000000000000000e+02
9.662000000000000000e+03 9.142000000000000000e+03 4.208999999999999773e+02 6.599999999999999645e+00 1.770000000000000000e+02
9.667000000000000000e+03 9.031000000000000000e+03 3.113000000000000114e+02 7.000000000000000000e+00 1.500000000000000000e+02
9.655000000000000000e+03 9.058000000000000000e+03 3.123000000000000114e+02 7.000000000000000000e+00 1.640000000000000000e+02
9.701000000000000000e+03 9.049000000000000000e+03 2.808999999999999773e+02 6.700000000000000178e+00 1.450000000000000000e+02
9.647000000000000000e+03 9.102000000000000000e+03 3.616999999999999886e+02 6.799999999999999822e+00 1.550000000000000000e+02
9.649000000000000000e+03 9.103000000000000000e+03 3.513999999999999773e+02 7.099999999999999645e+00 1.670000000000000000e+02
9.691000000000000000e+03 9.040000000000000000e+03 2.778999999999999773e+02 6.500000000000000000e+00 1.660000000000000000e+02
9.670000000000000000e+03 9.067000000000000000e+03 4.318999999999999773e+02 6.799999999999999822e+00 1.690000000000000000e+02
9.651000000000000000e+03 9.038000000000000000e+03 4.113000000000000114e+02 6.700000000000000178e+00 1.770000000000000000e+02
9.683000000000000000e+03 9.053000000000000000e+03 3.080000000000000000e+02 7.200000000000000178e+00 1.470000000000000000e+02
9.696000000000000000e+03 9.101000000000000000e+03 3.331000000000000227e+02 6.400000000000000355e+00 1.560000000000000000e+02
9.681000000000000000e+03 9.025000000000000000e+03 3.381999999999999886e+02 6.799999999999999822e+00 1.750000000000000000e+02
9.662000000000000000e+03 9.065000000000000000e+03 3.595000000000000000e+02 7.000000000000000000e+00 1.410000000000000000e+02
9.668000000000000000e+03 9.013000000000000000e+03 2.963000000000000114e+02 6.799999999999999822e+00 1.690000000000000000e+02
9.656000000000000000e+03 9.016000000000000000e+03 3.331000000000000227e+02 7.200000000000000178e+00 1.630000000000000000e+02
9.689000000000000000e+03 9.075000000000000000e+03 4.220000000000000000e+02 6.799999999999999822e+00 1.620000000000000000e+02
9.663000000000000000e+03 9.131000000000000000e+03 3.113000000000000114e+02 6.500000000000000000e+00 1.600000000000000000e+02
9.635000000000000000e+03 9.083000000000000000e+03 3.321000000000000227e+02 7.299999999999999822e+00 1.480000000000000000e+02
9.665000000000000000e+03 9.069000000000000000e+03 3.868999999999999773e+02 7.000000000000000000e+00 1.500000000000000000e+02
9.682000000000000000e+03 9.005000000000000000e+03 3.425000000000000000e+02 6.900000000000000355e+00 1.590000000000000000e+02
9.654000000000000000e+03 9.040000000000000000e+03 3.460000000000000000e+02 7.500000000000000000e+00 1.620000000000000000e+02
9.692000000000000000e+03 9.094000000000000000e+03 3.896999999999999886e+02 6.500000000000000000e+00 1.700000000000000000e+02
9.680000000000000000e+03 9.038000000000000000e+03 3.015000000000000000e+02 6.799999999999999822e+00 1.670000000000000000e+02
9.665000000000000000e+03 9.059000000000000000e+03 2.998000000000000114e+02 7.200000000000000178e+00 1.610000000000000000e+02
9.657000000000000000e+03 9.120000000000000000e+03 3.455000000000000000e+02 6.599999999999999645e+00 1.660000000000000000e+02
9.652000000000000000e+03 9.034000000000000000e+03 3.620000000000000000e+02 7.299999999999999822e+00 1.540000000000000000e+02
9.678000000000000000e+03 9.046000000000000000e+03 2.720000000000000000e+02 6.599999999999999645e+00 1.510000000000000000e+02
9.646000000000000000e+03 9.070000000000000000e+03 3.835000000000000000e+02 6.599999999999999645e+00 1.570000000000000000e+02
9.700000000000000000e+03 9.138000000000000000e+03 3.860000000000000000e+02 7.000000000000000000e+00 1.650000000000000000e+02
9.695000000000000000e+03 9.050000000000000000e+03 2.459000000000000057e+02 7.099999999999999645e+00 1.970000000000000000e+02
9.681000000000000000e+03 9.100000000000000000e+03 3.028999999999999773e+02 6.700000000000000178e+00 1.660000000000000000e+02
9.652000000000000000e+03 9.020000000000000000e+03 2.618000000000000114e+02 8.400000000000000355e+00 1.550000000000000000e+02
9.692000000000000000e+03 9.070000000000000000e+03 3.195000000000000000e+02 6.700000000000000178e+00 1.630000000000000000e+02
9.632000000000000000e+03 9.034000000000000000e+03 3.050000000000000000e+02 7.099999999999999645e+00 1.580000000000000000e+02
9.648000000000000000e+03 9.035000000000000000e+03 2.886999999999999886e+02 7.000000000000000000e+00 1.640000000000000000e+02
9.684000000000000000e+03 9.083000000000000000e+03 2.698999999999999773e+02 6.599999999999999645e+00 1.690000000000000000e+02
9.657000000000000000e+03 9.060000000000000000e+03 2.923999999999999773e+02 7.299999999999999822e+00 1.660000000000000000e+02
9.677000000000000000e+03 8.958000000000000000e+03 4.268999999999999773e+02 7.500000000000000000e+00 1.480000000000000000e+02
9.680000000000000000e+03 9.120000000000000000e+03 4.021999999999999886e+02 6.500000000000000000e+00 1.650000000000000000e+02
9.659000000000000000e+03 8.991000000000000000e+03 3.041000000000000227e+02 7.500000000000000000e+00 1.660000000000000000e+02
9.672000000000000000e+03 9.035000000000000000e+03 3.233000000000000114e+02 6.599999999999999645e+00 1.550000000000000000e+02
9.657000000000000000e+03 9.093000000000000000e+03 3.756000000000000227e+02 6.900000000000000355e+00 1.780000000000000000e+02
9.676000000000000000e+03 9.028000000000000000e+03 2.891000000000000227e+02 6.599999999999999645e+00 1.550000000000000000e+02
9.651000000000000000e+03 9.065000000000000000e+03 3.231000000000000227e+02 7.000000000000000000e+00 1.600000000000000000e+02
9.669000000000000000e+03 9.102000000000000000e+03 2.921000000000000227e+02 7.000000000000000000e+00 1.620000000000000000e+02
9.673000000000000000e+03 9.071000000000000000e+03 3.436999999999999886e+02 7.500000000000000000e+00 1.510000000000000000e+02
9.711000000000000000e+03 9.035000000000000000e+03 2.731999999999999886e+02 6.900000000000000355e+00 1.730000000000000000e+02
9.693000000000000000e+03 9.043000000000000000e+03 3.176999999999999886e+02 7.000000000000000000e+00 1.670000000000000000e+02
9.679000000000000000e+03 9.082000000000000000e+03 3.546999999999999886e+02 7.000000000000000000e+00 1.730000000000000000e+02
9.692000000000000000e+03 9.110000000000000000e+03 4.510000000000000000e+02 6.599999999999999645e+00 1.640000000000000000e+02
9.694000000000000000e+03 9.025000000000000000e+03 3.133000000000000114e+02 6.799999999999999822e+00 1.660000000000000000e+02
9.677000000000000000e+03 9.070000000000000000e+03 3.151000000000000227e+02 6.599999999999999645e+00 1.630000000000000000e+02
9.649000000000000000e+03 9.071000000000000000e+03 2.960000000000000000e+02 6.599999999999999645e+00 1.590000000000000000e+02
9.700000000000000000e+03 9.084000000000000000e+03 3.810000000000000000e+02 6.700000000000000178e+00 1.470000000000000000e+02
9.677000000000000000e+03 9.109000000000000000e+03 3.553000000000000114e+02 7.400000000000000355e+00 1.540000000000000000e+02
9.664000000000000000e+03 9.079000000000000000e+03 4.286999999999999886e+02 6.599999999999999645e+00 1.480000000000000000e+02
9.647000000000000000e+03 9.063000000000000000e+03 3.281000000000000227e+02 7.599999999999999645e+00 1.570000000000000000e+02
9.651000000000000000e+03 9.073000000000000000e+03 3.366000000000000227e+02 6.700000000000000178e+00 1.560000000000000000e+02
9.693000000000000000e+03 9.093000000000000000e+03 2.890000000000000000e+02 6.599999999999999645e+00 1.620000000000000000e+02
9.683000000000000000e+03 9.115000000000000000e+03 3.605000000000000000e+02 7.000000000000000000e+00 1.650000000000000000e+02
9.718000000000000000e+03 9.096000000000000000e+03 2.971000000000000227e+02 6.700000000000000178e+00 1.530000000000000000e+02
9.654000000000000000e+03 9.027000000000000000e+03 3.983000000000000114e+02 6.400000000000000355e+00 1.550000000000000000e+02
9.690000000000000000e+03 9.075000000000000000e+03 3.410000000000000000e+02 6.700000000000000178e+00 1.630000000000000000e+02
9.666000000000000000e+03 9.031000000000000000e+03 3.076000000000000227e+02 7.000000000000000000e+00 1.680000000000000000e+02
9.663000000000000000e+03 9.036000000000000000e+03 4.225000000000000000e+02 6.799999999999999822e+00 1.590000000000000000e+02
9.665000000000000000e+03 9.008000000000000000e+03 3.240000000000000000e+02 7.000000000000000000e+00 1.580000000000000000e+02
9.672000000000000000e+03 9.012000000000000000e+03 3.281999999999999886e+02 7.200000000000000178e+00 1.550000000000000000e+02
9.686000000000000000e+03 9.005000000000000000e+03 4.075000000000000000e+02 6.799999999999999822e+00 1.640000000000000000e+02
9.712000000000000000e+03 9.125000000000000000e+03 4.703999999999999773e+02 6.900000000000000355e+00 1.770000000000000000e+02
9.653000000000000000e+03 9.063000000000000000e+03 3.773999999999999773e+02 6.599999999999999645e+00 1.570000000000000000e+02
9.698000000000000000e+03 9.007000000000000000e+03 2.466999999999999886e+02 6.599999999999999645e+00 1.730000000000000000e+02
9.674000000000000000e+03 9.036000000000000000e+03 3.398000000000000114e+02 6.599999999999999645e+00 1.530000000000000000e+02
9.689000000000000000e+03 9.071000000000000000e+03 4.140000000000000000e+02 6.700000000000000178e+00 1.530000000000000000e+02
9.677000000000000000e+03 9.078000000000000000e+03 2.961999999999999886e+02 6.799999999999999822e+00 1.490000000000000000e+02
9.686000000000000000e+03 9.044000000000000000e+03 3.500000000000000000e+02 7.099999999999999645e+00 1.530000000000000000e+02
9.649000000000000000e+03 9.047000000000000000e+03 3.246999999999999886e+02 6.799999999999999822e+00 1.710000000000000000e+02
9.686000000000000000e+03 9.057000000000000000e+03 2.620000000000000000e+02 7.000000000000000000e+00 1.670000000000000000e+02
9.674000000000000000e+03 9.058000000000000000e+03 3.936999999999999886e+02 7.000000000000000000e+00 1.550000000000000000e+02
9.671000000000000000e+03 9.105000000000000000e+03 3.078000000000000114e+02 7.000000000000000000e+00 1.760000000000000000e+02
9.653000000000000000e+03 9.073000000000000000e+03 3.296000000000000227e+02 7.000000000000000000e+00 1.540000000000000000e+02
9.640000000000000000e+03 9.015000000000000000e+03 3.098999999999999773e+02 7.099999999999999645e+00 1.630000000000000000e+02
9.685000000000000000e+03 9.063000000000000000e+03 3.333999999999999773e+02 6.799999999999999822e+00 1.570000000000000000e+02
9.670000000000000000e+03 9.071000000000000000e+03 3.958999999999999773e+02 6.799999999999999822e+00 1.430000000000000000e+02
9.655000000000000000e+03 9.095000000000000000e+03 3.995000000000000000e+02 6.700000000000000178e+00 1.550000000000000000e+02
9.665000000000000000e+03 9.075000000000000000e+03 4.668999999999999773e+02 6.700000000000000178e+00 1.810000000000000000e+02
9.667000000000000000e+03 9.042000000000000000e+03 4.228999999999999773e+02 6.700000000000000178e+00 1.640000000000000000e+02
9.680000000000000000e+03 9.000000000000000000e+03 3.086000000000000227e+02 7.000000000000000000e+00 1.480000000000000000e+02
9.686000000000000000e+03 9.015000000000000000e+03 3.046999999999999886e+02 7.400000000000000355e+00 1.740000000000000000e+02
9.668000000000000000e+03 9.002000000000000000e+03 2.930000000000000000e+02 7.099999999999999645e+00 1.670000000000000000e+02
9.669000000000000000e+03 9.088000000000000000e+03 3.335000000000000000e+02 7.000000000000000000e+00 1.620000000000000000e+02
9.670000000000000000e+03 9.051000000000000000e+03 3.701999999999999886e+02 7.099999999999999645e+00 1.430000000000000000e+02
9.668000000000000000e+03 9.095000000000000000e+03 2.888000000000000114e+02 7.099999999999999645e+00 1.780000000000000000e+02
9.637000000000000000e+03 9.033000000000000000e+03 3.195000000000000000e+02 6.500000000000000000e+00 1.570000000000000000e+02
9.680000000000000000e+03 9.097000000000000000e+03 3.095000000000000000e+02 7.799999999999999822e+00 1.680000000000000000e+02
9.668000000000000000e+03 9.075000000000000000e+03 3.288000000000000114e+02 7.000000000000000000e+00 1.830000000000000000e+02
9.636000000000000000e+03 9.054000000000000000e+03 3.858999999999999773e+02 7.099999999999999645e+00 1.820000000000000000e+02
9.671000000000000000e+03 9.025000000000000000e+03 3.180000000000000000e+02 7.000000000000000000e+00 1.620000000000000000e+02
9.665000000000000000e+03 9.015000000000000000e+03 2.950000000000000000e+02 6.400000000000000355e+00 1.570000000000000000e+02
9.652000000000000000e+03 9.066000000000000000e+03 3.171999999999999886e+02 7.000000000000000000e+00 1.670000000000000000e+02
9.690000000000000000e+03 9.111000000000000000e+03 3.481999999999999886e+02 7.000000000000000000e+00 1.610000000000000000e+02
9.656000000000000000e+03 8.997000000000000000e+03 3.198000000000000114e+02 6.700000000000000178e+00 1.770000000000000000e+02
9.664000000000000000e+03 9.131000000000000000e+03 4.343000000000000114e+02 6.700000000000000178e+00 1.810000000000000000e+02
9.702000000000000000e+03 9.039000000000000000e+03 3.026999999999999886e+02 7.000000000000000000e+00 1.600000000000000000e+02
9.661000000000000000e+03 9.055000000000000000e+03 4.030000000000000000e+02 7.000000000000000000e+00 1.610000000000000000e+02
9.684000000000000000e+03 9.097000000000000000e+03 3.433999999999999773e+02 6.200000000000000178e+00 1.780000000000000000e+02
9.692000000000000000e+03 9.105000000000000000e+03 2.688999999999999773e+02 6.799999999999999822e+00 1.490000000000000000e+02
9.673000000000000000e+03 9.060000000000000000e+03 3.313999999999999773e+02 7.000000000000000000e+00 1.690000000000000000e+02
9.687000000000000000e+03 9.119000000000000000e+03 3.923999999999999773e+02 7.099999999999999645e+00 1.670000000000000000e+02
9.637000000000000000e+03 9.063000000000000000e+03 2.770000000000000000e+02 7.000000000000000000e+00 1.570000000000000000e+02
9.692000000000000000e+03 9.044000000000000000e+03 3.561000000000000227e+02 6.900000000000000355e+00 1.580000000000000000e+02
9.657000000000000000e+03 9.094000000000000000e+03 2.880000000000000000e+02 7.000000000000000000e+00 1.600000000000000000e+02
9.677000000000000000e+03 9.084000000000000000e+03 2.973999999999999773e+02 6.799999999999999822e+00 1.650000000000000000e+02
9.680000000000000000e+03 9.059000000000000000e+03 3.198999999999999773e+02 6.799999999999999822e+00 1.650000000000000000e+02
9.683000000000000000e+03 9.122000000000000000e+03 3.483999999999999773e+02 7.000000000000000000e+00 1.590000000000000000e+02
9.658000000000000000e+03 8.996000000000000000e+03 2.950000000000000000e+02 7.500000000000000000e+00 1.640000000000000000e+02
9.668000000000000000e+03 9.047000000000000000e+03 5.101000000000000227e+02 6.799999999999999822e+00 1.560000000000000000e+02
