7.234000000000000000e+03 6.740000000000000000e+02 4.300000000000000000e+02 1.749000000000000057e+02 2.310000000000000000e+02
6.894000000000000000e+03 5.040000000000000000e+02 5.277999999999999545e+02 1.605000000000000000e+02 1.830000000000000000e+02
6.922000000000000000e+03 6.960000000000000000e+02 4.228999999999999773e+02 2.165000000000000000e+02 2.450000000000000000e+02
6.751000000000000000e+03 6.270000000000000000e+02 4.111999999999999886e+02 1.410000000000000000e+02 2.310000000000000000e+02
7.003000000000000000e+03 7.780000000000000000e+02 3.471000000000000227e+02 1.420999999999999943e+02 2.740000000000000000e+02
7.190000000000000000e+03 7.490000000000000000e+02 4.411999999999999886e+02 1.609000000000000057e+02 2.600000000000000000e+02
7.098000000000000000e+03 7.060000000000000000e+02 3.701000000000000227e+02 1.840999999999999943e+02 2.430000000000000000e+02
7.018000000000000000e+03 7.240000000000000000e+02 4.970000000000000000e+02 1.495000000000000000e+02 2.580000000000000000e+02
7.163000000000000000e+03 6.580000000000000000e+02 4.526000000000000227e+02 2.598000000000000114e+02 2.130000000000000000e+02
7.260000000000000000e+03 5.620000000000000000e+02 4.228999999999999773e+02 1.310000000000000000e+02 2.120000000000000000e+02
7.126000000000000000e+03 3.380000000000000000e+02 6.115000000000000000e+02 1.369000000000000057e+02 1.190000000000000000e+02
7.185000000000000000e+03 5.210000000000000000e+02 5.203999999999999773e+02 2.811999999999999886e+02 1.970000000000000000e+02
6.941000000000000000e+03 5.450000000000000000e+02 4.776000000000000227e+02 1.826999999999999886e+02 1.980000000000000000e+02
6.703000000000000000e+03 5.260000000000000000e+02 6.118999999999999773e+02 3.046999999999999886e+02 1.820000000000000000e+02
7.073000000000000000e+03 6.530000000000000000e+02 5.445000000000000000e+02 1.237999999999999972e+02 2.320000000000000000e+02
6.936000000000000000e+03 5.290000000000000000e+02 3.843999999999999773e+02 1.311999999999999886e+02 1.940000000000000000e+02
7.028000000000000000e+03 5.630000000000000000e+02 4.841999999999999886e+02 1.089000000000000057e+02 1.990000000000000000e+02
3.000000000000000000e+01 1.700000000000000000e+01 5.300000000000000000e+01 1.169999999999999929e+01 9.000000000000000000e+00
7.184000000000000000e+03 6.450000000000000000e+02 4.258999999999999773e+02 1.326999999999999886e+02 2.070000000000000000e+02
7.003000000000000000e+03 6.240000000000000000e+02 5.146000000000000227e+02 1.735999999999999943e+02 2.240000000000000000e+02
7.225000000000000000e+03 7.050000000000000000e+02 3.978999999999999773e+02 1.064000000000000057e+02 2.490000000000000000e+02
6.919000000000000000e+03 6.330000000000000000e+02 4.336999999999999886e+02 1.067000000000000028e+02 2.410000000000000000e+02
7.220000000000000000e+03 5.380000000000000000e+02 4.788000000000000114e+02 1.035999999999999943e+02 1.940000000000000000e+02
6.970000000000000000e+03 6.870000000000000000e+02 4.018000000000000114e+02 1.844000000000000057e+02 2.570000000000000000e+02
6.800000000000000000e+03 5.490000000000000000e+02 6.067999999999999545e+02 2.454000000000000057e+02 1.850000000000000000e+02
6.980000000000000000e+03 5.940000000000000000e+02 4.056000000000000227e+02 1.264000000000000057e+02 2.270000000000000000e+02
6.893000000000000000e+03 6.090000000000000000e+02 3.896000000000000227e+02 1.082999999999999972e+02 2.070000000000000000e+02
7.194000000000000000e+03 6.660000000000000000e+02 4.440000000000000000e+02 1.741999999999999886e+02 2.290000000000000000e+02
6.548000000000000000e+03 5.740000000000000000e+02 5.327999999999999545e+02 2.661999999999999886e+02 2.400000000000000000e+02
7.016000000000000000e+03 8.900000000000000000e+02 3.671999999999999886e+02 1.306999999999999886e+02 3.040000000000000000e+02
6.756000000000000000e+03 5.850000000000000000e+02 4.638000000000000114e+02 1.755999999999999943e+02 2.060000000000000000e+02
7.190000000000000000e+03 6.920000000000000000e+02 4.093000000000000114e+02 1.499000000000000057e+02 2.380000000000000000e+02
6.640000000000000000e+03 4.480000000000000000e+02 7.552999999999999545e+02 1.721999999999999886e+02 1.700000000000000000e+02
6.924000000000000000e+03 5.820000000000000000e+02 4.710000000000000000e+02 8.340000000000000568e+01 2.150000000000000000e+02
6.936000000000000000e+03 6.240000000000000000e+02 4.271999999999999886e+02 8.070000000000000284e+01 2.240000000000000000e+02
7.058000000000000000e+03 6.610000000000000000e+02 5.152999999999999545e+02 2.320999999999999943e+02 2.280000000000000000e+02
6.811000000000000000e+03 8.240000000000000000e+02 3.918000000000000114e+02 1.871999999999999886e+02 2.970000000000000000e+02
7.024000000000000000e+03 4.860000000000000000e+02 6.586000000000000227e+02 1.017999999999999972e+02 1.900000000000000000e+02
6.772000000000000000e+03 6.200000000000000000e+02 3.825000000000000000e+02 1.295000000000000000e+02 2.160000000000000000e+02
6.631000000000000000e+03 5.770000000000000000e+02 3.483999999999999773e+02 1.310000000000000000e+02 2.050000000000000000e+02
7.098000000000000000e+03 6.100000000000000000e+02 5.657999999999999545e+02 1.109000000000000057e+02 2.160000000000000000e+02
6.693000000000000000e+03 5.740000000000000000e+02 6.207999999999999545e+02 9.959999999999999432e+01 2.190000000000000000e+02
7.200000000000000000e+03 6.240000000000000000e+02 4.986000000000000227e+02 1.599000000000000057e+02 2.350000000000000000e+02
6.853000000000000000e+03 4.930000000000000000e+02 4.816999999999999886e+02 1.385000000000000000e+02 1.820000000000000000e+02
7.263000000000000000e+03 9.410000000000000000e+02 4.203000000000000114e+02 1.628000000000000114e+02 3.290000000000000000e+02
7.018000000000000000e+03 7.940000000000000000e+02 3.846000000000000227e+02 1.319000000000000057e+02 2.920000000000000000e+02
6.933000000000000000e+03 4.440000000000000000e+02 5.028999999999999773e+02 9.800000000000000000e+01 1.750000000000000000e+02
6.995000000000000000e+03 5.790000000000000000e+02 4.361000000000000227e+02 1.584000000000000057e+02 2.160000000000000000e+02
6.737000000000000000e+03 5.700000000000000000e+02 4.681999999999999886e+02 1.830000000000000000e+02 2.240000000000000000e+02
7.020000000000000000e+03 5.530000000000000000e+02 4.430000000000000000e+02 1.070999999999999943e+02 1.870000000000000000e+02
7.197000000000000000e+03 6.770000000000000000e+02 4.066000000000000227e+02 1.966999999999999886e+02 2.310000000000000000e+02
7.162000000000000000e+03 4.530000000000000000e+02 5.122999999999999545e+02 9.100000000000000000e+01 1.640000000000000000e+02
7.158000000000000000e+03 9.200000000000000000e+02 3.920000000000000000e+02 1.565000000000000000e+02 3.040000000000000000e+02
6.992000000000000000e+03 7.810000000000000000e+02 3.893999999999999773e+02 9.900000000000000000e+01 2.780000000000000000e+02
7.074000000000000000e+03 5.490000000000000000e+02 4.116999999999999886e+02 1.341999999999999886e+02 1.910000000000000000e+02
6.882000000000000000e+03 5.780000000000000000e+02 5.207999999999999545e+02 1.405999999999999943e+02 2.140000000000000000e+02
7.115000000000000000e+03 7.300000000000000000e+02 3.845000000000000000e+02 1.320999999999999943e+02 2.570000000000000000e+02
6.944000000000000000e+03 4.870000000000000000e+02 7.191000000000000227e+02 1.210999999999999943e+02 1.790000000000000000e+02
7.275000000000000000e+03 6.920000000000000000e+02 3.858999999999999773e+02 1.490999999999999943e+02 2.300000000000000000e+02
6.925000000000000000e+03 5.290000000000000000e+02 5.462999999999999545e+02 1.751999999999999886e+02 1.880000000000000000e+02
7.135000000000000000e+03 7.290000000000000000e+02 4.771000000000000227e+02 4.760000000000000142e+01 2.490000000000000000e+02
7.250000000000000000e+03 6.040000000000000000e+02 4.335000000000000000e+02 1.683000000000000114e+02 2.130000000000000000e+02
6.882000000000000000e+03 5.950000000000000000e+02 4.235000000000000000e+02 1.873000000000000114e+02 2.310000000000000000e+02
7.278000000000000000e+03 7.700000000000000000e+02 3.751999999999999886e+02 1.070000000000000000e+02 2.790000000000000000e+02
7.011000000000000000e+03 8.010000000000000000e+02 3.631000000000000227e+02 1.481999999999999886e+02 3.070000000000000000e+02
6.935000000000000000e+03 7.720000000000000000e+02 4.068999999999999773e+02 1.760999999999999943e+02 2.480000000000000000e+02
7.040000000000000000e+03 5.700000000000000000e+02 4.993000000000000114e+02 1.172999999999999972e+02 2.040000000000000000e+02
6.898000000000000000e+03 7.230000000000000000e+02 3.961999999999999886e+02 1.476999999999999886e+02 2.710000000000000000e+02
7.206000000000000000e+03 6.200000000000000000e+02 4.186999999999999886e+02 1.035000000000000000e+02 2.070000000000000000e+02
7.072000000000000000e+03 7.070000000000000000e+02 4.023999999999999773e+02 1.576999999999999886e+02 2.350000000000000000e+02
6.620000000000000000e+03 6.690000000000000000e+02 3.911000000000000227e+02 1.351999999999999886e+02 2.450000000000000000e+02
7.125000000000000000e+03 6.240000000000000000e+02 5.462999999999999545e+02 1.154000000000000057e+02 2.220000000000000000e+02
7.091000000000000000e+03 6.520000000000000000e+02 4.466000000000000227e+02 1.189000000000000057e+02 2.240000000000000000e+02
6.973000000000000000e+03 6.230000000000000000e+02 4.161000000000000227e+02 6.060000000000000142e+01 2.260000000000000000e+02
7.114000000000000000e+03 5.520000000000000000e+02 6.918999999999999773e+02 1.438000000000000114e+02 2.120000000000000000e+02
6.978000000000000000e+03 6.170000000000000000e+02 6.280000000000000000e+02 1.785000000000000000e+02 2.170000000000000000e+02
7.030000000000000000e+03 5.830000000000000000e+02 5.727999999999999545e+02 1.395999999999999943e+02 2.020000000000000000e+02
7.152000000000000000e+03 8.290000000000000000e+02 3.691000000000000227e+02 1.591999999999999886e+02 2.960000000000000000e+02
7.209000000000000000e+03 6.320000000000000000e+02 5.841000000000000227e+02 2.968999999999999773e+02 2.190000000000000000e+02
7.064000000000000000e+03 6.070000000000000000e+02 5.150000000000000000e+02 8.629999999999999716e+01 2.250000000000000000e+02
7.020000000000000000e+03 4.960000000000000000e+02 4.923000000000000114e+02 1.242000000000000028e+02 1.740000000000000000e+02
7.017000000000000000e+03 6.730000000000000000e+02 4.381999999999999886e+02 1.846999999999999886e+02 2.300000000000000000e+02
6.817000000000000000e+03 3.650000000000000000e+02 5.888999999999999773e+02 1.858000000000000114e+02 1.430000000000000000e+02
6.609000000000000000e+03 5.170000000000000000e+02 4.883000000000000114e+02 8.900000000000000000e+01 1.970000000000000000e+02
6.985000000000000000e+03 5.030000000000000000e+02 5.226000000000000227e+02 2.050000000000000000e+02 1.730000000000000000e+02
6.927000000000000000e+03 5.000000000000000000e+02 5.366000000000000227e+02 1.042000000000000028e+02 1.850000000000000000e+02
6.988000000000000000e+03 5.610000000000000000e+02 4.476000000000000227e+02 1.415999999999999943e+02 1.980000000000000000e+02
7.121000000000000000e+03 5.830000000000000000e+02 4.475000000000000000e+02 1.768000000000000114e+02 2.070000000000000000e+02
6.818000000000000000e+03 4.680000000000000000e+02 5.187999999999999545e+02 1.020999999999999943e+02 1.630000000000000000e+02
6.818000000000000000e+03 5.920000000000000000e+02 4.935000000000000000e+02 1.117000000000000028e+02 2.140000000000000000e+02
7.027000000000000000e+03 6.190000000000000000e+02 4.631999999999999886e+02 9.509999999999999432e+01 2.290000000000000000e+02
7.041000000000000000e+03 6.470000000000000000e+02 5.601000000000000227e+02 2.123000000000000114e+02 2.310000000000000000e+02
6.813000000000000000e+03 7.490000000000000000e+02 4.006999999999999886e+02 7.909999999999999432e+01 2.480000000000000000e+02
6.879000000000000000e+03 4.460000000000000000e+02 5.720000000000000000e+02 1.606999999999999886e+02 1.550000000000000000e+02
6.873000000000000000e+03 4.580000000000000000e+02 5.282999999999999545e+02 1.399000000000000057e+02 1.830000000000000000e+02
7.026000000000000000e+03 8.370000000000000000e+02 3.788999999999999773e+02 1.335000000000000000e+02 2.960000000000000000e+02
6.612000000000000000e+03 6.430000000000000000e+02 4.833000000000000114e+02 1.824000000000000057e+02 2.440000000000000000e+02
6.774000000000000000e+03 4.580000000000000000e+02 4.978000000000000114e+02 1.192999999999999972e+02 1.680000000000000000e+02
6.667000000000000000e+03 4.750000000000000000e+02 4.266999999999999886e+02 8.870000000000000284e+01 1.720000000000000000e+02
6.824000000000000000e+03 7.340000000000000000e+02 4.238000000000000114e+02 2.125000000000000000e+02 2.580000000000000000e+02
6.903000000000000000e+03 5.860000000000000000e+02 5.407999999999999545e+02 1.272000000000000028e+02 2.310000000000000000e+02
6.928000000000000000e+03 7.050000000000000000e+02 4.083999999999999773e+02 1.395999999999999943e+02 2.620000000000000000e+02
7.020000000000000000e+03 5.670000000000000000e+02 5.707000000000000455e+02 2.735000000000000000e+02 2.130000000000000000e+02
6.940000000000000000e+03 7.190000000000000000e+02 3.480000000000000000e+02 1.225999999999999943e+02 2.490000000000000000e+02
7.066000000000000000e+03 6.910000000000000000e+02 4.548000000000000114e+02 1.641999999999999886e+02 2.470000000000000000e+02
6.998000000000000000e+03 5.800000000000000000e+02 3.840000000000000000e+02 1.534000000000000057e+02 2.010000000000000000e+02
6.770000000000000000e+03 3.810000000000000000e+02 7.853999999999999773e+02 2.055999999999999943e+02 1.360000000000000000e+02
6.842000000000000000e+03 6.910000000000000000e+02 4.896000000000000227e+02 1.726999999999999886e+02 2.140000000000000000e+02
6.895000000000000000e+03 4.470000000000000000e+02 4.585000000000000000e+02 7.620000000000000284e+01 1.640000000000000000e+02
7.011000000000000000e+03 4.880000000000000000e+02 5.592000000000000455e+02 1.090999999999999943e+02 1.630000000000000000e+02
7.102000000000000000e+03 6.350000000000000000e+02 4.121000000000000227e+02 1.222000000000000028e+02 2.230000000000000000e+02
7.170000000000000000e+03 7.280000000000000000e+02 4.613000000000000114e+02 1.483000000000000114e+02 2.380000000000000000e+02
7.194000000000000000e+03 7.730000000000000000e+02 3.740000000000000000e+02 1.165999999999999943e+02 3.070000000000000000e+02
6.577000000000000000e+03 4.550000000000000000e+02 4.853999999999999773e+02 1.621999999999999886e+02 1.760000000000000000e+02
7.097000000000000000e+03 8.130000000000000000e+02 3.813999999999999773e+02 1.923000000000000114e+02 2.860000000000000000e+02
6.718000000000000000e+03 6.790000000000000000e+02 4.258000000000000114e+02 1.493000000000000114e+02 2.270000000000000000e+02
6.969000000000000000e+03 5.780000000000000000e+02 4.681000000000000227e+02 7.250000000000000000e+01 2.100000000000000000e+02
7.146000000000000000e+03 6.210000000000000000e+02 4.023999999999999773e+02 1.280999999999999943e+02 2.240000000000000000e+02
6.000000000000000000e+00 7.000000000000000000e+00 1.580000000000000071e+01 8.000000000000000444e-01 3.000000000000000000e+00
6.951000000000000000e+03 6.770000000000000000e+02 3.461000000000000227e+02 1.245999999999999943e+02 2.450000000000000000e+02
7.102000000000000000e+03 6.680000000000000000e+02 4.671999999999999886e+02 1.970000000000000000e+02 2.360000000000000000e+02
6.948000000000000000e+03 5.440000000000000000e+02 4.568999999999999773e+02 1.649000000000000057e+02 1.960000000000000000e+02
6.731000000000000000e+03 6.660000000000000000e+02 6.937000000000000455e+02 8.009999999999999432e+01 2.380000000000000000e+02
7.093000000000000000e+03 7.880000000000000000e+02 4.591000000000000227e+02 2.240999999999999943e+02 2.730000000000000000e+02
7.065000000000000000e+03 6.140000000000000000e+02 5.353999999999999773e+02 1.371999999999999886e+02 2.110000000000000000e+02
7.024000000000000000e+03 5.460000000000000000e+02 4.791000000000000227e+02 1.791999999999999886e+02 1.970000000000000000e+02
6.878000000000000000e+03 5.710000000000000000e+02 4.678000000000000114e+02 9.440000000000000568e+01 2.020000000000000000e+02
6.973000000000000000e+03 7.500000000000000000e+02 4.041000000000000227e+02 1.844000000000000057e+02 2.610000000000000000e+02
6.859000000000000000e+03 7.260000000000000000e+02 4.533999999999999773e+02 2.320000000000000000e+02 2.660000000000000000e+02
7.031000000000000000e+03 7.360000000000000000e+02 3.698000000000000114e+02 1.443000000000000114e+02 2.810000000000000000e+02
6.957000000000000000e+03 6.800000000000000000e+02 4.135000000000000000e+02 1.506999999999999886e+02 2.410000000000000000e+02
7.016000000000000000e+03 6.790000000000000000e+02 3.993999999999999773e+02 1.451999999999999886e+02 2.590000000000000000e+02
6.992000000000000000e+03 6.320000000000000000e+02 5.091999999999999886e+02 1.190000000000000000e+02 2.130000000000000000e+02
7.065000000000000000e+03 5.640000000000000000e+02 4.586999999999999886e+02 1.966999999999999886e+02 1.920000000000000000e+02
6.910000000000000000e+03 6.410000000000000000e+02 3.833999999999999773e+02 1.052999999999999972e+02 2.290000000000000000e+02
7.209000000000000000e+03 7.980000000000000000e+02 4.000000000000000000e+02 1.640999999999999943e+02 3.000000000000000000e+02
9.200000000000000000e+01 3.900000000000000000e+01 8.250000000000000000e+01 1.900000000000000000e+01 1.100000000000000000e+01
7.116000000000000000e+03 5.340000000000000000e+02 4.838999999999999773e+02 1.140999999999999943e+02 2.000000000000000000e+02
6.985000000000000000e+03 7.780000000000000000e+02 3.771000000000000227e+02 1.559000000000000057e+02 2.760000000000000000e+02
6.794000000000000000e+03 4.970000000000000000e+02 5.173999999999999773e+02 1.746999999999999886e+02 1.760000000000000000e+02
6.973000000000000000e+03 7.470000000000000000e+02 4.753000000000000114e+02 2.366999999999999886e+02 2.760000000000000000e+02
7.060000000000000000e+03 7.630000000000000000e+02 3.390000000000000000e+02 1.574000000000000057e+02 2.690000000000000000e+02
7.159000000000000000e+03 7.670000000000000000e+02 3.651999999999999886e+02 1.232999999999999972e+02 2.810000000000000000e+02
7.172000000000000000e+03 6.380000000000000000e+02 5.252000000000000455e+02 1.731999999999999886e+02 2.360000000000000000e+02
7.065000000000000000e+03 5.630000000000000000e+02 5.916000000000000227e+02 2.171999999999999886e+02 1.830000000000000000e+02
7.121000000000000000e+03 6.690000000000000000e+02 4.418000000000000114e+02 1.890999999999999943e+02 2.360000000000000000e+02
6.843000000000000000e+03 6.840000000000000000e+02 4.436999999999999886e+02 1.943000000000000114e+02 2.320000000000000000e+02
7.091000000000000000e+03 6.500000000000000000e+02 5.101000000000000227e+02 1.463000000000000114e+02 2.180000000000000000e+02
7.020000000000000000e+03 7.130000000000000000e+02 5.388999999999999773e+02 1.620000000000000000e+02 2.530000000000000000e+02
7.079000000000000000e+03 6.520000000000000000e+02 3.316000000000000227e+02 9.640000000000000568e+01 2.310000000000000000e+02
7.004000000000000000e+03 7.190000000000000000e+02 4.210000000000000000e+02 1.719000000000000057e+02 2.540000000000000000e+02
6.714000000000000000e+03 7.370000000000000000e+02 3.788999999999999773e+02 1.170999999999999943e+02 2.680000000000000000e+02
7.017000000000000000e+03 7.600000000000000000e+02 4.233000000000000114e+02 7.850000000000000000e+01 2.360000000000000000e+02
6.976000000000000000e+03 7.080000000000000000e+02 3.641000000000000227e+02 1.152000000000000028e+02 2.550000000000000000e+02
7.150000000000000000e+03 5.760000000000000000e+02 5.808999999999999773e+02 5.929999999999999716e+01 2.160000000000000000e+02
6.957000000000000000e+03 5.320000000000000000e+02 5.035000000000000000e+02 1.510999999999999943e+02 2.160000000000000000e+02
6.873000000000000000e+03 7.590000000000000000e+02 3.978000000000000114e+02 1.341999999999999886e+02 2.770000000000000000e+02
7.123000000000000000e+03 6.760000000000000000e+02 4.013999999999999773e+02 1.017000000000000028e+02 2.400000000000000000e+02
7.029000000000000000e+03 6.010000000000000000e+02 4.353999999999999773e+02 1.415000000000000000e+02 1.940000000000000000e+02
7.121000000000000000e+03 8.040000000000000000e+02 4.266000000000000227e+02 2.208000000000000114e+02 2.730000000000000000e+02
6.760000000000000000e+03 7.910000000000000000e+02 4.246999999999999886e+02 1.132999999999999972e+02 2.270000000000000000e+02
6.951000000000000000e+03 4.640000000000000000e+02 5.071000000000000227e+02 8.020000000000000284e+01 1.690000000000000000e+02
7.046000000000000000e+03 6.210000000000000000e+02 4.698000000000000114e+02 1.798000000000000114e+02 2.270000000000000000e+02
6.952000000000000000e+03 6.790000000000000000e+02 4.641999999999999886e+02 2.113000000000000114e+02 2.300000000000000000e+02
6.969000000000000000e+03 7.450000000000000000e+02 4.485000000000000000e+02 1.160000000000000000e+02 2.630000000000000000e+02
6.762000000000000000e+03 5.020000000000000000e+02 4.668999999999999773e+02 1.610000000000000000e+02 1.940000000000000000e+02
6.980000000000000000e+03 4.790000000000000000e+02 5.758999999999999773e+02 1.172000000000000028e+02 1.690000000000000000e+02
7.025000000000000000e+03 5.050000000000000000e+02 4.686999999999999886e+02 8.770000000000000284e+01 1.650000000000000000e+02
7.023000000000000000e+03 6.580000000000000000e+02 4.526999999999999886e+02 1.929000000000000057e+02 2.300000000000000000e+02
7.026000000000000000e+03 6.680000000000000000e+02 4.056000000000000227e+02 7.150000000000000000e+01 2.370000000000000000e+02
6.944000000000000000e+03 8.790000000000000000e+02 3.726000000000000227e+02 1.705999999999999943e+02 2.980000000000000000e+02
7.047000000000000000e+03 7.510000000000000000e+02 3.718000000000000114e+02 1.700999999999999943e+02 2.790000000000000000e+02
6.839000000000000000e+03 5.790000000000000000e+02 4.020000000000000000e+02 1.204000000000000057e+02 2.010000000000000000e+02
6.863000000000000000e+03 6.300000000000000000e+02 3.276000000000000227e+02 1.435999999999999943e+02 2.390000000000000000e+02
6.997000000000000000e+03 6.630000000000000000e+02 4.095000000000000000e+02 1.830999999999999943e+02 2.550000000000000000e+02
6.860000000000000000e+03 6.760000000000000000e+02 4.118999999999999773e+02 1.625999999999999943e+02 2.540000000000000000e+02
7.203000000000000000e+03 7.570000000000000000e+02 4.598999999999999773e+02 2.278000000000000114e+02 2.560000000000000000e+02
7.170000000000000000e+03 8.070000000000000000e+02 3.908999999999999773e+02 1.650999999999999943e+02 2.800000000000000000e+02
7.102000000000000000e+03 6.940000000000000000e+02 5.630000000000000000e+02 1.601999999999999886e+02 2.530000000000000000e+02
7.080000000000000000e+03 1.036000000000000000e+03 3.193999999999999773e+02 1.205999999999999943e+02 3.440000000000000000e+02
7.183000000000000000e+03 6.780000000000000000e+02 4.398999999999999773e+02 1.958000000000000114e+02 2.390000000000000000e+02
7.005000000000000000e+03 6.670000000000000000e+02 4.276999999999999886e+02 1.938000000000000114e+02 2.470000000000000000e+02
7.040000000000000000e+03 5.560000000000000000e+02 4.728999999999999773e+02 1.280999999999999943e+02 2.160000000000000000e+02
7.052000000000000000e+03 6.320000000000000000e+02 4.441999999999999886e+02 1.217000000000000028e+02 2.320000000000000000e+02
7.102000000000000000e+03 6.500000000000000000e+02 4.873999999999999773e+02 1.513000000000000114e+02 2.250000000000000000e+02
7.208000000000000000e+03 6.250000000000000000e+02 5.056999999999999886e+02 2.183000000000000114e+02 2.070000000000000000e+02
6.931000000000000000e+03 6.330000000000000000e+02 5.200000000000000000e+02 2.219000000000000057e+02 2.240000000000000000e+02
7.029000000000000000e+03 7.770000000000000000e+02 4.381999999999999886e+02 1.904000000000000057e+02 2.680000000000000000e+02
7.177000000000000000e+03 7.180000000000000000e+02 4.775000000000000000e+02 2.010999999999999943e+02 2.470000000000000000e+02
7.188000000000000000e+03 6.390000000000000000e+02 6.072000000000000455e+02 1.900000000000000000e+02 2.210000000000000000e+02
7.009000000000000000e+03 5.790000000000000000e+02 4.793999999999999773e+02 1.323000000000000114e+02 2.300000000000000000e+02
6.799000000000000000e+03 6.020000000000000000e+02 4.278000000000000114e+02 1.338000000000000114e+02 2.170000000000000000e+02
7.090000000000000000e+03 5.650000000000000000e+02 5.307000000000000455e+02 1.165999999999999943e+02 2.170000000000000000e+02
7.134000000000000000e+03 5.200000000000000000e+02 4.906999999999999886e+02 2.429000000000000057e+02 1.980000000000000000e+02
7.097000000000000000e+03 5.630000000000000000e+02 4.368000000000000114e+02 1.579000000000000057e+02 2.240000000000000000e+02
6.940000000000000000e+03 7.270000000000000000e+02 4.238000000000000114e+02 1.443000000000000114e+02 2.500000000000000000e+02
7.063000000000000000e+03 6.880000000000000000e+02 4.006000000000000227e+02 1.525000000000000000e+02 2.350000000000000000e+02
7.089000000000000000e+03 8.280000000000000000e+02 3.483000000000000114e+02 1.349000000000000057e+02 3.030000000000000000e+02
6.778000000000000000e+03 5.790000000000000000e+02 5.182999999999999545e+02 1.988000000000000114e+02 2.060000000000000000e+02
7.041000000000000000e+03 6.390000000000000000e+02 4.138999999999999773e+02 1.789000000000000057e+02 2.400000000000000000e+02
6.918000000000000000e+03 7.500000000000000000e+02 4.028999999999999773e+02 1.380000000000000000e+02 2.680000000000000000e+02
7.063000000000000000e+03 4.330000000000000000e+02 5.140000000000000000e+02 1.290000000000000000e+02 1.600000000000000000e+02
7.132000000000000000e+03 7.940000000000000000e+02 4.276000000000000227e+02 1.960000000000000000e+02 2.760000000000000000e+02
7.165000000000000000e+03 7.230000000000000000e+02 4.821000000000000227e+02 1.908000000000000114e+02 2.370000000000000000e+02
6.901000000000000000e+03 6.600000000000000000e+02 3.898000000000000114e+02 1.220999999999999943e+02 2.430000000000000000e+02
6.939000000000000000e+03 7.760000000000000000e+02 4.290000000000000000e+02 1.539000000000000057e+02 2.480000000000000000e+02
7.180000000000000000e+03 7.680000000000000000e+02 3.818000000000000114e+02 1.431999999999999886e+02 2.960000000000000000e+02
7.190000000000000000e+03 6.780000000000000000e+02 4.321000000000000227e+02 1.371999999999999886e+02 2.320000000000000000e+02
6.706000000000000000e+03 6.820000000000000000e+02 4.263000000000000114e+02 1.207999999999999972e+02 2.340000000000000000e+02
6.840000000000000000e+03 5.470000000000000000e+02 4.630000000000000000e+02 8.479999999999999716e+01 1.950000000000000000e+02
7.083000000000000000e+03 6.540000000000000000e+02 5.555000000000000000e+02 1.468000000000000114e+02 2.170000000000000000e+02
7.036000000000000000e+03 5.930000000000000000e+02 4.220000000000000000e+02 8.800000000000000000e+01 2.040000000000000000e+02
7.006000000000000000e+03 5.220000000000000000e+02 4.361000000000000227e+02 1.029000000000000057e+02 1.900000000000000000e+02
7.052000000000000000e+03 6.090000000000000000e+02 4.011000000000000227e+02 1.170000000000000000e+02 2.290000000000000000e+02
7.100000000000000000e+03 7.040000000000000000e+02 4.225000000000000000e+02 1.898000000000000114e+02 2.560000000000000000e+02
6.833000000000000000e+03 5.660000000000000000e+02 4.451000000000000227e+02 1.989000000000000057e+02 1.840000000000000000e+02
6.855000000000000000e+03 3.650000000000000000e+02 5.013999999999999773e+02 1.573000000000000114e+02 1.390000000000000000e+02
7.144000000000000000e+03 6.600000000000000000e+02 3.793000000000000114e+02 1.331999999999999886e+02 2.380000000000000000e+02
6.994000000000000000e+03 6.340000000000000000e+02 4.761000000000000227e+02 1.703000000000000114e+02 2.370000000000000000e+02
6.941000000000000000e+03 7.290000000000000000e+02 5.187999999999999545e+02 1.453000000000000114e+02 2.590000000000000000e+02
6.936000000000000000e+03 4.910000000000000000e+02 5.913999999999999773e+02 1.676999999999999886e+02 1.840000000000000000e+02
6.882000000000000000e+03 4.750000000000000000e+02 6.078999999999999773e+02 2.174000000000000057e+02 1.680000000000000000e+02
7.112000000000000000e+03 4.770000000000000000e+02 7.312999999999999545e+02 2.483000000000000114e+02 1.780000000000000000e+02
7.168000000000000000e+03 6.490000000000000000e+02 4.378999999999999773e+02 1.868000000000000114e+02 2.120000000000000000e+02
6.836000000000000000e+03 7.120000000000000000e+02 4.838000000000000114e+02 2.173000000000000114e+02 2.570000000000000000e+02
7.054000000000000000e+03 7.400000000000000000e+02 4.911999999999999886e+02 1.690999999999999943e+02 2.600000000000000000e+02
6.512000000000000000e+03 2.640000000000000000e+02 7.406000000000000227e+02 1.140000000000000000e+02 9.400000000000000000e+01
6.938000000000000000e+03 7.180000000000000000e+02 4.286999999999999886e+02 1.401999999999999886e+02 2.570000000000000000e+02
6.815000000000000000e+03 6.170000000000000000e+02 4.280000000000000000e+02 1.810000000000000000e+02 2.060000000000000000e+02
7.049000000000000000e+03 6.810000000000000000e+02 3.585000000000000000e+02 7.950000000000000000e+01 2.520000000000000000e+02
6.692000000000000000e+03 4.910000000000000000e+02 5.182999999999999545e+02 1.245999999999999943e+02 1.770000000000000000e+02
6.946000000000000000e+03 5.730000000000000000e+02 4.681000000000000227e+02 1.420999999999999943e+02 2.070000000000000000e+02
6.711000000000000000e+03 7.370000000000000000e+02 3.991000000000000227e+02 1.586999999999999886e+02 3.010000000000000000e+02
6.889000000000000000e+03 5.770000000000000000e+02 4.351999999999999886e+02 1.468000000000000114e+02 2.060000000000000000e+02
7.252000000000000000e+03 6.410000000000000000e+02 6.090000000000000000e+02 1.720999999999999943e+02 2.400000000000000000e+02
7.145000000000000000e+03 6.410000000000000000e+02 3.836000000000000227e+02 1.556999999999999886e+02 2.490000000000000000e+02
6.743000000000000000e+03 5.920000000000000000e+02 4.715000000000000000e+02 2.605000000000000000e+02 1.960000000000000000e+02
7.067000000000000000e+03 6.560000000000000000e+02 4.748000000000000114e+02 1.879000000000000057e+02 2.430000000000000000e+02
6.939000000000000000e+03 7.910000000000000000e+02 4.016999999999999886e+02 1.411999999999999886e+02 3.280000000000000000e+02
7.135000000000000000e+03 5.900000000000000000e+02 5.118999999999999773e+02 1.122000000000000028e+02 2.010000000000000000e+02
7.189000000000000000e+03 9.150000000000000000e+02 3.383999999999999773e+02 1.500000000000000000e+02 3.190000000000000000e+02
7.065000000000000000e+03 6.860000000000000000e+02 4.771000000000000227e+02 1.595999999999999943e+02 2.460000000000000000e+02
7.111000000000000000e+03 7.530000000000000000e+02 6.237999999999999545e+02 1.202000000000000028e+02 2.750000000000000000e+02
7.029000000000000000e+03 6.030000000000000000e+02 4.896000000000000227e+02 1.858000000000000114e+02 2.290000000000000000e+02
6.884000000000000000e+03 6.040000000000000000e+02 4.198999999999999773e+02 1.790000000000000000e+02 2.130000000000000000e+02
7.035000000000000000e+03 6.750000000000000000e+02 4.448000000000000114e+02 6.300000000000000000e+01 2.590000000000000000e+02
6.807000000000000000e+03 6.940000000000000000e+02 4.555000000000000000e+02 1.005000000000000000e+02 2.540000000000000000e+02
6.965000000000000000e+03 5.930000000000000000e+02 4.221999999999999886e+02 8.340000000000000568e+01 2.170000000000000000e+02
7.214000000000000000e+03 6.270000000000000000e+02 4.266000000000000227e+02 1.744000000000000057e+02 2.450000000000000000e+02
7.164000000000000000e+03 7.220000000000000000e+02 3.978000000000000114e+02 7.179999999999999716e+01 2.660000000000000000e+02
