9.880000000000000000e+03 9.086000000000000000e+03 1.823000000000000114e+02 3.000000000000000000e+00 7.630000000000000000e+02
9.902000000000000000e+03 9.125000000000000000e+03 2.730000000000000000e+02 3.000000000000000000e+00 7.810000000000000000e+02
9.854000000000000000e+03 9.118000000000000000e+03 2.101999999999999886e+02 3.000000000000000000e+00 7.860000000000000000e+02
9.893000000000000000e+03 9.031000000000000000e+03 3.076000000000000227e+02 2.799999999999999822e+00 7.400000000000000000e+02
9.868000000000000000e+03 9.055000000000000000e+03 1.930000000000000000e+02 3.000000000000000000e+00 7.850000000000000000e+02
9.878000000000000000e+03 9.079000000000000000e+03 1.508000000000000114e+02 3.000000000000000000e+00 7.710000000000000000e+02
9.880000000000000000e+03 9.203000000000000000e+03 3.158999999999999773e+02 3.000000000000000000e+00 8.010000000000000000e+02
9.873000000000000000e+03 9.029000000000000000e+03 2.590000000000000000e+02 2.799999999999999822e+00 7.850000000000000000e+02
9.903000000000000000e+03 9.085000000000000000e+03 2.444000000000000057e+02 2.700000000000000178e+00 7.280000000000000000e+02
9.870000000000000000e+03 9.008000000000000000e+03 1.670000000000000000e+02 2.799999999999999822e+00 7.960000000000000000e+02
9.879000000000000000e+03 9.066000000000000000e+03 1.769000000000000057e+02 3.000000000000000000e+00 7.740000000000000000e+02
9.897000000000000000e+03 9.038000000000000000e+03 2.091999999999999886e+02 2.700000000000000178e+00 7.790000000000000000e+02
9.862000000000000000e+03 9.030000000000000000e+03 1.674000000000000057e+02 3.000000000000000000e+00 7.250000000000000000e+02
9.895000000000000000e+03 9.062000000000000000e+03 2.019000000000000057e+02 3.000000000000000000e+00 7.660000000000000000e+02
9.894000000000000000e+03 9.164000000000000000e+03 1.810000000000000000e+02 3.000000000000000000e+00 7.650000000000000000e+02
9.867000000000000000e+03 9.094000000000000000e+03 1.659000000000000057e+02 3.000000000000000000e+00 7.720000000000000000e+02
9.880000000000000000e+03 9.077000000000000000e+03 2.180999999999999943e+02 3.000000000000000000e+00 7.620000000000000000e+02
9.841000000000000000e+03 9.034000000000000000e+03 1.473000000000000114e+02 2.700000000000000178e+00 8.090000000000000000e+02
9.891000000000000000e+03 9.106000000000000000e+03 1.880999999999999943e+02 3.000000000000000000e+00 7.380000000000000000e+02
9.865000000000000000e+03 9.139000000000000000e+03 1.830000000000000000e+02 3.000000000000000000e+00 7.550000000000000000e+02
9.893000000000000000e+03 9.193000000000000000e+03 2.171999999999999886e+02 3.000000000000000000e+00 7.540000000000000000e+02
9.903000000000000000e+03 8.992000000000000000e+03 2.390999999999999943e+02 3.000000000000000000e+00 7.930000000000000000e+02
9.875000000000000000e+03 9.129000000000000000e+03 1.801999999999999886e+02 3.000000000000000000e+00 7.770000000000000000e+02
9.905000000000000000e+03 9.030000000000000000e+03 2.010999999999999943e+02 3.000000000000000000e+00 7.940000000000000000e+02
9.875000000000000000e+03 9.111000000000000000e+03 1.571999999999999886e+02 3.000000000000000000e+00 8.180000000000000000e+02
9.898000000000000000e+03 9.094000000000000000e+03 1.840000000000000000e+02 2.700000000000000178e+00 7.540000000000000000e+02
9.877000000000000000e+03 9.116000000000000000e+03 2.126999999999999886e+02 3.000000000000000000e+00 7.410000000000000000e+02
9.888000000000000000e+03 9.054000000000000000e+03 1.765999999999999943e+02 3.000000000000000000e+00 7.210000000000000000e+02
9.871000000000000000e+03 9.043000000000000000e+03 1.870000000000000000e+02 3.000000000000000000e+00 7.930000000000000000e+02
9.898000000000000000e+03 9.131000000000000000e+03 2.324000000000000057e+02 3.000000000000000000e+00 7.800000000000000000e+02
9.886000000000000000e+03 9.201000000000000000e+03 2.214000000000000057e+02 3.000000000000000000e+00 8.010000000000000000e+02
9.881000000000000000e+03 9.044000000000000000e+03 1.760999999999999943e+02 3.000000000000000000e+00 7.810000000000000000e+02
9.883000000000000000e+03 9.006000000000000000e+03 1.748000000000000114e+02 3.000000000000000000e+00 7.690000000000000000e+02
9.889000000000000000e+03 9.084000000000000000e+03 1.958000000000000114e+02 2.799999999999999822e+00 7.420000000000000000e+02
9.886000000000000000e+03 9.005000000000000000e+03 2.123000000000000114e+02 2.799999999999999822e+00 7.560000000000000000e+02
9.890000000000000000e+03 9.157000000000000000e+03 1.925999999999999943e+02 3.000000000000000000e+00 7.690000000000000000e+02
9.894000000000000000e+03 9.162000000000000000e+03 2.625000000000000000e+02 3.000000000000000000e+00 7.370000000000000000e+02
9.851000000000000000e+03 9.120000000000000000e+03 1.543000000000000114e+02 3.000000000000000000e+00 7.810000000000000000e+02
9.882000000000000000e+03 8.995000000000000000e+03 1.913000000000000114e+02 3.000000000000000000e+00 7.900000000000000000e+02
9.874000000000000000e+03 9.051000000000000000e+03 3.006999999999999886e+02 3.000000000000000000e+00 7.370000000000000000e+02
9.879000000000000000e+03 8.999000000000000000e+03 1.900999999999999943e+02 2.799999999999999822e+00 7.240000000000000000e+02
9.895000000000000000e+03 9.078000000000000000e+03 2.066999999999999886e+02 3.000000000000000000e+00 7.810000000000000000e+02
9.888000000000000000e+03 9.149000000000000000e+03 2.411999999999999886e+02 3.000000000000000000e+00 7.740000000000000000e+02
9.888000000000000000e+03 9.059000000000000000e+03 2.025999999999999943e+02 3.000000000000000000e+00 8.380000000000000000e+02
9.879000000000000000e+03 9.078000000000000000e+03 2.251999999999999886e+02 2.799999999999999822e+00 7.430000000000000000e+02
9.889000000000000000e+03 9.149000000000000000e+03 2.165000000000000000e+02 3.000000000000000000e+00 8.000000000000000000e+02
9.892000000000000000e+03 9.040000000000000000e+03 1.948000000000000114e+02 3.000000000000000000e+00 7.330000000000000000e+02
9.885000000000000000e+03 9.034000000000000000e+03 1.886999999999999886e+02 2.799999999999999822e+00 7.630000000000000000e+02
9.866000000000000000e+03 9.223000000000000000e+03 2.178000000000000114e+02 3.000000000000000000e+00 7.800000000000000000e+02
9.866000000000000000e+03 9.214000000000000000e+03 1.833000000000000114e+02 3.000000000000000000e+00 7.440000000000000000e+02
9.877000000000000000e+03 9.015000000000000000e+03 2.275000000000000000e+02 3.000000000000000000e+00 8.170000000000000000e+02
9.893000000000000000e+03 9.002000000000000000e+03 1.743000000000000114e+02 2.799999999999999822e+00 7.390000000000000000e+02
9.880000000000000000e+03 9.034000000000000000e+03 1.870000000000000000e+02 3.000000000000000000e+00 7.950000000000000000e+02
9.876000000000000000e+03 9.061000000000000000e+03 1.860000000000000000e+02 2.700000000000000178e+00 7.830000000000000000e+02
9.901000000000000000e+03 9.031000000000000000e+03 2.418000000000000114e+02 2.799999999999999822e+00 7.770000000000000000e+02
9.897000000000000000e+03 9.141000000000000000e+03 1.955000000000000000e+02 3.000000000000000000e+00 7.370000000000000000e+02
9.892000000000000000e+03 9.136000000000000000e+03 1.944000000000000057e+02 3.000000000000000000e+00 7.830000000000000000e+02
9.864000000000000000e+03 9.181000000000000000e+03 2.095999999999999943e+02 3.000000000000000000e+00 7.900000000000000000e+02
9.863000000000000000e+03 9.119000000000000000e+03 1.740000000000000000e+02 3.000000000000000000e+00 7.500000000000000000e+02
9.875000000000000000e+03 9.050000000000000000e+03 1.981999999999999886e+02 2.799999999999999822e+00 7.880000000000000000e+02
9.874000000000000000e+03 9.174000000000000000e+03 1.451999999999999886e+02 3.000000000000000000e+00 8.060000000000000000e+02
9.884000000000000000e+03 9.137000000000000000e+03 1.869000000000000057e+02 3.000000000000000000e+00 7.420000000000000000e+02
9.880000000000000000e+03 9.019000000000000000e+03 1.941999999999999886e+02 2.799999999999999822e+00 7.750000000000000000e+02
9.868000000000000000e+03 9.073000000000000000e+03 2.656999999999999886e+02 3.000000000000000000e+00 7.870000000000000000e+02
9.873000000000000000e+03 8.988000000000000000e+03 2.160000000000000000e+02 2.700000000000000178e+00 7.760000000000000000e+02
9.851000000000000000e+03 9.049000000000000000e+03 1.879000000000000057e+02 2.700000000000000178e+00 7.930000000000000000e+02
9.892000000000000000e+03 9.120000000000000000e+03 2.138000000000000114e+02 3.000000000000000000e+00 8.200000000000000000e+02
9.876000000000000000e+03 9.043000000000000000e+03 1.635000000000000000e+02 3.000000000000000000e+00 7.680000000000000000e+02
9.842000000000000000e+03 9.050000000000000000e+03 1.485000000000000000e+02 3.000000000000000000e+00 7.900000000000000000e+02
9.887000000000000000e+03 9.071000000000000000e+03 1.710999999999999943e+02 3.000000000000000000e+00 7.780000000000000000e+02
9.877000000000000000e+03 9.097000000000000000e+03 1.894000000000000057e+02 3.000000000000000000e+00 7.780000000000000000e+02
9.883000000000000000e+03 9.036000000000000000e+03 1.555999999999999943e+02 2.700000000000000178e+00 7.600000000000000000e+02
9.897000000000000000e+03 9.044000000000000000e+03 2.299000000000000057e+02 2.799999999999999822e+00 7.290000000000000000e+02
9.898000000000000000e+03 9.074000000000000000e+03 2.409000000000000057e+02 3.000000000000000000e+00 7.770000000000000000e+02
9.866000000000000000e+03 9.135000000000000000e+03 2.968000000000000114e+02 3.000000000000000000e+00 8.120000000000000000e+02
9.862000000000000000e+03 9.108000000000000000e+03 1.944000000000000057e+02 3.000000000000000000e+00 7.750000000000000000e+02
9.867000000000000000e+03 9.017000000000000000e+03 1.858000000000000114e+02 2.799999999999999822e+00 7.800000000000000000e+02
9.904000000000000000e+03 9.167000000000000000e+03 1.864000000000000057e+02 3.000000000000000000e+00 7.660000000000000000e+02
9.882000000000000000e+03 9.045000000000000000e+03 2.151999999999999886e+02 3.000000000000000000e+00 7.740000000000000000e+02
9.885000000000000000e+03 9.105000000000000000e+03 2.206999999999999886e+02 3.000000000000000000e+00 7.860000000000000000e+02
9.926000000000000000e+03 9.185000000000000000e+03 2.910000000000000000e+02 3.000000000000000000e+00 8.340000000000000000e+02
9.884000000000000000e+03 9.149000000000000000e+03 1.828000000000000114e+02 3.000000000000000000e+00 7.600000000000000000e+02
9.922000000000000000e+03 9.119000000000000000e+03 1.934000000000000057e+02 3.000000000000000000e+00 8.020000000000000000e+02
9.857000000000000000e+03 9.129000000000000000e+03 1.864000000000000057e+02 3.000000000000000000e+00 7.700000000000000000e+02
9.881000000000000000e+03 9.088000000000000000e+03 1.776999999999999886e+02 3.000000000000000000e+00 7.710000000000000000e+02
9.887000000000000000e+03 9.042000000000000000e+03 2.200999999999999943e+02 3.000000000000000000e+00 7.760000000000000000e+02
9.894000000000000000e+03 9.192000000000000000e+03 1.881999999999999886e+02 3.000000000000000000e+00 7.740000000000000000e+02
9.881000000000000000e+03 9.175000000000000000e+03 2.009000000000000057e+02 3.000000000000000000e+00 7.530000000000000000e+02
9.874000000000000000e+03 9.034000000000000000e+03 2.088000000000000114e+02 3.000000000000000000e+00 7.420000000000000000e+02
9.880000000000000000e+03 9.035000000000000000e+03 2.175000000000000000e+02 3.000000000000000000e+00 7.960000000000000000e+02
9.883000000000000000e+03 9.213000000000000000e+03 2.129000000000000057e+02 3.000000000000000000e+00 7.910000000000000000e+02
9.887000000000000000e+03 9.120000000000000000e+03 1.649000000000000057e+02 2.600000000000000089e+00 7.850000000000000000e+02
9.890000000000000000e+03 9.063000000000000000e+03 2.029000000000000057e+02 2.700000000000000178e+00 8.030000000000000000e+02
9.891000000000000000e+03 9.163000000000000000e+03 2.369000000000000057e+02 3.000000000000000000e+00 7.850000000000000000e+02
9.886000000000000000e+03 9.190000000000000000e+03 1.493000000000000114e+02 3.000000000000000000e+00 8.350000000000000000e+02
9.831000000000000000e+03 9.071000000000000000e+03 1.956999999999999886e+02 3.000000000000000000e+00 8.030000000000000000e+02
9.877000000000000000e+03 9.030000000000000000e+03 3.198999999999999773e+02 3.000000000000000000e+00 8.050000000000000000e+02
9.901000000000000000e+03 9.040000000000000000e+03 1.928000000000000114e+02 3.000000000000000000e+00 7.930000000000000000e+02
9.848000000000000000e+03 9.089000000000000000e+03 1.775999999999999943e+02 2.700000000000000178e+00 7.570000000000000000e+02
9.862000000000000000e+03 9.068000000000000000e+03 1.870999999999999943e+02 3.000000000000000000e+00 7.250000000000000000e+02
9.870000000000000000e+03 9.172000000000000000e+03 2.903000000000000114e+02 3.000000000000000000e+00 7.370000000000000000e+02
9.879000000000000000e+03 9.047000000000000000e+03 1.650000000000000000e+02 2.700000000000000178e+00 7.650000000000000000e+02
9.882000000000000000e+03 9.024000000000000000e+03 1.833000000000000114e+02 2.799999999999999822e+00 7.940000000000000000e+02
9.874000000000000000e+03 9.140000000000000000e+03 1.520000000000000000e+02 3.000000000000000000e+00 7.280000000000000000e+02
9.882000000000000000e+03 9.137000000000000000e+03 1.725000000000000000e+02 3.000000000000000000e+00 8.030000000000000000e+02
9.868000000000000000e+03 9.053000000000000000e+03 1.424000000000000057e+02 3.000000000000000000e+00 7.240000000000000000e+02
9.896000000000000000e+03 9.145000000000000000e+03 2.863999999999999773e+02 3.000000000000000000e+00 7.240000000000000000e+02
9.833000000000000000e+03 9.115000000000000000e+03 1.726999999999999886e+02 3.000000000000000000e+00 7.480000000000000000e+02
9.901000000000000000e+03 9.148000000000000000e+03 2.271999999999999886e+02 3.000000000000000000e+00 7.810000000000000000e+02
9.876000000000000000e+03 9.037000000000000000e+03 2.004000000000000057e+02 3.000000000000000000e+00 7.830000000000000000e+02
9.872000000000000000e+03 9.027000000000000000e+03 1.440000000000000000e+02 3.000000000000000000e+00 7.580000000000000000e+02
9.898000000000000000e+03 9.071000000000000000e+03 1.780000000000000000e+02 3.000000000000000000e+00 7.490000000000000000e+02
9.871000000000000000e+03 9.174000000000000000e+03 2.436999999999999886e+02 3.000000000000000000e+00 7.720000000000000000e+02
9.865000000000000000e+03 9.056000000000000000e+03 1.824000000000000057e+02 3.000000000000000000e+00 7.640000000000000000e+02
9.869000000000000000e+03 9.128000000000000000e+03 1.758000000000000114e+02 3.000000000000000000e+00 7.440000000000000000e+02
9.851000000000000000e+03 9.103000000000000000e+03 2.056999999999999886e+02 3.000000000000000000e+00 7.500000000000000000e+02
9.861000000000000000e+03 9.049000000000000000e+03 1.800000000000000000e+02 3.000000000000000000e+00 7.700000000000000000e+02
9.901000000000000000e+03 8.997000000000000000e+03 2.444000000000000057e+02 3.000000000000000000e+00 7.570000000000000000e+02
9.876000000000000000e+03 9.189000000000000000e+03 1.890000000000000000e+02 3.000000000000000000e+00 7.800000000000000000e+02
9.867000000000000000e+03 9.087000000000000000e+03 1.524000000000000057e+02 3.000000000000000000e+00 8.040000000000000000e+02
9.885000000000000000e+03 9.021000000000000000e+03 2.718999999999999773e+02 3.000000000000000000e+00 7.580000000000000000e+02
9.897000000000000000e+03 9.032000000000000000e+03 2.331999999999999886e+02 3.000000000000000000e+00 7.560000000000000000e+02
9.878000000000000000e+03 9.019000000000000000e+03 2.936000000000000227e+02 2.799999999999999822e+00 7.640000000000000000e+02
9.904000000000000000e+03 9.033000000000000000e+03 1.974000000000000057e+02 2.700000000000000178e+00 7.530000000000000000e+02
9.868000000000000000e+03 9.101000000000000000e+03 1.928000000000000114e+02 3.000000000000000000e+00 7.580000000000000000e+02
9.882000000000000000e+03 9.132000000000000000e+03 1.484000000000000057e+02 2.600000000000000089e+00 7.890000000000000000e+02
9.910000000000000000e+03 9.124000000000000000e+03 2.183000000000000114e+02 3.000000000000000000e+00 7.880000000000000000e+02
9.868000000000000000e+03 9.006000000000000000e+03 1.978000000000000114e+02 3.000000000000000000e+00 7.630000000000000000e+02
9.892000000000000000e+03 9.042000000000000000e+03 1.878000000000000114e+02 3.000000000000000000e+00 7.580000000000000000e+02
9.877000000000000000e+03 9.172000000000000000e+03 2.173000000000000114e+02 3.000000000000000000e+00 8.020000000000000000e+02
9.875000000000000000e+03 9.062000000000000000e+03 1.815999999999999943e+02 2.700000000000000178e+00 7.950000000000000000e+02
9.885000000000000000e+03 9.009000000000000000e+03 2.320999999999999943e+02 3.000000000000000000e+00 7.880000000000000000e+02
9.856000000000000000e+03 9.104000000000000000e+03 1.914000000000000057e+02 3.000000000000000000e+00 7.560000000000000000e+02
9.881000000000000000e+03 9.079000000000000000e+03 1.760999999999999943e+02 3.000000000000000000e+00 7.710000000000000000e+02
9.882000000000000000e+03 9.135000000000000000e+03 2.419000000000000057e+02 3.000000000000000000e+00 7.340000000000000000e+02
9.856000000000000000e+03 9.042000000000000000e+03 1.473000000000000114e+02 2.700000000000000178e+00 7.780000000000000000e+02
9.886000000000000000e+03 9.038000000000000000e+03 2.173000000000000114e+02 3.000000000000000000e+00 7.320000000000000000e+02
9.882000000000000000e+03 9.100000000000000000e+03 1.926999999999999886e+02 3.000000000000000000e+00 8.230000000000000000e+02
9.857000000000000000e+03 9.085000000000000000e+03 2.090999999999999943e+02 3.000000000000000000e+00 7.470000000000000000e+02
9.870000000000000000e+03 9.152000000000000000e+03 1.709000000000000057e+02 3.000000000000000000e+00 7.530000000000000000e+02
9.880000000000000000e+03 9.123000000000000000e+03 1.691999999999999886e+02 3.000000000000000000e+00 7.300000000000000000e+02
9.889000000000000000e+03 9.181000000000000000e+03 2.120999999999999943e+02 3.000000000000000000e+00 8.000000000000000000e+02
9.869000000000000000e+03 9.102000000000000000e+03 2.265999999999999943e+02 3.000000000000000000e+00 8.500000000000000000e+02
9.885000000000000000e+03 9.090000000000000000e+03 2.038000000000000114e+02 3.000000000000000000e+00 7.390000000000000000e+02
9.878000000000000000e+03 8.985000000000000000e+03 2.153000000000000114e+02 3.000000000000000000e+00 7.770000000000000000e+02
9.857000000000000000e+03 9.121000000000000000e+03 2.681999999999999886e+02 3.000000000000000000e+00 7.410000000000000000e+02
9.871000000000000000e+03 9.056000000000000000e+03 1.936999999999999886e+02 3.000000000000000000e+00 7.520000000000000000e+02
9.853000000000000000e+03 9.124000000000000000e+03 3.033000000000000114e+02 3.000000000000000000e+00 7.990000000000000000e+02
9.887000000000000000e+03 9.230000000000000000e+03 2.285000000000000000e+02 3.000000000000000000e+00 7.450000000000000000e+02
9.859000000000000000e+03 9.055000000000000000e+03 1.971999999999999886e+02 3.000000000000000000e+00 7.770000000000000000e+02
9.895000000000000000e+03 9.210000000000000000e+03 2.071999999999999886e+02 3.000000000000000000e+00 7.280000000000000000e+02
9.874000000000000000e+03 9.157000000000000000e+03 1.985999999999999943e+02 3.000000000000000000e+00 7.310000000000000000e+02
9.865000000000000000e+03 9.015000000000000000e+03 1.729000000000000057e+02 3.000000000000000000e+00 7.220000000000000000e+02
9.882000000000000000e+03 9.147000000000000000e+03 1.684000000000000057e+02 3.000000000000000000e+00 7.220000000000000000e+02
9.886000000000000000e+03 9.055000000000000000e+03 1.780999999999999943e+02 3.000000000000000000e+00 7.910000000000000000e+02
9.885000000000000000e+03 9.079000000000000000e+03 2.194000000000000057e+02 2.700000000000000178e+00 7.920000000000000000e+02
9.893000000000000000e+03 9.031000000000000000e+03 2.091999999999999886e+02 3.000000000000000000e+00 7.850000000000000000e+02
9.866000000000000000e+03 9.036000000000000000e+03 1.513000000000000114e+02 3.000000000000000000e+00 7.870000000000000000e+02
9.869000000000000000e+03 9.142000000000000000e+03 2.646999999999999886e+02 3.000000000000000000e+00 7.560000000000000000e+02
9.863000000000000000e+03 9.134000000000000000e+03 1.381999999999999886e+02 3.000000000000000000e+00 7.460000000000000000e+02
9.895000000000000000e+03 9.183000000000000000e+03 1.946999999999999886e+02 3.000000000000000000e+00 7.630000000000000000e+02
9.910000000000000000e+03 9.099000000000000000e+03 2.496999999999999886e+02 3.000000000000000000e+00 7.740000000000000000e+02
9.870000000000000000e+03 9.034000000000000000e+03 2.035000000000000000e+02 2.700000000000000178e+00 7.480000000000000000e+02
9.887000000000000000e+03 9.076000000000000000e+03 2.148000000000000114e+02 3.000000000000000000e+00 7.950000000000000000e+02
9.845000000000000000e+03 9.240000000000000000e+03 1.670999999999999943e+02 3.000000000000000000e+00 7.910000000000000000e+02
9.891000000000000000e+03 9.057000000000000000e+03 1.984000000000000057e+02 3.000000000000000000e+00 7.450000000000000000e+02
9.911000000000000000e+03 9.109000000000000000e+03 2.283000000000000114e+02 3.000000000000000000e+00 7.340000000000000000e+02
9.873000000000000000e+03 9.208000000000000000e+03 1.763000000000000114e+02 3.000000000000000000e+00 7.870000000000000000e+02
9.875000000000000000e+03 9.042000000000000000e+03 2.171999999999999886e+02 2.799999999999999822e+00 7.840000000000000000e+02
9.856000000000000000e+03 9.232000000000000000e+03 1.424000000000000057e+02 3.000000000000000000e+00 7.740000000000000000e+02
9.888000000000000000e+03 9.015000000000000000e+03 3.433999999999999773e+02 3.000000000000000000e+00 7.620000000000000000e+02
9.884000000000000000e+03 9.092000000000000000e+03 1.680000000000000000e+02 2.700000000000000178e+00 7.440000000000000000e+02
9.879000000000000000e+03 9.017000000000000000e+03 2.368000000000000114e+02 2.700000000000000178e+00 7.670000000000000000e+02
9.886000000000000000e+03 9.220000000000000000e+03 2.090999999999999943e+02 3.000000000000000000e+00 8.160000000000000000e+02
9.877000000000000000e+03 9.043000000000000000e+03 2.145000000000000000e+02 2.799999999999999822e+00 7.900000000000000000e+02
9.884000000000000000e+03 9.028000000000000000e+03 1.683000000000000114e+02 2.700000000000000178e+00 7.600000000000000000e+02
9.877000000000000000e+03 9.103000000000000000e+03 1.629000000000000057e+02 3.000000000000000000e+00 7.540000000000000000e+02
9.872000000000000000e+03 9.192000000000000000e+03 1.821999999999999886e+02 3.000000000000000000e+00 7.580000000000000000e+02
9.881000000000000000e+03 9.117000000000000000e+03 2.260999999999999943e+02 3.000000000000000000e+00 7.420000000000000000e+02
9.876000000000000000e+03 9.151000000000000000e+03 1.541999999999999886e+02 3.000000000000000000e+00 7.620000000000000000e+02
9.870000000000000000e+03 9.038000000000000000e+03 2.603999999999999773e+02 3.000000000000000000e+00 7.690000000000000000e+02
9.893000000000000000e+03 9.065000000000000000e+03 2.105999999999999943e+02 3.000000000000000000e+00 7.870000000000000000e+02
9.888000000000000000e+03 9.115000000000000000e+03 2.200000000000000000e+02 3.000000000000000000e+00 7.810000000000000000e+02
9.874000000000000000e+03 9.114000000000000000e+03 2.160000000000000000e+02 3.000000000000000000e+00 7.930000000000000000e+02
9.906000000000000000e+03 9.139000000000000000e+03 3.951999999999999886e+02 3.000000000000000000e+00 7.660000000000000000e+02
9.886000000000000000e+03 9.107000000000000000e+03 1.901999999999999886e+02 3.000000000000000000e+00 7.770000000000000000e+02
9.883000000000000000e+03 9.048000000000000000e+03 1.830999999999999943e+02 3.000000000000000000e+00 7.660000000000000000e+02
9.912000000000000000e+03 9.052000000000000000e+03 2.000000000000000000e+02 2.799999999999999822e+00 7.720000000000000000e+02
9.890000000000000000e+03 9.071000000000000000e+03 2.881000000000000227e+02 3.000000000000000000e+00 7.970000000000000000e+02
9.846000000000000000e+03 9.036000000000000000e+03 1.483000000000000114e+02 3.000000000000000000e+00 7.580000000000000000e+02
9.906000000000000000e+03 9.146000000000000000e+03 2.346999999999999886e+02 3.000000000000000000e+00 7.590000000000000000e+02
9.868000000000000000e+03 9.129000000000000000e+03 2.438000000000000114e+02 3.000000000000000000e+00 8.100000000000000000e+02
9.871000000000000000e+03 9.109000000000000000e+03 1.775999999999999943e+02 3.000000000000000000e+00 7.850000000000000000e+02
9.911000000000000000e+03 9.141000000000000000e+03 1.611999999999999886e+02 3.000000000000000000e+00 7.510000000000000000e+02
9.886000000000000000e+03 9.170000000000000000e+03 2.201999999999999886e+02 3.000000000000000000e+00 7.550000000000000000e+02
9.877000000000000000e+03 9.229000000000000000e+03 2.359000000000000057e+02 3.000000000000000000e+00 7.590000000000000000e+02
9.890000000000000000e+03 9.159000000000000000e+03 2.315999999999999943e+02 3.000000000000000000e+00 7.410000000000000000e+02
9.871000000000000000e+03 9.109000000000000000e+03 2.771000000000000227e+02 3.000000000000000000e+00 8.100000000000000000e+02
9.881000000000000000e+03 9.160000000000000000e+03 2.330000000000000000e+02 3.000000000000000000e+00 7.620000000000000000e+02
9.890000000000000000e+03 9.068000000000000000e+03 2.015000000000000000e+02 2.700000000000000178e+00 7.530000000000000000e+02
9.866000000000000000e+03 9.078000000000000000e+03 2.011999999999999886e+02 3.000000000000000000e+00 7.690000000000000000e+02
9.881000000000000000e+03 9.106000000000000000e+03 2.215999999999999943e+02 3.000000000000000000e+00 7.510000000000000000e+02
9.883000000000000000e+03 9.126000000000000000e+03 1.619000000000000057e+02 3.000000000000000000e+00 7.600000000000000000e+02
9.880000000000000000e+03 9.057000000000000000e+03 2.605000000000000000e+02 3.000000000000000000e+00 7.690000000000000000e+02
9.886000000000000000e+03 9.034000000000000000e+03 2.529000000000000057e+02 3.000000000000000000e+00 7.610000000000000000e+02
9.880000000000000000e+03 9.126000000000000000e+03 1.883000000000000114e+02 3.000000000000000000e+00 8.300000000000000000e+02
9.895000000000000000e+03 9.103000000000000000e+03 2.156999999999999886e+02 3.000000000000000000e+00 7.680000000000000000e+02
9.880000000000000000e+03 9.088000000000000000e+03 1.839000000000000057e+02 3.000000000000000000e+00 7.810000000000000000e+02
9.871000000000000000e+03 9.085000000000000000e+03 1.861999999999999886e+02 3.000000000000000000e+00 7.640000000000000000e+02
9.866000000000000000e+03 9.225000000000000000e+03 2.021999999999999886e+02 3.000000000000000000e+00 7.630000000000000000e+02
9.896000000000000000e+03 9.044000000000000000e+03 2.424000000000000057e+02 3.000000000000000000e+00 7.680000000000000000e+02
9.891000000000000000e+03 9.072000000000000000e+03 1.985999999999999943e+02 3.000000000000000000e+00 7.530000000000000000e+02
9.874000000000000000e+03 9.058000000000000000e+03 1.598000000000000114e+02 3.000000000000000000e+00 7.600000000000000000e+02
9.886000000000000000e+03 9.138000000000000000e+03 2.385000000000000000e+02 3.000000000000000000e+00 7.940000000000000000e+02
9.896000000000000000e+03 9.030000000000000000e+03 2.330000000000000000e+02 3.000000000000000000e+00 7.550000000000000000e+02
9.895000000000000000e+03 9.022000000000000000e+03 2.131999999999999886e+02 2.700000000000000178e+00 7.500000000000000000e+02
9.877000000000000000e+03 9.152000000000000000e+03 1.721999999999999886e+02 3.000000000000000000e+00 7.880000000000000000e+02
9.869000000000000000e+03 9.013000000000000000e+03 2.140000000000000000e+02 3.000000000000000000e+00 7.900000000000000000e+02
9.884000000000000000e+03 9.192000000000000000e+03 2.095999999999999943e+02 3.000000000000000000e+00 7.660000000000000000e+02
9.886000000000000000e+03 9.038000000000000000e+03 2.310999999999999943e+02 2.700000000000000178e+00 7.610000000000000000e+02
9.856000000000000000e+03 9.143000000000000000e+03 1.825999999999999943e+02 3.000000000000000000e+00 7.470000000000000000e+02
9.887000000000000000e+03 9.034000000000000000e+03 2.815000000000000000e+02 2.799999999999999822e+00 7.640000000000000000e+02
9.858000000000000000e+03 9.052000000000000000e+03 1.821999999999999886e+02 2.799999999999999822e+00 7.700000000000000000e+02
9.900000000000000000e+03 9.031000000000000000e+03 3.005000000000000000e+02 3.000000000000000000e+00 7.760000000000000000e+02
9.879000000000000000e+03 8.994000000000000000e+03 1.835999999999999943e+02 3.000000000000000000e+00 7.580000000000000000e+02
9.886000000000000000e+03 9.092000000000000000e+03 1.630000000000000000e+02 3.000000000000000000e+00 7.470000000000000000e+02
9.894000000000000000e+03 9.037000000000000000e+03 2.613000000000000114e+02 2.700000000000000178e+00 8.060000000000000000e+02
9.889000000000000000e+03 9.154000000000000000e+03 1.968000000000000114e+02 3.000000000000000000e+00 7.600000000000000000e+02
9.916000000000000000e+03 9.084000000000000000e+03 2.349000000000000057e+02 2.799999999999999822e+00 7.160000000000000000e+02
9.888000000000000000e+03 9.225000000000000000e+03 2.991999999999999886e+02 3.000000000000000000e+00 7.450000000000000000e+02
9.864000000000000000e+03 9.068000000000000000e+03 2.386999999999999886e+02 3.000000000000000000e+00 7.630000000000000000e+02
9.913000000000000000e+03 9.011000000000000000e+03 2.100000000000000000e+02 3.000000000000000000e+00 7.350000000000000000e+02
9.892000000000000000e+03 9.117000000000000000e+03 2.235000000000000000e+02 3.000000000000000000e+00 7.840000000000000000e+02
9.883000000000000000e+03 9.216000000000000000e+03 1.979000000000000057e+02 3.000000000000000000e+00 7.800000000000000000e+02
9.893000000000000000e+03 9.082000000000000000e+03 1.605000000000000000e+02 3.000000000000000000e+00 7.910000000000000000e+02
9.884000000000000000e+03 9.028000000000000000e+03 1.995999999999999943e+02 3.000000000000000000e+00 7.450000000000000000e+02
9.910000000000000000e+03 9.151000000000000000e+03 3.761000000000000227e+02 3.000000000000000000e+00 7.780000000000000000e+02
9.895000000000000000e+03 9.132000000000000000e+03 2.470999999999999943e+02 3.000000000000000000e+00 8.050000000000000000e+02
9.888000000000000000e+03 9.079000000000000000e+03 1.544000000000000057e+02 3.000000000000000000e+00 7.540000000000000000e+02
9.877000000000000000e+03 9.043000000000000000e+03 1.829000000000000057e+02 2.799999999999999822e+00 7.970000000000000000e+02
9.885000000000000000e+03 9.056000000000000000e+03 1.925999999999999943e+02 3.000000000000000000e+00 7.580000000000000000e+02
9.858000000000000000e+03 9.139000000000000000e+03 1.723000000000000114e+02 3.000000000000000000e+00 7.500000000000000000e+02
9.902000000000000000e+03 9.044000000000000000e+03 1.708000000000000114e+02 2.700000000000000178e+00 7.250000000000000000e+02
9.882000000000000000e+03 9.181000000000000000e+03 2.388000000000000114e+02 3.000000000000000000e+00 7.810000000000000000e+02
9.879000000000000000e+03 9.031000000000000000e+03 1.974000000000000057e+02 3.000000000000000000e+00 7.290000000000000000e+02
9.908000000000000000e+03 9.192000000000000000e+03 2.781000000000000227e+02 3.000000000000000000e+00 7.920000000000000000e+02
9.875000000000000000e+03 9.071000000000000000e+03 1.933000000000000114e+02 3.000000000000000000e+00 8.070000000000000000e+02
9.870000000000000000e+03 9.057000000000000000e+03 2.235999999999999943e+02 3.000000000000000000e+00 7.420000000000000000e+02
9.881000000000000000e+03 9.102000000000000000e+03 2.204000000000000057e+02 2.700000000000000178e+00 7.450000000000000000e+02
9.863000000000000000e+03 9.043000000000000000e+03 1.775000000000000000e+02 2.700000000000000178e+00 7.620000000000000000e+02
