7.584000000000000000e+03 7.547000000000000000e+03 8.970000000000000284e+01 8.000000000000000000e+00 2.380000000000000000e+03
7.572000000000000000e+03 7.432000000000000000e+03 8.920000000000000284e+01 8.000000000000000000e+00 2.388000000000000000e+03
7.588000000000000000e+03 7.514000000000000000e+03 8.200000000000000000e+01 8.000000000000000000e+00 2.369000000000000000e+03
7.663000000000000000e+03 7.509000000000000000e+03 8.870000000000000284e+01 8.000000000000000000e+00 2.299000000000000000e+03
7.554000000000000000e+03 7.418000000000000000e+03 8.059999999999999432e+01 8.199999999999999289e+00 2.405000000000000000e+03
7.576000000000000000e+03 7.524000000000000000e+03 8.829999999999999716e+01 8.000000000000000000e+00 2.384000000000000000e+03
7.636000000000000000e+03 7.506000000000000000e+03 9.120000000000000284e+01 7.000000000000000000e+00 2.326000000000000000e+03
7.648000000000000000e+03 7.378000000000000000e+03 8.720000000000000284e+01 7.299999999999999822e+00 2.321000000000000000e+03
7.569000000000000000e+03 7.463000000000000000e+03 7.379999999999999716e+01 8.000000000000000000e+00 2.399000000000000000e+03
7.615000000000000000e+03 7.554000000000000000e+03 1.269000000000000057e+02 8.000000000000000000e+00 2.336000000000000000e+03
7.616000000000000000e+03 7.398000000000000000e+03 8.400000000000000000e+01 8.199999999999999289e+00 2.347000000000000000e+03
7.615000000000000000e+03 7.427000000000000000e+03 1.269000000000000057e+02 8.000000000000000000e+00 2.346000000000000000e+03
7.520000000000000000e+03 7.485000000000000000e+03 8.509999999999999432e+01 8.000000000000000000e+00 2.450000000000000000e+03
7.635000000000000000e+03 7.396000000000000000e+03 7.129999999999999716e+01 7.000000000000000000e+00 2.327000000000000000e+03
7.540000000000000000e+03 7.323000000000000000e+03 9.540000000000000568e+01 8.099999999999999645e+00 2.415000000000000000e+03
7.578000000000000000e+03 7.489000000000000000e+03 8.620000000000000284e+01 8.000000000000000000e+00 2.392000000000000000e+03
7.507000000000000000e+03 7.556000000000000000e+03 7.740000000000000568e+01 8.000000000000000000e+00 2.452000000000000000e+03
7.514000000000000000e+03 7.560000000000000000e+03 7.840000000000000568e+01 8.000000000000000000e+00 2.446000000000000000e+03
7.596000000000000000e+03 7.452000000000000000e+03 7.250000000000000000e+01 7.099999999999999645e+00 2.360000000000000000e+03
7.646000000000000000e+03 7.487000000000000000e+03 7.059999999999999432e+01 8.000000000000000000e+00 2.317000000000000000e+03
7.560000000000000000e+03 7.533000000000000000e+03 7.509999999999999432e+01 8.000000000000000000e+00 2.408000000000000000e+03
7.603000000000000000e+03 7.507000000000000000e+03 8.700000000000000000e+01 8.000000000000000000e+00 2.364000000000000000e+03
7.552000000000000000e+03 7.511000000000000000e+03 7.540000000000000568e+01 7.000000000000000000e+00 2.407000000000000000e+03
7.604000000000000000e+03 7.475000000000000000e+03 9.870000000000000284e+01 8.000000000000000000e+00 2.349000000000000000e+03
7.521000000000000000e+03 7.505000000000000000e+03 7.290000000000000568e+01 7.299999999999999822e+00 2.443000000000000000e+03
7.648000000000000000e+03 7.394000000000000000e+03 8.790000000000000568e+01 7.299999999999999822e+00 2.313000000000000000e+03
7.551000000000000000e+03 7.477000000000000000e+03 7.770000000000000284e+01 8.000000000000000000e+00 2.413000000000000000e+03
7.491000000000000000e+03 7.378000000000000000e+03 1.052000000000000028e+02 8.199999999999999289e+00 2.473000000000000000e+03
7.601000000000000000e+03 7.410000000000000000e+03 8.829999999999999716e+01 7.000000000000000000e+00 2.369000000000000000e+03
7.627000000000000000e+03 7.390000000000000000e+03 9.229999999999999716e+01 8.000000000000000000e+00 2.329000000000000000e+03
7.563000000000000000e+03 7.371000000000000000e+03 8.329999999999999716e+01 8.000000000000000000e+00 2.404000000000000000e+03
7.501000000000000000e+03 7.441000000000000000e+03 7.320000000000000284e+01 8.000000000000000000e+00 2.455000000000000000e+03
7.467000000000000000e+03 7.430000000000000000e+03 7.829999999999999716e+01 8.000000000000000000e+00 2.487000000000000000e+03
7.638000000000000000e+03 7.484000000000000000e+03 6.890000000000000568e+01 8.000000000000000000e+00 2.336000000000000000e+03
7.545000000000000000e+03 7.442000000000000000e+03 7.800000000000000000e+01 7.500000000000000000e+00 2.409000000000000000e+03
7.581000000000000000e+03 7.283000000000000000e+03 7.779999999999999716e+01 7.400000000000000355e+00 2.374000000000000000e+03
7.538000000000000000e+03 7.376000000000000000e+03 8.279999999999999716e+01 8.000000000000000000e+00 2.406000000000000000e+03
7.632000000000000000e+03 7.476000000000000000e+03 8.559999999999999432e+01 8.000000000000000000e+00 2.327000000000000000e+03
7.575000000000000000e+03 7.309000000000000000e+03 1.040000000000000000e+02 7.599999999999999645e+00 2.390000000000000000e+03
7.625000000000000000e+03 7.464000000000000000e+03 1.027999999999999972e+02 8.000000000000000000e+00 2.339000000000000000e+03
7.636000000000000000e+03 7.436000000000000000e+03 9.450000000000000000e+01 8.500000000000000000e+00 2.317000000000000000e+03
7.609000000000000000e+03 7.491000000000000000e+03 8.459999999999999432e+01 8.000000000000000000e+00 2.366000000000000000e+03
7.562000000000000000e+03 7.542000000000000000e+03 9.679999999999999716e+01 8.000000000000000000e+00 2.409000000000000000e+03
7.586000000000000000e+03 7.518000000000000000e+03 9.090000000000000568e+01 8.000000000000000000e+00 2.376000000000000000e+03
7.514000000000000000e+03 7.528000000000000000e+03 9.659999999999999432e+01 7.099999999999999645e+00 2.441000000000000000e+03
7.650000000000000000e+03 7.363000000000000000e+03 7.600000000000000000e+01 7.200000000000000178e+00 2.315000000000000000e+03
7.578000000000000000e+03 7.320000000000000000e+03 9.129999999999999716e+01 7.299999999999999822e+00 2.377000000000000000e+03
7.626000000000000000e+03 7.368000000000000000e+03 8.700000000000000000e+01 7.200000000000000178e+00 2.326000000000000000e+03
7.548000000000000000e+03 7.513000000000000000e+03 9.240000000000000568e+01 8.000000000000000000e+00 2.421000000000000000e+03
7.607000000000000000e+03 7.457000000000000000e+03 8.200000000000000000e+01 8.000000000000000000e+00 2.357000000000000000e+03
7.565000000000000000e+03 7.388000000000000000e+03 1.080999999999999943e+02 8.000000000000000000e+00 2.401000000000000000e+03
7.556000000000000000e+03 7.529000000000000000e+03 8.979999999999999716e+01 8.000000000000000000e+00 2.417000000000000000e+03
7.632000000000000000e+03 7.462000000000000000e+03 8.550000000000000000e+01 8.000000000000000000e+00 2.339000000000000000e+03
7.621000000000000000e+03 7.416000000000000000e+03 9.790000000000000568e+01 8.000000000000000000e+00 2.347000000000000000e+03
7.578000000000000000e+03 7.346000000000000000e+03 9.420000000000000284e+01 7.200000000000000178e+00 2.386000000000000000e+03
7.589000000000000000e+03 7.459000000000000000e+03 7.300000000000000000e+01 8.000000000000000000e+00 2.372000000000000000e+03
7.540000000000000000e+03 7.406000000000000000e+03 8.559999999999999432e+01 9.000000000000000000e+00 2.421000000000000000e+03
7.547000000000000000e+03 7.422000000000000000e+03 8.400000000000000000e+01 8.000000000000000000e+00 2.407000000000000000e+03
7.571000000000000000e+03 7.484000000000000000e+03 7.950000000000000000e+01 8.000000000000000000e+00 2.392000000000000000e+03
7.532000000000000000e+03 7.323000000000000000e+03 7.750000000000000000e+01 8.000000000000000000e+00 2.427000000000000000e+03
7.626000000000000000e+03 7.465000000000000000e+03 7.750000000000000000e+01 8.500000000000000000e+00 2.334000000000000000e+03
7.528000000000000000e+03 7.551000000000000000e+03 8.679999999999999716e+01 7.000000000000000000e+00 2.430000000000000000e+03
7.617000000000000000e+03 7.451000000000000000e+03 9.629999999999999716e+01 8.000000000000000000e+00 2.344000000000000000e+03
7.564000000000000000e+03 7.439000000000000000e+03 9.679999999999999716e+01 7.500000000000000000e+00 2.399000000000000000e+03
7.625000000000000000e+03 7.412000000000000000e+03 8.100000000000000000e+01 9.000000000000000000e+00 2.348000000000000000e+03
7.595000000000000000e+03 7.442000000000000000e+03 8.000000000000000000e+01 8.199999999999999289e+00 2.371000000000000000e+03
7.599000000000000000e+03 7.503000000000000000e+03 1.020000000000000000e+02 7.000000000000000000e+00 2.356000000000000000e+03
7.501000000000000000e+03 7.452000000000000000e+03 7.829999999999999716e+01 7.599999999999999645e+00 2.467000000000000000e+03
7.498000000000000000e+03 7.438000000000000000e+03 7.340000000000000568e+01 7.299999999999999822e+00 2.468000000000000000e+03
7.626000000000000000e+03 7.497000000000000000e+03 8.479999999999999716e+01 8.300000000000000711e+00 2.345000000000000000e+03
7.561000000000000000e+03 7.379000000000000000e+03 7.759999999999999432e+01 7.599999999999999645e+00 2.403000000000000000e+03
7.624000000000000000e+03 7.562000000000000000e+03 8.179999999999999716e+01 8.000000000000000000e+00 2.334000000000000000e+03
7.557000000000000000e+03 7.423000000000000000e+03 8.029999999999999716e+01 7.299999999999999822e+00 2.412000000000000000e+03
7.618000000000000000e+03 7.334000000000000000e+03 7.400000000000000000e+01 7.400000000000000355e+00 2.337000000000000000e+03
7.634000000000000000e+03 7.573000000000000000e+03 7.350000000000000000e+01 8.000000000000000000e+00 2.331000000000000000e+03
7.507000000000000000e+03 7.444000000000000000e+03 7.129999999999999716e+01 8.400000000000000355e+00 2.458000000000000000e+03
7.576000000000000000e+03 7.432000000000000000e+03 8.329999999999999716e+01 7.000000000000000000e+00 2.396000000000000000e+03
7.536000000000000000e+03 7.331000000000000000e+03 8.409999999999999432e+01 7.299999999999999822e+00 2.427000000000000000e+03
7.642000000000000000e+03 7.476000000000000000e+03 9.320000000000000284e+01 8.000000000000000000e+00 2.323000000000000000e+03
7.655000000000000000e+03 7.510000000000000000e+03 7.550000000000000000e+01 8.000000000000000000e+00 2.314000000000000000e+03
7.588000000000000000e+03 7.330000000000000000e+03 7.479999999999999716e+01 8.500000000000000000e+00 2.379000000000000000e+03
7.619000000000000000e+03 7.487000000000000000e+03 8.509999999999999432e+01 8.000000000000000000e+00 2.336000000000000000e+03
7.559000000000000000e+03 7.537000000000000000e+03 8.020000000000000284e+01 8.000000000000000000e+00 2.400000000000000000e+03
7.561000000000000000e+03 7.442000000000000000e+03 8.320000000000000284e+01 8.099999999999999645e+00 2.401000000000000000e+03
7.540000000000000000e+03 7.408000000000000000e+03 7.879999999999999716e+01 7.099999999999999645e+00 2.418000000000000000e+03
7.591000000000000000e+03 7.365000000000000000e+03 7.250000000000000000e+01 8.400000000000000355e+00 2.374000000000000000e+03
7.615000000000000000e+03 7.402000000000000000e+03 8.370000000000000284e+01 7.099999999999999645e+00 2.350000000000000000e+03
7.545000000000000000e+03 7.516000000000000000e+03 9.350000000000000000e+01 7.299999999999999822e+00 2.417000000000000000e+03
7.579000000000000000e+03 7.412000000000000000e+03 9.229999999999999716e+01 7.599999999999999645e+00 2.386000000000000000e+03
7.623000000000000000e+03 7.577000000000000000e+03 8.550000000000000000e+01 8.000000000000000000e+00 2.340000000000000000e+03
7.555000000000000000e+03 7.516000000000000000e+03 1.089000000000000057e+02 8.000000000000000000e+00 2.404000000000000000e+03
7.631000000000000000e+03 7.511000000000000000e+03 9.229999999999999716e+01 8.300000000000000711e+00 2.335000000000000000e+03
7.593000000000000000e+03 7.504000000000000000e+03 8.529999999999999716e+01 8.099999999999999645e+00 2.371000000000000000e+03
7.639000000000000000e+03 7.483000000000000000e+03 7.470000000000000284e+01 7.500000000000000000e+00 2.328000000000000000e+03
7.580000000000000000e+03 7.415000000000000000e+03 8.959999999999999432e+01 7.099999999999999645e+00 2.388000000000000000e+03
7.619000000000000000e+03 7.411000000000000000e+03 7.309999999999999432e+01 8.000000000000000000e+00 2.346000000000000000e+03
7.498000000000000000e+03 7.359000000000000000e+03 8.779999999999999716e+01 8.000000000000000000e+00 2.456000000000000000e+03
7.641000000000000000e+03 7.447000000000000000e+03 7.640000000000000568e+01 8.000000000000000000e+00 2.312000000000000000e+03
7.604000000000000000e+03 7.400000000000000000e+03 8.820000000000000284e+01 7.099999999999999645e+00 2.359000000000000000e+03
7.580000000000000000e+03 7.451000000000000000e+03 1.189000000000000057e+02 8.000000000000000000e+00 2.383000000000000000e+03
7.562000000000000000e+03 7.550000000000000000e+03 9.029999999999999716e+01 7.000000000000000000e+00 2.401000000000000000e+03
7.580000000000000000e+03 7.412000000000000000e+03 1.047000000000000028e+02 7.099999999999999645e+00 2.381000000000000000e+03
7.518000000000000000e+03 7.341000000000000000e+03 8.609999999999999432e+01 8.300000000000000711e+00 2.442000000000000000e+03
7.618000000000000000e+03 7.389000000000000000e+03 9.970000000000000284e+01 7.099999999999999645e+00 2.352000000000000000e+03
7.619000000000000000e+03 7.399000000000000000e+03 7.340000000000000568e+01 8.099999999999999645e+00 2.341000000000000000e+03
7.560000000000000000e+03 7.546000000000000000e+03 7.750000000000000000e+01 8.000000000000000000e+00 2.411000000000000000e+03
7.603000000000000000e+03 7.544000000000000000e+03 1.012999999999999972e+02 8.000000000000000000e+00 2.362000000000000000e+03
7.585000000000000000e+03 7.403000000000000000e+03 8.390000000000000568e+01 8.000000000000000000e+00 2.371000000000000000e+03
7.536000000000000000e+03 7.397000000000000000e+03 7.709999999999999432e+01 7.000000000000000000e+00 2.421000000000000000e+03
7.578000000000000000e+03 7.429000000000000000e+03 8.590000000000000568e+01 8.400000000000000355e+00 2.391000000000000000e+03
7.525000000000000000e+03 7.404000000000000000e+03 8.470000000000000284e+01 8.000000000000000000e+00 2.446000000000000000e+03
7.621000000000000000e+03 7.502000000000000000e+03 7.179999999999999716e+01 8.000000000000000000e+00 2.340000000000000000e+03
7.518000000000000000e+03 7.498000000000000000e+03 7.379999999999999716e+01 8.099999999999999645e+00 2.446000000000000000e+03
7.543000000000000000e+03 7.489000000000000000e+03 7.759999999999999432e+01 9.000000000000000000e+00 2.415000000000000000e+03
7.699000000000000000e+03 7.404000000000000000e+03 9.940000000000000568e+01 8.000000000000000000e+00 2.258000000000000000e+03
7.553000000000000000e+03 7.436000000000000000e+03 9.009999999999999432e+01 7.099999999999999645e+00 2.409000000000000000e+03
7.499000000000000000e+03 7.467000000000000000e+03 7.620000000000000284e+01 8.000000000000000000e+00 2.456000000000000000e+03
7.602000000000000000e+03 7.399000000000000000e+03 9.759999999999999432e+01 8.000000000000000000e+00 2.354000000000000000e+03
7.593000000000000000e+03 7.450000000000000000e+03 8.440000000000000568e+01 7.299999999999999822e+00 2.366000000000000000e+03
7.537000000000000000e+03 7.485000000000000000e+03 7.379999999999999716e+01 7.000000000000000000e+00 2.416000000000000000e+03
7.599000000000000000e+03 7.286000000000000000e+03 1.194000000000000057e+02 7.400000000000000355e+00 2.357000000000000000e+03
7.583000000000000000e+03 7.524000000000000000e+03 8.640000000000000568e+01 7.000000000000000000e+00 2.382000000000000000e+03
7.592000000000000000e+03 7.397000000000000000e+03 1.204000000000000057e+02 7.400000000000000355e+00 2.381000000000000000e+03
7.644000000000000000e+03 7.315000000000000000e+03 1.025000000000000000e+02 7.299999999999999822e+00 2.334000000000000000e+03
7.545000000000000000e+03 7.463000000000000000e+03 9.970000000000000284e+01 7.000000000000000000e+00 2.413000000000000000e+03
7.549000000000000000e+03 7.425000000000000000e+03 8.429999999999999716e+01 7.000000000000000000e+00 2.416000000000000000e+03
7.542000000000000000e+03 7.433000000000000000e+03 8.629999999999999716e+01 8.000000000000000000e+00 2.416000000000000000e+03
7.680000000000000000e+03 7.345000000000000000e+03 8.220000000000000284e+01 9.000000000000000000e+00 2.296000000000000000e+03
7.552000000000000000e+03 7.408000000000000000e+03 7.490000000000000568e+01 7.000000000000000000e+00 2.408000000000000000e+03
7.605000000000000000e+03 7.393000000000000000e+03 8.520000000000000284e+01 7.200000000000000178e+00 2.355000000000000000e+03
7.662000000000000000e+03 7.380000000000000000e+03 7.900000000000000000e+01 8.500000000000000000e+00 2.301000000000000000e+03
7.561000000000000000e+03 7.371000000000000000e+03 8.020000000000000284e+01 7.400000000000000355e+00 2.407000000000000000e+03
7.575000000000000000e+03 7.412000000000000000e+03 8.740000000000000568e+01 7.299999999999999822e+00 2.389000000000000000e+03
7.607000000000000000e+03 7.299000000000000000e+03 1.165999999999999943e+02 8.300000000000000711e+00 2.350000000000000000e+03
7.519000000000000000e+03 7.388000000000000000e+03 7.520000000000000284e+01 7.200000000000000178e+00 2.449000000000000000e+03
7.564000000000000000e+03 7.524000000000000000e+03 8.829999999999999716e+01 8.000000000000000000e+00 2.400000000000000000e+03
7.549000000000000000e+03 7.390000000000000000e+03 6.740000000000000568e+01 8.099999999999999645e+00 2.423000000000000000e+03
7.561000000000000000e+03 7.420000000000000000e+03 1.099000000000000057e+02 7.200000000000000178e+00 2.400000000000000000e+03
7.551000000000000000e+03 7.474000000000000000e+03 9.279999999999999716e+01 8.000000000000000000e+00 2.410000000000000000e+03
7.502000000000000000e+03 7.380000000000000000e+03 7.540000000000000568e+01 7.500000000000000000e+00 2.450000000000000000e+03
7.634000000000000000e+03 7.506000000000000000e+03 8.220000000000000284e+01 8.000000000000000000e+00 2.333000000000000000e+03
7.560000000000000000e+03 7.483000000000000000e+03 8.920000000000000284e+01 8.000000000000000000e+00 2.409000000000000000e+03
7.600000000000000000e+03 7.381000000000000000e+03 1.092000000000000028e+02 8.199999999999999289e+00 2.359000000000000000e+03
7.555000000000000000e+03 7.398000000000000000e+03 9.079999999999999716e+01 7.099999999999999645e+00 2.409000000000000000e+03
7.603000000000000000e+03 7.462000000000000000e+03 8.850000000000000000e+01 7.000000000000000000e+00 2.364000000000000000e+03
7.533000000000000000e+03 7.467000000000000000e+03 8.600000000000000000e+01 7.599999999999999645e+00 2.434000000000000000e+03
7.558000000000000000e+03 7.445000000000000000e+03 7.590000000000000568e+01 8.000000000000000000e+00 2.403000000000000000e+03
7.632000000000000000e+03 7.518000000000000000e+03 1.075999999999999943e+02 8.000000000000000000e+00 2.327000000000000000e+03
7.545000000000000000e+03 7.465000000000000000e+03 1.045999999999999943e+02 7.099999999999999645e+00 2.422000000000000000e+03
7.556000000000000000e+03 7.468000000000000000e+03 8.679999999999999716e+01 7.500000000000000000e+00 2.412000000000000000e+03
7.600000000000000000e+03 7.459000000000000000e+03 8.529999999999999716e+01 8.000000000000000000e+00 2.365000000000000000e+03
7.546000000000000000e+03 7.493000000000000000e+03 8.359999999999999432e+01 7.000000000000000000e+00 2.414000000000000000e+03
7.579000000000000000e+03 7.532000000000000000e+03 8.179999999999999716e+01 8.000000000000000000e+00 2.380000000000000000e+03
7.618000000000000000e+03 7.489000000000000000e+03 7.590000000000000568e+01 7.000000000000000000e+00 2.349000000000000000e+03
7.583000000000000000e+03 7.570000000000000000e+03 8.240000000000000568e+01 8.000000000000000000e+00 2.384000000000000000e+03
7.618000000000000000e+03 7.424000000000000000e+03 6.940000000000000568e+01 8.000000000000000000e+00 2.336000000000000000e+03
7.587000000000000000e+03 7.353000000000000000e+03 1.002999999999999972e+02 7.200000000000000178e+00 2.373000000000000000e+03
7.531000000000000000e+03 7.365000000000000000e+03 8.940000000000000568e+01 8.000000000000000000e+00 2.417000000000000000e+03
7.607000000000000000e+03 7.492000000000000000e+03 8.720000000000000284e+01 8.000000000000000000e+00 2.360000000000000000e+03
7.631000000000000000e+03 7.481000000000000000e+03 8.020000000000000284e+01 7.000000000000000000e+00 2.327000000000000000e+03
7.581000000000000000e+03 7.382000000000000000e+03 7.470000000000000284e+01 7.299999999999999822e+00 2.397000000000000000e+03
7.579000000000000000e+03 7.544000000000000000e+03 7.509999999999999432e+01 8.000000000000000000e+00 2.377000000000000000e+03
7.599000000000000000e+03 7.468000000000000000e+03 7.100000000000000000e+01 8.400000000000000355e+00 2.365000000000000000e+03
7.585000000000000000e+03 7.390000000000000000e+03 8.329999999999999716e+01 7.299999999999999822e+00 2.379000000000000000e+03
7.568000000000000000e+03 7.501000000000000000e+03 8.450000000000000000e+01 8.000000000000000000e+00 2.381000000000000000e+03
7.627000000000000000e+03 7.419000000000000000e+03 9.370000000000000284e+01 8.099999999999999645e+00 2.333000000000000000e+03
7.561000000000000000e+03 7.437000000000000000e+03 8.429999999999999716e+01 7.400000000000000355e+00 2.392000000000000000e+03
7.580000000000000000e+03 7.484000000000000000e+03 8.370000000000000284e+01 7.000000000000000000e+00 2.387000000000000000e+03
7.506000000000000000e+03 7.429000000000000000e+03 8.779999999999999716e+01 9.000000000000000000e+00 2.457000000000000000e+03
7.541000000000000000e+03 7.478000000000000000e+03 1.012999999999999972e+02 8.000000000000000000e+00 2.421000000000000000e+03
7.550000000000000000e+03 7.419000000000000000e+03 6.879999999999999716e+01 7.299999999999999822e+00 2.413000000000000000e+03
7.610000000000000000e+03 7.592000000000000000e+03 7.559999999999999432e+01 7.099999999999999645e+00 2.354000000000000000e+03
7.552000000000000000e+03 7.367000000000000000e+03 8.220000000000000284e+01 7.500000000000000000e+00 2.413000000000000000e+03
7.659000000000000000e+03 7.314000000000000000e+03 7.400000000000000000e+01 7.099999999999999645e+00 2.302000000000000000e+03
7.568000000000000000e+03 7.337000000000000000e+03 8.170000000000000284e+01 7.299999999999999822e+00 2.388000000000000000e+03
7.609000000000000000e+03 7.451000000000000000e+03 1.100000000000000000e+02 7.000000000000000000e+00 2.333000000000000000e+03
7.606000000000000000e+03 7.447000000000000000e+03 8.000000000000000000e+01 7.299999999999999822e+00 2.360000000000000000e+03
7.601000000000000000e+03 7.395000000000000000e+03 8.070000000000000284e+01 7.700000000000000178e+00 2.368000000000000000e+03
7.671000000000000000e+03 7.384000000000000000e+03 8.909999999999999432e+01 7.099999999999999645e+00 2.299000000000000000e+03
7.595000000000000000e+03 7.509000000000000000e+03 9.070000000000000284e+01 8.000000000000000000e+00 2.367000000000000000e+03
7.686000000000000000e+03 7.507000000000000000e+03 8.970000000000000284e+01 8.000000000000000000e+00 2.278000000000000000e+03
7.535000000000000000e+03 7.475000000000000000e+03 7.670000000000000284e+01 8.000000000000000000e+00 2.424000000000000000e+03
7.634000000000000000e+03 7.550000000000000000e+03 9.100000000000000000e+01 8.000000000000000000e+00 2.319000000000000000e+03
7.519000000000000000e+03 7.422000000000000000e+03 7.909999999999999432e+01 8.000000000000000000e+00 2.430000000000000000e+03
7.531000000000000000e+03 7.535000000000000000e+03 8.000000000000000000e+01 8.000000000000000000e+00 2.445000000000000000e+03
7.636000000000000000e+03 7.523000000000000000e+03 7.259999999999999432e+01 8.000000000000000000e+00 2.326000000000000000e+03
7.523000000000000000e+03 7.372000000000000000e+03 8.120000000000000284e+01 7.599999999999999645e+00 2.441000000000000000e+03
7.572000000000000000e+03 7.436000000000000000e+03 8.079999999999999716e+01 8.000000000000000000e+00 2.390000000000000000e+03
7.525000000000000000e+03 7.478000000000000000e+03 7.450000000000000000e+01 8.000000000000000000e+00 2.439000000000000000e+03
7.585000000000000000e+03 7.564000000000000000e+03 9.990000000000000568e+01 8.000000000000000000e+00 2.381000000000000000e+03
7.545000000000000000e+03 7.493000000000000000e+03 9.400000000000000000e+01 7.599999999999999645e+00 2.411000000000000000e+03
7.586000000000000000e+03 7.347000000000000000e+03 7.220000000000000284e+01 7.400000000000000355e+00 2.375000000000000000e+03
7.599000000000000000e+03 7.502000000000000000e+03 9.450000000000000000e+01 8.000000000000000000e+00 2.368000000000000000e+03
7.650000000000000000e+03 7.470000000000000000e+03 6.920000000000000284e+01 8.000000000000000000e+00 2.314000000000000000e+03
7.571000000000000000e+03 7.607000000000000000e+03 7.770000000000000284e+01 8.000000000000000000e+00 2.388000000000000000e+03
7.587000000000000000e+03 7.438000000000000000e+03 7.959999999999999432e+01 7.500000000000000000e+00 2.376000000000000000e+03
7.603000000000000000e+03 7.485000000000000000e+03 1.169000000000000057e+02 7.000000000000000000e+00 2.363000000000000000e+03
7.555000000000000000e+03 7.442000000000000000e+03 8.950000000000000000e+01 8.699999999999999289e+00 2.408000000000000000e+03
7.623000000000000000e+03 7.482000000000000000e+03 8.520000000000000284e+01 7.000000000000000000e+00 2.329000000000000000e+03
7.616000000000000000e+03 7.402000000000000000e+03 8.279999999999999716e+01 8.000000000000000000e+00 2.352000000000000000e+03
7.551000000000000000e+03 7.488000000000000000e+03 8.359999999999999432e+01 8.000000000000000000e+00 2.407000000000000000e+03
7.512000000000000000e+03 7.417000000000000000e+03 8.500000000000000000e+01 8.000000000000000000e+00 2.440000000000000000e+03
7.608000000000000000e+03 7.395000000000000000e+03 9.359999999999999432e+01 7.500000000000000000e+00 2.358000000000000000e+03
7.565000000000000000e+03 7.377000000000000000e+03 8.820000000000000284e+01 7.200000000000000178e+00 2.396000000000000000e+03
7.538000000000000000e+03 7.464000000000000000e+03 7.059999999999999432e+01 8.000000000000000000e+00 2.425000000000000000e+03
7.563000000000000000e+03 7.361000000000000000e+03 7.620000000000000284e+01 7.400000000000000355e+00 2.395000000000000000e+03
7.588000000000000000e+03 7.517000000000000000e+03 8.159999999999999432e+01 8.000000000000000000e+00 2.368000000000000000e+03
7.635000000000000000e+03 7.492000000000000000e+03 8.829999999999999716e+01 9.000000000000000000e+00 2.337000000000000000e+03
7.613000000000000000e+03 7.383000000000000000e+03 1.000000000000000000e+02 7.200000000000000178e+00 2.349000000000000000e+03
7.587000000000000000e+03 7.305000000000000000e+03 9.040000000000000568e+01 7.400000000000000355e+00 2.377000000000000000e+03
7.572000000000000000e+03 7.393000000000000000e+03 8.790000000000000568e+01 8.400000000000000355e+00 2.399000000000000000e+03
7.621000000000000000e+03 7.453000000000000000e+03 8.190000000000000568e+01 7.000000000000000000e+00 2.342000000000000000e+03
7.532000000000000000e+03 7.375000000000000000e+03 7.500000000000000000e+01 7.400000000000000355e+00 2.432000000000000000e+03
7.589000000000000000e+03 7.433000000000000000e+03 6.940000000000000568e+01 7.500000000000000000e+00 2.377000000000000000e+03
7.515000000000000000e+03 7.471000000000000000e+03 7.800000000000000000e+01 7.200000000000000178e+00 2.448000000000000000e+03
7.524000000000000000e+03 7.440000000000000000e+03 8.950000000000000000e+01 9.000000000000000000e+00 2.446000000000000000e+03
7.569000000000000000e+03 7.452000000000000000e+03 7.809999999999999432e+01 9.000000000000000000e+00 2.395000000000000000e+03
7.539000000000000000e+03 7.347000000000000000e+03 9.700000000000000000e+01 7.500000000000000000e+00 2.432000000000000000e+03
7.664000000000000000e+03 7.423000000000000000e+03 7.459999999999999432e+01 7.500000000000000000e+00 2.305000000000000000e+03
7.565000000000000000e+03 7.370000000000000000e+03 9.750000000000000000e+01 7.299999999999999822e+00 2.402000000000000000e+03
7.559000000000000000e+03 7.491000000000000000e+03 9.709999999999999432e+01 8.000000000000000000e+00 2.408000000000000000e+03
7.568000000000000000e+03 7.535000000000000000e+03 7.970000000000000284e+01 8.000000000000000000e+00 2.390000000000000000e+03
7.607000000000000000e+03 7.466000000000000000e+03 8.940000000000000568e+01 8.000000000000000000e+00 2.353000000000000000e+03
7.528000000000000000e+03 7.490000000000000000e+03 7.659999999999999432e+01 8.000000000000000000e+00 2.436000000000000000e+03
7.538000000000000000e+03 7.392000000000000000e+03 8.700000000000000000e+01 7.400000000000000355e+00 2.423000000000000000e+03
7.609000000000000000e+03 7.530000000000000000e+03 7.250000000000000000e+01 8.000000000000000000e+00 2.354000000000000000e+03
7.610000000000000000e+03 7.405000000000000000e+03 7.490000000000000568e+01 7.299999999999999822e+00 2.357000000000000000e+03
7.566000000000000000e+03 7.319000000000000000e+03 7.750000000000000000e+01 8.400000000000000355e+00 2.395000000000000000e+03
7.598000000000000000e+03 7.436000000000000000e+03 8.300000000000000000e+01 8.000000000000000000e+00 2.363000000000000000e+03
7.562000000000000000e+03 7.419000000000000000e+03 7.070000000000000284e+01 8.000000000000000000e+00 2.396000000000000000e+03
7.584000000000000000e+03 7.474000000000000000e+03 7.100000000000000000e+01 7.599999999999999645e+00 2.380000000000000000e+03
7.592000000000000000e+03 7.346000000000000000e+03 8.329999999999999716e+01 8.000000000000000000e+00 2.372000000000000000e+03
7.654000000000000000e+03 7.479000000000000000e+03 6.990000000000000568e+01 8.000000000000000000e+00 2.306000000000000000e+03
7.629000000000000000e+03 7.483000000000000000e+03 7.320000000000000284e+01 8.000000000000000000e+00 2.340000000000000000e+03
7.594000000000000000e+03 7.473000000000000000e+03 8.250000000000000000e+01 8.000000000000000000e+00 2.365000000000000000e+03
7.549000000000000000e+03 7.378000000000000000e+03 8.529999999999999716e+01 7.299999999999999822e+00 2.415000000000000000e+03
7.560000000000000000e+03 7.357000000000000000e+03 8.029999999999999716e+01 8.000000000000000000e+00 2.408000000000000000e+03
7.597000000000000000e+03 7.438000000000000000e+03 7.159999999999999432e+01 7.299999999999999822e+00 2.365000000000000000e+03
7.553000000000000000e+03 7.464000000000000000e+03 7.750000000000000000e+01 8.000000000000000000e+00 2.409000000000000000e+03
7.512000000000000000e+03 7.517000000000000000e+03 7.470000000000000284e+01 7.000000000000000000e+00 2.450000000000000000e+03
7.633000000000000000e+03 7.484000000000000000e+03 8.029999999999999716e+01 8.000000000000000000e+00 2.340000000000000000e+03
7.619000000000000000e+03 7.481000000000000000e+03 7.529999999999999716e+01 8.000000000000000000e+00 2.339000000000000000e+03
7.537000000000000000e+03 7.434000000000000000e+03 7.600000000000000000e+01 7.400000000000000355e+00 2.425000000000000000e+03
7.568000000000000000e+03 7.486000000000000000e+03 7.379999999999999716e+01 8.000000000000000000e+00 2.381000000000000000e+03
7.591000000000000000e+03 7.371000000000000000e+03 8.179999999999999716e+01 8.500000000000000000e+00 2.368000000000000000e+03
7.602000000000000000e+03 7.418000000000000000e+03 1.007000000000000028e+02 8.000000000000000000e+00 2.361000000000000000e+03
7.667000000000000000e+03 7.482000000000000000e+03 8.509999999999999432e+01 8.000000000000000000e+00 2.295000000000000000e+03
7.547000000000000000e+03 7.400000000000000000e+03 1.343000000000000114e+02 7.000000000000000000e+00 2.408000000000000000e+03
7.637000000000000000e+03 7.504000000000000000e+03 8.779999999999999716e+01 8.000000000000000000e+00 2.324000000000000000e+03
7.546000000000000000e+03 7.367000000000000000e+03 8.100000000000000000e+01 7.200000000000000178e+00 2.410000000000000000e+03
