9.073000000000000000e+03 3.832000000000000000e+03 3.051999999999999886e+02 5.410000000000000142e+01 3.200000000000000000e+01
9.088000000000000000e+03 4.295000000000000000e+03 3.123999999999999773e+02 6.150000000000000000e+01 3.100000000000000000e+01
9.085000000000000000e+03 4.354000000000000000e+03 3.883000000000000114e+02 6.020000000000000284e+01 3.400000000000000000e+01
9.134000000000000000e+03 4.462000000000000000e+03 3.083000000000000114e+02 5.579999999999999716e+01 3.500000000000000000e+01
9.046000000000000000e+03 4.098000000000000000e+03 2.501999999999999886e+02 5.860000000000000142e+01 3.500000000000000000e+01
9.051000000000000000e+03 4.399000000000000000e+03 2.628999999999999773e+02 6.389999999999999858e+01 3.700000000000000000e+01
9.124000000000000000e+03 4.745000000000000000e+03 3.158000000000000114e+02 5.750000000000000000e+01 3.200000000000000000e+01
9.082000000000000000e+03 4.332000000000000000e+03 2.975000000000000000e+02 5.600000000000000000e+01 2.900000000000000000e+01
9.078000000000000000e+03 4.418000000000000000e+03 3.201999999999999886e+02 5.139999999999999858e+01 3.200000000000000000e+01
9.073000000000000000e+03 4.503000000000000000e+03 3.231000000000000227e+02 5.150000000000000000e+01 3.300000000000000000e+01
9.133000000000000000e+03 4.307000000000000000e+03 2.716000000000000227e+02 6.089999999999999858e+01 3.200000000000000000e+01
9.084000000000000000e+03 4.253000000000000000e+03 2.863999999999999773e+02 5.520000000000000284e+01 3.200000000000000000e+01
9.104000000000000000e+03 4.379000000000000000e+03 3.201000000000000227e+02 5.920000000000000284e+01 3.100000000000000000e+01
9.116000000000000000e+03 4.509000000000000000e+03 3.306000000000000227e+02 5.329999999999999716e+01 3.500000000000000000e+01
9.089000000000000000e+03 4.211000000000000000e+03 2.906999999999999886e+02 5.529999999999999716e+01 3.000000000000000000e+01
9.079000000000000000e+03 4.306000000000000000e+03 3.471999999999999886e+02 5.950000000000000000e+01 3.400000000000000000e+01
9.106000000000000000e+03 4.490000000000000000e+03 3.396999999999999886e+02 5.510000000000000142e+01 3.200000000000000000e+01
9.051000000000000000e+03 4.371000000000000000e+03 3.928000000000000114e+02 5.660000000000000142e+01 3.100000000000000000e+01
9.110000000000000000e+03 4.491000000000000000e+03 2.491999999999999886e+02 5.629999999999999716e+01 3.200000000000000000e+01
9.111000000000000000e+03 4.568000000000000000e+03 2.725000000000000000e+02 5.410000000000000142e+01 3.200000000000000000e+01
9.077000000000000000e+03 4.671000000000000000e+03 2.836999999999999886e+02 5.400000000000000000e+01 3.200000000000000000e+01
9.051000000000000000e+03 4.547000000000000000e+03 2.891000000000000227e+02 5.420000000000000284e+01 3.300000000000000000e+01
9.109000000000000000e+03 4.523000000000000000e+03 2.848000000000000114e+02 5.470000000000000284e+01 3.200000000000000000e+01
9.020000000000000000e+03 4.057000000000000000e+03 2.973999999999999773e+02 7.250000000000000000e+01 3.100000000000000000e+01
9.073000000000000000e+03 4.302000000000000000e+03 2.765000000000000000e+02 6.429999999999999716e+01 3.000000000000000000e+01
9.079000000000000000e+03 4.547000000000000000e+03 2.991999999999999886e+02 5.670000000000000284e+01 3.100000000000000000e+01
9.021000000000000000e+03 4.480000000000000000e+03 2.415000000000000000e+02 5.370000000000000284e+01 3.300000000000000000e+01
9.095000000000000000e+03 4.189000000000000000e+03 3.071999999999999886e+02 5.179999999999999716e+01 3.400000000000000000e+01
9.031000000000000000e+03 4.361000000000000000e+03 3.533999999999999773e+02 5.039999999999999858e+01 3.600000000000000000e+01
9.105000000000000000e+03 4.451000000000000000e+03 4.143000000000000114e+02 5.289999999999999858e+01 3.600000000000000000e+01
9.109000000000000000e+03 4.704000000000000000e+03 3.548999999999999773e+02 5.039999999999999858e+01 3.400000000000000000e+01
9.095000000000000000e+03 4.324000000000000000e+03 2.645000000000000000e+02 5.529999999999999716e+01 3.800000000000000000e+01
9.037000000000000000e+03 4.661000000000000000e+03 3.163000000000000114e+02 5.979999999999999716e+01 3.300000000000000000e+01
9.079000000000000000e+03 4.404000000000000000e+03 2.826999999999999886e+02 6.010000000000000142e+01 3.200000000000000000e+01
9.071000000000000000e+03 4.521000000000000000e+03 2.843000000000000114e+02 5.570000000000000284e+01 3.200000000000000000e+01
9.114000000000000000e+03 4.483000000000000000e+03 3.713000000000000114e+02 5.520000000000000284e+01 3.500000000000000000e+01
9.088000000000000000e+03 4.374000000000000000e+03 2.728000000000000114e+02 5.620000000000000284e+01 3.300000000000000000e+01
9.122000000000000000e+03 4.292000000000000000e+03 3.345000000000000000e+02 5.479999999999999716e+01 3.500000000000000000e+01
9.094000000000000000e+03 4.438000000000000000e+03 3.325000000000000000e+02 5.270000000000000284e+01 3.200000000000000000e+01
9.089000000000000000e+03 4.428000000000000000e+03 2.991999999999999886e+02 6.210000000000000142e+01 3.200000000000000000e+01
9.061000000000000000e+03 4.409000000000000000e+03 2.773000000000000114e+02 5.620000000000000284e+01 3.200000000000000000e+01
9.049000000000000000e+03 4.503000000000000000e+03 2.953000000000000114e+02 5.679999999999999716e+01 3.400000000000000000e+01
9.048000000000000000e+03 4.405000000000000000e+03 2.946999999999999886e+02 5.579999999999999716e+01 3.100000000000000000e+01
9.086000000000000000e+03 4.400000000000000000e+03 2.915000000000000000e+02 5.479999999999999716e+01 3.200000000000000000e+01
9.065000000000000000e+03 4.379000000000000000e+03 3.121000000000000227e+02 5.400000000000000000e+01 3.200000000000000000e+01
9.113000000000000000e+03 4.712000000000000000e+03 3.751000000000000227e+02 5.200000000000000000e+01 3.600000000000000000e+01
9.121000000000000000e+03 4.378000000000000000e+03 4.696999999999999886e+02 7.040000000000000568e+01 3.800000000000000000e+01
9.087000000000000000e+03 4.328000000000000000e+03 3.295000000000000000e+02 5.170000000000000284e+01 3.200000000000000000e+01
9.104000000000000000e+03 4.636000000000000000e+03 3.540000000000000000e+02 6.270000000000000284e+01 3.300000000000000000e+01
9.144000000000000000e+03 4.509000000000000000e+03 3.066000000000000227e+02 5.289999999999999858e+01 3.400000000000000000e+01
9.085000000000000000e+03 4.014000000000000000e+03 2.991000000000000227e+02 5.870000000000000284e+01 3.000000000000000000e+01
9.080000000000000000e+03 4.762000000000000000e+03 3.370000000000000000e+02 5.529999999999999716e+01 3.500000000000000000e+01
9.056000000000000000e+03 4.504000000000000000e+03 3.093999999999999773e+02 5.450000000000000000e+01 3.300000000000000000e+01
9.067000000000000000e+03 4.512000000000000000e+03 2.261999999999999886e+02 5.460000000000000142e+01 3.300000000000000000e+01
9.103000000000000000e+03 4.565000000000000000e+03 2.866999999999999886e+02 5.710000000000000142e+01 3.300000000000000000e+01
9.095000000000000000e+03 4.013000000000000000e+03 2.841999999999999886e+02 6.400000000000000000e+01 2.800000000000000000e+01
9.080000000000000000e+03 4.316000000000000000e+03 3.630000000000000000e+02 6.020000000000000284e+01 3.600000000000000000e+01
9.059000000000000000e+03 4.292000000000000000e+03 3.160000000000000000e+02 5.950000000000000000e+01 3.700000000000000000e+01
9.087000000000000000e+03 4.702000000000000000e+03 2.653999999999999773e+02 5.760000000000000142e+01 3.500000000000000000e+01
9.056000000000000000e+03 4.395000000000000000e+03 2.763999999999999773e+02 7.079999999999999716e+01 2.900000000000000000e+01
9.059000000000000000e+03 4.388000000000000000e+03 3.148000000000000114e+02 5.610000000000000142e+01 3.000000000000000000e+01
9.068000000000000000e+03 4.557000000000000000e+03 3.036000000000000227e+02 5.700000000000000000e+01 3.300000000000000000e+01
9.090000000000000000e+03 4.123000000000000000e+03 2.833000000000000114e+02 5.589999999999999858e+01 2.800000000000000000e+01
9.012000000000000000e+03 4.384000000000000000e+03 3.280000000000000000e+02 5.350000000000000000e+01 3.400000000000000000e+01
9.027000000000000000e+03 4.390000000000000000e+03 2.843000000000000114e+02 5.360000000000000142e+01 3.100000000000000000e+01
9.074000000000000000e+03 4.222000000000000000e+03 3.143999999999999773e+02 5.200000000000000000e+01 3.300000000000000000e+01
9.102000000000000000e+03 4.618000000000000000e+03 2.746999999999999886e+02 5.539999999999999858e+01 3.300000000000000000e+01
9.087000000000000000e+03 4.329000000000000000e+03 3.458999999999999773e+02 6.179999999999999716e+01 3.300000000000000000e+01
9.079000000000000000e+03 4.699000000000000000e+03 3.621999999999999886e+02 6.300000000000000000e+01 3.600000000000000000e+01
9.151000000000000000e+03 4.435000000000000000e+03 3.928999999999999773e+02 6.210000000000000142e+01 3.500000000000000000e+01
9.111000000000000000e+03 4.326000000000000000e+03 4.270000000000000000e+02 5.350000000000000000e+01 3.000000000000000000e+01
9.113000000000000000e+03 4.343000000000000000e+03 3.580000000000000000e+02 5.560000000000000142e+01 3.100000000000000000e+01
9.076000000000000000e+03 4.290000000000000000e+03 2.886000000000000227e+02 6.700000000000000000e+01 2.900000000000000000e+01
9.086000000000000000e+03 4.702000000000000000e+03 2.886000000000000227e+02 5.820000000000000284e+01 3.200000000000000000e+01
9.101000000000000000e+03 4.467000000000000000e+03 2.886000000000000227e+02 6.070000000000000284e+01 4.000000000000000000e+01
9.080000000000000000e+03 4.652000000000000000e+03 2.320000000000000000e+02 4.820000000000000284e+01 3.200000000000000000e+01
9.101000000000000000e+03 4.517000000000000000e+03 3.246999999999999886e+02 5.779999999999999716e+01 3.200000000000000000e+01
9.060000000000000000e+03 4.396000000000000000e+03 3.525000000000000000e+02 7.009999999999999432e+01 3.100000000000000000e+01
9.074000000000000000e+03 4.793000000000000000e+03 2.748999999999999773e+02 5.229999999999999716e+01 3.300000000000000000e+01
9.090000000000000000e+03 4.376000000000000000e+03 3.363000000000000114e+02 5.860000000000000142e+01 3.300000000000000000e+01
9.079000000000000000e+03 4.206000000000000000e+03 2.996999999999999886e+02 7.020000000000000284e+01 3.100000000000000000e+01
9.100000000000000000e+03 4.386000000000000000e+03 3.141999999999999886e+02 5.339999999999999858e+01 2.800000000000000000e+01
9.085000000000000000e+03 4.506000000000000000e+03 2.936000000000000227e+02 5.400000000000000000e+01 3.500000000000000000e+01
9.098000000000000000e+03 4.369000000000000000e+03 4.721000000000000227e+02 5.289999999999999858e+01 3.600000000000000000e+01
9.068000000000000000e+03 4.172000000000000000e+03 2.926000000000000227e+02 6.270000000000000284e+01 2.900000000000000000e+01
9.066000000000000000e+03 4.582000000000000000e+03 2.945000000000000000e+02 6.300000000000000000e+01 3.500000000000000000e+01
9.059000000000000000e+03 4.410000000000000000e+03 3.436000000000000227e+02 6.260000000000000142e+01 3.400000000000000000e+01
9.073000000000000000e+03 4.577000000000000000e+03 3.095000000000000000e+02 5.229999999999999716e+01 3.600000000000000000e+01
9.018000000000000000e+03 4.478000000000000000e+03 2.966000000000000227e+02 5.350000000000000000e+01 3.200000000000000000e+01
9.049000000000000000e+03 4.566000000000000000e+03 3.288999999999999773e+02 5.710000000000000142e+01 3.400000000000000000e+01
9.109000000000000000e+03 4.333000000000000000e+03 2.455000000000000000e+02 5.160000000000000142e+01 3.000000000000000000e+01
9.104000000000000000e+03 4.233000000000000000e+03 2.958000000000000114e+02 5.210000000000000142e+01 2.900000000000000000e+01
9.109000000000000000e+03 4.472000000000000000e+03 3.480000000000000000e+02 6.250000000000000000e+01 3.000000000000000000e+01
9.111000000000000000e+03 4.115000000000000000e+03 3.046000000000000227e+02 6.179999999999999716e+01 2.800000000000000000e+01
9.102000000000000000e+03 4.410000000000000000e+03 3.185000000000000000e+02 6.129999999999999716e+01 3.600000000000000000e+01
9.096000000000000000e+03 4.423000000000000000e+03 3.521999999999999886e+02 6.339999999999999858e+01 3.300000000000000000e+01
9.065000000000000000e+03 4.539000000000000000e+03 2.861000000000000227e+02 5.710000000000000142e+01 3.000000000000000000e+01
9.118000000000000000e+03 4.467000000000000000e+03 2.766000000000000227e+02 5.239999999999999858e+01 2.800000000000000000e+01
9.087000000000000000e+03 4.341000000000000000e+03 4.106999999999999886e+02 5.939999999999999858e+01 2.900000000000000000e+01
9.089000000000000000e+03 4.267000000000000000e+03 2.928999999999999773e+02 5.829999999999999716e+01 3.600000000000000000e+01
9.150000000000000000e+03 4.472000000000000000e+03 3.298999999999999773e+02 6.479999999999999716e+01 3.400000000000000000e+01
9.056000000000000000e+03 4.422000000000000000e+03 3.526000000000000227e+02 5.870000000000000284e+01 3.000000000000000000e+01
9.107000000000000000e+03 4.200000000000000000e+03 2.716000000000000227e+02 5.500000000000000000e+01 3.100000000000000000e+01
9.082000000000000000e+03 4.651000000000000000e+03 3.128999999999999773e+02 5.210000000000000142e+01 3.200000000000000000e+01
9.111000000000000000e+03 4.546000000000000000e+03 3.261999999999999886e+02 6.379999999999999716e+01 3.700000000000000000e+01
9.098000000000000000e+03 4.664000000000000000e+03 2.805000000000000000e+02 5.010000000000000142e+01 3.200000000000000000e+01
9.066000000000000000e+03 4.584000000000000000e+03 3.543999999999999773e+02 5.760000000000000142e+01 3.100000000000000000e+01
9.039000000000000000e+03 4.268000000000000000e+03 3.941000000000000227e+02 6.089999999999999858e+01 3.300000000000000000e+01
9.060000000000000000e+03 4.295000000000000000e+03 3.310000000000000000e+02 5.929999999999999716e+01 3.100000000000000000e+01
9.073000000000000000e+03 4.337000000000000000e+03 3.368000000000000114e+02 5.610000000000000142e+01 3.000000000000000000e+01
9.126000000000000000e+03 4.330000000000000000e+03 3.748999999999999773e+02 5.820000000000000284e+01 3.100000000000000000e+01
9.103000000000000000e+03 4.164000000000000000e+03 3.273999999999999773e+02 6.129999999999999716e+01 3.600000000000000000e+01
9.058000000000000000e+03 4.753000000000000000e+03 3.878000000000000114e+02 5.350000000000000000e+01 3.100000000000000000e+01
9.086000000000000000e+03 4.357000000000000000e+03 3.841999999999999886e+02 6.629999999999999716e+01 3.200000000000000000e+01
9.084000000000000000e+03 4.194000000000000000e+03 2.943000000000000114e+02 6.459999999999999432e+01 3.700000000000000000e+01
9.081000000000000000e+03 4.246000000000000000e+03 3.488000000000000114e+02 5.420000000000000284e+01 3.000000000000000000e+01
9.085000000000000000e+03 4.602000000000000000e+03 3.106000000000000227e+02 5.410000000000000142e+01 3.600000000000000000e+01
9.102000000000000000e+03 4.676000000000000000e+03 2.640000000000000000e+02 5.410000000000000142e+01 3.700000000000000000e+01
9.060000000000000000e+03 4.690000000000000000e+03 4.203000000000000114e+02 5.739999999999999858e+01 3.200000000000000000e+01
9.102000000000000000e+03 4.459000000000000000e+03 2.905000000000000000e+02 6.609999999999999432e+01 3.100000000000000000e+01
9.093000000000000000e+03 4.369000000000000000e+03 2.888999999999999773e+02 5.610000000000000142e+01 3.000000000000000000e+01
9.080000000000000000e+03 4.334000000000000000e+03 3.581999999999999886e+02 5.710000000000000142e+01 4.000000000000000000e+01
9.101000000000000000e+03 4.554000000000000000e+03 3.401999999999999886e+02 5.920000000000000284e+01 3.000000000000000000e+01
9.062000000000000000e+03 4.203000000000000000e+03 3.658999999999999773e+02 6.020000000000000284e+01 3.200000000000000000e+01
9.096000000000000000e+03 4.344000000000000000e+03 3.250000000000000000e+02 5.389999999999999858e+01 3.000000000000000000e+01
9.084000000000000000e+03 4.460000000000000000e+03 3.110000000000000000e+02 5.539999999999999858e+01 3.200000000000000000e+01
9.108000000000000000e+03 4.646000000000000000e+03 2.796000000000000227e+02 5.329999999999999716e+01 3.900000000000000000e+01
9.048000000000000000e+03 4.388000000000000000e+03 3.321999999999999886e+02 5.570000000000000284e+01 3.100000000000000000e+01
9.038000000000000000e+03 4.140000000000000000e+03 3.908000000000000114e+02 5.979999999999999716e+01 3.000000000000000000e+01
9.079000000000000000e+03 4.393000000000000000e+03 2.475999999999999943e+02 5.479999999999999716e+01 3.100000000000000000e+01
9.044000000000000000e+03 4.581000000000000000e+03 3.710000000000000000e+02 5.400000000000000000e+01 2.900000000000000000e+01
9.112000000000000000e+03 4.361000000000000000e+03 3.491999999999999886e+02 5.470000000000000284e+01 3.500000000000000000e+01
9.030000000000000000e+03 4.671000000000000000e+03 2.800000000000000000e+02 5.110000000000000142e+01 3.100000000000000000e+01
9.040000000000000000e+03 4.293000000000000000e+03 3.546000000000000227e+02 5.879999999999999716e+01 3.300000000000000000e+01
9.053000000000000000e+03 4.359000000000000000e+03 2.878999999999999773e+02 5.110000000000000142e+01 3.100000000000000000e+01
9.058000000000000000e+03 4.320000000000000000e+03 3.573000000000000114e+02 5.889999999999999858e+01 2.900000000000000000e+01
9.053000000000000000e+03 4.519000000000000000e+03 2.968000000000000114e+02 5.439999999999999858e+01 3.200000000000000000e+01
9.087000000000000000e+03 4.145000000000000000e+03 3.288999999999999773e+02 6.329999999999999716e+01 3.400000000000000000e+01
9.128000000000000000e+03 4.326000000000000000e+03 3.136999999999999886e+02 6.509999999999999432e+01 3.100000000000000000e+01
9.113000000000000000e+03 4.451000000000000000e+03 2.686000000000000227e+02 5.710000000000000142e+01 2.900000000000000000e+01
9.101000000000000000e+03 4.502000000000000000e+03 2.936000000000000227e+02 5.360000000000000142e+01 3.100000000000000000e+01
9.118000000000000000e+03 4.559000000000000000e+03 3.190000000000000000e+02 5.629999999999999716e+01 3.700000000000000000e+01
9.068000000000000000e+03 4.372000000000000000e+03 3.098999999999999773e+02 5.929999999999999716e+01 3.300000000000000000e+01
9.060000000000000000e+03 4.538000000000000000e+03 3.173999999999999773e+02 5.370000000000000284e+01 3.700000000000000000e+01
9.043000000000000000e+03 4.561000000000000000e+03 2.678999999999999773e+02 6.909999999999999432e+01 3.200000000000000000e+01
9.058000000000000000e+03 4.405000000000000000e+03 4.863000000000000114e+02 6.490000000000000568e+01 3.000000000000000000e+01
9.055000000000000000e+03 4.310000000000000000e+03 3.371000000000000227e+02 5.420000000000000284e+01 3.000000000000000000e+01
9.079000000000000000e+03 4.297000000000000000e+03 3.835000000000000000e+02 5.539999999999999858e+01 3.100000000000000000e+01
9.075000000000000000e+03 4.490000000000000000e+03 3.043999999999999773e+02 6.100000000000000000e+01 3.300000000000000000e+01
9.067000000000000000e+03 4.377000000000000000e+03 3.406999999999999886e+02 6.289999999999999858e+01 3.100000000000000000e+01
9.092000000000000000e+03 4.702000000000000000e+03 3.708000000000000114e+02 5.070000000000000284e+01 3.200000000000000000e+01
9.089000000000000000e+03 4.472000000000000000e+03 3.941999999999999886e+02 5.920000000000000284e+01 3.200000000000000000e+01
9.078000000000000000e+03 4.284000000000000000e+03 2.658000000000000114e+02 5.810000000000000142e+01 3.100000000000000000e+01
9.104000000000000000e+03 4.254000000000000000e+03 3.751000000000000227e+02 6.400000000000000000e+01 3.000000000000000000e+01
9.082000000000000000e+03 4.358000000000000000e+03 2.941999999999999886e+02 6.229999999999999716e+01 3.000000000000000000e+01
9.082000000000000000e+03 4.451000000000000000e+03 2.576000000000000227e+02 5.420000000000000284e+01 3.500000000000000000e+01
9.094000000000000000e+03 4.214000000000000000e+03 2.831999999999999886e+02 5.479999999999999716e+01 3.300000000000000000e+01
9.081000000000000000e+03 4.585000000000000000e+03 2.958999999999999773e+02 6.270000000000000284e+01 3.100000000000000000e+01
8.992000000000000000e+03 4.403000000000000000e+03 3.773999999999999773e+02 6.529999999999999716e+01 3.200000000000000000e+01
9.075000000000000000e+03 4.386000000000000000e+03 2.838999999999999773e+02 5.700000000000000000e+01 3.100000000000000000e+01
9.062000000000000000e+03 4.320000000000000000e+03 2.561000000000000227e+02 5.510000000000000142e+01 3.600000000000000000e+01
9.058000000000000000e+03 4.280000000000000000e+03 2.686000000000000227e+02 5.460000000000000142e+01 3.100000000000000000e+01
9.095000000000000000e+03 4.358000000000000000e+03 2.576000000000000227e+02 6.039999999999999858e+01 3.200000000000000000e+01
9.085000000000000000e+03 4.004000000000000000e+03 3.690000000000000000e+02 6.010000000000000142e+01 2.700000000000000000e+01
9.097000000000000000e+03 4.472000000000000000e+03 2.880000000000000000e+02 6.400000000000000000e+01 3.300000000000000000e+01
9.099000000000000000e+03 4.500000000000000000e+03 2.998999999999999773e+02 5.539999999999999858e+01 3.800000000000000000e+01
9.074000000000000000e+03 4.010000000000000000e+03 4.760000000000000000e+02 6.320000000000000284e+01 2.600000000000000000e+01
9.129000000000000000e+03 4.253000000000000000e+03 3.363999999999999773e+02 5.970000000000000284e+01 3.100000000000000000e+01
9.068000000000000000e+03 4.472000000000000000e+03 2.948999999999999773e+02 5.329999999999999716e+01 3.500000000000000000e+01
9.090000000000000000e+03 4.593000000000000000e+03 2.513000000000000114e+02 5.670000000000000284e+01 3.100000000000000000e+01
9.098000000000000000e+03 4.090000000000000000e+03 4.681999999999999886e+02 5.260000000000000142e+01 3.200000000000000000e+01
9.056000000000000000e+03 4.462000000000000000e+03 2.960000000000000000e+02 5.400000000000000000e+01 3.000000000000000000e+01
9.105000000000000000e+03 4.733000000000000000e+03 3.176999999999999886e+02 5.900000000000000000e+01 3.400000000000000000e+01
9.089000000000000000e+03 4.541000000000000000e+03 3.433000000000000114e+02 5.350000000000000000e+01 3.300000000000000000e+01
9.087000000000000000e+03 4.214000000000000000e+03 2.761000000000000227e+02 6.229999999999999716e+01 3.000000000000000000e+01
9.081000000000000000e+03 4.206000000000000000e+03 3.078000000000000114e+02 7.020000000000000284e+01 3.100000000000000000e+01
9.099000000000000000e+03 4.571000000000000000e+03 3.145000000000000000e+02 5.070000000000000284e+01 3.400000000000000000e+01
9.099000000000000000e+03 4.339000000000000000e+03 2.953999999999999773e+02 5.750000000000000000e+01 3.400000000000000000e+01
9.088000000000000000e+03 4.187000000000000000e+03 3.591000000000000227e+02 5.670000000000000284e+01 3.300000000000000000e+01
9.079000000000000000e+03 4.434000000000000000e+03 3.130000000000000000e+02 5.670000000000000284e+01 3.200000000000000000e+01
9.126000000000000000e+03 4.258000000000000000e+03 3.258000000000000114e+02 5.339999999999999858e+01 3.300000000000000000e+01
9.107000000000000000e+03 4.022000000000000000e+03 3.633000000000000114e+02 6.979999999999999716e+01 2.700000000000000000e+01
9.106000000000000000e+03 4.199000000000000000e+03 2.578999999999999773e+02 6.100000000000000000e+01 3.400000000000000000e+01
9.094000000000000000e+03 4.628000000000000000e+03 2.990000000000000000e+02 5.279999999999999716e+01 3.100000000000000000e+01
9.108000000000000000e+03 4.372000000000000000e+03 4.066999999999999886e+02 6.039999999999999858e+01 3.200000000000000000e+01
9.095000000000000000e+03 4.322000000000000000e+03 2.773000000000000114e+02 6.679999999999999716e+01 2.900000000000000000e+01
9.075000000000000000e+03 4.410000000000000000e+03 3.795000000000000000e+02 6.659999999999999432e+01 3.200000000000000000e+01
9.103000000000000000e+03 4.277000000000000000e+03 4.255000000000000000e+02 6.350000000000000000e+01 2.900000000000000000e+01
9.063000000000000000e+03 4.804000000000000000e+03 3.631999999999999886e+02 5.510000000000000142e+01 3.200000000000000000e+01
9.128000000000000000e+03 4.247000000000000000e+03 3.166999999999999886e+02 6.179999999999999716e+01 3.000000000000000000e+01
9.100000000000000000e+03 4.734000000000000000e+03 3.058999999999999773e+02 5.410000000000000142e+01 3.200000000000000000e+01
9.086000000000000000e+03 4.102000000000000000e+03 4.638999999999999773e+02 6.100000000000000000e+01 3.500000000000000000e+01
9.119000000000000000e+03 4.396000000000000000e+03 2.811000000000000227e+02 5.139999999999999858e+01 3.100000000000000000e+01
9.083000000000000000e+03 4.387000000000000000e+03 2.591000000000000227e+02 5.700000000000000000e+01 3.400000000000000000e+01
9.008000000000000000e+03 4.155000000000000000e+03 3.476999999999999886e+02 5.629999999999999716e+01 3.200000000000000000e+01
9.078000000000000000e+03 4.405000000000000000e+03 2.638999999999999773e+02 5.520000000000000284e+01 3.200000000000000000e+01
9.104000000000000000e+03 4.085000000000000000e+03 3.726999999999999886e+02 5.320000000000000284e+01 3.300000000000000000e+01
9.064000000000000000e+03 4.392000000000000000e+03 3.820000000000000000e+02 6.370000000000000284e+01 3.000000000000000000e+01
9.079000000000000000e+03 4.262000000000000000e+03 2.903000000000000114e+02 5.439999999999999858e+01 3.200000000000000000e+01
9.089000000000000000e+03 4.514000000000000000e+03 3.001999999999999886e+02 5.720000000000000284e+01 3.500000000000000000e+01
9.075000000000000000e+03 4.594000000000000000e+03 4.881999999999999886e+02 5.310000000000000142e+01 3.800000000000000000e+01
9.087000000000000000e+03 4.374000000000000000e+03 3.151000000000000227e+02 6.100000000000000000e+01 3.500000000000000000e+01
9.128000000000000000e+03 4.399000000000000000e+03 3.236999999999999886e+02 6.509999999999999432e+01 3.000000000000000000e+01
9.073000000000000000e+03 4.735000000000000000e+03 2.493000000000000114e+02 5.279999999999999716e+01 3.000000000000000000e+01
9.106000000000000000e+03 4.443000000000000000e+03 2.726999999999999886e+02 5.600000000000000000e+01 3.100000000000000000e+01
9.121000000000000000e+03 4.288000000000000000e+03 2.923000000000000114e+02 5.770000000000000284e+01 3.000000000000000000e+01
9.090000000000000000e+03 4.234000000000000000e+03 2.630000000000000000e+02 5.489999999999999858e+01 3.300000000000000000e+01
9.062000000000000000e+03 4.445000000000000000e+03 2.938000000000000114e+02 5.210000000000000142e+01 2.900000000000000000e+01
9.051000000000000000e+03 4.518000000000000000e+03 2.700000000000000000e+02 5.350000000000000000e+01 3.000000000000000000e+01
9.063000000000000000e+03 4.242000000000000000e+03 2.751999999999999886e+02 6.379999999999999716e+01 3.500000000000000000e+01
9.085000000000000000e+03 4.412000000000000000e+03 3.723000000000000114e+02 6.310000000000000142e+01 3.000000000000000000e+01
9.079000000000000000e+03 4.112000000000000000e+03 3.901999999999999886e+02 4.360000000000000142e+01 3.400000000000000000e+01
9.109000000000000000e+03 4.391000000000000000e+03 2.811000000000000227e+02 5.889999999999999858e+01 3.200000000000000000e+01
9.085000000000000000e+03 4.262000000000000000e+03 3.586999999999999886e+02 5.800000000000000000e+01 3.000000000000000000e+01
9.061000000000000000e+03 4.368000000000000000e+03 3.181999999999999886e+02 5.610000000000000142e+01 2.800000000000000000e+01
9.085000000000000000e+03 4.322000000000000000e+03 3.496999999999999886e+02 5.360000000000000142e+01 3.700000000000000000e+01
9.112000000000000000e+03 4.464000000000000000e+03 4.270000000000000000e+02 5.450000000000000000e+01 3.300000000000000000e+01
9.102000000000000000e+03 4.486000000000000000e+03 3.103999999999999773e+02 5.610000000000000142e+01 3.200000000000000000e+01
9.135000000000000000e+03 4.572000000000000000e+03 3.396999999999999886e+02 6.289999999999999858e+01 3.400000000000000000e+01
9.109000000000000000e+03 4.118000000000000000e+03 3.468000000000000114e+02 6.429999999999999716e+01 2.600000000000000000e+01
9.105000000000000000e+03 4.495000000000000000e+03 3.056000000000000227e+02 5.900000000000000000e+01 3.000000000000000000e+01
9.099000000000000000e+03 4.468000000000000000e+03 3.253999999999999773e+02 5.700000000000000000e+01 3.500000000000000000e+01
9.083000000000000000e+03 4.220000000000000000e+03 2.861000000000000227e+02 5.910000000000000142e+01 3.000000000000000000e+01
9.069000000000000000e+03 4.368000000000000000e+03 2.850000000000000000e+02 5.660000000000000142e+01 3.200000000000000000e+01
9.041000000000000000e+03 4.408000000000000000e+03 2.975000000000000000e+02 6.320000000000000284e+01 3.000000000000000000e+01
9.121000000000000000e+03 4.260000000000000000e+03 3.168999999999999773e+02 5.529999999999999716e+01 3.100000000000000000e+01
9.145000000000000000e+03 4.328000000000000000e+03 3.873000000000000114e+02 6.050000000000000000e+01 3.000000000000000000e+01
9.097000000000000000e+03 4.614000000000000000e+03 3.961000000000000227e+02 5.220000000000000284e+01 3.500000000000000000e+01
9.070000000000000000e+03 4.481000000000000000e+03 2.546999999999999886e+02 5.350000000000000000e+01 3.300000000000000000e+01
9.077000000000000000e+03 4.224000000000000000e+03 2.643999999999999773e+02 5.670000000000000284e+01 3.800000000000000000e+01
9.074000000000000000e+03 4.603000000000000000e+03 3.281999999999999886e+02 5.610000000000000142e+01 3.600000000000000000e+01
9.089000000000000000e+03 4.334000000000000000e+03 2.505999999999999943e+02 5.929999999999999716e+01 3.300000000000000000e+01
9.078000000000000000e+03 4.482000000000000000e+03 3.461999999999999886e+02 6.310000000000000142e+01 3.100000000000000000e+01
9.071000000000000000e+03 4.427000000000000000e+03 2.871000000000000227e+02 6.050000000000000000e+01 3.200000000000000000e+01
9.065000000000000000e+03 4.448000000000000000e+03 2.988000000000000114e+02 6.000000000000000000e+01 3.300000000000000000e+01
9.078000000000000000e+03 4.593000000000000000e+03 2.905000000000000000e+02 5.689999999999999858e+01 3.100000000000000000e+01
9.059000000000000000e+03 4.285000000000000000e+03 4.558000000000000114e+02 5.539999999999999858e+01 2.800000000000000000e+01
9.096000000000000000e+03 4.266000000000000000e+03 3.035000000000000000e+02 6.089999999999999858e+01 3.300000000000000000e+01
9.095000000000000000e+03 4.592000000000000000e+03 3.381999999999999886e+02 5.450000000000000000e+01 3.300000000000000000e+01
9.072000000000000000e+03 4.456000000000000000e+03 2.893999999999999773e+02 5.650000000000000000e+01 3.400000000000000000e+01
9.106000000000000000e+03 4.621000000000000000e+03 2.823000000000000114e+02 5.679999999999999716e+01 3.100000000000000000e+01
9.091000000000000000e+03 4.564000000000000000e+03 2.586999999999999886e+02 5.020000000000000284e+01 3.500000000000000000e+01
9.074000000000000000e+03 4.297000000000000000e+03 3.333000000000000114e+02 6.120000000000000284e+01 2.800000000000000000e+01
9.086000000000000000e+03 4.540000000000000000e+03 2.993000000000000114e+02 5.360000000000000142e+01 3.100000000000000000e+01
9.119000000000000000e+03 4.682000000000000000e+03 3.246999999999999886e+02 5.239999999999999858e+01 3.400000000000000000e+01
9.084000000000000000e+03 4.475000000000000000e+03 3.763999999999999773e+02 5.529999999999999716e+01 3.300000000000000000e+01
9.096000000000000000e+03 4.124000000000000000e+03 2.603999999999999773e+02 5.310000000000000142e+01 3.300000000000000000e+01
9.050000000000000000e+03 4.239000000000000000e+03 3.018999999999999773e+02 6.320000000000000284e+01 3.100000000000000000e+01
9.079000000000000000e+03 4.552000000000000000e+03 3.015000000000000000e+02 5.879999999999999716e+01 3.500000000000000000e+01
9.076000000000000000e+03 4.377000000000000000e+03 3.361999999999999886e+02 6.120000000000000284e+01 3.600000000000000000e+01
