2.076000000000000000e+03 3.886000000000000000e+03 8.729999999999999716e+01 1.669999999999999929e+01 7.096000000000000000e+03
2.081000000000000000e+03 4.095000000000000000e+03 1.336999999999999886e+02 1.789999999999999858e+01 7.146000000000000000e+03
2.098000000000000000e+03 3.660000000000000000e+03 1.418000000000000114e+02 1.960000000000000142e+01 7.086000000000000000e+03
2.059000000000000000e+03 3.890000000000000000e+03 1.501999999999999886e+02 1.839999999999999858e+01 7.105000000000000000e+03
2.160000000000000000e+03 3.528000000000000000e+03 1.012999999999999972e+02 2.019999999999999929e+01 7.067000000000000000e+03
2.064000000000000000e+03 3.576000000000000000e+03 1.252000000000000028e+02 1.880000000000000071e+01 7.175000000000000000e+03
2.076000000000000000e+03 3.598000000000000000e+03 7.929999999999999716e+01 1.760000000000000142e+01 7.148000000000000000e+03
2.141000000000000000e+03 3.309000000000000000e+03 1.042000000000000028e+02 2.150000000000000000e+01 7.033000000000000000e+03
2.115000000000000000e+03 3.840000000000000000e+03 8.879999999999999716e+01 1.750000000000000000e+01 7.109000000000000000e+03
2.085000000000000000e+03 3.434000000000000000e+03 9.350000000000000000e+01 1.939999999999999858e+01 7.098000000000000000e+03
2.175000000000000000e+03 3.849000000000000000e+03 7.929999999999999716e+01 1.889999999999999858e+01 6.992000000000000000e+03
2.158000000000000000e+03 3.899000000000000000e+03 8.679999999999999716e+01 1.919999999999999929e+01 7.015000000000000000e+03
2.168000000000000000e+03 4.115000000000000000e+03 1.017000000000000028e+02 1.850000000000000000e+01 7.066000000000000000e+03
2.092000000000000000e+03 3.639000000000000000e+03 1.180000000000000000e+02 1.700000000000000000e+01 7.145000000000000000e+03
2.137000000000000000e+03 3.915000000000000000e+03 1.057999999999999972e+02 1.880000000000000071e+01 7.083000000000000000e+03
2.149000000000000000e+03 3.861000000000000000e+03 7.629999999999999716e+01 1.780000000000000071e+01 7.056000000000000000e+03
2.111000000000000000e+03 3.621000000000000000e+03 1.020999999999999943e+02 2.160000000000000142e+01 7.103000000000000000e+03
2.042000000000000000e+03 3.496000000000000000e+03 9.450000000000000000e+01 2.339999999999999858e+01 7.123000000000000000e+03
1.999000000000000000e+03 3.333000000000000000e+03 8.920000000000000284e+01 2.019999999999999929e+01 7.184000000000000000e+03
2.105000000000000000e+03 3.747000000000000000e+03 9.859999999999999432e+01 2.200000000000000000e+01 7.075000000000000000e+03
2.147000000000000000e+03 3.531000000000000000e+03 1.340000000000000000e+02 2.210000000000000142e+01 7.078000000000000000e+03
2.088000000000000000e+03 3.611000000000000000e+03 8.559999999999999432e+01 2.260000000000000142e+01 7.144000000000000000e+03
2.143000000000000000e+03 3.525000000000000000e+03 9.509999999999999432e+01 1.680000000000000071e+01 7.054000000000000000e+03
2.052000000000000000e+03 3.699000000000000000e+03 7.420000000000000284e+01 2.010000000000000142e+01 7.145000000000000000e+03
2.087000000000000000e+03 3.372000000000000000e+03 1.089000000000000057e+02 2.100000000000000000e+01 7.086000000000000000e+03
2.113000000000000000e+03 3.491000000000000000e+03 9.009999999999999432e+01 1.869999999999999929e+01 7.101000000000000000e+03
2.078000000000000000e+03 4.081000000000000000e+03 2.150000000000000000e+02 1.900000000000000000e+01 7.135000000000000000e+03
2.111000000000000000e+03 3.584000000000000000e+03 8.650000000000000000e+01 2.010000000000000142e+01 7.086000000000000000e+03
2.161000000000000000e+03 3.390000000000000000e+03 8.129999999999999716e+01 1.850000000000000000e+01 6.956000000000000000e+03
2.068000000000000000e+03 3.266000000000000000e+03 2.001999999999999886e+02 1.969999999999999929e+01 7.024000000000000000e+03
2.097000000000000000e+03 3.333000000000000000e+03 1.157999999999999972e+02 2.030000000000000071e+01 7.052000000000000000e+03
2.165000000000000000e+03 3.735000000000000000e+03 2.308000000000000114e+02 1.839999999999999858e+01 7.045000000000000000e+03
2.157000000000000000e+03 3.286000000000000000e+03 9.079999999999999716e+01 2.119999999999999929e+01 7.055000000000000000e+03
2.205000000000000000e+03 3.700000000000000000e+03 1.718000000000000114e+02 1.700000000000000000e+01 6.991000000000000000e+03
2.091000000000000000e+03 3.107000000000000000e+03 8.640000000000000568e+01 2.150000000000000000e+01 7.064000000000000000e+03
2.100000000000000000e+03 3.719000000000000000e+03 8.829999999999999716e+01 2.189999999999999858e+01 7.104000000000000000e+03
2.053000000000000000e+03 4.051000000000000000e+03 1.067999999999999972e+02 1.730000000000000071e+01 7.176000000000000000e+03
2.114000000000000000e+03 3.754000000000000000e+03 8.579999999999999716e+01 1.850000000000000000e+01 7.088000000000000000e+03
2.091000000000000000e+03 4.104000000000000000e+03 7.100000000000000000e+01 1.919999999999999929e+01 7.135000000000000000e+03
2.111000000000000000e+03 4.103000000000000000e+03 1.333000000000000114e+02 1.830000000000000071e+01 7.077000000000000000e+03
2.110000000000000000e+03 3.902000000000000000e+03 7.450000000000000000e+01 1.710000000000000142e+01 7.109000000000000000e+03
2.187000000000000000e+03 3.672000000000000000e+03 9.670000000000000284e+01 2.219999999999999929e+01 6.991000000000000000e+03
2.107000000000000000e+03 4.046000000000000000e+03 9.950000000000000000e+01 1.669999999999999929e+01 7.110000000000000000e+03
2.086000000000000000e+03 3.670000000000000000e+03 7.840000000000000568e+01 1.989999999999999858e+01 7.085000000000000000e+03
2.137000000000000000e+03 4.021000000000000000e+03 8.409999999999999432e+01 1.930000000000000071e+01 7.049000000000000000e+03
2.184000000000000000e+03 3.602000000000000000e+03 1.566999999999999886e+02 2.060000000000000142e+01 6.993000000000000000e+03
2.091000000000000000e+03 3.814000000000000000e+03 1.082000000000000028e+02 1.789999999999999858e+01 7.085000000000000000e+03
2.099000000000000000e+03 3.925000000000000000e+03 1.017999999999999972e+02 1.910000000000000142e+01 7.114000000000000000e+03
2.060000000000000000e+03 4.402000000000000000e+03 7.279999999999999716e+01 1.650000000000000000e+01 7.202000000000000000e+03
2.161000000000000000e+03 3.613000000000000000e+03 7.850000000000000000e+01 1.660000000000000142e+01 7.030000000000000000e+03
2.101000000000000000e+03 3.737000000000000000e+03 1.102000000000000028e+02 1.880000000000000071e+01 7.075000000000000000e+03
2.126000000000000000e+03 3.529000000000000000e+03 1.082999999999999972e+02 1.810000000000000142e+01 7.097000000000000000e+03
2.100000000000000000e+03 4.071000000000000000e+03 1.600999999999999943e+02 1.869999999999999929e+01 7.087000000000000000e+03
2.121000000000000000e+03 3.071000000000000000e+03 7.359999999999999432e+01 2.219999999999999929e+01 7.051000000000000000e+03
2.183000000000000000e+03 3.713000000000000000e+03 7.550000000000000000e+01 2.010000000000000142e+01 7.026000000000000000e+03
2.166000000000000000e+03 3.794000000000000000e+03 8.059999999999999432e+01 1.590000000000000036e+01 7.026000000000000000e+03
2.096000000000000000e+03 3.833000000000000000e+03 8.429999999999999716e+01 2.010000000000000142e+01 7.118000000000000000e+03
2.112000000000000000e+03 3.735000000000000000e+03 7.720000000000000284e+01 1.910000000000000142e+01 7.085000000000000000e+03
2.109000000000000000e+03 3.864000000000000000e+03 1.461999999999999886e+02 1.800000000000000000e+01 7.099000000000000000e+03
2.093000000000000000e+03 3.315000000000000000e+03 1.267999999999999972e+02 1.839999999999999858e+01 7.079000000000000000e+03
2.044000000000000000e+03 3.408000000000000000e+03 9.579999999999999716e+01 2.010000000000000142e+01 7.136000000000000000e+03
2.076000000000000000e+03 3.728000000000000000e+03 9.140000000000000568e+01 1.860000000000000142e+01 7.109000000000000000e+03
2.065000000000000000e+03 3.785000000000000000e+03 7.740000000000000568e+01 1.669999999999999929e+01 7.108000000000000000e+03
2.085000000000000000e+03 3.951000000000000000e+03 7.829999999999999716e+01 1.880000000000000071e+01 7.151000000000000000e+03
2.141000000000000000e+03 3.945000000000000000e+03 1.217000000000000028e+02 1.839999999999999858e+01 7.092000000000000000e+03
2.142000000000000000e+03 3.653000000000000000e+03 1.945000000000000000e+02 1.900000000000000000e+01 7.080000000000000000e+03
2.060000000000000000e+03 3.294000000000000000e+03 8.870000000000000284e+01 2.500000000000000000e+01 7.036000000000000000e+03
2.063000000000000000e+03 3.898000000000000000e+03 7.950000000000000000e+01 1.530000000000000071e+01 7.128000000000000000e+03
2.072000000000000000e+03 3.979000000000000000e+03 8.570000000000000284e+01 1.639999999999999858e+01 7.104000000000000000e+03
2.097000000000000000e+03 3.913000000000000000e+03 9.840000000000000568e+01 1.900000000000000000e+01 7.087000000000000000e+03
2.163000000000000000e+03 3.593000000000000000e+03 8.209999999999999432e+01 2.000000000000000000e+01 7.068000000000000000e+03
2.082000000000000000e+03 3.771000000000000000e+03 7.870000000000000284e+01 1.900000000000000000e+01 7.109000000000000000e+03
2.145000000000000000e+03 3.893000000000000000e+03 9.740000000000000568e+01 1.750000000000000000e+01 7.092000000000000000e+03
2.099000000000000000e+03 3.747000000000000000e+03 9.140000000000000568e+01 1.789999999999999858e+01 7.114000000000000000e+03
2.117000000000000000e+03 3.626000000000000000e+03 1.050999999999999943e+02 1.739999999999999858e+01 7.052000000000000000e+03
2.085000000000000000e+03 3.680000000000000000e+03 8.279999999999999716e+01 1.710000000000000142e+01 7.096000000000000000e+03
2.177000000000000000e+03 3.754000000000000000e+03 7.050000000000000000e+01 1.889999999999999858e+01 6.984000000000000000e+03
2.060000000000000000e+03 3.402000000000000000e+03 8.420000000000000284e+01 1.919999999999999929e+01 7.063000000000000000e+03
2.096000000000000000e+03 3.871000000000000000e+03 8.300000000000000000e+01 1.800000000000000000e+01 7.085000000000000000e+03
2.122000000000000000e+03 3.327000000000000000e+03 1.635000000000000000e+02 2.010000000000000142e+01 7.078000000000000000e+03
2.099000000000000000e+03 3.963000000000000000e+03 1.496999999999999886e+02 1.719999999999999929e+01 7.060000000000000000e+03
2.174000000000000000e+03 3.723000000000000000e+03 1.245000000000000000e+02 1.919999999999999929e+01 7.018000000000000000e+03
2.113000000000000000e+03 3.608000000000000000e+03 1.524000000000000057e+02 2.050000000000000000e+01 7.026000000000000000e+03
2.174000000000000000e+03 3.665000000000000000e+03 9.509999999999999432e+01 1.930000000000000071e+01 6.974000000000000000e+03
2.175000000000000000e+03 3.516000000000000000e+03 8.979999999999999716e+01 2.200000000000000000e+01 6.982000000000000000e+03
2.102000000000000000e+03 3.661000000000000000e+03 8.150000000000000000e+01 1.800000000000000000e+01 7.097000000000000000e+03
2.059000000000000000e+03 4.063000000000000000e+03 7.879999999999999716e+01 1.710000000000000142e+01 7.123000000000000000e+03
2.065000000000000000e+03 3.785000000000000000e+03 7.670000000000000284e+01 1.930000000000000071e+01 7.129000000000000000e+03
2.146000000000000000e+03 3.928000000000000000e+03 1.210999999999999943e+02 1.880000000000000071e+01 7.079000000000000000e+03
2.130000000000000000e+03 3.438000000000000000e+03 9.590000000000000568e+01 2.000000000000000000e+01 7.072000000000000000e+03
2.051000000000000000e+03 3.666000000000000000e+03 7.070000000000000284e+01 2.019999999999999929e+01 7.094000000000000000e+03
2.101000000000000000e+03 3.764000000000000000e+03 7.720000000000000284e+01 1.739999999999999858e+01 7.138000000000000000e+03
2.072000000000000000e+03 3.809000000000000000e+03 9.079999999999999716e+01 1.869999999999999929e+01 7.138000000000000000e+03
2.053000000000000000e+03 3.466000000000000000e+03 1.115999999999999943e+02 1.480000000000000071e+01 7.113000000000000000e+03
2.096000000000000000e+03 4.057000000000000000e+03 1.130000000000000000e+02 1.869999999999999929e+01 7.072000000000000000e+03
2.140000000000000000e+03 3.568000000000000000e+03 7.890000000000000568e+01 2.110000000000000142e+01 7.000000000000000000e+03
2.066000000000000000e+03 3.712000000000000000e+03 9.000000000000000000e+01 1.739999999999999858e+01 7.121000000000000000e+03
2.057000000000000000e+03 4.288000000000000000e+03 8.970000000000000284e+01 1.689999999999999858e+01 7.132000000000000000e+03
3.277000000000000000e+03 3.752000000000000000e+03 4.153999999999999773e+02 2.210000000000000142e+01 7.089000000000000000e+03
2.099000000000000000e+03 3.805000000000000000e+03 9.229999999999999716e+01 1.919999999999999929e+01 7.081000000000000000e+03
2.116000000000000000e+03 3.468000000000000000e+03 8.370000000000000284e+01 1.830000000000000071e+01 7.031000000000000000e+03
2.147000000000000000e+03 4.156000000000000000e+03 7.179999999999999716e+01 1.550000000000000000e+01 7.033000000000000000e+03
2.092000000000000000e+03 3.700000000000000000e+03 6.979999999999999716e+01 1.869999999999999929e+01 7.081000000000000000e+03
2.138000000000000000e+03 3.459000000000000000e+03 1.441999999999999886e+02 1.889999999999999858e+01 7.058000000000000000e+03
2.008000000000000000e+03 3.995000000000000000e+03 9.590000000000000568e+01 2.010000000000000142e+01 7.183000000000000000e+03
2.155000000000000000e+03 3.949000000000000000e+03 9.509999999999999432e+01 2.019999999999999929e+01 7.044000000000000000e+03
2.114000000000000000e+03 4.066000000000000000e+03 1.565000000000000000e+02 1.850000000000000000e+01 7.113000000000000000e+03
2.056000000000000000e+03 3.610000000000000000e+03 1.365000000000000000e+02 2.400000000000000000e+01 7.116000000000000000e+03
2.152000000000000000e+03 3.732000000000000000e+03 8.470000000000000284e+01 1.839999999999999858e+01 7.014000000000000000e+03
2.166000000000000000e+03 3.905000000000000000e+03 1.353000000000000114e+02 1.919999999999999929e+01 7.075000000000000000e+03
2.125000000000000000e+03 3.777000000000000000e+03 1.288000000000000114e+02 1.860000000000000142e+01 7.108000000000000000e+03
2.016000000000000000e+03 3.906000000000000000e+03 8.640000000000000568e+01 1.760000000000000142e+01 7.174000000000000000e+03
2.057000000000000000e+03 4.100000000000000000e+03 7.959999999999999432e+01 1.910000000000000142e+01 7.172000000000000000e+03
2.097000000000000000e+03 3.380000000000000000e+03 9.090000000000000568e+01 2.169999999999999929e+01 7.075000000000000000e+03
2.074000000000000000e+03 3.950000000000000000e+03 1.267999999999999972e+02 2.080000000000000071e+01 7.181000000000000000e+03
2.097000000000000000e+03 3.710000000000000000e+03 1.077000000000000028e+02 1.900000000000000000e+01 7.093000000000000000e+03
2.141000000000000000e+03 3.657000000000000000e+03 1.019000000000000057e+02 1.860000000000000142e+01 7.072000000000000000e+03
2.160000000000000000e+03 3.662000000000000000e+03 1.017000000000000028e+02 1.969999999999999929e+01 6.979000000000000000e+03
2.124000000000000000e+03 3.659000000000000000e+03 1.117999999999999972e+02 1.889999999999999858e+01 7.089000000000000000e+03
2.079000000000000000e+03 3.523000000000000000e+03 1.060999999999999943e+02 2.019999999999999929e+01 7.100000000000000000e+03
2.090000000000000000e+03 3.504000000000000000e+03 1.102000000000000028e+02 1.869999999999999929e+01 7.172000000000000000e+03
2.126000000000000000e+03 3.722000000000000000e+03 1.004000000000000057e+02 2.110000000000000142e+01 7.083000000000000000e+03
2.089000000000000000e+03 3.617000000000000000e+03 1.127999999999999972e+02 2.019999999999999929e+01 7.088000000000000000e+03
2.140000000000000000e+03 3.823000000000000000e+03 1.020999999999999943e+02 2.080000000000000071e+01 7.047000000000000000e+03
2.143000000000000000e+03 4.196000000000000000e+03 9.029999999999999716e+01 1.830000000000000071e+01 7.097000000000000000e+03
2.066000000000000000e+03 4.292000000000000000e+03 1.094000000000000057e+02 1.689999999999999858e+01 7.140000000000000000e+03
2.197000000000000000e+03 3.543000000000000000e+03 1.004000000000000057e+02 2.210000000000000142e+01 6.978000000000000000e+03
2.128000000000000000e+03 3.873000000000000000e+03 8.520000000000000284e+01 1.719999999999999929e+01 7.005000000000000000e+03
2.028000000000000000e+03 3.993000000000000000e+03 9.800000000000000000e+01 1.830000000000000071e+01 7.193000000000000000e+03
2.115000000000000000e+03 3.446000000000000000e+03 8.700000000000000000e+01 2.100000000000000000e+01 7.055000000000000000e+03
2.128000000000000000e+03 3.888000000000000000e+03 7.279999999999999716e+01 1.660000000000000142e+01 7.024000000000000000e+03
2.137000000000000000e+03 3.483000000000000000e+03 7.940000000000000568e+01 2.180000000000000071e+01 7.050000000000000000e+03
2.128000000000000000e+03 4.058000000000000000e+03 1.454000000000000057e+02 1.800000000000000000e+01 7.068000000000000000e+03
2.162000000000000000e+03 3.766000000000000000e+03 1.346999999999999886e+02 1.590000000000000036e+01 7.021000000000000000e+03
2.043000000000000000e+03 3.354000000000000000e+03 1.022000000000000028e+02 2.210000000000000142e+01 7.130000000000000000e+03
2.096000000000000000e+03 3.834000000000000000e+03 9.100000000000000000e+01 2.169999999999999929e+01 7.111000000000000000e+03
2.048000000000000000e+03 3.404000000000000000e+03 9.559999999999999432e+01 1.730000000000000071e+01 7.123000000000000000e+03
2.078000000000000000e+03 3.242000000000000000e+03 8.290000000000000568e+01 2.160000000000000142e+01 7.012000000000000000e+03
2.068000000000000000e+03 3.762000000000000000e+03 1.765999999999999943e+02 1.939999999999999858e+01 7.114000000000000000e+03
2.094000000000000000e+03 3.467000000000000000e+03 9.579999999999999716e+01 1.869999999999999929e+01 7.103000000000000000e+03
2.158000000000000000e+03 3.616000000000000000e+03 7.570000000000000284e+01 1.960000000000000142e+01 7.026000000000000000e+03
2.192000000000000000e+03 3.635000000000000000e+03 9.990000000000000568e+01 1.919999999999999929e+01 7.047000000000000000e+03
2.149000000000000000e+03 3.735000000000000000e+03 8.479999999999999716e+01 2.210000000000000142e+01 7.043000000000000000e+03
2.074000000000000000e+03 3.292000000000000000e+03 1.254000000000000057e+02 1.900000000000000000e+01 7.112000000000000000e+03
2.152000000000000000e+03 3.243000000000000000e+03 1.112000000000000028e+02 1.830000000000000071e+01 7.028000000000000000e+03
2.124000000000000000e+03 4.263000000000000000e+03 7.850000000000000000e+01 1.689999999999999858e+01 7.125000000000000000e+03
2.081000000000000000e+03 3.863000000000000000e+03 1.386999999999999886e+02 1.860000000000000142e+01 7.112000000000000000e+03
2.019000000000000000e+03 3.879000000000000000e+03 7.690000000000000568e+01 1.819999999999999929e+01 7.173000000000000000e+03
2.108000000000000000e+03 3.891000000000000000e+03 1.690999999999999943e+02 1.869999999999999929e+01 7.081000000000000000e+03
2.153000000000000000e+03 3.986000000000000000e+03 8.970000000000000284e+01 2.000000000000000000e+01 7.092000000000000000e+03
2.055000000000000000e+03 3.008000000000000000e+03 1.129000000000000057e+02 2.189999999999999858e+01 7.096000000000000000e+03
2.165000000000000000e+03 3.471000000000000000e+03 9.790000000000000568e+01 2.060000000000000142e+01 6.980000000000000000e+03
2.124000000000000000e+03 3.753000000000000000e+03 7.409999999999999432e+01 1.630000000000000071e+01 7.078000000000000000e+03
2.103000000000000000e+03 4.096000000000000000e+03 7.979999999999999716e+01 1.819999999999999929e+01 7.165000000000000000e+03
2.094000000000000000e+03 4.008000000000000000e+03 8.950000000000000000e+01 1.680000000000000071e+01 7.117000000000000000e+03
2.014000000000000000e+03 3.832000000000000000e+03 8.650000000000000000e+01 2.100000000000000000e+01 7.185000000000000000e+03
2.093000000000000000e+03 3.602000000000000000e+03 7.500000000000000000e+01 1.819999999999999929e+01 7.093000000000000000e+03
2.130000000000000000e+03 3.945000000000000000e+03 1.400000000000000000e+02 1.750000000000000000e+01 7.086000000000000000e+03
2.179000000000000000e+03 3.400000000000000000e+03 9.320000000000000284e+01 2.360000000000000142e+01 6.990000000000000000e+03
2.058000000000000000e+03 3.472000000000000000e+03 8.790000000000000568e+01 1.950000000000000000e+01 7.084000000000000000e+03
2.077000000000000000e+03 3.671000000000000000e+03 1.593000000000000114e+02 2.019999999999999929e+01 7.098000000000000000e+03
2.104000000000000000e+03 3.457000000000000000e+03 1.015000000000000000e+02 1.980000000000000071e+01 7.028000000000000000e+03
2.115000000000000000e+03 4.314000000000000000e+03 1.160000000000000000e+02 1.639999999999999858e+01 7.093000000000000000e+03
2.093000000000000000e+03 3.489000000000000000e+03 8.579999999999999716e+01 1.789999999999999858e+01 7.109000000000000000e+03
2.121000000000000000e+03 4.197000000000000000e+03 1.142000000000000028e+02 1.930000000000000071e+01 7.097000000000000000e+03
2.089000000000000000e+03 4.036000000000000000e+03 8.909999999999999432e+01 1.650000000000000000e+01 7.139000000000000000e+03
2.156000000000000000e+03 3.791000000000000000e+03 7.890000000000000568e+01 1.860000000000000142e+01 7.044000000000000000e+03
2.091000000000000000e+03 3.511000000000000000e+03 8.200000000000000000e+01 2.019999999999999929e+01 7.076000000000000000e+03
2.124000000000000000e+03 3.631000000000000000e+03 8.359999999999999432e+01 1.980000000000000071e+01 7.052000000000000000e+03
2.087000000000000000e+03 4.088000000000000000e+03 1.025000000000000000e+02 1.910000000000000142e+01 7.114000000000000000e+03
2.167000000000000000e+03 3.871000000000000000e+03 1.225999999999999943e+02 1.819999999999999929e+01 7.018000000000000000e+03
2.179000000000000000e+03 3.728000000000000000e+03 1.005999999999999943e+02 1.960000000000000142e+01 6.998000000000000000e+03
2.153000000000000000e+03 4.119000000000000000e+03 8.929999999999999716e+01 1.869999999999999929e+01 7.094000000000000000e+03
2.120000000000000000e+03 3.795000000000000000e+03 1.014000000000000057e+02 1.880000000000000071e+01 7.093000000000000000e+03
2.144000000000000000e+03 3.534000000000000000e+03 1.403000000000000114e+02 1.889999999999999858e+01 7.047000000000000000e+03
2.198000000000000000e+03 3.782000000000000000e+03 2.280999999999999943e+02 2.000000000000000000e+01 6.997000000000000000e+03
2.134000000000000000e+03 3.505000000000000000e+03 8.120000000000000284e+01 1.669999999999999929e+01 7.062000000000000000e+03
2.160000000000000000e+03 4.005000000000000000e+03 1.000999999999999943e+02 1.800000000000000000e+01 7.063000000000000000e+03
2.003000000000000000e+03 3.410000000000000000e+03 8.220000000000000284e+01 1.860000000000000142e+01 7.198000000000000000e+03
2.033000000000000000e+03 2.927000000000000000e+03 1.235999999999999943e+02 2.010000000000000142e+01 7.106000000000000000e+03
2.082000000000000000e+03 3.785000000000000000e+03 8.870000000000000284e+01 2.050000000000000000e+01 7.125000000000000000e+03
2.057000000000000000e+03 3.573000000000000000e+03 1.130000000000000000e+02 1.980000000000000071e+01 7.151000000000000000e+03
2.080000000000000000e+03 2.994000000000000000e+03 1.270000000000000000e+02 2.039999999999999858e+01 7.082000000000000000e+03
2.166000000000000000e+03 3.379000000000000000e+03 9.759999999999999432e+01 1.930000000000000071e+01 7.012000000000000000e+03
2.112000000000000000e+03 4.097000000000000000e+03 1.117999999999999972e+02 1.950000000000000000e+01 7.128000000000000000e+03
2.087000000000000000e+03 3.646000000000000000e+03 1.075000000000000000e+02 2.280000000000000071e+01 7.092000000000000000e+03
2.115000000000000000e+03 4.031000000000000000e+03 8.670000000000000284e+01 2.000000000000000000e+01 7.101000000000000000e+03
2.148000000000000000e+03 3.643000000000000000e+03 9.009999999999999432e+01 1.619999999999999929e+01 7.033000000000000000e+03
2.091000000000000000e+03 3.833000000000000000e+03 1.257000000000000028e+02 1.960000000000000142e+01 7.100000000000000000e+03
2.109000000000000000e+03 3.809000000000000000e+03 1.142999999999999972e+02 1.819999999999999929e+01 7.076000000000000000e+03
2.132000000000000000e+03 4.123000000000000000e+03 8.670000000000000284e+01 1.660000000000000142e+01 7.097000000000000000e+03
2.091000000000000000e+03 4.124000000000000000e+03 1.295000000000000000e+02 1.760000000000000142e+01 7.114000000000000000e+03
2.077000000000000000e+03 3.816000000000000000e+03 1.072999999999999972e+02 2.039999999999999858e+01 7.121000000000000000e+03
2.094000000000000000e+03 3.727000000000000000e+03 7.820000000000000284e+01 1.980000000000000071e+01 7.093000000000000000e+03
2.080000000000000000e+03 3.889000000000000000e+03 7.779999999999999716e+01 1.819999999999999929e+01 7.154000000000000000e+03
2.063000000000000000e+03 4.229000000000000000e+03 1.110999999999999943e+02 1.650000000000000000e+01 7.179000000000000000e+03
2.080000000000000000e+03 3.415000000000000000e+03 1.155999999999999943e+02 2.060000000000000142e+01 7.083000000000000000e+03
2.154000000000000000e+03 3.797000000000000000e+03 1.950000000000000000e+02 2.030000000000000071e+01 7.035000000000000000e+03
2.071000000000000000e+03 3.213000000000000000e+03 1.466999999999999886e+02 2.189999999999999858e+01 7.095000000000000000e+03
2.134000000000000000e+03 3.747000000000000000e+03 1.025000000000000000e+02 1.750000000000000000e+01 7.052000000000000000e+03
2.153000000000000000e+03 3.563000000000000000e+03 1.137999999999999972e+02 1.710000000000000142e+01 7.077000000000000000e+03
2.120000000000000000e+03 3.666000000000000000e+03 7.209999999999999432e+01 1.789999999999999858e+01 7.086000000000000000e+03
2.089000000000000000e+03 3.978000000000000000e+03 7.840000000000000568e+01 1.610000000000000142e+01 7.151000000000000000e+03
2.170000000000000000e+03 3.704000000000000000e+03 9.029999999999999716e+01 1.919999999999999929e+01 7.001000000000000000e+03
2.142000000000000000e+03 3.756000000000000000e+03 8.850000000000000000e+01 1.950000000000000000e+01 7.114000000000000000e+03
2.080000000000000000e+03 4.060000000000000000e+03 1.172999999999999972e+02 1.910000000000000142e+01 7.097000000000000000e+03
2.074000000000000000e+03 3.508000000000000000e+03 1.070999999999999943e+02 1.850000000000000000e+01 7.105000000000000000e+03
2.053000000000000000e+03 3.493000000000000000e+03 1.257999999999999972e+02 2.139999999999999858e+01 7.154000000000000000e+03
2.066000000000000000e+03 3.652000000000000000e+03 7.720000000000000284e+01 1.639999999999999858e+01 7.117000000000000000e+03
2.157000000000000000e+03 3.656000000000000000e+03 8.179999999999999716e+01 1.939999999999999858e+01 7.118000000000000000e+03
2.123000000000000000e+03 3.634000000000000000e+03 9.450000000000000000e+01 2.219999999999999929e+01 7.046000000000000000e+03
2.058000000000000000e+03 4.258000000000000000e+03 1.485999999999999943e+02 1.730000000000000071e+01 7.136000000000000000e+03
2.091000000000000000e+03 3.847000000000000000e+03 1.104000000000000057e+02 1.660000000000000142e+01 7.110000000000000000e+03
2.045000000000000000e+03 4.034000000000000000e+03 1.044000000000000057e+02 1.860000000000000142e+01 7.188000000000000000e+03
2.112000000000000000e+03 3.811000000000000000e+03 8.950000000000000000e+01 1.850000000000000000e+01 7.105000000000000000e+03
2.146000000000000000e+03 3.959000000000000000e+03 1.157999999999999972e+02 1.610000000000000142e+01 7.034000000000000000e+03
2.076000000000000000e+03 4.014000000000000000e+03 8.400000000000000000e+01 1.800000000000000000e+01 7.110000000000000000e+03
2.039000000000000000e+03 3.561000000000000000e+03 9.029999999999999716e+01 1.760000000000000142e+01 7.118000000000000000e+03
2.037000000000000000e+03 3.479000000000000000e+03 1.019000000000000057e+02 1.939999999999999858e+01 7.163000000000000000e+03
2.126000000000000000e+03 3.688000000000000000e+03 1.824000000000000057e+02 1.660000000000000142e+01 7.118000000000000000e+03
2.096000000000000000e+03 3.663000000000000000e+03 8.379999999999999716e+01 1.939999999999999858e+01 7.102000000000000000e+03
2.162000000000000000e+03 3.960000000000000000e+03 9.509999999999999432e+01 1.950000000000000000e+01 7.051000000000000000e+03
2.071000000000000000e+03 4.079000000000000000e+03 1.885000000000000000e+02 1.680000000000000071e+01 7.148000000000000000e+03
2.023000000000000000e+03 3.821000000000000000e+03 7.759999999999999432e+01 1.819999999999999929e+01 7.185000000000000000e+03
2.078000000000000000e+03 4.060000000000000000e+03 7.729999999999999716e+01 1.869999999999999929e+01 7.144000000000000000e+03
2.103000000000000000e+03 3.706000000000000000e+03 1.464000000000000057e+02 1.919999999999999929e+01 7.065000000000000000e+03
2.106000000000000000e+03 3.418000000000000000e+03 9.409999999999999432e+01 1.689999999999999858e+01 7.041000000000000000e+03
2.156000000000000000e+03 3.398000000000000000e+03 6.879999999999999716e+01 2.019999999999999929e+01 7.055000000000000000e+03
2.101000000000000000e+03 3.788000000000000000e+03 1.025999999999999943e+02 1.850000000000000000e+01 7.075000000000000000e+03
2.028000000000000000e+03 3.772000000000000000e+03 8.300000000000000000e+01 1.789999999999999858e+01 7.184000000000000000e+03
2.124000000000000000e+03 4.030000000000000000e+03 8.500000000000000000e+01 1.680000000000000071e+01 7.100000000000000000e+03
2.089000000000000000e+03 3.820000000000000000e+03 8.540000000000000568e+01 1.780000000000000071e+01 7.075000000000000000e+03
2.072000000000000000e+03 3.575000000000000000e+03 9.290000000000000568e+01 1.860000000000000142e+01 7.128000000000000000e+03
2.093000000000000000e+03 3.193000000000000000e+03 1.195000000000000000e+02 2.389999999999999858e+01 7.058000000000000000e+03
2.142000000000000000e+03 3.612000000000000000e+03 8.129999999999999716e+01 1.819999999999999929e+01 7.030000000000000000e+03
2.129000000000000000e+03 3.865000000000000000e+03 1.443000000000000114e+02 1.980000000000000071e+01 7.107000000000000000e+03
2.121000000000000000e+03 3.713000000000000000e+03 8.559999999999999432e+01 2.110000000000000142e+01 7.109000000000000000e+03
2.059000000000000000e+03 3.800000000000000000e+03 1.463000000000000114e+02 1.939999999999999858e+01 7.176000000000000000e+03
2.035000000000000000e+03 3.445000000000000000e+03 1.097999999999999972e+02 1.819999999999999929e+01 7.146000000000000000e+03
2.057000000000000000e+03 3.793000000000000000e+03 8.300000000000000000e+01 1.810000000000000142e+01 7.170000000000000000e+03
2.174000000000000000e+03 3.483000000000000000e+03 1.020000000000000000e+02 1.930000000000000071e+01 6.962000000000000000e+03
2.115000000000000000e+03 3.844000000000000000e+03 1.334000000000000057e+02 1.680000000000000071e+01 7.127000000000000000e+03
2.168000000000000000e+03 4.190000000000000000e+03 1.102999999999999972e+02 1.839999999999999858e+01 7.063000000000000000e+03
2.183000000000000000e+03 3.498000000000000000e+03 1.385999999999999943e+02 1.819999999999999929e+01 7.071000000000000000e+03
2.075000000000000000e+03 3.976000000000000000e+03 9.700000000000000000e+01 1.789999999999999858e+01 7.149000000000000000e+03
2.104000000000000000e+03 3.486000000000000000e+03 9.640000000000000568e+01 1.939999999999999858e+01 7.061000000000000000e+03
2.111000000000000000e+03 3.680000000000000000e+03 1.303000000000000114e+02 1.960000000000000142e+01 7.073000000000000000e+03
2.136000000000000000e+03 3.298000000000000000e+03 7.759999999999999432e+01 2.089999999999999858e+01 7.033000000000000000e+03
2.085000000000000000e+03 3.936000000000000000e+03 8.609999999999999432e+01 1.750000000000000000e+01 7.118000000000000000e+03
2.038000000000000000e+03 4.295000000000000000e+03 7.520000000000000284e+01 1.850000000000000000e+01 7.191000000000000000e+03
