5.876000000000000000e+03 8.841000000000000000e+03 2.316999999999999886e+02 8.199999999999999289e+00 3.971000000000000000e+03
5.913000000000000000e+03 8.755000000000000000e+03 1.890999999999999943e+02 7.900000000000000355e+00 3.925000000000000000e+03
5.945000000000000000e+03 8.774000000000000000e+03 2.153000000000000114e+02 7.400000000000000355e+00 3.892000000000000000e+03
5.893000000000000000e+03 8.767000000000000000e+03 2.706000000000000227e+02 8.199999999999999289e+00 3.932000000000000000e+03
5.889000000000000000e+03 8.827000000000000000e+03 2.230999999999999943e+02 7.599999999999999645e+00 3.949000000000000000e+03
6.009000000000000000e+03 8.900000000000000000e+03 2.060000000000000000e+02 8.099999999999999645e+00 3.830000000000000000e+03
5.883000000000000000e+03 8.662000000000000000e+03 1.999000000000000057e+02 8.300000000000000711e+00 3.964000000000000000e+03
5.886000000000000000e+03 8.821000000000000000e+03 1.944000000000000057e+02 7.700000000000000178e+00 3.973000000000000000e+03
5.865000000000000000e+03 8.862000000000000000e+03 2.056999999999999886e+02 7.400000000000000355e+00 3.986000000000000000e+03
5.930000000000000000e+03 8.816000000000000000e+03 2.358000000000000114e+02 8.099999999999999645e+00 3.892000000000000000e+03
5.947000000000000000e+03 8.755000000000000000e+03 1.946999999999999886e+02 7.099999999999999645e+00 3.885000000000000000e+03
5.914000000000000000e+03 8.924000000000000000e+03 2.250999999999999943e+02 7.400000000000000355e+00 3.923000000000000000e+03
5.939000000000000000e+03 8.851000000000000000e+03 2.448000000000000114e+02 8.099999999999999645e+00 3.889000000000000000e+03
6.024000000000000000e+03 8.725000000000000000e+03 2.216999999999999886e+02 9.000000000000000000e+00 3.810000000000000000e+03
5.976000000000000000e+03 8.828000000000000000e+03 2.851999999999999886e+02 7.299999999999999822e+00 3.862000000000000000e+03
5.919000000000000000e+03 8.881000000000000000e+03 2.015000000000000000e+02 7.099999999999999645e+00 3.930000000000000000e+03
5.991000000000000000e+03 8.792000000000000000e+03 3.181999999999999886e+02 7.599999999999999645e+00 3.856000000000000000e+03
5.912000000000000000e+03 8.764000000000000000e+03 1.816999999999999886e+02 8.400000000000000355e+00 3.940000000000000000e+03
5.914000000000000000e+03 8.837000000000000000e+03 2.566999999999999886e+02 7.799999999999999822e+00 3.924000000000000000e+03
5.864000000000000000e+03 8.762000000000000000e+03 2.474000000000000057e+02 7.900000000000000355e+00 3.974000000000000000e+03
5.824000000000000000e+03 8.751000000000000000e+03 1.904000000000000057e+02 8.099999999999999645e+00 4.029000000000000000e+03
6.035000000000000000e+03 8.763000000000000000e+03 2.183000000000000114e+02 7.500000000000000000e+00 3.825000000000000000e+03
5.956000000000000000e+03 8.819000000000000000e+03 2.581999999999999886e+02 7.400000000000000355e+00 3.921000000000000000e+03
5.875000000000000000e+03 8.805000000000000000e+03 2.208000000000000114e+02 7.900000000000000355e+00 3.964000000000000000e+03
5.808000000000000000e+03 8.872000000000000000e+03 2.350000000000000000e+02 7.700000000000000178e+00 4.040000000000000000e+03
5.945000000000000000e+03 8.801000000000000000e+03 2.128000000000000114e+02 7.599999999999999645e+00 3.899000000000000000e+03
5.905000000000000000e+03 8.789000000000000000e+03 2.069000000000000057e+02 7.299999999999999822e+00 3.924000000000000000e+03
5.810000000000000000e+03 8.808000000000000000e+03 3.006999999999999886e+02 8.099999999999999645e+00 4.057000000000000000e+03
5.899000000000000000e+03 8.828000000000000000e+03 1.845000000000000000e+02 7.400000000000000355e+00 3.931000000000000000e+03
5.974000000000000000e+03 8.746000000000000000e+03 2.075000000000000000e+02 7.299999999999999822e+00 3.867000000000000000e+03
5.959000000000000000e+03 8.833000000000000000e+03 2.476999999999999886e+02 7.599999999999999645e+00 3.888000000000000000e+03
5.902000000000000000e+03 8.893000000000000000e+03 2.015999999999999943e+02 7.099999999999999645e+00 3.934000000000000000e+03
5.905000000000000000e+03 8.895000000000000000e+03 2.140999999999999943e+02 7.500000000000000000e+00 3.942000000000000000e+03
5.892000000000000000e+03 8.688000000000000000e+03 1.969000000000000057e+02 7.599999999999999645e+00 3.954000000000000000e+03
5.920000000000000000e+03 8.745000000000000000e+03 2.556999999999999886e+02 7.799999999999999822e+00 3.902000000000000000e+03
5.904000000000000000e+03 8.578000000000000000e+03 2.109000000000000057e+02 7.799999999999999822e+00 3.961000000000000000e+03
5.953000000000000000e+03 8.597000000000000000e+03 2.350999999999999943e+02 7.599999999999999645e+00 3.884000000000000000e+03
5.905000000000000000e+03 8.854000000000000000e+03 2.166999999999999886e+02 7.400000000000000355e+00 3.950000000000000000e+03
5.837000000000000000e+03 8.768000000000000000e+03 2.415000000000000000e+02 7.400000000000000355e+00 3.998000000000000000e+03
5.940000000000000000e+03 8.807000000000000000e+03 2.686000000000000227e+02 7.799999999999999822e+00 3.899000000000000000e+03
5.935000000000000000e+03 8.794000000000000000e+03 3.248000000000000114e+02 7.200000000000000178e+00 3.905000000000000000e+03
5.907000000000000000e+03 8.836000000000000000e+03 2.315999999999999943e+02 8.099999999999999645e+00 3.942000000000000000e+03
5.908000000000000000e+03 8.691000000000000000e+03 1.748000000000000114e+02 8.300000000000000711e+00 3.961000000000000000e+03
5.829000000000000000e+03 8.696000000000000000e+03 2.630000000000000000e+02 7.799999999999999822e+00 4.013000000000000000e+03
5.885000000000000000e+03 8.908000000000000000e+03 2.621999999999999886e+02 7.099999999999999645e+00 3.955000000000000000e+03
5.882000000000000000e+03 8.775000000000000000e+03 2.003000000000000114e+02 7.900000000000000355e+00 3.960000000000000000e+03
5.894000000000000000e+03 8.853000000000000000e+03 2.135999999999999943e+02 8.000000000000000000e+00 3.941000000000000000e+03
5.861000000000000000e+03 8.872000000000000000e+03 1.881999999999999886e+02 7.500000000000000000e+00 3.990000000000000000e+03
5.900000000000000000e+03 8.842000000000000000e+03 2.401999999999999886e+02 7.700000000000000178e+00 3.934000000000000000e+03
5.885000000000000000e+03 8.829000000000000000e+03 2.036999999999999886e+02 8.000000000000000000e+00 3.944000000000000000e+03
5.875000000000000000e+03 8.809000000000000000e+03 2.301999999999999886e+02 7.599999999999999645e+00 3.978000000000000000e+03
5.909000000000000000e+03 8.877000000000000000e+03 2.445999999999999943e+02 7.000000000000000000e+00 3.929000000000000000e+03
5.910000000000000000e+03 8.737000000000000000e+03 2.436999999999999886e+02 8.000000000000000000e+00 3.936000000000000000e+03
5.874000000000000000e+03 8.835000000000000000e+03 2.713000000000000114e+02 7.400000000000000355e+00 3.960000000000000000e+03
5.910000000000000000e+03 8.859000000000000000e+03 2.150999999999999943e+02 7.599999999999999645e+00 3.926000000000000000e+03
5.954000000000000000e+03 8.856000000000000000e+03 2.378000000000000114e+02 7.500000000000000000e+00 3.908000000000000000e+03
6.016000000000000000e+03 8.842000000000000000e+03 2.941999999999999886e+02 7.299999999999999822e+00 3.843000000000000000e+03
6.000000000000000000e+03 8.695000000000000000e+03 2.219000000000000057e+02 7.400000000000000355e+00 3.842000000000000000e+03
5.908000000000000000e+03 8.892000000000000000e+03 2.316999999999999886e+02 7.299999999999999822e+00 3.969000000000000000e+03
5.892000000000000000e+03 8.862000000000000000e+03 1.870000000000000000e+02 7.700000000000000178e+00 3.958000000000000000e+03
5.999000000000000000e+03 8.690000000000000000e+03 2.033000000000000114e+02 8.099999999999999645e+00 3.839000000000000000e+03
5.839000000000000000e+03 8.809000000000000000e+03 2.413000000000000114e+02 7.700000000000000178e+00 3.988000000000000000e+03
5.914000000000000000e+03 8.681000000000000000e+03 2.205999999999999943e+02 7.799999999999999822e+00 3.922000000000000000e+03
5.845000000000000000e+03 8.710000000000000000e+03 2.153000000000000114e+02 7.500000000000000000e+00 3.971000000000000000e+03
5.988000000000000000e+03 8.930000000000000000e+03 2.108000000000000114e+02 7.099999999999999645e+00 3.846000000000000000e+03
5.959000000000000000e+03 8.852000000000000000e+03 2.115000000000000000e+02 7.900000000000000355e+00 3.882000000000000000e+03
5.988000000000000000e+03 8.925000000000000000e+03 2.783999999999999773e+02 6.799999999999999822e+00 3.862000000000000000e+03
5.826000000000000000e+03 8.826000000000000000e+03 2.036999999999999886e+02 8.400000000000000355e+00 4.014000000000000000e+03
5.977000000000000000e+03 8.837000000000000000e+03 1.958000000000000114e+02 7.599999999999999645e+00 3.869000000000000000e+03
5.941000000000000000e+03 8.726000000000000000e+03 2.106999999999999886e+02 7.700000000000000178e+00 3.891000000000000000e+03
5.915000000000000000e+03 8.860000000000000000e+03 2.080000000000000000e+02 7.900000000000000355e+00 3.930000000000000000e+03
5.838000000000000000e+03 8.867000000000000000e+03 2.208000000000000114e+02 7.299999999999999822e+00 4.012000000000000000e+03
5.983000000000000000e+03 8.830000000000000000e+03 2.088000000000000114e+02 7.700000000000000178e+00 3.851000000000000000e+03
5.874000000000000000e+03 8.762000000000000000e+03 2.145000000000000000e+02 7.900000000000000355e+00 3.960000000000000000e+03
5.887000000000000000e+03 8.858000000000000000e+03 1.983000000000000114e+02 7.799999999999999822e+00 3.981000000000000000e+03
5.827000000000000000e+03 8.901000000000000000e+03 3.088999999999999773e+02 7.700000000000000178e+00 4.030000000000000000e+03
5.862000000000000000e+03 8.854000000000000000e+03 2.001999999999999886e+02 7.599999999999999645e+00 3.989000000000000000e+03
5.922000000000000000e+03 8.782000000000000000e+03 2.069000000000000057e+02 7.400000000000000355e+00 3.928000000000000000e+03
5.871000000000000000e+03 8.688000000000000000e+03 2.454000000000000057e+02 7.900000000000000355e+00 3.960000000000000000e+03
6.009000000000000000e+03 8.652000000000000000e+03 2.098000000000000114e+02 7.599999999999999645e+00 3.834000000000000000e+03
5.911000000000000000e+03 8.828000000000000000e+03 2.095999999999999943e+02 7.400000000000000355e+00 3.940000000000000000e+03
5.904000000000000000e+03 8.813000000000000000e+03 2.333000000000000114e+02 7.700000000000000178e+00 3.911000000000000000e+03
5.887000000000000000e+03 8.759000000000000000e+03 2.129000000000000057e+02 7.299999999999999822e+00 3.944000000000000000e+03
5.922000000000000000e+03 8.823000000000000000e+03 2.186999999999999886e+02 7.400000000000000355e+00 3.916000000000000000e+03
5.959000000000000000e+03 8.869000000000000000e+03 2.890000000000000000e+02 7.200000000000000178e+00 3.865000000000000000e+03
5.855000000000000000e+03 8.850000000000000000e+03 1.905999999999999943e+02 7.599999999999999645e+00 3.988000000000000000e+03
5.877000000000000000e+03 8.695000000000000000e+03 2.263000000000000114e+02 7.099999999999999645e+00 3.961000000000000000e+03
5.976000000000000000e+03 8.748000000000000000e+03 1.813000000000000114e+02 7.500000000000000000e+00 3.883000000000000000e+03
5.906000000000000000e+03 8.866000000000000000e+03 2.285999999999999943e+02 7.400000000000000355e+00 3.925000000000000000e+03
5.956000000000000000e+03 8.912000000000000000e+03 2.379000000000000057e+02 7.700000000000000178e+00 3.883000000000000000e+03
5.925000000000000000e+03 8.893000000000000000e+03 2.776999999999999886e+02 7.299999999999999822e+00 3.909000000000000000e+03
5.901000000000000000e+03 8.801000000000000000e+03 2.285000000000000000e+02 7.799999999999999822e+00 3.938000000000000000e+03
5.875000000000000000e+03 8.729000000000000000e+03 2.479000000000000057e+02 7.900000000000000355e+00 3.966000000000000000e+03
5.931000000000000000e+03 8.792000000000000000e+03 2.199000000000000057e+02 7.200000000000000178e+00 3.921000000000000000e+03
5.841000000000000000e+03 8.890000000000000000e+03 1.941999999999999886e+02 7.299999999999999822e+00 4.008000000000000000e+03
5.978000000000000000e+03 8.827000000000000000e+03 2.206999999999999886e+02 7.200000000000000178e+00 3.845000000000000000e+03
5.912000000000000000e+03 8.762000000000000000e+03 2.180000000000000000e+02 8.300000000000000711e+00 3.940000000000000000e+03
5.866000000000000000e+03 8.799000000000000000e+03 2.390999999999999943e+02 7.400000000000000355e+00 3.942000000000000000e+03
5.897000000000000000e+03 8.909000000000000000e+03 2.044000000000000057e+02 7.599999999999999645e+00 3.955000000000000000e+03
5.968000000000000000e+03 8.826000000000000000e+03 2.410999999999999943e+02 7.299999999999999822e+00 3.868000000000000000e+03
5.877000000000000000e+03 8.742000000000000000e+03 2.188000000000000114e+02 7.099999999999999645e+00 3.942000000000000000e+03
5.822000000000000000e+03 8.879000000000000000e+03 2.353000000000000114e+02 7.400000000000000355e+00 4.015000000000000000e+03
5.930000000000000000e+03 8.705000000000000000e+03 1.905000000000000000e+02 7.700000000000000178e+00 3.918000000000000000e+03
5.998000000000000000e+03 8.844000000000000000e+03 2.713999999999999773e+02 8.000000000000000000e+00 3.860000000000000000e+03
5.893000000000000000e+03 8.878000000000000000e+03 2.055000000000000000e+02 8.000000000000000000e+00 3.968000000000000000e+03
5.851000000000000000e+03 8.788000000000000000e+03 2.144000000000000057e+02 8.599999999999999645e+00 3.967000000000000000e+03
5.933000000000000000e+03 8.925000000000000000e+03 3.978000000000000114e+02 6.799999999999999822e+00 3.893000000000000000e+03
6.058000000000000000e+03 8.826000000000000000e+03 1.771999999999999886e+02 7.099999999999999645e+00 3.779000000000000000e+03
5.838000000000000000e+03 8.755000000000000000e+03 2.066999999999999886e+02 7.700000000000000178e+00 3.996000000000000000e+03
5.896000000000000000e+03 8.810000000000000000e+03 2.324000000000000057e+02 7.500000000000000000e+00 3.944000000000000000e+03
5.838000000000000000e+03 8.839000000000000000e+03 1.703000000000000114e+02 7.599999999999999645e+00 4.027000000000000000e+03
5.955000000000000000e+03 8.677000000000000000e+03 2.230000000000000000e+02 8.199999999999999289e+00 3.903000000000000000e+03
5.821000000000000000e+03 8.845000000000000000e+03 2.275000000000000000e+02 7.299999999999999822e+00 4.030000000000000000e+03
5.874000000000000000e+03 8.770000000000000000e+03 4.101999999999999886e+02 7.599999999999999645e+00 3.965000000000000000e+03
5.862000000000000000e+03 8.804000000000000000e+03 2.208000000000000114e+02 8.000000000000000000e+00 3.979000000000000000e+03
5.994000000000000000e+03 8.851000000000000000e+03 2.418000000000000114e+02 7.000000000000000000e+00 3.854000000000000000e+03
5.946000000000000000e+03 8.764000000000000000e+03 2.061999999999999886e+02 7.299999999999999822e+00 3.869000000000000000e+03
5.958000000000000000e+03 8.790000000000000000e+03 1.999000000000000057e+02 7.900000000000000355e+00 3.890000000000000000e+03
5.887000000000000000e+03 8.846000000000000000e+03 2.795000000000000000e+02 7.200000000000000178e+00 3.957000000000000000e+03
5.926000000000000000e+03 8.858000000000000000e+03 2.613000000000000114e+02 7.200000000000000178e+00 3.918000000000000000e+03
5.817000000000000000e+03 8.800000000000000000e+03 1.965000000000000000e+02 7.599999999999999645e+00 4.016000000000000000e+03
5.827000000000000000e+03 8.809000000000000000e+03 2.028000000000000114e+02 7.599999999999999645e+00 4.001000000000000000e+03
5.901000000000000000e+03 8.874000000000000000e+03 2.198000000000000114e+02 7.599999999999999645e+00 3.943000000000000000e+03
5.982000000000000000e+03 8.908000000000000000e+03 1.843000000000000114e+02 7.900000000000000355e+00 3.866000000000000000e+03
6.012000000000000000e+03 8.729000000000000000e+03 2.828000000000000114e+02 8.099999999999999645e+00 3.831000000000000000e+03
5.849000000000000000e+03 8.771000000000000000e+03 1.955999999999999943e+02 7.700000000000000178e+00 3.977000000000000000e+03
5.935000000000000000e+03 8.807000000000000000e+03 1.885000000000000000e+02 8.000000000000000000e+00 3.909000000000000000e+03
5.888000000000000000e+03 8.754000000000000000e+03 2.339000000000000057e+02 7.400000000000000355e+00 3.953000000000000000e+03
5.789000000000000000e+03 8.681000000000000000e+03 2.170000000000000000e+02 8.500000000000000000e+00 4.050000000000000000e+03
5.849000000000000000e+03 8.876000000000000000e+03 2.445000000000000000e+02 7.700000000000000178e+00 3.995000000000000000e+03
5.969000000000000000e+03 8.866000000000000000e+03 2.119000000000000057e+02 7.900000000000000355e+00 3.896000000000000000e+03
6.013000000000000000e+03 8.849000000000000000e+03 1.826999999999999886e+02 7.299999999999999822e+00 3.847000000000000000e+03
5.971000000000000000e+03 8.784000000000000000e+03 2.591000000000000227e+02 7.900000000000000355e+00 3.871000000000000000e+03
5.994000000000000000e+03 8.844000000000000000e+03 2.755000000000000000e+02 7.200000000000000178e+00 3.856000000000000000e+03
5.830000000000000000e+03 8.747000000000000000e+03 2.009000000000000057e+02 7.700000000000000178e+00 4.016000000000000000e+03
5.882000000000000000e+03 8.854000000000000000e+03 2.711000000000000227e+02 7.299999999999999822e+00 3.968000000000000000e+03
5.991000000000000000e+03 8.760000000000000000e+03 2.494000000000000057e+02 7.700000000000000178e+00 3.861000000000000000e+03
5.852000000000000000e+03 8.894000000000000000e+03 3.223999999999999773e+02 7.599999999999999645e+00 3.959000000000000000e+03
5.947000000000000000e+03 8.770000000000000000e+03 2.255999999999999943e+02 8.099999999999999645e+00 3.888000000000000000e+03
5.955000000000000000e+03 8.876000000000000000e+03 2.041999999999999886e+02 7.200000000000000178e+00 3.882000000000000000e+03
5.771000000000000000e+03 8.760000000000000000e+03 2.683000000000000114e+02 7.599999999999999645e+00 4.062000000000000000e+03
5.871000000000000000e+03 8.752000000000000000e+03 1.976999999999999886e+02 7.799999999999999822e+00 3.961000000000000000e+03
5.880000000000000000e+03 8.704000000000000000e+03 1.985000000000000000e+02 7.599999999999999645e+00 3.958000000000000000e+03
5.916000000000000000e+03 8.761000000000000000e+03 1.875999999999999943e+02 7.799999999999999822e+00 3.914000000000000000e+03
5.900000000000000000e+03 8.769000000000000000e+03 2.853999999999999773e+02 7.500000000000000000e+00 3.958000000000000000e+03
5.918000000000000000e+03 8.784000000000000000e+03 2.431999999999999886e+02 7.599999999999999645e+00 3.913000000000000000e+03
5.978000000000000000e+03 8.802000000000000000e+03 3.703999999999999773e+02 8.000000000000000000e+00 3.871000000000000000e+03
5.867000000000000000e+03 8.830000000000000000e+03 2.244000000000000057e+02 7.400000000000000355e+00 3.966000000000000000e+03
5.823000000000000000e+03 8.732000000000000000e+03 2.431999999999999886e+02 7.900000000000000355e+00 4.000000000000000000e+03
5.953000000000000000e+03 8.714000000000000000e+03 1.870000000000000000e+02 8.099999999999999645e+00 3.897000000000000000e+03
5.864000000000000000e+03 8.798000000000000000e+03 2.520999999999999943e+02 7.700000000000000178e+00 3.971000000000000000e+03
5.893000000000000000e+03 8.814000000000000000e+03 1.921999999999999886e+02 8.000000000000000000e+00 3.941000000000000000e+03
5.893000000000000000e+03 8.797000000000000000e+03 2.323000000000000114e+02 8.000000000000000000e+00 3.951000000000000000e+03
5.873000000000000000e+03 8.720000000000000000e+03 2.061999999999999886e+02 7.500000000000000000e+00 3.971000000000000000e+03
5.967000000000000000e+03 8.839000000000000000e+03 2.038000000000000114e+02 7.799999999999999822e+00 3.881000000000000000e+03
5.916000000000000000e+03 8.836000000000000000e+03 2.883999999999999773e+02 7.599999999999999645e+00 3.911000000000000000e+03
5.910000000000000000e+03 8.715000000000000000e+03 2.345000000000000000e+02 8.000000000000000000e+00 3.923000000000000000e+03
5.801000000000000000e+03 8.759000000000000000e+03 2.083000000000000114e+02 8.199999999999999289e+00 4.030000000000000000e+03
5.874000000000000000e+03 8.869000000000000000e+03 2.521999999999999886e+02 7.099999999999999645e+00 3.926000000000000000e+03
5.850000000000000000e+03 8.807000000000000000e+03 2.306999999999999886e+02 7.900000000000000355e+00 3.968000000000000000e+03
5.845000000000000000e+03 8.781000000000000000e+03 2.033000000000000114e+02 7.400000000000000355e+00 3.998000000000000000e+03
5.859000000000000000e+03 8.764000000000000000e+03 2.095000000000000000e+02 7.299999999999999822e+00 3.970000000000000000e+03
5.946000000000000000e+03 8.861000000000000000e+03 2.234000000000000057e+02 8.300000000000000711e+00 3.925000000000000000e+03
5.880000000000000000e+03 8.902000000000000000e+03 2.055999999999999943e+02 6.900000000000000355e+00 3.950000000000000000e+03
5.964000000000000000e+03 8.905000000000000000e+03 2.473000000000000114e+02 7.700000000000000178e+00 3.894000000000000000e+03
5.935000000000000000e+03 8.847000000000000000e+03 2.011999999999999886e+02 7.500000000000000000e+00 3.896000000000000000e+03
5.868000000000000000e+03 8.706000000000000000e+03 2.368000000000000114e+02 8.099999999999999645e+00 3.977000000000000000e+03
5.913000000000000000e+03 8.821000000000000000e+03 1.950999999999999943e+02 7.900000000000000355e+00 3.925000000000000000e+03
5.941000000000000000e+03 8.791000000000000000e+03 2.358000000000000114e+02 7.299999999999999822e+00 3.893000000000000000e+03
5.924000000000000000e+03 8.822000000000000000e+03 2.010000000000000000e+02 7.700000000000000178e+00 3.919000000000000000e+03
5.951000000000000000e+03 8.854000000000000000e+03 2.235999999999999943e+02 7.799999999999999822e+00 3.892000000000000000e+03
5.950000000000000000e+03 8.847000000000000000e+03 2.306999999999999886e+02 8.199999999999999289e+00 3.927000000000000000e+03
5.885000000000000000e+03 8.776000000000000000e+03 2.065999999999999943e+02 7.500000000000000000e+00 3.948000000000000000e+03
5.899000000000000000e+03 8.820000000000000000e+03 1.858000000000000114e+02 8.000000000000000000e+00 3.941000000000000000e+03
5.974000000000000000e+03 8.766000000000000000e+03 2.255999999999999943e+02 7.700000000000000178e+00 3.868000000000000000e+03
5.918000000000000000e+03 8.784000000000000000e+03 2.400000000000000000e+02 7.599999999999999645e+00 3.914000000000000000e+03
5.894000000000000000e+03 8.814000000000000000e+03 2.549000000000000057e+02 7.700000000000000178e+00 3.964000000000000000e+03
5.862000000000000000e+03 8.716000000000000000e+03 1.981999999999999886e+02 7.400000000000000355e+00 3.970000000000000000e+03
5.935000000000000000e+03 8.876000000000000000e+03 2.170000000000000000e+02 7.200000000000000178e+00 3.917000000000000000e+03
5.923000000000000000e+03 8.785000000000000000e+03 2.753999999999999773e+02 7.599999999999999645e+00 3.919000000000000000e+03
5.841000000000000000e+03 8.807000000000000000e+03 2.136999999999999886e+02 7.500000000000000000e+00 3.992000000000000000e+03
5.894000000000000000e+03 8.841000000000000000e+03 2.146999999999999886e+02 7.500000000000000000e+00 3.933000000000000000e+03
5.873000000000000000e+03 8.819000000000000000e+03 1.991999999999999886e+02 7.599999999999999645e+00 3.945000000000000000e+03
5.861000000000000000e+03 8.843000000000000000e+03 2.465000000000000000e+02 7.700000000000000178e+00 3.992000000000000000e+03
5.948000000000000000e+03 8.845000000000000000e+03 2.144000000000000057e+02 6.900000000000000355e+00 3.884000000000000000e+03
5.917000000000000000e+03 8.705000000000000000e+03 2.470999999999999943e+02 7.500000000000000000e+00 3.927000000000000000e+03
5.845000000000000000e+03 8.932000000000000000e+03 1.718000000000000114e+02 7.400000000000000355e+00 3.979000000000000000e+03
5.913000000000000000e+03 8.806000000000000000e+03 2.323000000000000114e+02 7.599999999999999645e+00 3.929000000000000000e+03
5.972000000000000000e+03 8.816000000000000000e+03 2.570000000000000000e+02 7.400000000000000355e+00 3.883000000000000000e+03
5.925000000000000000e+03 8.806000000000000000e+03 2.526999999999999886e+02 7.000000000000000000e+00 3.917000000000000000e+03
5.955000000000000000e+03 8.800000000000000000e+03 2.074000000000000057e+02 8.000000000000000000e+00 3.899000000000000000e+03
5.944000000000000000e+03 8.788000000000000000e+03 2.184000000000000057e+02 7.799999999999999822e+00 3.916000000000000000e+03
5.923000000000000000e+03 8.795000000000000000e+03 2.933000000000000114e+02 7.299999999999999822e+00 3.908000000000000000e+03
5.950000000000000000e+03 8.826000000000000000e+03 1.935000000000000000e+02 7.599999999999999645e+00 3.889000000000000000e+03
5.940000000000000000e+03 8.842000000000000000e+03 2.174000000000000057e+02 7.299999999999999822e+00 3.916000000000000000e+03
5.916000000000000000e+03 8.733000000000000000e+03 2.475000000000000000e+02 7.299999999999999822e+00 3.922000000000000000e+03
5.863000000000000000e+03 8.744000000000000000e+03 3.466000000000000227e+02 7.299999999999999822e+00 3.970000000000000000e+03
5.948000000000000000e+03 8.815000000000000000e+03 2.034000000000000057e+02 7.799999999999999822e+00 3.883000000000000000e+03
5.866000000000000000e+03 8.840000000000000000e+03 2.120000000000000000e+02 7.299999999999999822e+00 3.976000000000000000e+03
5.922000000000000000e+03 8.811000000000000000e+03 2.173000000000000114e+02 7.299999999999999822e+00 3.929000000000000000e+03
5.918000000000000000e+03 8.736000000000000000e+03 1.953000000000000114e+02 7.400000000000000355e+00 3.913000000000000000e+03
5.931000000000000000e+03 8.855000000000000000e+03 1.925000000000000000e+02 7.099999999999999645e+00 3.903000000000000000e+03
5.956000000000000000e+03 8.908000000000000000e+03 2.843000000000000114e+02 7.599999999999999645e+00 3.888000000000000000e+03
5.955000000000000000e+03 8.812000000000000000e+03 2.708999999999999773e+02 7.900000000000000355e+00 3.875000000000000000e+03
5.872000000000000000e+03 8.788000000000000000e+03 1.843000000000000114e+02 7.400000000000000355e+00 3.978000000000000000e+03
5.966000000000000000e+03 8.762000000000000000e+03 2.523000000000000114e+02 7.799999999999999822e+00 3.877000000000000000e+03
5.979000000000000000e+03 8.593000000000000000e+03 2.130000000000000000e+02 7.299999999999999822e+00 3.871000000000000000e+03
5.824000000000000000e+03 8.798000000000000000e+03 1.898000000000000114e+02 7.900000000000000355e+00 4.014000000000000000e+03
5.859000000000000000e+03 8.726000000000000000e+03 1.868000000000000114e+02 7.900000000000000355e+00 3.979000000000000000e+03
5.928000000000000000e+03 8.905000000000000000e+03 2.390000000000000000e+02 8.000000000000000000e+00 3.937000000000000000e+03
5.966000000000000000e+03 8.871000000000000000e+03 2.325999999999999943e+02 7.400000000000000355e+00 3.857000000000000000e+03
5.923000000000000000e+03 8.831000000000000000e+03 2.465999999999999943e+02 7.299999999999999822e+00 3.921000000000000000e+03
5.858000000000000000e+03 8.895000000000000000e+03 2.388000000000000114e+02 7.200000000000000178e+00 3.974000000000000000e+03
5.945000000000000000e+03 8.819000000000000000e+03 2.449000000000000057e+02 7.500000000000000000e+00 3.917000000000000000e+03
5.890000000000000000e+03 8.867000000000000000e+03 2.998999999999999773e+02 7.700000000000000178e+00 3.949000000000000000e+03
5.891000000000000000e+03 8.699000000000000000e+03 2.049000000000000057e+02 7.599999999999999645e+00 3.967000000000000000e+03
5.796000000000000000e+03 8.661000000000000000e+03 2.030999999999999943e+02 8.199999999999999289e+00 4.045000000000000000e+03
5.876000000000000000e+03 8.771000000000000000e+03 1.849000000000000057e+02 7.500000000000000000e+00 3.986000000000000000e+03
5.931000000000000000e+03 8.758000000000000000e+03 2.216999999999999886e+02 7.700000000000000178e+00 3.912000000000000000e+03
6.028000000000000000e+03 8.728000000000000000e+03 2.451999999999999886e+02 7.799999999999999822e+00 3.807000000000000000e+03
5.967000000000000000e+03 8.891000000000000000e+03 2.728999999999999773e+02 7.599999999999999645e+00 3.881000000000000000e+03
5.859000000000000000e+03 8.803000000000000000e+03 1.848000000000000114e+02 7.900000000000000355e+00 3.988000000000000000e+03
5.884000000000000000e+03 8.779000000000000000e+03 2.525999999999999943e+02 7.799999999999999822e+00 3.957000000000000000e+03
5.956000000000000000e+03 8.717000000000000000e+03 2.248000000000000114e+02 7.900000000000000355e+00 3.888000000000000000e+03
5.919000000000000000e+03 8.819000000000000000e+03 2.236999999999999886e+02 7.200000000000000178e+00 3.877000000000000000e+03
5.972000000000000000e+03 8.891000000000000000e+03 1.891999999999999886e+02 7.500000000000000000e+00 3.860000000000000000e+03
5.887000000000000000e+03 8.790000000000000000e+03 2.851000000000000227e+02 7.799999999999999822e+00 3.934000000000000000e+03
5.865000000000000000e+03 8.829000000000000000e+03 1.911999999999999886e+02 7.599999999999999645e+00 3.979000000000000000e+03
5.940000000000000000e+03 8.863000000000000000e+03 2.103000000000000114e+02 7.200000000000000178e+00 3.898000000000000000e+03
5.993000000000000000e+03 8.881000000000000000e+03 1.956999999999999886e+02 7.500000000000000000e+00 3.850000000000000000e+03
5.972000000000000000e+03 8.814000000000000000e+03 2.101999999999999886e+02 7.400000000000000355e+00 3.880000000000000000e+03
5.900000000000000000e+03 8.843000000000000000e+03 2.506999999999999886e+02 8.300000000000000711e+00 3.929000000000000000e+03
5.916000000000000000e+03 8.782000000000000000e+03 2.505999999999999943e+02 8.099999999999999645e+00 3.926000000000000000e+03
5.971000000000000000e+03 8.676000000000000000e+03 2.458000000000000114e+02 7.799999999999999822e+00 3.869000000000000000e+03
5.865000000000000000e+03 8.911000000000000000e+03 1.879000000000000057e+02 7.400000000000000355e+00 3.977000000000000000e+03
5.962000000000000000e+03 8.816000000000000000e+03 2.100000000000000000e+02 7.700000000000000178e+00 3.867000000000000000e+03
5.852000000000000000e+03 8.816000000000000000e+03 2.010999999999999943e+02 7.500000000000000000e+00 3.992000000000000000e+03
5.968000000000000000e+03 8.915000000000000000e+03 2.566000000000000227e+02 7.500000000000000000e+00 3.865000000000000000e+03
6.001000000000000000e+03 8.874000000000000000e+03 1.960000000000000000e+02 7.900000000000000355e+00 3.831000000000000000e+03
5.894000000000000000e+03 8.767000000000000000e+03 2.223000000000000114e+02 7.500000000000000000e+00 3.953000000000000000e+03
5.896000000000000000e+03 8.800000000000000000e+03 2.105999999999999943e+02 7.799999999999999822e+00 3.926000000000000000e+03
5.906000000000000000e+03 8.814000000000000000e+03 2.015999999999999943e+02 7.799999999999999822e+00 3.934000000000000000e+03
5.825000000000000000e+03 8.909000000000000000e+03 2.070000000000000000e+02 7.500000000000000000e+00 4.011000000000000000e+03
5.915000000000000000e+03 8.945000000000000000e+03 1.975000000000000000e+02 7.700000000000000178e+00 3.906000000000000000e+03
5.815000000000000000e+03 8.784000000000000000e+03 2.265000000000000000e+02 7.599999999999999645e+00 4.047000000000000000e+03
5.913000000000000000e+03 8.862000000000000000e+03 2.449000000000000057e+02 7.599999999999999645e+00 3.939000000000000000e+03
5.924000000000000000e+03 8.859000000000000000e+03 2.298000000000000114e+02 7.400000000000000355e+00 3.924000000000000000e+03
6.018000000000000000e+03 8.875000000000000000e+03 2.475999999999999943e+02 7.299999999999999822e+00 3.840000000000000000e+03
5.938000000000000000e+03 8.812000000000000000e+03 2.450999999999999943e+02 7.500000000000000000e+00 3.890000000000000000e+03
5.968000000000000000e+03 8.801000000000000000e+03 1.945000000000000000e+02 7.700000000000000178e+00 3.865000000000000000e+03
