8.049000000000000000e+03 7.985000000000000000e+03 2.735000000000000000e+02 1.090000000000000036e+01 1.779000000000000000e+03
8.161000000000000000e+03 8.101000000000000000e+03 2.195999999999999943e+02 1.250000000000000000e+01 1.785000000000000000e+03
8.196000000000000000e+03 7.831000000000000000e+03 2.344000000000000057e+02 1.430000000000000071e+01 1.622000000000000000e+03
8.074000000000000000e+03 7.986000000000000000e+03 2.130999999999999943e+02 1.309999999999999964e+01 1.756000000000000000e+03
8.154000000000000000e+03 7.790000000000000000e+03 2.486999999999999886e+02 1.259999999999999964e+01 1.722000000000000000e+03
8.155000000000000000e+03 7.933000000000000000e+03 2.891999999999999886e+02 1.259999999999999964e+01 1.739000000000000000e+03
8.151000000000000000e+03 7.991000000000000000e+03 2.698000000000000114e+02 1.259999999999999964e+01 1.677000000000000000e+03
8.151000000000000000e+03 7.956000000000000000e+03 2.540000000000000000e+02 1.190000000000000036e+01 1.742000000000000000e+03
8.149000000000000000e+03 7.994000000000000000e+03 2.131999999999999886e+02 1.230000000000000071e+01 1.737000000000000000e+03
8.148000000000000000e+03 7.925000000000000000e+03 2.861000000000000227e+02 1.169999999999999929e+01 1.777000000000000000e+03
8.142000000000000000e+03 7.760000000000000000e+03 3.286999999999999886e+02 1.400000000000000000e+01 1.786000000000000000e+03
8.085000000000000000e+03 7.977000000000000000e+03 2.548000000000000114e+02 1.169999999999999929e+01 1.788000000000000000e+03
8.094000000000000000e+03 7.961000000000000000e+03 2.004000000000000057e+02 1.150000000000000000e+01 1.716000000000000000e+03
8.144000000000000000e+03 7.731000000000000000e+03 3.163000000000000114e+02 1.380000000000000071e+01 1.716000000000000000e+03
8.159000000000000000e+03 7.671000000000000000e+03 2.099000000000000057e+02 1.200000000000000000e+01 1.689000000000000000e+03
8.102000000000000000e+03 7.968000000000000000e+03 2.566999999999999886e+02 1.090000000000000036e+01 1.758000000000000000e+03
8.164000000000000000e+03 7.964000000000000000e+03 2.310999999999999943e+02 1.319999999999999929e+01 1.722000000000000000e+03
8.084000000000000000e+03 7.799000000000000000e+03 2.110000000000000000e+02 1.290000000000000036e+01 1.740000000000000000e+03
8.121000000000000000e+03 7.875000000000000000e+03 2.843000000000000114e+02 1.150000000000000000e+01 1.772000000000000000e+03
8.116000000000000000e+03 7.976000000000000000e+03 2.821000000000000227e+02 1.219999999999999929e+01 1.783000000000000000e+03
8.143000000000000000e+03 7.868000000000000000e+03 2.478000000000000114e+02 1.169999999999999929e+01 1.741000000000000000e+03
8.128000000000000000e+03 7.874000000000000000e+03 2.588999999999999773e+02 1.190000000000000036e+01 1.740000000000000000e+03
8.105000000000000000e+03 7.700000000000000000e+03 2.578999999999999773e+02 1.269999999999999929e+01 1.743000000000000000e+03
8.107000000000000000e+03 7.812000000000000000e+03 2.635000000000000000e+02 1.330000000000000071e+01 1.783000000000000000e+03
8.114000000000000000e+03 7.994000000000000000e+03 2.258000000000000114e+02 1.159999999999999964e+01 1.777000000000000000e+03
8.070000000000000000e+03 7.810000000000000000e+03 2.796999999999999886e+02 1.250000000000000000e+01 1.781000000000000000e+03
8.122000000000000000e+03 7.882000000000000000e+03 2.356999999999999886e+02 1.230000000000000071e+01 1.806000000000000000e+03
8.080000000000000000e+03 8.012000000000000000e+03 2.696999999999999886e+02 1.159999999999999964e+01 1.775000000000000000e+03
8.130000000000000000e+03 8.087000000000000000e+03 2.653000000000000114e+02 1.150000000000000000e+01 1.789000000000000000e+03
8.046000000000000000e+03 7.902000000000000000e+03 2.138000000000000114e+02 1.209999999999999964e+01 1.765000000000000000e+03
8.110000000000000000e+03 7.971000000000000000e+03 2.230000000000000000e+02 1.180000000000000071e+01 1.741000000000000000e+03
8.138000000000000000e+03 7.832000000000000000e+03 3.973000000000000114e+02 1.290000000000000036e+01 1.754000000000000000e+03
8.166000000000000000e+03 7.861000000000000000e+03 2.710000000000000000e+02 1.269999999999999929e+01 1.711000000000000000e+03
8.184000000000000000e+03 7.876000000000000000e+03 2.144000000000000057e+02 1.209999999999999964e+01 1.671000000000000000e+03
8.141000000000000000e+03 7.732000000000000000e+03 2.360999999999999943e+02 1.180000000000000071e+01 1.740000000000000000e+03
8.118000000000000000e+03 7.730000000000000000e+03 3.513000000000000114e+02 1.200000000000000000e+01 1.766000000000000000e+03
8.080000000000000000e+03 7.819000000000000000e+03 2.918999999999999773e+02 1.340000000000000036e+01 1.787000000000000000e+03
8.084000000000000000e+03 8.019000000000000000e+03 2.376999999999999886e+02 1.259999999999999964e+01 1.750000000000000000e+03
8.172000000000000000e+03 7.904000000000000000e+03 2.219000000000000057e+02 1.240000000000000036e+01 1.735000000000000000e+03
8.137000000000000000e+03 7.948000000000000000e+03 3.451000000000000227e+02 1.300000000000000000e+01 1.733000000000000000e+03
8.022000000000000000e+03 7.734000000000000000e+03 2.075999999999999943e+02 1.209999999999999964e+01 1.800000000000000000e+03
8.096000000000000000e+03 7.834000000000000000e+03 2.403000000000000114e+02 1.259999999999999964e+01 1.761000000000000000e+03
8.106000000000000000e+03 7.921000000000000000e+03 2.463000000000000114e+02 1.300000000000000000e+01 1.751000000000000000e+03
8.148000000000000000e+03 7.743000000000000000e+03 2.544000000000000057e+02 1.240000000000000036e+01 1.709000000000000000e+03
8.164000000000000000e+03 7.861000000000000000e+03 2.404000000000000057e+02 1.159999999999999964e+01 1.759000000000000000e+03
8.097000000000000000e+03 7.890000000000000000e+03 3.185000000000000000e+02 1.150000000000000000e+01 1.745000000000000000e+03
8.098000000000000000e+03 7.798000000000000000e+03 2.258000000000000114e+02 1.200000000000000000e+01 1.788000000000000000e+03
8.085000000000000000e+03 7.936000000000000000e+03 2.159000000000000057e+02 1.319999999999999929e+01 1.764000000000000000e+03
8.045000000000000000e+03 7.878000000000000000e+03 2.586999999999999886e+02 1.269999999999999929e+01 1.785000000000000000e+03
8.142000000000000000e+03 7.851000000000000000e+03 2.429000000000000057e+02 1.209999999999999964e+01 1.731000000000000000e+03
8.152000000000000000e+03 7.585000000000000000e+03 2.540999999999999943e+02 1.280000000000000071e+01 1.707000000000000000e+03
8.142000000000000000e+03 7.887000000000000000e+03 2.405000000000000000e+02 1.169999999999999929e+01 1.713000000000000000e+03
8.017000000000000000e+03 7.591000000000000000e+03 2.966999999999999886e+02 1.230000000000000071e+01 1.814000000000000000e+03
8.045000000000000000e+03 7.883000000000000000e+03 2.520000000000000000e+02 1.180000000000000071e+01 1.813000000000000000e+03
8.127000000000000000e+03 8.010000000000000000e+03 2.470000000000000000e+02 1.100000000000000000e+01 1.740000000000000000e+03
8.175000000000000000e+03 7.826000000000000000e+03 2.300999999999999943e+02 1.280000000000000071e+01 1.716000000000000000e+03
8.109000000000000000e+03 7.988000000000000000e+03 3.253000000000000114e+02 1.180000000000000071e+01 1.803000000000000000e+03
8.104000000000000000e+03 8.069000000000000000e+03 2.681999999999999886e+02 1.269999999999999929e+01 1.773000000000000000e+03
8.102000000000000000e+03 7.859000000000000000e+03 2.196999999999999886e+02 1.200000000000000000e+01 1.756000000000000000e+03
8.059000000000000000e+03 7.869000000000000000e+03 2.368000000000000114e+02 1.209999999999999964e+01 1.828000000000000000e+03
8.180000000000000000e+03 8.008000000000000000e+03 2.265999999999999943e+02 1.169999999999999929e+01 1.778000000000000000e+03
8.159000000000000000e+03 7.865000000000000000e+03 2.236999999999999886e+02 1.190000000000000036e+01 1.721000000000000000e+03
8.175000000000000000e+03 7.942000000000000000e+03 2.366999999999999886e+02 1.169999999999999929e+01 1.696000000000000000e+03
8.105000000000000000e+03 8.057000000000000000e+03 2.440000000000000000e+02 1.369999999999999929e+01 1.700000000000000000e+03
8.101000000000000000e+03 7.761000000000000000e+03 2.010999999999999943e+02 1.169999999999999929e+01 1.744000000000000000e+03
8.139000000000000000e+03 7.852000000000000000e+03 2.201999999999999886e+02 1.190000000000000036e+01 1.737000000000000000e+03
8.095000000000000000e+03 8.053000000000000000e+03 2.214000000000000057e+02 1.269999999999999929e+01 1.775000000000000000e+03
8.135000000000000000e+03 7.922000000000000000e+03 2.383000000000000114e+02 1.250000000000000000e+01 1.696000000000000000e+03
8.121000000000000000e+03 7.958000000000000000e+03 2.745000000000000000e+02 1.200000000000000000e+01 1.802000000000000000e+03
8.078000000000000000e+03 8.144000000000000000e+03 2.470000000000000000e+02 1.150000000000000000e+01 1.785000000000000000e+03
8.045000000000000000e+03 7.835000000000000000e+03 2.603999999999999773e+02 1.209999999999999964e+01 1.796000000000000000e+03
8.038000000000000000e+03 7.651000000000000000e+03 3.778999999999999773e+02 1.350000000000000000e+01 1.784000000000000000e+03
8.126000000000000000e+03 7.740000000000000000e+03 2.673000000000000114e+02 1.300000000000000000e+01 1.749000000000000000e+03
8.120000000000000000e+03 7.739000000000000000e+03 2.376999999999999886e+02 1.350000000000000000e+01 1.737000000000000000e+03
8.098000000000000000e+03 7.781000000000000000e+03 2.870000000000000000e+02 1.240000000000000036e+01 1.741000000000000000e+03
8.072000000000000000e+03 8.073000000000000000e+03 2.760000000000000000e+02 1.169999999999999929e+01 1.802000000000000000e+03
8.118000000000000000e+03 7.956000000000000000e+03 3.218999999999999773e+02 1.169999999999999929e+01 1.742000000000000000e+03
8.076000000000000000e+03 7.904000000000000000e+03 2.259000000000000057e+02 1.359999999999999964e+01 1.752000000000000000e+03
8.110000000000000000e+03 7.981000000000000000e+03 2.095999999999999943e+02 1.200000000000000000e+01 1.710000000000000000e+03
8.124000000000000000e+03 7.785000000000000000e+03 2.743000000000000114e+02 1.200000000000000000e+01 1.735000000000000000e+03
8.040000000000000000e+03 7.933000000000000000e+03 2.546999999999999886e+02 1.190000000000000036e+01 1.799000000000000000e+03
8.153000000000000000e+03 7.820000000000000000e+03 2.581999999999999886e+02 1.259999999999999964e+01 1.740000000000000000e+03
8.096000000000000000e+03 7.819000000000000000e+03 2.678000000000000114e+02 1.280000000000000071e+01 1.733000000000000000e+03
8.108000000000000000e+03 7.917000000000000000e+03 2.119000000000000057e+02 1.330000000000000071e+01 1.731000000000000000e+03
8.057000000000000000e+03 8.001000000000000000e+03 2.551999999999999886e+02 1.169999999999999929e+01 1.746000000000000000e+03
8.141000000000000000e+03 7.878000000000000000e+03 2.583999999999999773e+02 1.269999999999999929e+01 1.714000000000000000e+03
8.105000000000000000e+03 7.968000000000000000e+03 2.153000000000000114e+02 1.240000000000000036e+01 1.781000000000000000e+03
8.090000000000000000e+03 7.730000000000000000e+03 2.439000000000000057e+02 1.330000000000000071e+01 1.794000000000000000e+03
8.112000000000000000e+03 7.697000000000000000e+03 3.540000000000000000e+02 1.250000000000000000e+01 1.787000000000000000e+03
8.097000000000000000e+03 7.845000000000000000e+03 2.440999999999999943e+02 1.340000000000000036e+01 1.745000000000000000e+03
8.084000000000000000e+03 8.015000000000000000e+03 2.708000000000000114e+02 1.230000000000000071e+01 1.744000000000000000e+03
8.116000000000000000e+03 8.011000000000000000e+03 2.155000000000000000e+02 1.169999999999999929e+01 1.784000000000000000e+03
8.106000000000000000e+03 7.866000000000000000e+03 2.265999999999999943e+02 1.300000000000000000e+01 1.710000000000000000e+03
8.154000000000000000e+03 7.921000000000000000e+03 2.716000000000000227e+02 1.219999999999999929e+01 1.700000000000000000e+03
8.179000000000000000e+03 7.949000000000000000e+03 2.376999999999999886e+02 1.159999999999999964e+01 1.713000000000000000e+03
8.102000000000000000e+03 8.109000000000000000e+03 2.326999999999999886e+02 1.180000000000000071e+01 1.761000000000000000e+03
8.114000000000000000e+03 7.890000000000000000e+03 2.796999999999999886e+02 1.319999999999999929e+01 1.763000000000000000e+03
8.081000000000000000e+03 7.849000000000000000e+03 2.626000000000000227e+02 1.300000000000000000e+01 1.851000000000000000e+03
8.116000000000000000e+03 7.733000000000000000e+03 2.620000000000000000e+02 1.300000000000000000e+01 1.702000000000000000e+03
8.073000000000000000e+03 7.812000000000000000e+03 2.375999999999999943e+02 1.280000000000000071e+01 1.758000000000000000e+03
8.068000000000000000e+03 8.034000000000000000e+03 2.220000000000000000e+02 1.190000000000000036e+01 1.776000000000000000e+03
8.158000000000000000e+03 7.911000000000000000e+03 2.885000000000000000e+02 1.190000000000000036e+01 1.733000000000000000e+03
8.088000000000000000e+03 7.861000000000000000e+03 2.978000000000000114e+02 1.269999999999999929e+01 1.771000000000000000e+03
8.103000000000000000e+03 7.975000000000000000e+03 2.231999999999999886e+02 1.130000000000000071e+01 1.768000000000000000e+03
8.126000000000000000e+03 7.934000000000000000e+03 2.345000000000000000e+02 1.090000000000000036e+01 1.768000000000000000e+03
8.224000000000000000e+03 7.954000000000000000e+03 3.075000000000000000e+02 1.209999999999999964e+01 1.664000000000000000e+03
8.136000000000000000e+03 7.749000000000000000e+03 2.090999999999999943e+02 1.200000000000000000e+01 1.704000000000000000e+03
8.026000000000000000e+03 8.115000000000000000e+03 2.245999999999999943e+02 1.140000000000000036e+01 1.811000000000000000e+03
8.068000000000000000e+03 7.844000000000000000e+03 2.773000000000000114e+02 1.180000000000000071e+01 1.815000000000000000e+03
8.103000000000000000e+03 7.927000000000000000e+03 2.831000000000000227e+02 1.130000000000000071e+01 1.777000000000000000e+03
8.158000000000000000e+03 7.777000000000000000e+03 2.135999999999999943e+02 1.400000000000000000e+01 1.709000000000000000e+03
8.112000000000000000e+03 8.018000000000000000e+03 2.334000000000000057e+02 1.190000000000000036e+01 1.737000000000000000e+03
8.053000000000000000e+03 7.822000000000000000e+03 3.253000000000000114e+02 1.350000000000000000e+01 1.813000000000000000e+03
8.083000000000000000e+03 7.781000000000000000e+03 2.341999999999999886e+02 1.230000000000000071e+01 1.747000000000000000e+03
8.157000000000000000e+03 7.604000000000000000e+03 1.963000000000000114e+02 1.319999999999999929e+01 1.741000000000000000e+03
8.140000000000000000e+03 7.837000000000000000e+03 2.593000000000000114e+02 1.230000000000000071e+01 1.780000000000000000e+03
8.119000000000000000e+03 7.803000000000000000e+03 3.233999999999999773e+02 1.219999999999999929e+01 1.747000000000000000e+03
8.067000000000000000e+03 7.720000000000000000e+03 2.526999999999999886e+02 1.280000000000000071e+01 1.778000000000000000e+03
8.134000000000000000e+03 7.954000000000000000e+03 2.566999999999999886e+02 1.250000000000000000e+01 1.731000000000000000e+03
8.042000000000000000e+03 7.858000000000000000e+03 2.458000000000000114e+02 1.140000000000000036e+01 1.813000000000000000e+03
8.157000000000000000e+03 7.686000000000000000e+03 2.549000000000000057e+02 1.259999999999999964e+01 1.689000000000000000e+03
8.163000000000000000e+03 8.078000000000000000e+03 2.085000000000000000e+02 1.169999999999999929e+01 1.717000000000000000e+03
8.097000000000000000e+03 7.932000000000000000e+03 3.038999999999999773e+02 1.350000000000000000e+01 1.842000000000000000e+03
8.102000000000000000e+03 8.047000000000000000e+03 2.388000000000000114e+02 1.259999999999999964e+01 1.801000000000000000e+03
8.162000000000000000e+03 7.910000000000000000e+03 2.095999999999999943e+02 1.259999999999999964e+01 1.723000000000000000e+03
8.078000000000000000e+03 7.813000000000000000e+03 2.581999999999999886e+02 1.280000000000000071e+01 1.748000000000000000e+03
8.127000000000000000e+03 7.780000000000000000e+03 2.485999999999999943e+02 1.390000000000000036e+01 1.709000000000000000e+03
8.169000000000000000e+03 7.750000000000000000e+03 2.535000000000000000e+02 1.280000000000000071e+01 1.717000000000000000e+03
8.216000000000000000e+03 7.958000000000000000e+03 2.481999999999999886e+02 1.209999999999999964e+01 1.661000000000000000e+03
8.047000000000000000e+03 7.846000000000000000e+03 2.449000000000000057e+02 1.180000000000000071e+01 1.754000000000000000e+03
8.099000000000000000e+03 7.990000000000000000e+03 2.120000000000000000e+02 1.200000000000000000e+01 1.760000000000000000e+03
8.106000000000000000e+03 8.019000000000000000e+03 2.626999999999999886e+02 1.290000000000000036e+01 1.732000000000000000e+03
8.043000000000000000e+03 7.899000000000000000e+03 2.165000000000000000e+02 1.259999999999999964e+01 1.759000000000000000e+03
8.103000000000000000e+03 7.781000000000000000e+03 3.363000000000000114e+02 1.409999999999999964e+01 1.713000000000000000e+03
8.033000000000000000e+03 7.710000000000000000e+03 2.720000000000000000e+02 1.319999999999999929e+01 1.788000000000000000e+03
8.112000000000000000e+03 7.934000000000000000e+03 2.465000000000000000e+02 1.240000000000000036e+01 1.784000000000000000e+03
8.097000000000000000e+03 7.845000000000000000e+03 3.095000000000000000e+02 1.359999999999999964e+01 1.761000000000000000e+03
8.131000000000000000e+03 7.781000000000000000e+03 2.169000000000000057e+02 1.290000000000000036e+01 1.738000000000000000e+03
8.055000000000000000e+03 7.857000000000000000e+03 3.411000000000000227e+02 1.169999999999999929e+01 1.831000000000000000e+03
8.044000000000000000e+03 7.993000000000000000e+03 2.748999999999999773e+02 1.290000000000000036e+01 1.747000000000000000e+03
8.095000000000000000e+03 7.969000000000000000e+03 2.643000000000000114e+02 1.230000000000000071e+01 1.769000000000000000e+03
8.083000000000000000e+03 7.928000000000000000e+03 2.149000000000000057e+02 1.180000000000000071e+01 1.769000000000000000e+03
8.182000000000000000e+03 7.853000000000000000e+03 3.198000000000000114e+02 1.240000000000000036e+01 1.704000000000000000e+03
8.105000000000000000e+03 8.001000000000000000e+03 2.346999999999999886e+02 1.250000000000000000e+01 1.778000000000000000e+03
8.076000000000000000e+03 7.940000000000000000e+03 2.580000000000000000e+02 1.330000000000000071e+01 1.724000000000000000e+03
8.085000000000000000e+03 7.906000000000000000e+03 2.065000000000000000e+02 1.280000000000000071e+01 1.768000000000000000e+03
8.087000000000000000e+03 7.815000000000000000e+03 2.234000000000000057e+02 1.230000000000000071e+01 1.779000000000000000e+03
8.060000000000000000e+03 7.780000000000000000e+03 3.278000000000000114e+02 1.290000000000000036e+01 1.760000000000000000e+03
8.124000000000000000e+03 7.870000000000000000e+03 2.788000000000000114e+02 1.259999999999999964e+01 1.739000000000000000e+03
8.078000000000000000e+03 7.869000000000000000e+03 2.611000000000000227e+02 1.250000000000000000e+01 1.765000000000000000e+03
8.121000000000000000e+03 7.782000000000000000e+03 3.148000000000000114e+02 1.190000000000000036e+01 1.729000000000000000e+03
8.183000000000000000e+03 7.777000000000000000e+03 2.620000000000000000e+02 1.219999999999999929e+01 1.703000000000000000e+03
8.077000000000000000e+03 7.830000000000000000e+03 3.480000000000000000e+02 1.469999999999999929e+01 1.728000000000000000e+03
8.147000000000000000e+03 7.969000000000000000e+03 3.101000000000000227e+02 1.240000000000000036e+01 1.770000000000000000e+03
8.113000000000000000e+03 7.948000000000000000e+03 2.141999999999999886e+02 1.159999999999999964e+01 1.748000000000000000e+03
8.115000000000000000e+03 7.695000000000000000e+03 2.139000000000000057e+02 1.300000000000000000e+01 1.796000000000000000e+03
8.107000000000000000e+03 7.925000000000000000e+03 2.384000000000000057e+02 1.200000000000000000e+01 1.754000000000000000e+03
8.018000000000000000e+03 7.964000000000000000e+03 2.360000000000000000e+02 1.190000000000000036e+01 1.795000000000000000e+03
8.081000000000000000e+03 8.062000000000000000e+03 2.460999999999999943e+02 1.259999999999999964e+01 1.764000000000000000e+03
8.136000000000000000e+03 7.826000000000000000e+03 2.009000000000000057e+02 1.169999999999999929e+01 1.730000000000000000e+03
8.113000000000000000e+03 7.927000000000000000e+03 2.655000000000000000e+02 9.800000000000000711e+00 1.697000000000000000e+03
8.058000000000000000e+03 7.991000000000000000e+03 2.508000000000000114e+02 1.180000000000000071e+01 1.783000000000000000e+03
8.085000000000000000e+03 7.884000000000000000e+03 2.413000000000000114e+02 1.209999999999999964e+01 1.812000000000000000e+03
8.090000000000000000e+03 7.773000000000000000e+03 2.314000000000000057e+02 1.319999999999999929e+01 1.814000000000000000e+03
8.112000000000000000e+03 7.925000000000000000e+03 2.299000000000000057e+02 1.130000000000000071e+01 1.710000000000000000e+03
8.150000000000000000e+03 7.861000000000000000e+03 2.290000000000000000e+02 1.240000000000000036e+01 1.694000000000000000e+03
8.109000000000000000e+03 7.966000000000000000e+03 2.728000000000000114e+02 1.209999999999999964e+01 1.731000000000000000e+03
8.150000000000000000e+03 7.925000000000000000e+03 2.096999999999999886e+02 1.209999999999999964e+01 1.708000000000000000e+03
8.121000000000000000e+03 7.756000000000000000e+03 2.680000000000000000e+02 1.209999999999999964e+01 1.753000000000000000e+03
8.165000000000000000e+03 7.567000000000000000e+03 2.993000000000000114e+02 1.330000000000000071e+01 1.739000000000000000e+03
8.123000000000000000e+03 8.019000000000000000e+03 1.905000000000000000e+02 1.159999999999999964e+01 1.761000000000000000e+03
8.105000000000000000e+03 8.044000000000000000e+03 2.460999999999999943e+02 1.230000000000000071e+01 1.754000000000000000e+03
8.115000000000000000e+03 7.742000000000000000e+03 2.878000000000000114e+02 1.240000000000000036e+01 1.716000000000000000e+03
8.092000000000000000e+03 8.034000000000000000e+03 2.235999999999999943e+02 1.190000000000000036e+01 1.722000000000000000e+03
8.093000000000000000e+03 7.926000000000000000e+03 2.665000000000000000e+02 1.240000000000000036e+01 1.769000000000000000e+03
8.131000000000000000e+03 7.977000000000000000e+03 2.403000000000000114e+02 1.219999999999999929e+01 1.741000000000000000e+03
8.075000000000000000e+03 7.969000000000000000e+03 2.728999999999999773e+02 1.219999999999999929e+01 1.762000000000000000e+03
8.168000000000000000e+03 7.990000000000000000e+03 2.668999999999999773e+02 1.280000000000000071e+01 1.753000000000000000e+03
8.038000000000000000e+03 7.871000000000000000e+03 2.633000000000000114e+02 1.350000000000000000e+01 1.763000000000000000e+03
8.186000000000000000e+03 7.978000000000000000e+03 2.446999999999999886e+02 1.240000000000000036e+01 1.730000000000000000e+03
8.127000000000000000e+03 7.936000000000000000e+03 2.119000000000000057e+02 1.180000000000000071e+01 1.773000000000000000e+03
8.083000000000000000e+03 7.948000000000000000e+03 3.015000000000000000e+02 1.219999999999999929e+01 1.800000000000000000e+03
8.111000000000000000e+03 7.900000000000000000e+03 2.448000000000000114e+02 1.359999999999999964e+01 1.751000000000000000e+03
8.106000000000000000e+03 7.863000000000000000e+03 1.924000000000000057e+02 1.250000000000000000e+01 1.743000000000000000e+03
8.123000000000000000e+03 7.902000000000000000e+03 2.645000000000000000e+02 1.190000000000000036e+01 1.739000000000000000e+03
8.075000000000000000e+03 7.728000000000000000e+03 3.231000000000000227e+02 1.159999999999999964e+01 1.744000000000000000e+03
8.054000000000000000e+03 7.871000000000000000e+03 2.040000000000000000e+02 1.180000000000000071e+01 1.759000000000000000e+03
8.068000000000000000e+03 7.992000000000000000e+03 3.170000000000000000e+02 1.140000000000000036e+01 1.764000000000000000e+03
8.073000000000000000e+03 7.906000000000000000e+03 2.490000000000000000e+02 1.180000000000000071e+01 1.760000000000000000e+03
8.080000000000000000e+03 7.713000000000000000e+03 3.021999999999999886e+02 1.350000000000000000e+01 1.759000000000000000e+03
8.110000000000000000e+03 7.764000000000000000e+03 3.005000000000000000e+02 1.280000000000000071e+01 1.767000000000000000e+03
8.127000000000000000e+03 7.740000000000000000e+03 2.369000000000000057e+02 1.259999999999999964e+01 1.751000000000000000e+03
8.139000000000000000e+03 7.971000000000000000e+03 2.325000000000000000e+02 1.200000000000000000e+01 1.718000000000000000e+03
8.159000000000000000e+03 7.771000000000000000e+03 2.660000000000000000e+02 1.290000000000000036e+01 1.723000000000000000e+03
8.081000000000000000e+03 7.911000000000000000e+03 2.075999999999999943e+02 1.150000000000000000e+01 1.749000000000000000e+03
8.078000000000000000e+03 7.977000000000000000e+03 2.405999999999999943e+02 1.240000000000000036e+01 1.781000000000000000e+03
8.101000000000000000e+03 7.827000000000000000e+03 2.173000000000000114e+02 1.309999999999999964e+01 1.772000000000000000e+03
8.154000000000000000e+03 7.868000000000000000e+03 2.068000000000000114e+02 1.230000000000000071e+01 1.726000000000000000e+03
8.135000000000000000e+03 8.099000000000000000e+03 2.618999999999999773e+02 1.259999999999999964e+01 1.753000000000000000e+03
8.072000000000000000e+03 8.005000000000000000e+03 2.325000000000000000e+02 1.219999999999999929e+01 1.767000000000000000e+03
8.149000000000000000e+03 7.739000000000000000e+03 2.235000000000000000e+02 1.259999999999999964e+01 1.720000000000000000e+03
8.093000000000000000e+03 7.894000000000000000e+03 3.350000000000000000e+02 1.150000000000000000e+01 1.787000000000000000e+03
8.120000000000000000e+03 7.799000000000000000e+03 2.209000000000000057e+02 1.240000000000000036e+01 1.737000000000000000e+03
8.178000000000000000e+03 8.009000000000000000e+03 2.085999999999999943e+02 1.169999999999999929e+01 1.727000000000000000e+03
8.119000000000000000e+03 7.913000000000000000e+03 3.221999999999999886e+02 1.180000000000000071e+01 1.754000000000000000e+03
8.180000000000000000e+03 7.831000000000000000e+03 2.374000000000000057e+02 1.230000000000000071e+01 1.721000000000000000e+03
8.176000000000000000e+03 7.697000000000000000e+03 2.354000000000000057e+02 1.309999999999999964e+01 1.706000000000000000e+03
8.142000000000000000e+03 7.989000000000000000e+03 2.706999999999999886e+02 1.209999999999999964e+01 1.764000000000000000e+03
8.175000000000000000e+03 8.066000000000000000e+03 2.334000000000000057e+02 1.109999999999999964e+01 1.704000000000000000e+03
8.167000000000000000e+03 8.083000000000000000e+03 2.375000000000000000e+02 1.150000000000000000e+01 1.710000000000000000e+03
8.150000000000000000e+03 7.765000000000000000e+03 2.863000000000000114e+02 1.430000000000000071e+01 1.796000000000000000e+03
8.086000000000000000e+03 7.937000000000000000e+03 2.110999999999999943e+02 1.350000000000000000e+01 1.729000000000000000e+03
8.047000000000000000e+03 7.980000000000000000e+03 2.843999999999999773e+02 1.209999999999999964e+01 1.752000000000000000e+03
8.104000000000000000e+03 7.985000000000000000e+03 2.405999999999999943e+02 1.250000000000000000e+01 1.775000000000000000e+03
8.165000000000000000e+03 7.781000000000000000e+03 2.576999999999999886e+02 1.319999999999999929e+01 1.717000000000000000e+03
8.111000000000000000e+03 7.814000000000000000e+03 2.421999999999999886e+02 1.250000000000000000e+01 1.755000000000000000e+03
8.131000000000000000e+03 7.914000000000000000e+03 2.510999999999999943e+02 1.300000000000000000e+01 1.767000000000000000e+03
8.108000000000000000e+03 7.820000000000000000e+03 2.686999999999999886e+02 1.280000000000000071e+01 1.746000000000000000e+03
8.068000000000000000e+03 7.963000000000000000e+03 2.678000000000000114e+02 1.319999999999999929e+01 1.810000000000000000e+03
8.135000000000000000e+03 7.889000000000000000e+03 2.358000000000000114e+02 1.200000000000000000e+01 1.778000000000000000e+03
8.151000000000000000e+03 7.845000000000000000e+03 1.771999999999999886e+02 1.209999999999999964e+01 1.655000000000000000e+03
8.183000000000000000e+03 7.887000000000000000e+03 2.349000000000000057e+02 1.200000000000000000e+01 1.664000000000000000e+03
8.071000000000000000e+03 7.856000000000000000e+03 2.658999999999999773e+02 1.230000000000000071e+01 1.816000000000000000e+03
8.102000000000000000e+03 8.007000000000000000e+03 2.314000000000000057e+02 1.219999999999999929e+01 1.775000000000000000e+03
8.123000000000000000e+03 7.974000000000000000e+03 2.004000000000000057e+02 1.319999999999999929e+01 1.720000000000000000e+03
8.167000000000000000e+03 7.934000000000000000e+03 2.303000000000000114e+02 1.180000000000000071e+01 1.681000000000000000e+03
8.189000000000000000e+03 7.749000000000000000e+03 2.806999999999999886e+02 1.200000000000000000e+01 1.704000000000000000e+03
8.120000000000000000e+03 7.886000000000000000e+03 2.745000000000000000e+02 1.209999999999999964e+01 1.750000000000000000e+03
8.096000000000000000e+03 8.009000000000000000e+03 3.068999999999999773e+02 1.200000000000000000e+01 1.780000000000000000e+03
8.108000000000000000e+03 7.966000000000000000e+03 2.469000000000000057e+02 1.219999999999999929e+01 1.723000000000000000e+03
8.183000000000000000e+03 7.962000000000000000e+03 2.218000000000000114e+02 1.209999999999999964e+01 1.770000000000000000e+03
8.086000000000000000e+03 8.007000000000000000e+03 2.169000000000000057e+02 1.169999999999999929e+01 1.782000000000000000e+03
8.122000000000000000e+03 7.903000000000000000e+03 1.910999999999999943e+02 1.130000000000000071e+01 1.714000000000000000e+03
8.078000000000000000e+03 8.017000000000000000e+03 2.931999999999999886e+02 1.230000000000000071e+01 1.761000000000000000e+03
8.192000000000000000e+03 7.986000000000000000e+03 2.576000000000000227e+02 1.200000000000000000e+01 1.737000000000000000e+03
8.110000000000000000e+03 7.878000000000000000e+03 3.516000000000000227e+02 1.300000000000000000e+01 1.754000000000000000e+03
8.161000000000000000e+03 7.594000000000000000e+03 4.048999999999999773e+02 1.330000000000000071e+01 1.762000000000000000e+03
8.141000000000000000e+03 7.892000000000000000e+03 2.411999999999999886e+02 1.240000000000000036e+01 1.730000000000000000e+03
8.096000000000000000e+03 7.986000000000000000e+03 2.280000000000000000e+02 1.309999999999999964e+01 1.720000000000000000e+03
8.125000000000000000e+03 7.814000000000000000e+03 3.845000000000000000e+02 1.330000000000000071e+01 1.733000000000000000e+03
8.131000000000000000e+03 7.953000000000000000e+03 2.520999999999999943e+02 1.250000000000000000e+01 1.633000000000000000e+03
8.076000000000000000e+03 7.879000000000000000e+03 2.526999999999999886e+02 1.280000000000000071e+01 1.779000000000000000e+03
8.173000000000000000e+03 7.765000000000000000e+03 2.946000000000000227e+02 1.169999999999999929e+01 1.743000000000000000e+03
8.079000000000000000e+03 7.955000000000000000e+03 2.025000000000000000e+02 1.230000000000000071e+01 1.745000000000000000e+03
8.123000000000000000e+03 7.755000000000000000e+03 2.170000000000000000e+02 1.240000000000000036e+01 1.782000000000000000e+03
8.123000000000000000e+03 7.882000000000000000e+03 2.315999999999999943e+02 1.280000000000000071e+01 1.735000000000000000e+03
8.128000000000000000e+03 7.791000000000000000e+03 3.708999999999999773e+02 1.280000000000000071e+01 1.756000000000000000e+03
8.121000000000000000e+03 8.008000000000000000e+03 2.363000000000000114e+02 1.230000000000000071e+01 1.704000000000000000e+03
8.098000000000000000e+03 7.834000000000000000e+03 2.116999999999999886e+02 1.219999999999999929e+01 1.751000000000000000e+03
8.042000000000000000e+03 7.873000000000000000e+03 2.268000000000000114e+02 1.219999999999999929e+01 1.792000000000000000e+03
