9.024000000000000000e+03 6.611000000000000000e+03 6.072999999999999545e+02 2.910000000000000142e+01 6.000000000000000000e+01
9.058000000000000000e+03 6.978000000000000000e+03 4.088000000000000114e+02 2.610000000000000142e+01 6.500000000000000000e+01
9.066000000000000000e+03 6.975000000000000000e+03 3.686000000000000227e+02 2.930000000000000071e+01 5.700000000000000000e+01
9.036000000000000000e+03 7.114000000000000000e+03 4.871000000000000227e+02 2.630000000000000071e+01 6.500000000000000000e+01
9.016000000000000000e+03 6.790000000000000000e+03 4.313000000000000114e+02 3.069999999999999929e+01 6.500000000000000000e+01
9.014000000000000000e+03 7.073000000000000000e+03 4.416000000000000227e+02 2.510000000000000142e+01 6.200000000000000000e+01
9.013000000000000000e+03 6.692000000000000000e+03 4.921000000000000227e+02 2.860000000000000142e+01 5.900000000000000000e+01
9.024000000000000000e+03 7.049000000000000000e+03 5.608999999999999773e+02 2.389999999999999858e+01 6.700000000000000000e+01
9.083000000000000000e+03 6.946000000000000000e+03 4.878999999999999773e+02 2.730000000000000071e+01 5.800000000000000000e+01
9.051000000000000000e+03 6.715000000000000000e+03 4.731999999999999886e+02 3.050000000000000000e+01 5.700000000000000000e+01
9.035000000000000000e+03 7.192000000000000000e+03 4.818999999999999773e+02 2.450000000000000000e+01 6.100000000000000000e+01
9.017000000000000000e+03 6.697000000000000000e+03 4.245000000000000000e+02 2.950000000000000000e+01 6.200000000000000000e+01
9.046000000000000000e+03 6.731000000000000000e+03 4.185000000000000000e+02 2.839999999999999858e+01 6.200000000000000000e+01
9.057000000000000000e+03 6.609000000000000000e+03 4.613999999999999773e+02 3.160000000000000142e+01 5.900000000000000000e+01
9.038000000000000000e+03 7.083000000000000000e+03 4.308999999999999773e+02 2.760000000000000142e+01 5.800000000000000000e+01
9.057000000000000000e+03 7.199000000000000000e+03 4.056999999999999886e+02 2.639999999999999858e+01 6.500000000000000000e+01
9.038000000000000000e+03 6.684000000000000000e+03 3.968999999999999773e+02 2.969999999999999929e+01 6.200000000000000000e+01
9.026000000000000000e+03 6.919000000000000000e+03 5.865000000000000000e+02 2.589999999999999858e+01 6.100000000000000000e+01
9.056000000000000000e+03 7.316000000000000000e+03 5.577999999999999545e+02 2.460000000000000142e+01 6.400000000000000000e+01
9.025000000000000000e+03 6.782000000000000000e+03 4.856999999999999886e+02 2.919999999999999929e+01 6.100000000000000000e+01
9.072000000000000000e+03 6.979000000000000000e+03 4.990000000000000000e+02 2.789999999999999858e+01 6.600000000000000000e+01
8.980000000000000000e+03 6.850000000000000000e+03 4.005000000000000000e+02 2.469999999999999929e+01 5.800000000000000000e+01
9.018000000000000000e+03 7.042000000000000000e+03 4.273000000000000114e+02 2.769999999999999929e+01 6.500000000000000000e+01
9.037000000000000000e+03 7.160000000000000000e+03 3.430000000000000000e+02 2.400000000000000000e+01 6.500000000000000000e+01
8.992000000000000000e+03 7.104000000000000000e+03 4.056999999999999886e+02 2.730000000000000071e+01 6.000000000000000000e+01
9.024000000000000000e+03 7.080000000000000000e+03 4.640000000000000000e+02 2.850000000000000000e+01 6.500000000000000000e+01
9.006000000000000000e+03 6.753000000000000000e+03 5.033999999999999773e+02 2.639999999999999858e+01 6.200000000000000000e+01
9.039000000000000000e+03 6.963000000000000000e+03 4.460000000000000000e+02 2.950000000000000000e+01 5.700000000000000000e+01
9.007000000000000000e+03 7.161000000000000000e+03 3.466999999999999886e+02 2.500000000000000000e+01 6.000000000000000000e+01
9.041000000000000000e+03 7.376000000000000000e+03 4.198999999999999773e+02 2.430000000000000071e+01 6.900000000000000000e+01
8.999000000000000000e+03 6.953000000000000000e+03 4.128000000000000114e+02 2.750000000000000000e+01 6.300000000000000000e+01
9.024000000000000000e+03 6.974000000000000000e+03 3.655000000000000000e+02 2.650000000000000000e+01 6.600000000000000000e+01
9.085000000000000000e+03 6.955000000000000000e+03 3.820000000000000000e+02 2.750000000000000000e+01 5.700000000000000000e+01
9.069000000000000000e+03 6.688000000000000000e+03 5.478999999999999773e+02 2.680000000000000071e+01 5.800000000000000000e+01
9.056000000000000000e+03 6.902000000000000000e+03 5.212999999999999545e+02 2.850000000000000000e+01 6.200000000000000000e+01
9.038000000000000000e+03 6.825000000000000000e+03 3.723999999999999773e+02 2.660000000000000142e+01 6.200000000000000000e+01
9.020000000000000000e+03 6.873000000000000000e+03 6.921000000000000227e+02 3.289999999999999858e+01 5.600000000000000000e+01
9.044000000000000000e+03 6.836000000000000000e+03 4.438000000000000114e+02 2.910000000000000142e+01 6.200000000000000000e+01
9.076000000000000000e+03 6.876000000000000000e+03 5.377000000000000455e+02 2.760000000000000142e+01 6.000000000000000000e+01
9.074000000000000000e+03 6.739000000000000000e+03 6.030000000000000000e+02 3.189999999999999858e+01 6.500000000000000000e+01
9.042000000000000000e+03 7.115000000000000000e+03 4.906999999999999886e+02 2.960000000000000142e+01 5.600000000000000000e+01
9.046000000000000000e+03 7.172000000000000000e+03 4.435000000000000000e+02 2.839999999999999858e+01 6.000000000000000000e+01
9.062000000000000000e+03 7.311000000000000000e+03 4.563999999999999773e+02 2.739999999999999858e+01 6.200000000000000000e+01
9.081000000000000000e+03 7.079000000000000000e+03 4.106000000000000227e+02 2.669999999999999929e+01 6.100000000000000000e+01
9.058000000000000000e+03 6.847000000000000000e+03 4.076000000000000227e+02 2.919999999999999929e+01 6.000000000000000000e+01
9.026000000000000000e+03 7.211000000000000000e+03 3.848000000000000114e+02 2.710000000000000142e+01 8.000000000000000000e+01
9.030000000000000000e+03 7.095000000000000000e+03 4.371000000000000227e+02 2.700000000000000000e+01 6.500000000000000000e+01
9.033000000000000000e+03 7.056000000000000000e+03 5.000000000000000000e+02 2.400000000000000000e+01 6.700000000000000000e+01
8.990000000000000000e+03 6.938000000000000000e+03 3.973999999999999773e+02 2.789999999999999858e+01 6.000000000000000000e+01
9.037000000000000000e+03 6.653000000000000000e+03 4.708000000000000114e+02 3.110000000000000142e+01 7.000000000000000000e+01
9.029000000000000000e+03 7.039000000000000000e+03 3.958999999999999773e+02 2.519999999999999929e+01 6.400000000000000000e+01
9.010000000000000000e+03 7.001000000000000000e+03 4.256999999999999886e+02 2.650000000000000000e+01 6.500000000000000000e+01
9.023000000000000000e+03 7.114000000000000000e+03 5.280000000000000000e+02 2.750000000000000000e+01 6.100000000000000000e+01
9.030000000000000000e+03 6.961000000000000000e+03 4.458999999999999773e+02 2.730000000000000071e+01 6.300000000000000000e+01
9.034000000000000000e+03 7.158000000000000000e+03 4.446000000000000227e+02 2.600000000000000000e+01 6.300000000000000000e+01
9.069000000000000000e+03 7.138000000000000000e+03 8.087999999999999545e+02 2.660000000000000142e+01 5.800000000000000000e+01
9.061000000000000000e+03 6.682000000000000000e+03 4.781000000000000227e+02 2.930000000000000071e+01 6.400000000000000000e+01
9.057000000000000000e+03 7.325000000000000000e+03 5.848999999999999773e+02 2.560000000000000142e+01 6.400000000000000000e+01
9.040000000000000000e+03 6.842000000000000000e+03 4.203000000000000114e+02 2.839999999999999858e+01 6.500000000000000000e+01
9.023000000000000000e+03 7.195000000000000000e+03 4.056999999999999886e+02 2.619999999999999929e+01 6.700000000000000000e+01
9.058000000000000000e+03 7.134000000000000000e+03 4.125000000000000000e+02 2.560000000000000142e+01 6.600000000000000000e+01
9.061000000000000000e+03 7.341000000000000000e+03 5.056999999999999886e+02 2.610000000000000142e+01 6.200000000000000000e+01
9.040000000000000000e+03 7.045000000000000000e+03 4.196999999999999886e+02 2.600000000000000000e+01 6.500000000000000000e+01
9.071000000000000000e+03 7.025000000000000000e+03 4.766999999999999886e+02 2.619999999999999929e+01 6.700000000000000000e+01
9.008000000000000000e+03 7.078000000000000000e+03 5.063999999999999773e+02 2.480000000000000071e+01 6.700000000000000000e+01
9.044000000000000000e+03 7.000000000000000000e+03 4.488000000000000114e+02 2.789999999999999858e+01 7.000000000000000000e+01
9.041000000000000000e+03 7.045000000000000000e+03 3.818999999999999773e+02 2.630000000000000071e+01 6.200000000000000000e+01
9.046000000000000000e+03 7.103000000000000000e+03 4.581000000000000227e+02 2.619999999999999929e+01 6.500000000000000000e+01
9.014000000000000000e+03 6.967000000000000000e+03 4.748000000000000114e+02 2.680000000000000071e+01 6.000000000000000000e+01
9.055000000000000000e+03 7.198000000000000000e+03 3.921999999999999886e+02 2.450000000000000000e+01 6.000000000000000000e+01
9.031000000000000000e+03 7.184000000000000000e+03 4.581000000000000227e+02 2.969999999999999929e+01 6.400000000000000000e+01
9.049000000000000000e+03 7.175000000000000000e+03 4.105000000000000000e+02 2.889999999999999858e+01 6.400000000000000000e+01
9.039000000000000000e+03 7.135000000000000000e+03 4.155000000000000000e+02 2.639999999999999858e+01 7.300000000000000000e+01
9.065000000000000000e+03 7.102000000000000000e+03 6.742999999999999545e+02 2.710000000000000142e+01 6.800000000000000000e+01
9.053000000000000000e+03 7.145000000000000000e+03 3.736999999999999886e+02 2.480000000000000071e+01 6.500000000000000000e+01
9.065000000000000000e+03 7.164000000000000000e+03 4.478999999999999773e+02 2.710000000000000142e+01 6.800000000000000000e+01
9.029000000000000000e+03 6.608000000000000000e+03 3.956999999999999886e+02 2.550000000000000000e+01 5.800000000000000000e+01
9.011000000000000000e+03 7.239000000000000000e+03 4.256999999999999886e+02 2.360000000000000142e+01 6.500000000000000000e+01
9.019000000000000000e+03 7.303000000000000000e+03 5.028999999999999773e+02 2.389999999999999858e+01 6.600000000000000000e+01
9.028000000000000000e+03 6.763000000000000000e+03 4.001000000000000227e+02 2.510000000000000142e+01 6.400000000000000000e+01
9.008000000000000000e+03 7.022000000000000000e+03 4.935000000000000000e+02 2.510000000000000142e+01 6.600000000000000000e+01
9.043000000000000000e+03 7.115000000000000000e+03 5.260000000000000000e+02 2.689999999999999858e+01 6.500000000000000000e+01
9.029000000000000000e+03 7.006000000000000000e+03 5.223999999999999773e+02 2.489999999999999858e+01 6.200000000000000000e+01
9.019000000000000000e+03 7.095000000000000000e+03 7.197000000000000455e+02 2.710000000000000142e+01 6.300000000000000000e+01
9.042000000000000000e+03 7.026000000000000000e+03 4.086999999999999886e+02 2.739999999999999858e+01 6.600000000000000000e+01
9.068000000000000000e+03 6.929000000000000000e+03 4.603000000000000114e+02 2.710000000000000142e+01 6.400000000000000000e+01
9.007000000000000000e+03 6.984000000000000000e+03 6.818999999999999773e+02 2.939999999999999858e+01 6.200000000000000000e+01
9.059000000000000000e+03 7.140000000000000000e+03 6.500000000000000000e+02 2.739999999999999858e+01 6.300000000000000000e+01
9.078000000000000000e+03 7.152000000000000000e+03 3.813000000000000114e+02 2.869999999999999929e+01 6.500000000000000000e+01
8.992000000000000000e+03 6.823000000000000000e+03 3.870000000000000000e+02 2.369999999999999929e+01 6.200000000000000000e+01
9.032000000000000000e+03 7.088000000000000000e+03 5.306000000000000227e+02 2.480000000000000071e+01 6.500000000000000000e+01
9.036000000000000000e+03 7.147000000000000000e+03 4.238999999999999773e+02 2.800000000000000000e+01 7.300000000000000000e+01
9.033000000000000000e+03 6.870000000000000000e+03 4.693000000000000114e+02 2.969999999999999929e+01 5.900000000000000000e+01
9.038000000000000000e+03 7.283000000000000000e+03 5.146000000000000227e+02 2.689999999999999858e+01 6.500000000000000000e+01
9.047000000000000000e+03 6.865000000000000000e+03 5.253999999999999773e+02 2.800000000000000000e+01 6.100000000000000000e+01
9.042000000000000000e+03 6.989000000000000000e+03 4.630000000000000000e+02 2.389999999999999858e+01 6.400000000000000000e+01
9.003000000000000000e+03 6.774000000000000000e+03 4.393000000000000114e+02 2.619999999999999929e+01 5.900000000000000000e+01
9.026000000000000000e+03 7.098000000000000000e+03 4.796999999999999886e+02 2.560000000000000142e+01 6.900000000000000000e+01
8.996000000000000000e+03 6.539000000000000000e+03 4.336999999999999886e+02 2.869999999999999929e+01 5.700000000000000000e+01
9.022000000000000000e+03 6.809000000000000000e+03 3.188000000000000114e+02 2.939999999999999858e+01 6.400000000000000000e+01
9.011000000000000000e+03 7.029000000000000000e+03 6.347000000000000455e+02 2.719999999999999929e+01 6.900000000000000000e+01
9.042000000000000000e+03 7.089000000000000000e+03 4.090000000000000000e+02 2.939999999999999858e+01 6.500000000000000000e+01
8.997000000000000000e+03 7.151000000000000000e+03 4.568000000000000114e+02 2.469999999999999929e+01 6.200000000000000000e+01
9.011000000000000000e+03 7.056000000000000000e+03 5.210000000000000000e+02 2.419999999999999929e+01 6.700000000000000000e+01
9.033000000000000000e+03 7.379000000000000000e+03 6.722000000000000455e+02 2.400000000000000000e+01 6.400000000000000000e+01
9.056000000000000000e+03 7.027000000000000000e+03 4.708999999999999773e+02 2.689999999999999858e+01 5.800000000000000000e+01
9.028000000000000000e+03 6.857000000000000000e+03 4.796000000000000227e+02 2.630000000000000071e+01 6.100000000000000000e+01
9.044000000000000000e+03 7.243000000000000000e+03 4.136999999999999886e+02 2.589999999999999858e+01 6.200000000000000000e+01
9.030000000000000000e+03 7.132000000000000000e+03 3.858999999999999773e+02 2.569999999999999929e+01 6.900000000000000000e+01
9.030000000000000000e+03 7.078000000000000000e+03 3.886000000000000227e+02 2.760000000000000142e+01 6.900000000000000000e+01
9.009000000000000000e+03 7.130000000000000000e+03 3.640000000000000000e+02 2.850000000000000000e+01 6.000000000000000000e+01
9.050000000000000000e+03 7.150000000000000000e+03 5.043000000000000114e+02 2.730000000000000071e+01 5.900000000000000000e+01
9.024000000000000000e+03 7.034000000000000000e+03 5.575000000000000000e+02 2.669999999999999929e+01 6.100000000000000000e+01
9.024000000000000000e+03 6.834000000000000000e+03 4.471000000000000227e+02 3.050000000000000000e+01 5.700000000000000000e+01
9.059000000000000000e+03 6.831000000000000000e+03 3.916999999999999886e+02 2.730000000000000071e+01 6.200000000000000000e+01
9.011000000000000000e+03 7.054000000000000000e+03 6.422999999999999545e+02 2.619999999999999929e+01 5.900000000000000000e+01
9.018000000000000000e+03 6.691000000000000000e+03 5.567999999999999545e+02 3.039999999999999858e+01 6.100000000000000000e+01
9.052000000000000000e+03 6.858000000000000000e+03 3.143000000000000114e+02 2.769999999999999929e+01 7.000000000000000000e+01
9.028000000000000000e+03 6.812000000000000000e+03 5.341000000000000227e+02 2.739999999999999858e+01 6.200000000000000000e+01
9.032000000000000000e+03 7.204000000000000000e+03 4.565000000000000000e+02 2.550000000000000000e+01 6.400000000000000000e+01
9.034000000000000000e+03 6.921000000000000000e+03 4.821999999999999886e+02 2.680000000000000071e+01 5.900000000000000000e+01
8.972000000000000000e+03 7.157000000000000000e+03 5.373999999999999773e+02 2.780000000000000071e+01 6.300000000000000000e+01
9.065000000000000000e+03 7.083000000000000000e+03 4.578000000000000114e+02 2.780000000000000071e+01 6.500000000000000000e+01
9.018000000000000000e+03 6.947000000000000000e+03 5.672000000000000455e+02 2.610000000000000142e+01 6.300000000000000000e+01
9.022000000000000000e+03 7.057000000000000000e+03 5.025000000000000000e+02 2.419999999999999929e+01 6.800000000000000000e+01
8.975000000000000000e+03 7.216000000000000000e+03 4.651999999999999886e+02 2.930000000000000071e+01 6.300000000000000000e+01
9.038000000000000000e+03 7.105000000000000000e+03 4.153000000000000114e+02 2.730000000000000071e+01 6.700000000000000000e+01
9.041000000000000000e+03 7.262000000000000000e+03 5.592999999999999545e+02 2.489999999999999858e+01 6.200000000000000000e+01
9.079000000000000000e+03 7.048000000000000000e+03 4.166000000000000227e+02 2.569999999999999929e+01 7.000000000000000000e+01
9.054000000000000000e+03 6.969000000000000000e+03 5.232000000000000455e+02 2.739999999999999858e+01 6.300000000000000000e+01
9.037000000000000000e+03 7.248000000000000000e+03 4.388000000000000114e+02 2.550000000000000000e+01 6.400000000000000000e+01
9.050000000000000000e+03 7.050000000000000000e+03 4.328000000000000114e+02 2.789999999999999858e+01 6.600000000000000000e+01
9.037000000000000000e+03 7.246000000000000000e+03 4.118999999999999773e+02 2.630000000000000071e+01 6.000000000000000000e+01
9.059000000000000000e+03 7.202000000000000000e+03 5.670000000000000000e+02 3.089999999999999858e+01 6.200000000000000000e+01
9.047000000000000000e+03 6.926000000000000000e+03 1.110299999999999955e+03 2.760000000000000142e+01 6.200000000000000000e+01
9.060000000000000000e+03 7.213000000000000000e+03 5.257000000000000455e+02 2.469999999999999929e+01 6.400000000000000000e+01
9.060000000000000000e+03 7.087000000000000000e+03 4.948999999999999773e+02 2.560000000000000142e+01 6.200000000000000000e+01
9.039000000000000000e+03 7.187000000000000000e+03 4.908999999999999773e+02 2.819999999999999929e+01 6.000000000000000000e+01
9.057000000000000000e+03 6.683000000000000000e+03 7.855000000000000000e+02 2.730000000000000071e+01 6.100000000000000000e+01
9.041000000000000000e+03 6.842000000000000000e+03 5.351000000000000227e+02 2.669999999999999929e+01 6.400000000000000000e+01
9.017000000000000000e+03 6.780000000000000000e+03 4.000000000000000000e+02 2.919999999999999929e+01 6.000000000000000000e+01
9.044000000000000000e+03 7.185000000000000000e+03 4.531000000000000227e+02 2.739999999999999858e+01 6.400000000000000000e+01
9.005000000000000000e+03 7.051000000000000000e+03 4.311000000000000227e+02 2.469999999999999929e+01 6.200000000000000000e+01
9.037000000000000000e+03 7.157000000000000000e+03 5.401000000000000227e+02 2.369999999999999929e+01 6.400000000000000000e+01
9.039000000000000000e+03 6.790000000000000000e+03 3.373000000000000114e+02 2.900000000000000000e+01 5.800000000000000000e+01
9.054000000000000000e+03 7.083000000000000000e+03 5.086999999999999886e+02 2.510000000000000142e+01 7.200000000000000000e+01
9.011000000000000000e+03 6.952000000000000000e+03 5.172000000000000455e+02 2.580000000000000071e+01 6.400000000000000000e+01
9.078000000000000000e+03 7.249000000000000000e+03 6.875000000000000000e+02 2.589999999999999858e+01 6.200000000000000000e+01
9.050000000000000000e+03 7.124000000000000000e+03 7.992999999999999545e+02 2.519999999999999929e+01 6.300000000000000000e+01
9.014000000000000000e+03 6.801000000000000000e+03 4.776000000000000227e+02 2.930000000000000071e+01 6.200000000000000000e+01
9.041000000000000000e+03 7.280000000000000000e+03 4.140000000000000000e+02 2.439999999999999858e+01 7.300000000000000000e+01
9.023000000000000000e+03 7.157000000000000000e+03 4.013999999999999773e+02 2.880000000000000071e+01 6.300000000000000000e+01
9.016000000000000000e+03 6.762000000000000000e+03 5.307000000000000455e+02 2.330000000000000071e+01 6.100000000000000000e+01
8.993000000000000000e+03 6.835000000000000000e+03 4.731999999999999886e+02 2.700000000000000000e+01 6.400000000000000000e+01
9.018000000000000000e+03 7.090000000000000000e+03 5.400000000000000000e+02 2.600000000000000000e+01 6.700000000000000000e+01
9.026000000000000000e+03 7.073000000000000000e+03 5.451000000000000227e+02 2.850000000000000000e+01 6.200000000000000000e+01
9.062000000000000000e+03 6.746000000000000000e+03 4.871999999999999886e+02 2.739999999999999858e+01 6.400000000000000000e+01
9.048000000000000000e+03 7.256000000000000000e+03 7.787000000000000455e+02 2.950000000000000000e+01 6.100000000000000000e+01
9.052000000000000000e+03 7.157000000000000000e+03 3.593999999999999773e+02 2.739999999999999858e+01 6.600000000000000000e+01
9.043000000000000000e+03 6.897000000000000000e+03 5.863999999999999773e+02 2.650000000000000000e+01 6.900000000000000000e+01
9.004000000000000000e+03 7.233000000000000000e+03 3.971999999999999886e+02 2.439999999999999858e+01 6.100000000000000000e+01
9.056000000000000000e+03 7.145000000000000000e+03 4.528999999999999773e+02 2.789999999999999858e+01 6.600000000000000000e+01
9.043000000000000000e+03 7.012000000000000000e+03 4.660000000000000000e+02 3.089999999999999858e+01 6.200000000000000000e+01
9.046000000000000000e+03 7.068000000000000000e+03 4.268999999999999773e+02 2.410000000000000142e+01 6.100000000000000000e+01
9.052000000000000000e+03 7.051000000000000000e+03 3.813999999999999773e+02 2.660000000000000142e+01 5.900000000000000000e+01
9.030000000000000000e+03 6.855000000000000000e+03 4.696999999999999886e+02 3.439999999999999858e+01 5.900000000000000000e+01
9.060000000000000000e+03 7.014000000000000000e+03 4.510000000000000000e+02 2.469999999999999929e+01 6.200000000000000000e+01
9.033000000000000000e+03 7.081000000000000000e+03 5.662000000000000455e+02 2.819999999999999929e+01 6.800000000000000000e+01
9.013000000000000000e+03 7.209000000000000000e+03 5.492999999999999545e+02 2.500000000000000000e+01 6.500000000000000000e+01
9.064000000000000000e+03 6.970000000000000000e+03 4.346000000000000227e+02 2.730000000000000071e+01 6.500000000000000000e+01
9.008000000000000000e+03 6.930000000000000000e+03 4.725000000000000000e+02 2.800000000000000000e+01 6.000000000000000000e+01
8.995000000000000000e+03 6.879000000000000000e+03 7.528999999999999773e+02 2.800000000000000000e+01 6.600000000000000000e+01
9.041000000000000000e+03 6.836000000000000000e+03 5.670000000000000000e+02 2.619999999999999929e+01 6.000000000000000000e+01
9.030000000000000000e+03 7.226000000000000000e+03 4.026000000000000227e+02 2.289999999999999858e+01 6.700000000000000000e+01
9.012000000000000000e+03 6.648000000000000000e+03 4.398000000000000114e+02 2.750000000000000000e+01 5.900000000000000000e+01
9.065000000000000000e+03 6.853000000000000000e+03 3.896999999999999886e+02 2.569999999999999929e+01 6.100000000000000000e+01
9.053000000000000000e+03 6.916000000000000000e+03 4.408000000000000114e+02 3.239999999999999858e+01 6.500000000000000000e+01
8.981000000000000000e+03 6.664000000000000000e+03 4.363999999999999773e+02 2.550000000000000000e+01 6.300000000000000000e+01
9.020000000000000000e+03 6.822000000000000000e+03 7.217000000000000455e+02 3.089999999999999858e+01 5.900000000000000000e+01
9.068000000000000000e+03 7.271000000000000000e+03 4.493999999999999773e+02 2.430000000000000071e+01 6.100000000000000000e+01
9.041000000000000000e+03 7.136000000000000000e+03 4.216000000000000227e+02 2.800000000000000000e+01 7.900000000000000000e+01
9.018000000000000000e+03 7.139000000000000000e+03 4.578999999999999773e+02 2.730000000000000071e+01 6.800000000000000000e+01
9.048000000000000000e+03 7.057000000000000000e+03 3.953999999999999773e+02 2.630000000000000071e+01 6.000000000000000000e+01
9.019000000000000000e+03 6.803000000000000000e+03 5.282000000000000455e+02 2.710000000000000142e+01 6.700000000000000000e+01
9.032000000000000000e+03 7.045000000000000000e+03 4.296999999999999886e+02 2.580000000000000071e+01 6.200000000000000000e+01
9.013000000000000000e+03 7.247000000000000000e+03 4.448000000000000114e+02 2.469999999999999929e+01 6.700000000000000000e+01
9.027000000000000000e+03 7.048000000000000000e+03 4.371000000000000227e+02 2.669999999999999929e+01 6.200000000000000000e+01
9.019000000000000000e+03 7.133000000000000000e+03 3.760000000000000000e+02 2.600000000000000000e+01 6.300000000000000000e+01
9.009000000000000000e+03 7.150000000000000000e+03 3.921999999999999886e+02 2.650000000000000000e+01 6.500000000000000000e+01
9.034000000000000000e+03 7.133000000000000000e+03 3.906000000000000227e+02 2.780000000000000071e+01 7.200000000000000000e+01
9.054000000000000000e+03 6.974000000000000000e+03 4.591999999999999886e+02 2.780000000000000071e+01 6.600000000000000000e+01
9.047000000000000000e+03 6.811000000000000000e+03 4.753999999999999773e+02 2.730000000000000071e+01 7.100000000000000000e+01
9.040000000000000000e+03 6.760000000000000000e+03 7.200000000000000000e+02 3.080000000000000071e+01 6.200000000000000000e+01
9.019000000000000000e+03 7.072000000000000000e+03 4.401000000000000227e+02 2.639999999999999858e+01 6.300000000000000000e+01
9.018000000000000000e+03 7.100000000000000000e+03 5.058999999999999773e+02 2.639999999999999858e+01 7.200000000000000000e+01
9.096000000000000000e+03 6.998000000000000000e+03 5.481000000000000227e+02 2.489999999999999858e+01 6.600000000000000000e+01
9.026000000000000000e+03 7.270000000000000000e+03 3.526999999999999886e+02 2.700000000000000000e+01 6.600000000000000000e+01
9.024000000000000000e+03 6.791000000000000000e+03 4.601000000000000227e+02 2.769999999999999929e+01 6.100000000000000000e+01
9.003000000000000000e+03 7.058000000000000000e+03 3.975000000000000000e+02 2.750000000000000000e+01 6.100000000000000000e+01
9.062000000000000000e+03 7.039000000000000000e+03 4.353000000000000114e+02 3.010000000000000142e+01 6.200000000000000000e+01
9.025000000000000000e+03 7.060000000000000000e+03 4.148999999999999773e+02 2.439999999999999858e+01 7.000000000000000000e+01
9.061000000000000000e+03 7.057000000000000000e+03 4.261000000000000227e+02 2.410000000000000142e+01 6.300000000000000000e+01
9.044000000000000000e+03 7.388000000000000000e+03 4.051999999999999886e+02 2.919999999999999929e+01 6.600000000000000000e+01
9.048000000000000000e+03 7.004000000000000000e+03 4.851999999999999886e+02 2.889999999999999858e+01 6.300000000000000000e+01
9.069000000000000000e+03 7.119000000000000000e+03 5.650000000000000000e+02 2.489999999999999858e+01 7.100000000000000000e+01
9.051000000000000000e+03 7.075000000000000000e+03 4.146000000000000227e+02 2.610000000000000142e+01 6.200000000000000000e+01
9.009000000000000000e+03 7.113000000000000000e+03 4.833000000000000114e+02 2.630000000000000071e+01 6.000000000000000000e+01
9.048000000000000000e+03 7.022000000000000000e+03 4.061999999999999886e+02 2.939999999999999858e+01 6.800000000000000000e+01
9.017000000000000000e+03 7.032000000000000000e+03 4.016999999999999886e+02 2.169999999999999929e+01 6.500000000000000000e+01
9.041000000000000000e+03 7.251000000000000000e+03 3.531000000000000227e+02 2.510000000000000142e+01 7.100000000000000000e+01
9.045000000000000000e+03 7.044000000000000000e+03 6.845000000000000000e+02 2.669999999999999929e+01 6.600000000000000000e+01
9.024000000000000000e+03 7.218000000000000000e+03 6.796000000000000227e+02 2.469999999999999929e+01 6.600000000000000000e+01
9.069000000000000000e+03 6.948000000000000000e+03 4.426000000000000227e+02 2.880000000000000071e+01 6.500000000000000000e+01
9.029000000000000000e+03 6.767000000000000000e+03 6.143999999999999773e+02 2.780000000000000071e+01 5.800000000000000000e+01
9.075000000000000000e+03 7.047000000000000000e+03 4.580000000000000000e+02 2.510000000000000142e+01 6.400000000000000000e+01
9.040000000000000000e+03 6.615000000000000000e+03 4.518999999999999773e+02 2.869999999999999929e+01 6.100000000000000000e+01
9.033000000000000000e+03 7.121000000000000000e+03 4.296000000000000227e+02 2.550000000000000000e+01 6.800000000000000000e+01
9.014000000000000000e+03 6.963000000000000000e+03 6.463999999999999773e+02 2.980000000000000071e+01 6.400000000000000000e+01
9.085000000000000000e+03 7.098000000000000000e+03 4.643999999999999773e+02 2.880000000000000071e+01 6.100000000000000000e+01
9.042000000000000000e+03 6.986000000000000000e+03 4.588000000000000114e+02 2.710000000000000142e+01 6.800000000000000000e+01
9.051000000000000000e+03 7.048000000000000000e+03 4.965000000000000000e+02 2.819999999999999929e+01 6.400000000000000000e+01
9.044000000000000000e+03 6.970000000000000000e+03 5.093000000000000114e+02 2.439999999999999858e+01 6.100000000000000000e+01
9.015000000000000000e+03 6.958000000000000000e+03 5.732999999999999545e+02 2.869999999999999929e+01 6.000000000000000000e+01
9.027000000000000000e+03 6.720000000000000000e+03 4.471000000000000227e+02 2.869999999999999929e+01 6.400000000000000000e+01
9.077000000000000000e+03 7.259000000000000000e+03 4.078000000000000114e+02 2.519999999999999929e+01 6.700000000000000000e+01
9.045000000000000000e+03 7.171000000000000000e+03 4.620000000000000000e+02 2.700000000000000000e+01 6.200000000000000000e+01
9.070000000000000000e+03 7.235000000000000000e+03 4.166999999999999886e+02 2.669999999999999929e+01 7.000000000000000000e+01
8.992000000000000000e+03 7.007000000000000000e+03 4.825000000000000000e+02 2.730000000000000071e+01 6.500000000000000000e+01
9.040000000000000000e+03 7.054000000000000000e+03 4.195000000000000000e+02 2.819999999999999929e+01 6.100000000000000000e+01
9.009000000000000000e+03 6.957000000000000000e+03 4.918999999999999773e+02 2.739999999999999858e+01 6.100000000000000000e+01
9.029000000000000000e+03 7.025000000000000000e+03 3.756000000000000227e+02 2.700000000000000000e+01 5.900000000000000000e+01
9.062000000000000000e+03 6.523000000000000000e+03 4.726000000000000227e+02 2.780000000000000071e+01 5.700000000000000000e+01
9.045000000000000000e+03 6.830000000000000000e+03 6.460000000000000000e+02 2.960000000000000142e+01 5.900000000000000000e+01
9.004000000000000000e+03 7.211000000000000000e+03 4.883000000000000114e+02 2.760000000000000142e+01 6.900000000000000000e+01
9.022000000000000000e+03 6.684000000000000000e+03 4.346999999999999886e+02 2.750000000000000000e+01 5.600000000000000000e+01
9.027000000000000000e+03 7.288000000000000000e+03 6.235000000000000000e+02 2.639999999999999858e+01 6.400000000000000000e+01
9.061000000000000000e+03 7.164000000000000000e+03 3.693000000000000114e+02 2.739999999999999858e+01 6.700000000000000000e+01
9.019000000000000000e+03 7.041000000000000000e+03 4.265000000000000000e+02 2.589999999999999858e+01 6.500000000000000000e+01
9.019000000000000000e+03 6.804000000000000000e+03 4.251999999999999886e+02 3.060000000000000142e+01 6.300000000000000000e+01
9.004000000000000000e+03 7.138000000000000000e+03 4.266999999999999886e+02 2.739999999999999858e+01 6.200000000000000000e+01
9.037000000000000000e+03 7.143000000000000000e+03 5.748999999999999773e+02 2.389999999999999858e+01 6.000000000000000000e+01
9.018000000000000000e+03 6.814000000000000000e+03 3.766999999999999886e+02 2.719999999999999929e+01 6.400000000000000000e+01
9.047000000000000000e+03 7.195000000000000000e+03 5.408999999999999773e+02 2.710000000000000142e+01 6.200000000000000000e+01
9.052000000000000000e+03 6.955000000000000000e+03 5.111000000000000227e+02 2.989999999999999858e+01 5.900000000000000000e+01
9.059000000000000000e+03 7.008000000000000000e+03 3.981999999999999886e+02 2.830000000000000071e+01 5.800000000000000000e+01
9.030000000000000000e+03 6.801000000000000000e+03 3.978999999999999773e+02 2.800000000000000000e+01 6.400000000000000000e+01
9.000000000000000000e+03 6.695000000000000000e+03 4.820000000000000000e+02 2.869999999999999929e+01 6.200000000000000000e+01
9.036000000000000000e+03 7.164000000000000000e+03 4.478000000000000114e+02 2.519999999999999929e+01 6.100000000000000000e+01
9.016000000000000000e+03 6.998000000000000000e+03 5.127000000000000455e+02 2.910000000000000142e+01 6.200000000000000000e+01
9.050000000000000000e+03 7.278000000000000000e+03 4.681000000000000227e+02 2.589999999999999858e+01 6.500000000000000000e+01
