4.691000000000000000e+03 7.496000000000000000e+03 6.470000000000000284e+01 5.000000000000000000e+00 5.193000000000000000e+03
4.689000000000000000e+03 7.607000000000000000e+03 6.079999999999999716e+01 5.200000000000000178e+00 5.180000000000000000e+03
4.575000000000000000e+03 7.516000000000000000e+03 5.770000000000000284e+01 5.099999999999999645e+00 5.295000000000000000e+03
4.633000000000000000e+03 7.502000000000000000e+03 5.779999999999999716e+01 5.599999999999999645e+00 5.266000000000000000e+03
4.648000000000000000e+03 7.402000000000000000e+03 7.259999999999999432e+01 6.000000000000000000e+00 5.229000000000000000e+03
4.638000000000000000e+03 7.476000000000000000e+03 5.329999999999999716e+01 5.200000000000000178e+00 5.231000000000000000e+03
4.612000000000000000e+03 7.572000000000000000e+03 5.639999999999999858e+01 5.099999999999999645e+00 5.254000000000000000e+03
4.562000000000000000e+03 7.426000000000000000e+03 5.700000000000000000e+01 5.299999999999999822e+00 5.307000000000000000e+03
4.591000000000000000e+03 7.384000000000000000e+03 5.450000000000000000e+01 5.400000000000000355e+00 5.279000000000000000e+03
4.678000000000000000e+03 7.482000000000000000e+03 6.559999999999999432e+01 5.400000000000000355e+00 5.204000000000000000e+03
4.672000000000000000e+03 7.468000000000000000e+03 5.670000000000000284e+01 5.700000000000000178e+00 5.206000000000000000e+03
4.645000000000000000e+03 7.463000000000000000e+03 8.570000000000000284e+01 5.500000000000000000e+00 5.219000000000000000e+03
4.665000000000000000e+03 7.522000000000000000e+03 5.320000000000000284e+01 5.099999999999999645e+00 5.224000000000000000e+03
4.607000000000000000e+03 7.636000000000000000e+03 5.420000000000000284e+01 5.099999999999999645e+00 5.268000000000000000e+03
4.644000000000000000e+03 7.465000000000000000e+03 5.179999999999999716e+01 6.000000000000000000e+00 5.228000000000000000e+03
4.552000000000000000e+03 7.550000000000000000e+03 5.620000000000000284e+01 5.299999999999999822e+00 5.313000000000000000e+03
4.590000000000000000e+03 7.412000000000000000e+03 5.320000000000000284e+01 6.000000000000000000e+00 5.265000000000000000e+03
4.655000000000000000e+03 7.473000000000000000e+03 4.750000000000000000e+01 5.700000000000000178e+00 5.226000000000000000e+03
4.578000000000000000e+03 7.416000000000000000e+03 6.320000000000000284e+01 6.000000000000000000e+00 5.295000000000000000e+03
4.609000000000000000e+03 7.448000000000000000e+03 6.859999999999999432e+01 5.500000000000000000e+00 5.269000000000000000e+03
4.654000000000000000e+03 7.499000000000000000e+03 6.320000000000000284e+01 5.500000000000000000e+00 5.228000000000000000e+03
4.575000000000000000e+03 7.537000000000000000e+03 5.679999999999999716e+01 5.400000000000000355e+00 5.295000000000000000e+03
4.526000000000000000e+03 7.561000000000000000e+03 5.620000000000000284e+01 5.200000000000000178e+00 5.334000000000000000e+03
4.619000000000000000e+03 7.678000000000000000e+03 4.839999999999999858e+01 6.000000000000000000e+00 5.273000000000000000e+03
4.540000000000000000e+03 7.497000000000000000e+03 6.150000000000000000e+01 5.599999999999999645e+00 5.321000000000000000e+03
4.689000000000000000e+03 7.544000000000000000e+03 6.060000000000000142e+01 6.000000000000000000e+00 5.181000000000000000e+03
4.597000000000000000e+03 7.512000000000000000e+03 5.160000000000000142e+01 5.200000000000000178e+00 5.276000000000000000e+03
4.587000000000000000e+03 7.399000000000000000e+03 5.970000000000000284e+01 5.500000000000000000e+00 5.289000000000000000e+03
4.584000000000000000e+03 7.383000000000000000e+03 5.739999999999999858e+01 5.400000000000000355e+00 5.302000000000000000e+03
4.553000000000000000e+03 7.477000000000000000e+03 5.939999999999999858e+01 6.000000000000000000e+00 5.330000000000000000e+03
4.657000000000000000e+03 7.406000000000000000e+03 6.129999999999999716e+01 5.200000000000000178e+00 5.231000000000000000e+03
4.533000000000000000e+03 7.565000000000000000e+03 5.070000000000000284e+01 6.000000000000000000e+00 5.328000000000000000e+03
4.557000000000000000e+03 7.530000000000000000e+03 6.659999999999999432e+01 5.299999999999999822e+00 5.339000000000000000e+03
4.654000000000000000e+03 7.457000000000000000e+03 8.220000000000000284e+01 5.500000000000000000e+00 5.210000000000000000e+03
4.635000000000000000e+03 7.470000000000000000e+03 6.879999999999999716e+01 6.000000000000000000e+00 5.217000000000000000e+03
4.699000000000000000e+03 7.484000000000000000e+03 5.679999999999999716e+01 5.500000000000000000e+00 5.176000000000000000e+03
4.587000000000000000e+03 7.364000000000000000e+03 6.039999999999999858e+01 5.500000000000000000e+00 5.297000000000000000e+03
4.630000000000000000e+03 7.616000000000000000e+03 5.700000000000000000e+01 6.000000000000000000e+00 5.230000000000000000e+03
4.680000000000000000e+03 7.394000000000000000e+03 7.079999999999999716e+01 5.500000000000000000e+00 5.180000000000000000e+03
4.740000000000000000e+03 7.398000000000000000e+03 5.400000000000000000e+01 5.599999999999999645e+00 5.147000000000000000e+03
4.593000000000000000e+03 7.508000000000000000e+03 6.879999999999999716e+01 5.200000000000000178e+00 5.274000000000000000e+03
4.585000000000000000e+03 7.434000000000000000e+03 5.770000000000000284e+01 5.400000000000000355e+00 5.303000000000000000e+03
4.535000000000000000e+03 7.579000000000000000e+03 5.650000000000000000e+01 6.000000000000000000e+00 5.362000000000000000e+03
4.644000000000000000e+03 7.419000000000000000e+03 5.679999999999999716e+01 5.299999999999999822e+00 5.228000000000000000e+03
4.654000000000000000e+03 7.436000000000000000e+03 6.229999999999999716e+01 5.299999999999999822e+00 5.228000000000000000e+03
4.588000000000000000e+03 7.548000000000000000e+03 5.239999999999999858e+01 5.200000000000000178e+00 5.287000000000000000e+03
4.479000000000000000e+03 7.394000000000000000e+03 5.470000000000000284e+01 5.400000000000000355e+00 5.405000000000000000e+03
4.562000000000000000e+03 7.547000000000000000e+03 5.989999999999999858e+01 5.400000000000000355e+00 5.320000000000000000e+03
4.590000000000000000e+03 7.488000000000000000e+03 5.560000000000000142e+01 5.200000000000000178e+00 5.304000000000000000e+03
4.619000000000000000e+03 7.547000000000000000e+03 8.950000000000000000e+01 6.000000000000000000e+00 5.256000000000000000e+03
4.696000000000000000e+03 7.424000000000000000e+03 7.150000000000000000e+01 5.599999999999999645e+00 5.168000000000000000e+03
4.597000000000000000e+03 7.676000000000000000e+03 5.720000000000000284e+01 6.000000000000000000e+00 5.261000000000000000e+03
4.633000000000000000e+03 7.432000000000000000e+03 7.909999999999999432e+01 5.700000000000000178e+00 5.233000000000000000e+03
4.603000000000000000e+03 7.461000000000000000e+03 6.759999999999999432e+01 5.599999999999999645e+00 5.273000000000000000e+03
4.620000000000000000e+03 7.381000000000000000e+03 6.500000000000000000e+01 5.500000000000000000e+00 5.253000000000000000e+03
4.574000000000000000e+03 7.537000000000000000e+03 5.450000000000000000e+01 5.200000000000000178e+00 5.314000000000000000e+03
4.625000000000000000e+03 7.434000000000000000e+03 6.979999999999999716e+01 5.400000000000000355e+00 5.254000000000000000e+03
4.565000000000000000e+03 7.569000000000000000e+03 5.570000000000000284e+01 6.000000000000000000e+00 5.327000000000000000e+03
4.642000000000000000e+03 7.388000000000000000e+03 5.960000000000000142e+01 5.599999999999999645e+00 5.228000000000000000e+03
4.626000000000000000e+03 7.351000000000000000e+03 7.059999999999999432e+01 5.500000000000000000e+00 5.241000000000000000e+03
4.640000000000000000e+03 7.414000000000000000e+03 6.940000000000000568e+01 6.000000000000000000e+00 5.238000000000000000e+03
4.633000000000000000e+03 7.488000000000000000e+03 5.589999999999999858e+01 5.400000000000000355e+00 5.244000000000000000e+03
4.673000000000000000e+03 7.381000000000000000e+03 6.579999999999999716e+01 6.000000000000000000e+00 5.201000000000000000e+03
4.536000000000000000e+03 7.430000000000000000e+03 6.079999999999999716e+01 5.700000000000000178e+00 5.322000000000000000e+03
4.646000000000000000e+03 7.494000000000000000e+03 5.629999999999999716e+01 5.400000000000000355e+00 5.238000000000000000e+03
4.691000000000000000e+03 7.596000000000000000e+03 7.129999999999999716e+01 6.000000000000000000e+00 5.170000000000000000e+03
4.568000000000000000e+03 7.399000000000000000e+03 5.110000000000000142e+01 5.400000000000000355e+00 5.311000000000000000e+03
4.674000000000000000e+03 7.355000000000000000e+03 6.120000000000000284e+01 5.500000000000000000e+00 5.192000000000000000e+03
4.673000000000000000e+03 7.340000000000000000e+03 6.260000000000000142e+01 5.200000000000000178e+00 5.224000000000000000e+03
4.629000000000000000e+03 7.441000000000000000e+03 6.300000000000000000e+01 5.299999999999999822e+00 5.247000000000000000e+03
4.607000000000000000e+03 7.394000000000000000e+03 6.210000000000000142e+01 5.500000000000000000e+00 5.275000000000000000e+03
4.643000000000000000e+03 7.466000000000000000e+03 5.879999999999999716e+01 6.000000000000000000e+00 5.224000000000000000e+03
4.539000000000000000e+03 7.505000000000000000e+03 6.429999999999999716e+01 6.000000000000000000e+00 5.320000000000000000e+03
4.635000000000000000e+03 7.482000000000000000e+03 6.520000000000000284e+01 5.400000000000000355e+00 5.259000000000000000e+03
4.594000000000000000e+03 7.596000000000000000e+03 6.029999999999999716e+01 6.000000000000000000e+00 5.279000000000000000e+03
4.586000000000000000e+03 7.420000000000000000e+03 5.600000000000000000e+01 5.200000000000000178e+00 5.302000000000000000e+03
4.618000000000000000e+03 7.497000000000000000e+03 8.209999999999999432e+01 5.299999999999999822e+00 5.241000000000000000e+03
4.663000000000000000e+03 7.354000000000000000e+03 6.620000000000000284e+01 5.400000000000000355e+00 5.237000000000000000e+03
4.562000000000000000e+03 7.443000000000000000e+03 6.289999999999999858e+01 6.000000000000000000e+00 5.318000000000000000e+03
4.640000000000000000e+03 7.365000000000000000e+03 5.820000000000000284e+01 5.500000000000000000e+00 5.232000000000000000e+03
4.585000000000000000e+03 7.545000000000000000e+03 5.200000000000000000e+01 6.000000000000000000e+00 5.285000000000000000e+03
4.612000000000000000e+03 7.474000000000000000e+03 6.000000000000000000e+01 5.200000000000000178e+00 5.265000000000000000e+03
4.479000000000000000e+03 7.661000000000000000e+03 6.170000000000000284e+01 6.000000000000000000e+00 5.398000000000000000e+03
4.591000000000000000e+03 7.443000000000000000e+03 7.229999999999999716e+01 5.599999999999999645e+00 5.267000000000000000e+03
4.619000000000000000e+03 7.551000000000000000e+03 5.239999999999999858e+01 5.200000000000000178e+00 5.260000000000000000e+03
4.581000000000000000e+03 7.410000000000000000e+03 6.670000000000000284e+01 5.400000000000000355e+00 5.315000000000000000e+03
4.510000000000000000e+03 7.438000000000000000e+03 6.900000000000000000e+01 6.000000000000000000e+00 5.366000000000000000e+03
4.544000000000000000e+03 7.497000000000000000e+03 6.420000000000000284e+01 6.000000000000000000e+00 5.346000000000000000e+03
4.550000000000000000e+03 7.479000000000000000e+03 5.560000000000000142e+01 6.000000000000000000e+00 5.305000000000000000e+03
4.617000000000000000e+03 7.521000000000000000e+03 5.729999999999999716e+01 5.299999999999999822e+00 5.259000000000000000e+03
4.596000000000000000e+03 7.497000000000000000e+03 6.850000000000000000e+01 5.099999999999999645e+00 5.303000000000000000e+03
4.618000000000000000e+03 7.469000000000000000e+03 5.650000000000000000e+01 5.299999999999999822e+00 5.237000000000000000e+03
4.586000000000000000e+03 7.347000000000000000e+03 6.150000000000000000e+01 5.400000000000000355e+00 5.285000000000000000e+03
4.621000000000000000e+03 7.530000000000000000e+03 6.289999999999999858e+01 5.000000000000000000e+00 5.249000000000000000e+03
4.644000000000000000e+03 7.482000000000000000e+03 5.279999999999999716e+01 5.099999999999999645e+00 5.208000000000000000e+03
4.736000000000000000e+03 7.630000000000000000e+03 5.289999999999999858e+01 6.000000000000000000e+00 5.158000000000000000e+03
4.638000000000000000e+03 7.622000000000000000e+03 6.809999999999999432e+01 5.000000000000000000e+00 5.233000000000000000e+03
4.596000000000000000e+03 7.475000000000000000e+03 5.689999999999999858e+01 5.299999999999999822e+00 5.277000000000000000e+03
4.658000000000000000e+03 7.449000000000000000e+03 5.629999999999999716e+01 5.500000000000000000e+00 5.211000000000000000e+03
4.627000000000000000e+03 7.345000000000000000e+03 6.239999999999999858e+01 5.299999999999999822e+00 5.251000000000000000e+03
4.597000000000000000e+03 7.464000000000000000e+03 6.900000000000000000e+01 5.400000000000000355e+00 5.274000000000000000e+03
4.545000000000000000e+03 7.545000000000000000e+03 5.539999999999999858e+01 5.099999999999999645e+00 5.335000000000000000e+03
4.617000000000000000e+03 7.403000000000000000e+03 6.000000000000000000e+01 5.200000000000000178e+00 5.263000000000000000e+03
4.677000000000000000e+03 7.559000000000000000e+03 5.039999999999999858e+01 5.200000000000000178e+00 5.217000000000000000e+03
4.582000000000000000e+03 7.423000000000000000e+03 6.170000000000000284e+01 5.500000000000000000e+00 5.289000000000000000e+03
4.626000000000000000e+03 7.371000000000000000e+03 5.720000000000000284e+01 5.400000000000000355e+00 5.252000000000000000e+03
4.554000000000000000e+03 7.435000000000000000e+03 6.029999999999999716e+01 5.299999999999999822e+00 5.330000000000000000e+03
4.633000000000000000e+03 7.558000000000000000e+03 5.860000000000000142e+01 6.000000000000000000e+00 5.259000000000000000e+03
4.593000000000000000e+03 7.366000000000000000e+03 6.089999999999999858e+01 5.500000000000000000e+00 5.291000000000000000e+03
4.659000000000000000e+03 7.473000000000000000e+03 6.110000000000000142e+01 5.200000000000000178e+00 5.237000000000000000e+03
4.535000000000000000e+03 7.469000000000000000e+03 5.750000000000000000e+01 5.599999999999999645e+00 5.347000000000000000e+03
4.725000000000000000e+03 7.432000000000000000e+03 5.839999999999999858e+01 5.599999999999999645e+00 5.173000000000000000e+03
4.662000000000000000e+03 7.421000000000000000e+03 5.660000000000000142e+01 5.500000000000000000e+00 5.221000000000000000e+03
4.605000000000000000e+03 7.478000000000000000e+03 5.760000000000000142e+01 5.099999999999999645e+00 5.260000000000000000e+03
4.666000000000000000e+03 7.470000000000000000e+03 7.440000000000000568e+01 5.200000000000000178e+00 5.201000000000000000e+03
4.489000000000000000e+03 7.551000000000000000e+03 6.220000000000000284e+01 5.599999999999999645e+00 5.396000000000000000e+03
4.588000000000000000e+03 7.563000000000000000e+03 5.739999999999999858e+01 6.000000000000000000e+00 5.298000000000000000e+03
4.591000000000000000e+03 7.575000000000000000e+03 8.490000000000000568e+01 5.099999999999999645e+00 5.274000000000000000e+03
4.645000000000000000e+03 7.637000000000000000e+03 6.000000000000000000e+01 5.200000000000000178e+00 5.237000000000000000e+03
4.577000000000000000e+03 7.402000000000000000e+03 5.200000000000000000e+01 5.299999999999999822e+00 5.295000000000000000e+03
4.621000000000000000e+03 7.523000000000000000e+03 6.389999999999999858e+01 6.000000000000000000e+00 5.274000000000000000e+03
4.628000000000000000e+03 7.490000000000000000e+03 5.450000000000000000e+01 5.799999999999999822e+00 5.247000000000000000e+03
4.585000000000000000e+03 7.448000000000000000e+03 6.220000000000000284e+01 6.000000000000000000e+00 5.304000000000000000e+03
4.717000000000000000e+03 7.318000000000000000e+03 6.350000000000000000e+01 5.500000000000000000e+00 5.173000000000000000e+03
4.578000000000000000e+03 7.486000000000000000e+03 6.329999999999999716e+01 5.000000000000000000e+00 5.298000000000000000e+03
4.603000000000000000e+03 7.502000000000000000e+03 7.900000000000000000e+01 5.299999999999999822e+00 5.283000000000000000e+03
4.703000000000000000e+03 7.657000000000000000e+03 7.679999999999999716e+01 5.000000000000000000e+00 5.173000000000000000e+03
4.552000000000000000e+03 7.350000000000000000e+03 6.979999999999999716e+01 5.500000000000000000e+00 5.328000000000000000e+03
4.574000000000000000e+03 7.635000000000000000e+03 7.679999999999999716e+01 5.000000000000000000e+00 5.309000000000000000e+03
4.600000000000000000e+03 7.484000000000000000e+03 5.600000000000000000e+01 5.299999999999999822e+00 5.277000000000000000e+03
4.668000000000000000e+03 7.567000000000000000e+03 5.150000000000000000e+01 6.000000000000000000e+00 5.201000000000000000e+03
4.630000000000000000e+03 7.426000000000000000e+03 5.429999999999999716e+01 5.700000000000000178e+00 5.234000000000000000e+03
4.704000000000000000e+03 7.537000000000000000e+03 6.070000000000000284e+01 5.099999999999999645e+00 5.161000000000000000e+03
4.670000000000000000e+03 7.464000000000000000e+03 5.879999999999999716e+01 5.400000000000000355e+00 5.217000000000000000e+03
4.544000000000000000e+03 7.478000000000000000e+03 4.939999999999999858e+01 5.299999999999999822e+00 5.317000000000000000e+03
4.657000000000000000e+03 7.481000000000000000e+03 6.220000000000000284e+01 5.700000000000000178e+00 5.226000000000000000e+03
4.582000000000000000e+03 7.635000000000000000e+03 6.270000000000000284e+01 6.000000000000000000e+00 5.306000000000000000e+03
4.648000000000000000e+03 7.472000000000000000e+03 5.010000000000000142e+01 5.299999999999999822e+00 5.217000000000000000e+03
4.566000000000000000e+03 7.384000000000000000e+03 5.800000000000000000e+01 6.200000000000000178e+00 5.317000000000000000e+03
4.607000000000000000e+03 7.445000000000000000e+03 5.920000000000000284e+01 5.299999999999999822e+00 5.269000000000000000e+03
4.623000000000000000e+03 7.554000000000000000e+03 7.990000000000000568e+01 6.000000000000000000e+00 5.245000000000000000e+03
4.591000000000000000e+03 7.467000000000000000e+03 6.150000000000000000e+01 6.000000000000000000e+00 5.272000000000000000e+03
4.565000000000000000e+03 7.507000000000000000e+03 7.329999999999999716e+01 5.299999999999999822e+00 5.307000000000000000e+03
4.657000000000000000e+03 7.431000000000000000e+03 5.429999999999999716e+01 5.599999999999999645e+00 5.204000000000000000e+03
4.487000000000000000e+03 7.505000000000000000e+03 6.790000000000000568e+01 5.299999999999999822e+00 5.397000000000000000e+03
4.713000000000000000e+03 7.429000000000000000e+03 6.790000000000000568e+01 5.599999999999999645e+00 5.155000000000000000e+03
4.591000000000000000e+03 7.412000000000000000e+03 6.300000000000000000e+01 5.299999999999999822e+00 5.278000000000000000e+03
4.608000000000000000e+03 7.480000000000000000e+03 6.450000000000000000e+01 5.299999999999999822e+00 5.254000000000000000e+03
4.531000000000000000e+03 7.536000000000000000e+03 5.170000000000000284e+01 6.099999999999999645e+00 5.352000000000000000e+03
4.592000000000000000e+03 7.578000000000000000e+03 5.489999999999999858e+01 5.000000000000000000e+00 5.291000000000000000e+03
4.716000000000000000e+03 7.462000000000000000e+03 6.640000000000000568e+01 6.000000000000000000e+00 5.175000000000000000e+03
4.575000000000000000e+03 7.498000000000000000e+03 6.060000000000000142e+01 5.200000000000000178e+00 5.295000000000000000e+03
4.637000000000000000e+03 7.489000000000000000e+03 6.640000000000000568e+01 6.000000000000000000e+00 5.223000000000000000e+03
4.654000000000000000e+03 7.382000000000000000e+03 6.079999999999999716e+01 5.700000000000000178e+00 5.228000000000000000e+03
4.508000000000000000e+03 7.628000000000000000e+03 5.520000000000000284e+01 5.000000000000000000e+00 5.360000000000000000e+03
4.607000000000000000e+03 7.561000000000000000e+03 6.850000000000000000e+01 5.200000000000000178e+00 5.270000000000000000e+03
4.611000000000000000e+03 7.426000000000000000e+03 6.940000000000000568e+01 6.000000000000000000e+00 5.253000000000000000e+03
4.614000000000000000e+03 7.499000000000000000e+03 5.329999999999999716e+01 5.299999999999999822e+00 5.238000000000000000e+03
4.516000000000000000e+03 7.498000000000000000e+03 5.629999999999999716e+01 6.000000000000000000e+00 5.345000000000000000e+03
4.565000000000000000e+03 7.609000000000000000e+03 6.239999999999999858e+01 5.200000000000000178e+00 5.313000000000000000e+03
4.625000000000000000e+03 7.566000000000000000e+03 5.660000000000000142e+01 6.000000000000000000e+00 5.246000000000000000e+03
4.580000000000000000e+03 7.554000000000000000e+03 5.870000000000000284e+01 5.099999999999999645e+00 5.301000000000000000e+03
4.517000000000000000e+03 7.535000000000000000e+03 6.060000000000000142e+01 6.000000000000000000e+00 5.374000000000000000e+03
4.583000000000000000e+03 7.545000000000000000e+03 6.650000000000000000e+01 6.000000000000000000e+00 5.296000000000000000e+03
4.630000000000000000e+03 7.483000000000000000e+03 6.120000000000000284e+01 5.200000000000000178e+00 5.240000000000000000e+03
4.624000000000000000e+03 7.447000000000000000e+03 5.879999999999999716e+01 5.500000000000000000e+00 5.252000000000000000e+03
4.596000000000000000e+03 7.426000000000000000e+03 6.509999999999999432e+01 5.200000000000000178e+00 5.279000000000000000e+03
4.535000000000000000e+03 7.440000000000000000e+03 6.640000000000000568e+01 5.599999999999999645e+00 5.351000000000000000e+03
4.680000000000000000e+03 7.487000000000000000e+03 6.220000000000000284e+01 6.000000000000000000e+00 5.200000000000000000e+03
4.612000000000000000e+03 7.370000000000000000e+03 7.179999999999999716e+01 5.500000000000000000e+00 5.279000000000000000e+03
4.677000000000000000e+03 7.457000000000000000e+03 7.209999999999999432e+01 5.299999999999999822e+00 5.212000000000000000e+03
4.670000000000000000e+03 7.561000000000000000e+03 6.609999999999999432e+01 5.200000000000000178e+00 5.192000000000000000e+03
4.573000000000000000e+03 7.471000000000000000e+03 5.989999999999999858e+01 5.700000000000000178e+00 5.312000000000000000e+03
4.582000000000000000e+03 7.412000000000000000e+03 6.450000000000000000e+01 5.400000000000000355e+00 5.305000000000000000e+03
4.650000000000000000e+03 7.452000000000000000e+03 5.889999999999999858e+01 5.500000000000000000e+00 5.239000000000000000e+03
4.599000000000000000e+03 7.440000000000000000e+03 7.950000000000000000e+01 5.599999999999999645e+00 5.276000000000000000e+03
4.600000000000000000e+03 7.550000000000000000e+03 5.500000000000000000e+01 6.000000000000000000e+00 5.283000000000000000e+03
4.543000000000000000e+03 7.468000000000000000e+03 6.440000000000000568e+01 6.500000000000000000e+00 5.334000000000000000e+03
4.568000000000000000e+03 7.616000000000000000e+03 7.179999999999999716e+01 6.000000000000000000e+00 5.305000000000000000e+03
4.490000000000000000e+03 7.504000000000000000e+03 6.479999999999999716e+01 5.000000000000000000e+00 5.387000000000000000e+03
4.622000000000000000e+03 7.493000000000000000e+03 5.429999999999999716e+01 6.000000000000000000e+00 5.256000000000000000e+03
4.644000000000000000e+03 7.458000000000000000e+03 5.670000000000000284e+01 5.400000000000000355e+00 5.227000000000000000e+03
4.631000000000000000e+03 7.490000000000000000e+03 5.889999999999999858e+01 5.299999999999999822e+00 5.245000000000000000e+03
4.595000000000000000e+03 7.441000000000000000e+03 5.950000000000000000e+01 5.299999999999999822e+00 5.276000000000000000e+03
4.490000000000000000e+03 7.412000000000000000e+03 6.709999999999999432e+01 5.400000000000000355e+00 5.383000000000000000e+03
4.639000000000000000e+03 7.468000000000000000e+03 5.460000000000000142e+01 5.299999999999999822e+00 5.243000000000000000e+03
4.652000000000000000e+03 7.495000000000000000e+03 6.139999999999999858e+01 6.000000000000000000e+00 5.242000000000000000e+03
4.668000000000000000e+03 7.410000000000000000e+03 6.509999999999999432e+01 5.599999999999999645e+00 5.204000000000000000e+03
4.654000000000000000e+03 7.392000000000000000e+03 7.959999999999999432e+01 5.599999999999999645e+00 5.230000000000000000e+03
4.632000000000000000e+03 7.475000000000000000e+03 1.035999999999999943e+02 5.400000000000000355e+00 5.240000000000000000e+03
4.660000000000000000e+03 7.395000000000000000e+03 6.239999999999999858e+01 5.200000000000000178e+00 5.218000000000000000e+03
4.723000000000000000e+03 7.555000000000000000e+03 5.529999999999999716e+01 5.099999999999999645e+00 5.154000000000000000e+03
4.600000000000000000e+03 7.527000000000000000e+03 5.350000000000000000e+01 6.000000000000000000e+00 5.278000000000000000e+03
4.522000000000000000e+03 7.491000000000000000e+03 6.110000000000000142e+01 6.000000000000000000e+00 5.347000000000000000e+03
4.625000000000000000e+03 7.454000000000000000e+03 7.529999999999999716e+01 5.400000000000000355e+00 5.262000000000000000e+03
4.554000000000000000e+03 7.472000000000000000e+03 6.679999999999999716e+01 5.599999999999999645e+00 5.314000000000000000e+03
4.526000000000000000e+03 7.523000000000000000e+03 5.879999999999999716e+01 6.000000000000000000e+00 5.357000000000000000e+03
4.586000000000000000e+03 7.472000000000000000e+03 6.890000000000000568e+01 5.400000000000000355e+00 5.299000000000000000e+03
4.718000000000000000e+03 7.515000000000000000e+03 5.529999999999999716e+01 5.099999999999999645e+00 5.159000000000000000e+03
4.616000000000000000e+03 7.457000000000000000e+03 6.750000000000000000e+01 6.000000000000000000e+00 5.245000000000000000e+03
4.673000000000000000e+03 7.478000000000000000e+03 5.770000000000000284e+01 5.200000000000000178e+00 5.186000000000000000e+03
4.666000000000000000e+03 7.328000000000000000e+03 5.320000000000000284e+01 5.500000000000000000e+00 5.201000000000000000e+03
4.698000000000000000e+03 7.442000000000000000e+03 6.900000000000000000e+01 5.200000000000000178e+00 5.167000000000000000e+03
4.633000000000000000e+03 7.510000000000000000e+03 5.679999999999999716e+01 5.000000000000000000e+00 5.249000000000000000e+03
4.590000000000000000e+03 7.596000000000000000e+03 6.429999999999999716e+01 5.000000000000000000e+00 5.275000000000000000e+03
4.605000000000000000e+03 7.507000000000000000e+03 6.239999999999999858e+01 5.299999999999999822e+00 5.276000000000000000e+03
4.593000000000000000e+03 7.408000000000000000e+03 5.479999999999999716e+01 5.400000000000000355e+00 5.291000000000000000e+03
4.514000000000000000e+03 7.519000000000000000e+03 7.870000000000000284e+01 6.400000000000000355e+00 5.373000000000000000e+03
4.587000000000000000e+03 7.539000000000000000e+03 5.710000000000000142e+01 5.099999999999999645e+00 5.285000000000000000e+03
4.638000000000000000e+03 7.416000000000000000e+03 5.629999999999999716e+01 5.500000000000000000e+00 5.249000000000000000e+03
4.612000000000000000e+03 7.500000000000000000e+03 7.270000000000000284e+01 6.000000000000000000e+00 5.257000000000000000e+03
4.637000000000000000e+03 7.428000000000000000e+03 5.010000000000000142e+01 5.500000000000000000e+00 5.257000000000000000e+03
4.634000000000000000e+03 7.541000000000000000e+03 5.189999999999999858e+01 6.000000000000000000e+00 5.255000000000000000e+03
4.629000000000000000e+03 7.474000000000000000e+03 7.679999999999999716e+01 5.299999999999999822e+00 5.242000000000000000e+03
4.625000000000000000e+03 7.417000000000000000e+03 5.820000000000000284e+01 5.200000000000000178e+00 5.243000000000000000e+03
4.684000000000000000e+03 7.397000000000000000e+03 6.000000000000000000e+01 6.000000000000000000e+00 5.194000000000000000e+03
4.526000000000000000e+03 7.498000000000000000e+03 5.689999999999999858e+01 5.099999999999999645e+00 5.355000000000000000e+03
4.605000000000000000e+03 7.368000000000000000e+03 5.200000000000000000e+01 5.500000000000000000e+00 5.252000000000000000e+03
4.623000000000000000e+03 7.501000000000000000e+03 5.910000000000000142e+01 5.000000000000000000e+00 5.249000000000000000e+03
4.585000000000000000e+03 7.481000000000000000e+03 4.950000000000000000e+01 5.299999999999999822e+00 5.283000000000000000e+03
4.601000000000000000e+03 7.629000000000000000e+03 5.810000000000000142e+01 6.000000000000000000e+00 5.259000000000000000e+03
4.665000000000000000e+03 7.459000000000000000e+03 6.339999999999999858e+01 6.000000000000000000e+00 5.216000000000000000e+03
4.575000000000000000e+03 7.555000000000000000e+03 5.679999999999999716e+01 5.099999999999999645e+00 5.319000000000000000e+03
4.651000000000000000e+03 7.443000000000000000e+03 6.210000000000000142e+01 5.400000000000000355e+00 5.233000000000000000e+03
4.561000000000000000e+03 7.581000000000000000e+03 5.810000000000000142e+01 6.000000000000000000e+00 5.332000000000000000e+03
4.504000000000000000e+03 7.579000000000000000e+03 6.640000000000000568e+01 5.200000000000000178e+00 5.372000000000000000e+03
4.586000000000000000e+03 7.559000000000000000e+03 4.950000000000000000e+01 5.099999999999999645e+00 5.277000000000000000e+03
4.589000000000000000e+03 7.528000000000000000e+03 7.770000000000000284e+01 5.299999999999999822e+00 5.302000000000000000e+03
4.603000000000000000e+03 7.434000000000000000e+03 6.600000000000000000e+01 5.599999999999999645e+00 5.275000000000000000e+03
4.466000000000000000e+03 7.492000000000000000e+03 6.329999999999999716e+01 5.400000000000000355e+00 5.402000000000000000e+03
4.585000000000000000e+03 7.432000000000000000e+03 5.079999999999999716e+01 5.599999999999999645e+00 5.304000000000000000e+03
4.674000000000000000e+03 7.652000000000000000e+03 5.300000000000000000e+01 6.000000000000000000e+00 5.201000000000000000e+03
4.566000000000000000e+03 7.399000000000000000e+03 7.479999999999999716e+01 5.599999999999999645e+00 5.319000000000000000e+03
4.602000000000000000e+03 7.483000000000000000e+03 5.160000000000000142e+01 5.200000000000000178e+00 5.261000000000000000e+03
4.625000000000000000e+03 7.533000000000000000e+03 5.800000000000000000e+01 5.000000000000000000e+00 5.222000000000000000e+03
4.478000000000000000e+03 7.378000000000000000e+03 6.050000000000000000e+01 5.500000000000000000e+00 5.380000000000000000e+03
4.631000000000000000e+03 7.505000000000000000e+03 6.139999999999999858e+01 6.000000000000000000e+00 5.241000000000000000e+03
4.600000000000000000e+03 7.532000000000000000e+03 5.200000000000000000e+01 5.000000000000000000e+00 5.289000000000000000e+03
4.614000000000000000e+03 7.415000000000000000e+03 5.710000000000000142e+01 5.400000000000000355e+00 5.281000000000000000e+03
4.600000000000000000e+03 7.528000000000000000e+03 6.100000000000000000e+01 6.000000000000000000e+00 5.272000000000000000e+03
4.632000000000000000e+03 7.599000000000000000e+03 6.750000000000000000e+01 6.000000000000000000e+00 5.263000000000000000e+03
4.545000000000000000e+03 7.503000000000000000e+03 6.000000000000000000e+01 5.000000000000000000e+00 5.339000000000000000e+03
4.623000000000000000e+03 7.536000000000000000e+03 5.700000000000000000e+01 6.000000000000000000e+00 5.253000000000000000e+03
4.654000000000000000e+03 7.425000000000000000e+03 5.460000000000000142e+01 5.400000000000000355e+00 5.209000000000000000e+03
4.664000000000000000e+03 7.473000000000000000e+03 5.660000000000000142e+01 5.500000000000000000e+00 5.231000000000000000e+03
4.681000000000000000e+03 7.434000000000000000e+03 5.429999999999999716e+01 5.299999999999999822e+00 5.209000000000000000e+03
4.562000000000000000e+03 7.414000000000000000e+03 5.410000000000000142e+01 5.500000000000000000e+00 5.313000000000000000e+03
4.579000000000000000e+03 7.393000000000000000e+03 5.200000000000000000e+01 5.500000000000000000e+00 5.315000000000000000e+03
4.594000000000000000e+03 7.370000000000000000e+03 5.129999999999999716e+01 5.599999999999999645e+00 5.262000000000000000e+03
4.593000000000000000e+03 7.476000000000000000e+03 6.420000000000000284e+01 6.000000000000000000e+00 5.279000000000000000e+03
