6.945000000000000000e+03 6.243000000000000000e+03 1.805000000000000000e+02 9.599999999999999645e+00 3.434000000000000000e+03
6.962000000000000000e+03 6.484000000000000000e+03 2.503000000000000114e+02 9.300000000000000711e+00 3.464000000000000000e+03
6.835000000000000000e+03 6.223000000000000000e+03 1.549000000000000057e+02 1.040000000000000036e+01 3.452000000000000000e+03
6.737000000000000000e+03 6.247000000000000000e+03 1.719000000000000057e+02 1.030000000000000071e+01 3.451000000000000000e+03
6.833000000000000000e+03 6.469000000000000000e+03 1.555999999999999943e+02 1.109999999999999964e+01 3.471000000000000000e+03
6.745000000000000000e+03 6.456000000000000000e+03 1.619000000000000057e+02 1.030000000000000071e+01 3.561000000000000000e+03
6.875000000000000000e+03 6.611000000000000000e+03 1.875999999999999943e+02 1.000000000000000000e+01 3.579000000000000000e+03
6.845000000000000000e+03 6.230000000000000000e+03 1.683000000000000114e+02 1.009999999999999964e+01 3.481000000000000000e+03
6.825000000000000000e+03 6.405000000000000000e+03 2.823000000000000114e+02 1.000000000000000000e+01 3.578000000000000000e+03
6.780000000000000000e+03 6.413000000000000000e+03 1.795999999999999943e+02 1.000000000000000000e+01 3.444000000000000000e+03
6.912000000000000000e+03 6.478000000000000000e+03 1.930000000000000000e+02 1.009999999999999964e+01 3.456000000000000000e+03
6.851000000000000000e+03 6.467000000000000000e+03 2.786999999999999886e+02 1.009999999999999964e+01 3.472000000000000000e+03
6.832000000000000000e+03 6.687000000000000000e+03 1.734000000000000057e+02 9.699999999999999289e+00 3.535000000000000000e+03
6.905000000000000000e+03 6.440000000000000000e+03 1.830000000000000000e+02 9.900000000000000355e+00 3.490000000000000000e+03
6.908000000000000000e+03 6.327000000000000000e+03 1.516999999999999886e+02 9.599999999999999645e+00 3.492000000000000000e+03
6.855000000000000000e+03 6.690000000000000000e+03 1.800000000000000000e+02 9.900000000000000355e+00 3.457000000000000000e+03
6.730000000000000000e+03 6.454000000000000000e+03 1.673000000000000114e+02 1.059999999999999964e+01 3.568000000000000000e+03
6.830000000000000000e+03 6.664000000000000000e+03 1.643000000000000114e+02 9.699999999999999289e+00 3.428000000000000000e+03
6.867000000000000000e+03 6.470000000000000000e+03 1.559000000000000057e+02 1.000000000000000000e+01 3.461000000000000000e+03
6.909000000000000000e+03 6.567000000000000000e+03 1.781999999999999886e+02 1.000000000000000000e+01 3.540000000000000000e+03
6.777000000000000000e+03 6.232000000000000000e+03 1.751999999999999886e+02 1.059999999999999964e+01 3.426000000000000000e+03
6.866000000000000000e+03 6.441000000000000000e+03 1.621999999999999886e+02 9.800000000000000711e+00 3.519000000000000000e+03
6.839000000000000000e+03 6.297000000000000000e+03 1.651999999999999886e+02 9.199999999999999289e+00 3.517000000000000000e+03
6.865000000000000000e+03 6.657000000000000000e+03 1.886999999999999886e+02 1.050000000000000000e+01 3.555000000000000000e+03
6.692000000000000000e+03 6.674000000000000000e+03 1.481999999999999886e+02 1.009999999999999964e+01 3.460000000000000000e+03
6.778000000000000000e+03 6.491000000000000000e+03 1.839000000000000057e+02 1.050000000000000000e+01 3.549000000000000000e+03
6.658000000000000000e+03 6.451000000000000000e+03 1.476999999999999886e+02 1.109999999999999964e+01 3.488000000000000000e+03
6.917000000000000000e+03 6.496000000000000000e+03 1.820999999999999943e+02 1.059999999999999964e+01 3.499000000000000000e+03
6.796000000000000000e+03 6.562000000000000000e+03 1.880999999999999943e+02 9.599999999999999645e+00 3.468000000000000000e+03
6.708000000000000000e+03 6.392000000000000000e+03 1.771999999999999886e+02 1.019999999999999929e+01 3.526000000000000000e+03
6.892000000000000000e+03 6.636000000000000000e+03 2.140000000000000000e+02 1.009999999999999964e+01 3.499000000000000000e+03
6.886000000000000000e+03 6.350000000000000000e+03 1.560000000000000000e+02 1.059999999999999964e+01 3.478000000000000000e+03
6.870000000000000000e+03 6.164000000000000000e+03 1.589000000000000057e+02 1.140000000000000036e+01 3.503000000000000000e+03
6.879000000000000000e+03 6.567000000000000000e+03 1.856999999999999886e+02 9.099999999999999645e+00 3.571000000000000000e+03
6.993000000000000000e+03 6.421000000000000000e+03 1.765000000000000000e+02 1.000000000000000000e+01 3.496000000000000000e+03
6.729000000000000000e+03 6.764000000000000000e+03 2.325999999999999943e+02 9.699999999999999289e+00 3.544000000000000000e+03
6.893000000000000000e+03 6.466000000000000000e+03 1.696999999999999886e+02 1.000000000000000000e+01 3.398000000000000000e+03
6.792000000000000000e+03 6.418000000000000000e+03 1.810999999999999943e+02 1.040000000000000036e+01 3.455000000000000000e+03
6.831000000000000000e+03 6.244000000000000000e+03 1.841999999999999886e+02 1.009999999999999964e+01 3.573000000000000000e+03
6.895000000000000000e+03 6.500000000000000000e+03 1.840000000000000000e+02 1.019999999999999929e+01 3.487000000000000000e+03
6.964000000000000000e+03 6.382000000000000000e+03 2.025000000000000000e+02 1.000000000000000000e+01 3.500000000000000000e+03
6.832000000000000000e+03 6.498000000000000000e+03 2.300000000000000000e+02 1.019999999999999929e+01 3.505000000000000000e+03
6.861000000000000000e+03 6.578000000000000000e+03 1.934000000000000057e+02 1.059999999999999964e+01 3.565000000000000000e+03
6.860000000000000000e+03 6.532000000000000000e+03 1.530000000000000000e+02 1.069999999999999929e+01 3.481000000000000000e+03
6.844000000000000000e+03 6.592000000000000000e+03 2.019000000000000057e+02 9.599999999999999645e+00 3.475000000000000000e+03
6.899000000000000000e+03 6.468000000000000000e+03 2.449000000000000057e+02 1.009999999999999964e+01 3.516000000000000000e+03
6.878000000000000000e+03 6.272000000000000000e+03 1.616999999999999886e+02 9.900000000000000355e+00 3.421000000000000000e+03
6.850000000000000000e+03 6.569000000000000000e+03 1.645000000000000000e+02 1.090000000000000036e+01 3.449000000000000000e+03
6.935000000000000000e+03 6.418000000000000000e+03 2.615000000000000000e+02 1.069999999999999929e+01 3.455000000000000000e+03
6.826000000000000000e+03 6.427000000000000000e+03 1.823000000000000114e+02 1.009999999999999964e+01 3.474000000000000000e+03
6.870000000000000000e+03 6.209000000000000000e+03 2.395000000000000000e+02 1.030000000000000071e+01 3.480000000000000000e+03
6.876000000000000000e+03 6.309000000000000000e+03 1.704000000000000057e+02 9.699999999999999289e+00 3.419000000000000000e+03
6.893000000000000000e+03 6.527000000000000000e+03 2.588999999999999773e+02 1.050000000000000000e+01 3.515000000000000000e+03
6.853000000000000000e+03 6.413000000000000000e+03 1.873000000000000114e+02 1.019999999999999929e+01 3.535000000000000000e+03
6.796000000000000000e+03 6.226000000000000000e+03 1.589000000000000057e+02 1.100000000000000000e+01 3.508000000000000000e+03
6.803000000000000000e+03 6.525000000000000000e+03 1.706999999999999886e+02 1.019999999999999929e+01 3.523000000000000000e+03
6.814000000000000000e+03 6.466000000000000000e+03 1.991999999999999886e+02 9.599999999999999645e+00 3.483000000000000000e+03
6.894000000000000000e+03 6.473000000000000000e+03 1.670999999999999943e+02 1.030000000000000071e+01 3.439000000000000000e+03
6.933000000000000000e+03 6.447000000000000000e+03 1.823000000000000114e+02 1.040000000000000036e+01 3.471000000000000000e+03
6.796000000000000000e+03 6.482000000000000000e+03 2.413000000000000114e+02 1.000000000000000000e+01 3.496000000000000000e+03
6.849000000000000000e+03 6.484000000000000000e+03 1.755999999999999943e+02 9.800000000000000711e+00 3.492000000000000000e+03
6.840000000000000000e+03 6.507000000000000000e+03 1.879000000000000057e+02 9.900000000000000355e+00 3.488000000000000000e+03
6.907000000000000000e+03 6.404000000000000000e+03 1.986999999999999886e+02 9.699999999999999289e+00 3.511000000000000000e+03
6.779000000000000000e+03 6.299000000000000000e+03 2.314000000000000057e+02 7.500000000000000000e+00 3.498000000000000000e+03
6.838000000000000000e+03 6.452000000000000000e+03 1.585000000000000000e+02 1.000000000000000000e+01 3.439000000000000000e+03
6.739000000000000000e+03 6.470000000000000000e+03 1.735000000000000000e+02 1.050000000000000000e+01 3.467000000000000000e+03
6.806000000000000000e+03 6.421000000000000000e+03 1.670000000000000000e+02 1.000000000000000000e+01 3.510000000000000000e+03
6.881000000000000000e+03 6.537000000000000000e+03 1.890999999999999943e+02 1.000000000000000000e+01 3.482000000000000000e+03
6.812000000000000000e+03 6.392000000000000000e+03 1.546999999999999886e+02 1.019999999999999929e+01 3.449000000000000000e+03
6.877000000000000000e+03 6.593000000000000000e+03 2.076999999999999886e+02 9.400000000000000355e+00 3.516000000000000000e+03
6.721000000000000000e+03 6.511000000000000000e+03 2.155000000000000000e+02 9.300000000000000711e+00 3.549000000000000000e+03
6.708000000000000000e+03 6.433000000000000000e+03 1.664000000000000057e+02 1.000000000000000000e+01 3.470000000000000000e+03
6.959000000000000000e+03 6.488000000000000000e+03 1.925999999999999943e+02 9.300000000000000711e+00 3.533000000000000000e+03
6.848000000000000000e+03 6.393000000000000000e+03 1.565999999999999943e+02 1.069999999999999929e+01 3.450000000000000000e+03
6.929000000000000000e+03 6.590000000000000000e+03 1.896999999999999886e+02 1.090000000000000036e+01 3.467000000000000000e+03
6.761000000000000000e+03 6.303000000000000000e+03 1.550000000000000000e+02 1.050000000000000000e+01 3.422000000000000000e+03
6.771000000000000000e+03 6.608000000000000000e+03 1.804000000000000057e+02 1.009999999999999964e+01 3.450000000000000000e+03
6.957000000000000000e+03 6.656000000000000000e+03 3.316999999999999886e+02 8.699999999999999289e+00 3.541000000000000000e+03
6.756000000000000000e+03 6.246000000000000000e+03 1.985000000000000000e+02 1.000000000000000000e+01 3.529000000000000000e+03
6.840000000000000000e+03 6.434000000000000000e+03 1.894000000000000057e+02 1.019999999999999929e+01 3.468000000000000000e+03
6.891000000000000000e+03 6.707000000000000000e+03 2.103000000000000114e+02 1.000000000000000000e+01 3.485000000000000000e+03
6.915000000000000000e+03 6.491000000000000000e+03 1.935000000000000000e+02 9.500000000000000000e+00 3.532000000000000000e+03
6.826000000000000000e+03 6.426000000000000000e+03 1.743000000000000114e+02 1.000000000000000000e+01 3.447000000000000000e+03
6.917000000000000000e+03 6.577000000000000000e+03 1.870000000000000000e+02 1.050000000000000000e+01 3.539000000000000000e+03
6.906000000000000000e+03 6.406000000000000000e+03 1.969000000000000057e+02 1.000000000000000000e+01 3.467000000000000000e+03
6.817000000000000000e+03 6.580000000000000000e+03 1.928000000000000114e+02 1.030000000000000071e+01 3.512000000000000000e+03
6.892000000000000000e+03 6.452000000000000000e+03 1.846999999999999886e+02 1.080000000000000071e+01 3.427000000000000000e+03
6.960000000000000000e+03 6.549000000000000000e+03 1.916999999999999886e+02 9.599999999999999645e+00 3.467000000000000000e+03
6.890000000000000000e+03 6.538000000000000000e+03 2.231999999999999886e+02 1.109999999999999964e+01 3.448000000000000000e+03
6.966000000000000000e+03 6.472000000000000000e+03 1.841999999999999886e+02 1.000000000000000000e+01 3.478000000000000000e+03
6.854000000000000000e+03 6.492000000000000000e+03 1.568000000000000114e+02 9.599999999999999645e+00 3.497000000000000000e+03
6.872000000000000000e+03 6.542000000000000000e+03 1.786999999999999886e+02 9.599999999999999645e+00 3.582000000000000000e+03
6.791000000000000000e+03 6.414000000000000000e+03 1.789000000000000057e+02 1.019999999999999929e+01 3.566000000000000000e+03
6.822000000000000000e+03 6.464000000000000000e+03 1.746999999999999886e+02 1.040000000000000036e+01 3.597000000000000000e+03
6.779000000000000000e+03 6.398000000000000000e+03 1.878000000000000114e+02 1.050000000000000000e+01 3.534000000000000000e+03
6.775000000000000000e+03 6.422000000000000000e+03 1.861999999999999886e+02 1.009999999999999964e+01 3.496000000000000000e+03
6.971000000000000000e+03 6.651000000000000000e+03 1.825000000000000000e+02 9.900000000000000355e+00 3.502000000000000000e+03
6.750000000000000000e+03 6.396000000000000000e+03 1.600999999999999943e+02 9.199999999999999289e+00 3.474000000000000000e+03
6.963000000000000000e+03 6.567000000000000000e+03 1.843000000000000114e+02 1.050000000000000000e+01 3.565000000000000000e+03
6.854000000000000000e+03 6.645000000000000000e+03 1.926999999999999886e+02 1.050000000000000000e+01 3.521000000000000000e+03
6.872000000000000000e+03 6.446000000000000000e+03 1.735999999999999943e+02 1.000000000000000000e+01 3.434000000000000000e+03
6.923000000000000000e+03 6.455000000000000000e+03 1.588000000000000114e+02 1.040000000000000036e+01 3.487000000000000000e+03
6.775000000000000000e+03 6.530000000000000000e+03 1.646999999999999886e+02 1.000000000000000000e+01 3.431000000000000000e+03
6.707000000000000000e+03 6.436000000000000000e+03 1.726999999999999886e+02 9.699999999999999289e+00 3.558000000000000000e+03
6.790000000000000000e+03 6.543000000000000000e+03 1.910999999999999943e+02 1.009999999999999964e+01 3.448000000000000000e+03
6.757000000000000000e+03 6.350000000000000000e+03 1.314000000000000057e+02 1.030000000000000071e+01 3.496000000000000000e+03
6.756000000000000000e+03 6.305000000000000000e+03 1.490999999999999943e+02 1.050000000000000000e+01 3.435000000000000000e+03
6.876000000000000000e+03 6.437000000000000000e+03 1.723000000000000114e+02 9.599999999999999645e+00 3.541000000000000000e+03
6.822000000000000000e+03 6.338000000000000000e+03 1.676999999999999886e+02 1.069999999999999929e+01 3.436000000000000000e+03
6.851000000000000000e+03 6.388000000000000000e+03 1.579000000000000057e+02 1.000000000000000000e+01 3.595000000000000000e+03
6.880000000000000000e+03 6.516000000000000000e+03 1.930999999999999943e+02 1.000000000000000000e+01 3.507000000000000000e+03
6.774000000000000000e+03 6.640000000000000000e+03 2.135000000000000000e+02 1.059999999999999964e+01 3.546000000000000000e+03
6.953000000000000000e+03 6.526000000000000000e+03 1.776999999999999886e+02 9.900000000000000355e+00 3.461000000000000000e+03
6.811000000000000000e+03 6.464000000000000000e+03 1.458000000000000114e+02 1.019999999999999929e+01 3.508000000000000000e+03
6.823000000000000000e+03 6.253000000000000000e+03 1.778000000000000114e+02 1.100000000000000000e+01 3.528000000000000000e+03
6.854000000000000000e+03 6.440000000000000000e+03 1.410999999999999943e+02 1.100000000000000000e+01 3.518000000000000000e+03
6.894000000000000000e+03 6.531000000000000000e+03 1.533000000000000114e+02 1.040000000000000036e+01 3.414000000000000000e+03
6.718000000000000000e+03 6.428000000000000000e+03 1.823000000000000114e+02 1.030000000000000071e+01 3.499000000000000000e+03
6.827000000000000000e+03 6.494000000000000000e+03 2.213000000000000114e+02 1.000000000000000000e+01 3.405000000000000000e+03
6.927000000000000000e+03 6.417000000000000000e+03 1.600000000000000000e+02 9.900000000000000355e+00 3.532000000000000000e+03
6.928000000000000000e+03 6.244000000000000000e+03 1.694000000000000057e+02 1.009999999999999964e+01 3.514000000000000000e+03
6.809000000000000000e+03 6.409000000000000000e+03 2.410000000000000000e+02 1.080000000000000071e+01 3.521000000000000000e+03
6.911000000000000000e+03 6.267000000000000000e+03 1.776999999999999886e+02 1.090000000000000036e+01 3.444000000000000000e+03
6.962000000000000000e+03 6.489000000000000000e+03 1.750000000000000000e+02 9.699999999999999289e+00 3.462000000000000000e+03
6.677000000000000000e+03 6.404000000000000000e+03 1.630999999999999943e+02 1.000000000000000000e+01 3.529000000000000000e+03
6.837000000000000000e+03 6.534000000000000000e+03 2.039000000000000057e+02 1.009999999999999964e+01 3.501000000000000000e+03
6.784000000000000000e+03 6.586000000000000000e+03 1.580000000000000000e+02 9.699999999999999289e+00 3.517000000000000000e+03
6.943000000000000000e+03 6.461000000000000000e+03 2.205999999999999943e+02 9.699999999999999289e+00 3.484000000000000000e+03
6.759000000000000000e+03 6.189000000000000000e+03 1.873000000000000114e+02 1.069999999999999929e+01 3.414000000000000000e+03
6.914000000000000000e+03 6.318000000000000000e+03 2.873000000000000114e+02 1.019999999999999929e+01 3.513000000000000000e+03
6.762000000000000000e+03 6.386000000000000000e+03 1.696999999999999886e+02 1.080000000000000071e+01 3.513000000000000000e+03
6.988000000000000000e+03 6.418000000000000000e+03 1.853000000000000114e+02 9.900000000000000355e+00 3.522000000000000000e+03
6.829000000000000000e+03 6.375000000000000000e+03 1.680000000000000000e+02 9.400000000000000355e+00 3.526000000000000000e+03
6.988000000000000000e+03 6.394000000000000000e+03 1.725000000000000000e+02 9.800000000000000711e+00 3.465000000000000000e+03
6.842000000000000000e+03 6.554000000000000000e+03 2.586000000000000227e+02 9.599999999999999645e+00 3.510000000000000000e+03
6.852000000000000000e+03 6.336000000000000000e+03 2.390000000000000000e+02 1.050000000000000000e+01 3.459000000000000000e+03
6.820000000000000000e+03 6.394000000000000000e+03 1.810000000000000000e+02 1.019999999999999929e+01 3.503000000000000000e+03
6.809000000000000000e+03 6.369000000000000000e+03 1.805000000000000000e+02 1.050000000000000000e+01 3.462000000000000000e+03
6.774000000000000000e+03 6.393000000000000000e+03 1.685999999999999943e+02 1.100000000000000000e+01 3.469000000000000000e+03
6.807000000000000000e+03 6.489000000000000000e+03 1.920000000000000000e+02 1.059999999999999964e+01 3.462000000000000000e+03
6.842000000000000000e+03 6.517000000000000000e+03 1.788000000000000114e+02 1.030000000000000071e+01 3.605000000000000000e+03
6.900000000000000000e+03 6.453000000000000000e+03 1.675000000000000000e+02 1.100000000000000000e+01 3.444000000000000000e+03
6.793000000000000000e+03 6.595000000000000000e+03 1.783000000000000114e+02 1.040000000000000036e+01 3.471000000000000000e+03
6.775000000000000000e+03 6.271000000000000000e+03 1.509000000000000057e+02 1.040000000000000036e+01 3.499000000000000000e+03
6.660000000000000000e+03 6.477000000000000000e+03 1.580999999999999943e+02 1.109999999999999964e+01 3.561000000000000000e+03
6.812000000000000000e+03 6.497000000000000000e+03 1.550000000000000000e+02 1.009999999999999964e+01 3.517000000000000000e+03
6.788000000000000000e+03 6.494000000000000000e+03 2.953000000000000114e+02 1.050000000000000000e+01 3.469000000000000000e+03
6.697000000000000000e+03 6.417000000000000000e+03 1.610999999999999943e+02 1.009999999999999964e+01 3.421000000000000000e+03
6.722000000000000000e+03 6.518000000000000000e+03 1.576999999999999886e+02 1.019999999999999929e+01 3.448000000000000000e+03
6.920000000000000000e+03 6.239000000000000000e+03 1.810999999999999943e+02 1.069999999999999929e+01 3.445000000000000000e+03
6.819000000000000000e+03 6.626000000000000000e+03 2.145999999999999943e+02 9.900000000000000355e+00 3.474000000000000000e+03
6.834000000000000000e+03 6.447000000000000000e+03 1.891999999999999886e+02 1.000000000000000000e+01 3.444000000000000000e+03
6.598000000000000000e+03 6.431000000000000000e+03 1.563000000000000114e+02 1.050000000000000000e+01 3.480000000000000000e+03
6.842000000000000000e+03 6.717000000000000000e+03 1.921999999999999886e+02 9.400000000000000355e+00 3.450000000000000000e+03
6.927000000000000000e+03 6.365000000000000000e+03 1.790000000000000000e+02 9.900000000000000355e+00 3.482000000000000000e+03
6.943000000000000000e+03 6.394000000000000000e+03 1.816999999999999886e+02 9.800000000000000711e+00 3.465000000000000000e+03
6.876000000000000000e+03 6.314000000000000000e+03 1.808000000000000114e+02 1.059999999999999964e+01 3.528000000000000000e+03
6.674000000000000000e+03 6.329000000000000000e+03 2.141999999999999886e+02 1.159999999999999964e+01 3.471000000000000000e+03
6.851000000000000000e+03 6.620000000000000000e+03 2.306999999999999886e+02 8.599999999999999645e+00 3.509000000000000000e+03
6.804000000000000000e+03 6.182000000000000000e+03 1.650000000000000000e+02 1.050000000000000000e+01 3.536000000000000000e+03
6.902000000000000000e+03 6.329000000000000000e+03 1.881999999999999886e+02 1.050000000000000000e+01 3.497000000000000000e+03
6.803000000000000000e+03 6.568000000000000000e+03 1.568000000000000114e+02 9.400000000000000355e+00 3.511000000000000000e+03
6.812000000000000000e+03 6.674000000000000000e+03 1.583000000000000114e+02 1.000000000000000000e+01 3.403000000000000000e+03
6.843000000000000000e+03 6.638000000000000000e+03 2.056999999999999886e+02 9.900000000000000355e+00 3.492000000000000000e+03
6.750000000000000000e+03 6.540000000000000000e+03 1.500999999999999943e+02 1.000000000000000000e+01 3.493000000000000000e+03
6.842000000000000000e+03 6.443000000000000000e+03 2.553000000000000114e+02 1.019999999999999929e+01 3.425000000000000000e+03
6.959000000000000000e+03 6.483000000000000000e+03 2.186999999999999886e+02 1.000000000000000000e+01 3.513000000000000000e+03
6.841000000000000000e+03 6.402000000000000000e+03 2.130000000000000000e+02 9.699999999999999289e+00 3.438000000000000000e+03
6.778000000000000000e+03 6.342000000000000000e+03 1.856999999999999886e+02 1.009999999999999964e+01 3.492000000000000000e+03
6.963000000000000000e+03 6.600000000000000000e+03 1.791999999999999886e+02 1.040000000000000036e+01 3.525000000000000000e+03
6.837000000000000000e+03 6.504000000000000000e+03 1.430000000000000000e+02 1.050000000000000000e+01 3.570000000000000000e+03
6.822000000000000000e+03 6.507000000000000000e+03 1.630999999999999943e+02 1.040000000000000036e+01 3.475000000000000000e+03
6.864000000000000000e+03 6.383000000000000000e+03 1.890000000000000000e+02 9.900000000000000355e+00 3.533000000000000000e+03
6.922000000000000000e+03 6.528000000000000000e+03 2.420999999999999943e+02 1.019999999999999929e+01 3.468000000000000000e+03
6.744000000000000000e+03 6.602000000000000000e+03 1.581999999999999886e+02 9.300000000000000711e+00 3.525000000000000000e+03
6.775000000000000000e+03 6.322000000000000000e+03 1.975000000000000000e+02 1.030000000000000071e+01 3.516000000000000000e+03
6.852000000000000000e+03 6.517000000000000000e+03 1.715000000000000000e+02 1.109999999999999964e+01 3.523000000000000000e+03
6.897000000000000000e+03 6.570000000000000000e+03 1.596999999999999886e+02 9.000000000000000000e+00 3.429000000000000000e+03
6.823000000000000000e+03 6.570000000000000000e+03 1.763000000000000114e+02 9.800000000000000711e+00 3.563000000000000000e+03
6.880000000000000000e+03 6.326000000000000000e+03 2.556999999999999886e+02 1.040000000000000036e+01 3.539000000000000000e+03
6.895000000000000000e+03 6.399000000000000000e+03 1.848000000000000114e+02 9.900000000000000355e+00 3.454000000000000000e+03
6.876000000000000000e+03 6.362000000000000000e+03 1.976999999999999886e+02 1.090000000000000036e+01 3.464000000000000000e+03
6.900000000000000000e+03 6.315000000000000000e+03 1.785999999999999943e+02 1.030000000000000071e+01 3.422000000000000000e+03
6.786000000000000000e+03 6.410000000000000000e+03 1.773000000000000114e+02 1.030000000000000071e+01 3.452000000000000000e+03
6.722000000000000000e+03 6.643000000000000000e+03 2.005000000000000000e+02 9.000000000000000000e+00 3.472000000000000000e+03
6.942000000000000000e+03 6.439000000000000000e+03 1.845000000000000000e+02 1.209999999999999964e+01 3.398000000000000000e+03
6.866000000000000000e+03 6.333000000000000000e+03 1.746999999999999886e+02 9.400000000000000355e+00 3.521000000000000000e+03
6.898000000000000000e+03 6.553000000000000000e+03 1.840999999999999943e+02 1.050000000000000000e+01 3.599000000000000000e+03
6.824000000000000000e+03 6.500000000000000000e+03 1.661999999999999886e+02 1.019999999999999929e+01 3.552000000000000000e+03
6.892000000000000000e+03 6.500000000000000000e+03 1.620999999999999943e+02 9.800000000000000711e+00 3.407000000000000000e+03
6.705000000000000000e+03 6.300000000000000000e+03 1.573000000000000114e+02 1.100000000000000000e+01 3.466000000000000000e+03
7.012000000000000000e+03 6.379000000000000000e+03 1.614000000000000057e+02 9.900000000000000355e+00 3.475000000000000000e+03
6.812000000000000000e+03 6.374000000000000000e+03 2.051999999999999886e+02 9.699999999999999289e+00 3.478000000000000000e+03
6.949000000000000000e+03 6.343000000000000000e+03 2.214000000000000057e+02 9.900000000000000355e+00 3.457000000000000000e+03
6.856000000000000000e+03 6.470000000000000000e+03 1.714000000000000057e+02 9.400000000000000355e+00 3.535000000000000000e+03
6.934000000000000000e+03 6.538000000000000000e+03 2.079000000000000057e+02 1.080000000000000071e+01 3.531000000000000000e+03
6.862000000000000000e+03 6.572000000000000000e+03 1.598000000000000114e+02 1.030000000000000071e+01 3.457000000000000000e+03
6.945000000000000000e+03 6.664000000000000000e+03 2.363000000000000114e+02 1.019999999999999929e+01 3.524000000000000000e+03
6.847000000000000000e+03 6.352000000000000000e+03 1.969000000000000057e+02 1.100000000000000000e+01 3.530000000000000000e+03
6.837000000000000000e+03 6.542000000000000000e+03 1.674000000000000057e+02 9.599999999999999645e+00 3.518000000000000000e+03
6.910000000000000000e+03 6.675000000000000000e+03 2.381999999999999886e+02 1.019999999999999929e+01 3.539000000000000000e+03
6.917000000000000000e+03 6.495000000000000000e+03 2.391999999999999886e+02 1.000000000000000000e+01 3.422000000000000000e+03
7.001000000000000000e+03 6.436000000000000000e+03 1.979000000000000057e+02 9.800000000000000711e+00 3.473000000000000000e+03
6.857000000000000000e+03 6.287000000000000000e+03 1.639000000000000057e+02 1.069999999999999929e+01 3.439000000000000000e+03
6.878000000000000000e+03 6.433000000000000000e+03 2.150999999999999943e+02 1.040000000000000036e+01 3.552000000000000000e+03
6.755000000000000000e+03 6.437000000000000000e+03 1.608000000000000114e+02 1.069999999999999929e+01 3.527000000000000000e+03
6.891000000000000000e+03 6.417000000000000000e+03 1.758000000000000114e+02 1.000000000000000000e+01 3.458000000000000000e+03
6.842000000000000000e+03 6.756000000000000000e+03 1.745999999999999943e+02 9.300000000000000711e+00 3.541000000000000000e+03
6.808000000000000000e+03 6.536000000000000000e+03 1.633000000000000114e+02 1.050000000000000000e+01 3.520000000000000000e+03
6.912000000000000000e+03 6.267000000000000000e+03 1.611999999999999886e+02 1.030000000000000071e+01 3.548000000000000000e+03
6.833000000000000000e+03 6.422000000000000000e+03 1.429000000000000057e+02 1.040000000000000036e+01 3.463000000000000000e+03
6.817000000000000000e+03 6.445000000000000000e+03 1.940000000000000000e+02 1.050000000000000000e+01 3.501000000000000000e+03
6.879000000000000000e+03 6.595000000000000000e+03 1.699000000000000057e+02 1.040000000000000036e+01 3.418000000000000000e+03
6.777000000000000000e+03 6.541000000000000000e+03 1.863000000000000114e+02 1.019999999999999929e+01 3.545000000000000000e+03
6.824000000000000000e+03 6.471000000000000000e+03 1.500999999999999943e+02 9.599999999999999645e+00 3.434000000000000000e+03
6.997000000000000000e+03 6.503000000000000000e+03 2.054000000000000057e+02 1.000000000000000000e+01 3.533000000000000000e+03
6.806000000000000000e+03 6.232000000000000000e+03 2.848000000000000114e+02 9.699999999999999289e+00 3.362000000000000000e+03
6.881000000000000000e+03 6.568000000000000000e+03 1.900000000000000000e+02 1.040000000000000036e+01 3.426000000000000000e+03
6.955000000000000000e+03 6.740000000000000000e+03 1.503000000000000114e+02 9.000000000000000000e+00 3.489000000000000000e+03
6.849000000000000000e+03 6.414000000000000000e+03 1.673000000000000114e+02 1.069999999999999929e+01 3.489000000000000000e+03
6.847000000000000000e+03 6.503000000000000000e+03 1.568000000000000114e+02 1.040000000000000036e+01 3.468000000000000000e+03
6.776000000000000000e+03 6.504000000000000000e+03 2.171999999999999886e+02 1.109999999999999964e+01 3.575000000000000000e+03
6.805000000000000000e+03 6.368000000000000000e+03 1.766999999999999886e+02 1.119999999999999929e+01 3.505000000000000000e+03
6.894000000000000000e+03 6.565000000000000000e+03 1.986999999999999886e+02 9.900000000000000355e+00 3.568000000000000000e+03
6.855000000000000000e+03 6.528000000000000000e+03 1.654000000000000057e+02 1.030000000000000071e+01 3.491000000000000000e+03
6.835000000000000000e+03 6.563000000000000000e+03 1.616999999999999886e+02 9.400000000000000355e+00 3.471000000000000000e+03
6.726000000000000000e+03 6.222000000000000000e+03 1.609000000000000057e+02 9.699999999999999289e+00 3.458000000000000000e+03
6.899000000000000000e+03 6.609000000000000000e+03 1.724000000000000057e+02 1.009999999999999964e+01 3.471000000000000000e+03
6.856000000000000000e+03 6.389000000000000000e+03 1.746999999999999886e+02 1.000000000000000000e+01 3.437000000000000000e+03
6.854000000000000000e+03 6.323000000000000000e+03 2.070000000000000000e+02 1.169999999999999929e+01 3.515000000000000000e+03
6.808000000000000000e+03 6.451000000000000000e+03 1.673000000000000114e+02 9.000000000000000000e+00 3.497000000000000000e+03
6.790000000000000000e+03 6.670000000000000000e+03 1.573000000000000114e+02 1.009999999999999964e+01 3.505000000000000000e+03
6.784000000000000000e+03 6.512000000000000000e+03 1.528000000000000114e+02 1.019999999999999929e+01 3.533000000000000000e+03
6.865000000000000000e+03 6.288000000000000000e+03 1.915999999999999943e+02 1.069999999999999929e+01 3.523000000000000000e+03
6.874000000000000000e+03 6.516000000000000000e+03 2.035000000000000000e+02 9.300000000000000711e+00 3.437000000000000000e+03
6.814000000000000000e+03 6.458000000000000000e+03 1.600999999999999943e+02 9.900000000000000355e+00 3.431000000000000000e+03
6.856000000000000000e+03 6.515000000000000000e+03 2.413000000000000114e+02 9.800000000000000711e+00 3.592000000000000000e+03
6.891000000000000000e+03 6.425000000000000000e+03 1.766999999999999886e+02 1.080000000000000071e+01 3.463000000000000000e+03
6.845000000000000000e+03 6.456000000000000000e+03 2.083000000000000114e+02 1.009999999999999964e+01 3.614000000000000000e+03
6.820000000000000000e+03 6.398000000000000000e+03 1.471999999999999886e+02 1.009999999999999964e+01 3.536000000000000000e+03
6.770000000000000000e+03 6.731000000000000000e+03 1.630000000000000000e+02 9.699999999999999289e+00 3.529000000000000000e+03
6.783000000000000000e+03 6.597000000000000000e+03 1.475999999999999943e+02 1.019999999999999929e+01 3.528000000000000000e+03
6.955000000000000000e+03 6.553000000000000000e+03 2.034000000000000057e+02 1.100000000000000000e+01 3.494000000000000000e+03
6.840000000000000000e+03 6.377000000000000000e+03 2.270999999999999943e+02 1.100000000000000000e+01 3.546000000000000000e+03
6.776000000000000000e+03 6.339000000000000000e+03 1.938000000000000114e+02 9.599999999999999645e+00 3.528000000000000000e+03
6.877000000000000000e+03 6.598000000000000000e+03 1.538000000000000114e+02 9.599999999999999645e+00 3.485000000000000000e+03
6.842000000000000000e+03 6.417000000000000000e+03 2.266999999999999886e+02 9.900000000000000355e+00 3.493000000000000000e+03
6.842000000000000000e+03 6.297000000000000000e+03 1.781999999999999886e+02 1.050000000000000000e+01 3.498000000000000000e+03
6.813000000000000000e+03 6.367000000000000000e+03 1.671999999999999886e+02 9.599999999999999645e+00 3.486000000000000000e+03
6.897000000000000000e+03 6.424000000000000000e+03 2.010999999999999943e+02 1.109999999999999964e+01 3.506000000000000000e+03
