8.569000000000000000e+03 8.004000000000000000e+03 2.800000000000000000e+02 7.400000000000000355e+00 2.098000000000000000e+03
8.594000000000000000e+03 7.969000000000000000e+03 2.516999999999999886e+02 7.400000000000000355e+00 2.037000000000000000e+03
8.648000000000000000e+03 8.064000000000000000e+03 2.144000000000000057e+02 7.400000000000000355e+00 2.010000000000000000e+03
8.577000000000000000e+03 8.088000000000000000e+03 3.085000000000000000e+02 7.700000000000000178e+00 2.019000000000000000e+03
8.642000000000000000e+03 8.040000000000000000e+03 2.603000000000000114e+02 7.200000000000000178e+00 1.996000000000000000e+03
8.696000000000000000e+03 8.021000000000000000e+03 2.491999999999999886e+02 8.000000000000000000e+00 2.016000000000000000e+03
8.669000000000000000e+03 8.014000000000000000e+03 2.800000000000000000e+02 8.400000000000000355e+00 1.984000000000000000e+03
8.655000000000000000e+03 7.988000000000000000e+03 2.815000000000000000e+02 7.500000000000000000e+00 2.064000000000000000e+03
8.754000000000000000e+03 8.001000000000000000e+03 2.273000000000000114e+02 7.500000000000000000e+00 1.947000000000000000e+03
8.592000000000000000e+03 8.053000000000000000e+03 2.319000000000000057e+02 7.400000000000000355e+00 2.013000000000000000e+03
8.641000000000000000e+03 7.984000000000000000e+03 3.218999999999999773e+02 8.300000000000000711e+00 1.963000000000000000e+03
8.682000000000000000e+03 8.093000000000000000e+03 2.198000000000000114e+02 7.000000000000000000e+00 2.034000000000000000e+03
8.583000000000000000e+03 7.981000000000000000e+03 2.464000000000000057e+02 7.400000000000000355e+00 2.007000000000000000e+03
8.547000000000000000e+03 8.031000000000000000e+03 2.054000000000000057e+02 8.000000000000000000e+00 2.061000000000000000e+03
8.641000000000000000e+03 8.038000000000000000e+03 3.470000000000000000e+02 7.400000000000000355e+00 2.047000000000000000e+03
8.678000000000000000e+03 8.104000000000000000e+03 2.500000000000000000e+02 7.599999999999999645e+00 1.994000000000000000e+03
8.762000000000000000e+03 8.066000000000000000e+03 3.163000000000000114e+02 8.400000000000000355e+00 2.064000000000000000e+03
8.588000000000000000e+03 7.996000000000000000e+03 2.561000000000000227e+02 8.000000000000000000e+00 2.125000000000000000e+03
8.634000000000000000e+03 8.013000000000000000e+03 2.633000000000000114e+02 8.000000000000000000e+00 2.014000000000000000e+03
8.577000000000000000e+03 8.057000000000000000e+03 3.013999999999999773e+02 7.700000000000000178e+00 2.031000000000000000e+03
8.646000000000000000e+03 7.996000000000000000e+03 2.215000000000000000e+02 8.000000000000000000e+00 2.004000000000000000e+03
8.664000000000000000e+03 8.090000000000000000e+03 2.139000000000000057e+02 8.099999999999999645e+00 1.996000000000000000e+03
8.662000000000000000e+03 8.016000000000000000e+03 2.595000000000000000e+02 7.400000000000000355e+00 2.051000000000000000e+03
8.638000000000000000e+03 7.926000000000000000e+03 2.998999999999999773e+02 8.000000000000000000e+00 2.084000000000000000e+03
8.600000000000000000e+03 8.023000000000000000e+03 2.080999999999999943e+02 7.700000000000000178e+00 1.953000000000000000e+03
8.579000000000000000e+03 7.986000000000000000e+03 2.978000000000000114e+02 7.599999999999999645e+00 2.005000000000000000e+03
8.650000000000000000e+03 8.057000000000000000e+03 2.680000000000000000e+02 7.400000000000000355e+00 1.964000000000000000e+03
8.572000000000000000e+03 8.032000000000000000e+03 3.551000000000000227e+02 8.000000000000000000e+00 1.970000000000000000e+03
8.624000000000000000e+03 7.990000000000000000e+03 3.295000000000000000e+02 8.000000000000000000e+00 1.955000000000000000e+03
8.625000000000000000e+03 8.054000000000000000e+03 2.161999999999999886e+02 7.299999999999999822e+00 1.966000000000000000e+03
8.720000000000000000e+03 8.063000000000000000e+03 2.666999999999999886e+02 7.500000000000000000e+00 2.033000000000000000e+03
8.598000000000000000e+03 8.027000000000000000e+03 2.621999999999999886e+02 7.599999999999999645e+00 2.075000000000000000e+03
8.671000000000000000e+03 7.948000000000000000e+03 2.136999999999999886e+02 8.000000000000000000e+00 1.965000000000000000e+03
8.713000000000000000e+03 7.972000000000000000e+03 2.731999999999999886e+02 7.500000000000000000e+00 1.960000000000000000e+03
8.597000000000000000e+03 8.070000000000000000e+03 2.426999999999999886e+02 7.700000000000000178e+00 1.968000000000000000e+03
8.538000000000000000e+03 8.038000000000000000e+03 2.593000000000000114e+02 7.299999999999999822e+00 1.980000000000000000e+03
8.637000000000000000e+03 8.120000000000000000e+03 2.440999999999999943e+02 7.299999999999999822e+00 2.019000000000000000e+03
8.697000000000000000e+03 8.100000000000000000e+03 4.746999999999999886e+02 7.599999999999999645e+00 2.052000000000000000e+03
8.600000000000000000e+03 8.023000000000000000e+03 3.291000000000000227e+02 7.799999999999999822e+00 1.958000000000000000e+03
8.572000000000000000e+03 7.948000000000000000e+03 4.026000000000000227e+02 7.799999999999999822e+00 2.010000000000000000e+03
8.552000000000000000e+03 8.066000000000000000e+03 3.291000000000000227e+02 7.299999999999999822e+00 1.990000000000000000e+03
8.672000000000000000e+03 8.046000000000000000e+03 2.245000000000000000e+02 8.000000000000000000e+00 1.994000000000000000e+03
8.670000000000000000e+03 8.098000000000000000e+03 2.380999999999999943e+02 8.000000000000000000e+00 1.999000000000000000e+03
8.601000000000000000e+03 8.004000000000000000e+03 3.076000000000000227e+02 7.700000000000000178e+00 2.039000000000000000e+03
8.577000000000000000e+03 8.022000000000000000e+03 3.673000000000000114e+02 8.199999999999999289e+00 2.046000000000000000e+03
8.657000000000000000e+03 7.986000000000000000e+03 2.290999999999999943e+02 7.599999999999999645e+00 2.033000000000000000e+03
8.749000000000000000e+03 8.017000000000000000e+03 2.740000000000000000e+02 8.000000000000000000e+00 1.944000000000000000e+03
8.541000000000000000e+03 7.984000000000000000e+03 3.075000000000000000e+02 8.000000000000000000e+00 1.975000000000000000e+03
8.647000000000000000e+03 8.024000000000000000e+03 2.595000000000000000e+02 8.000000000000000000e+00 2.022000000000000000e+03
8.659000000000000000e+03 8.086000000000000000e+03 2.971999999999999886e+02 7.500000000000000000e+00 2.059000000000000000e+03
8.612000000000000000e+03 8.020000000000000000e+03 2.310000000000000000e+02 8.000000000000000000e+00 2.080000000000000000e+03
8.673000000000000000e+03 7.947000000000000000e+03 2.386999999999999886e+02 7.500000000000000000e+00 2.032000000000000000e+03
8.645000000000000000e+03 8.023000000000000000e+03 3.953000000000000114e+02 7.599999999999999645e+00 2.024000000000000000e+03
8.693000000000000000e+03 8.049000000000000000e+03 3.256000000000000227e+02 8.000000000000000000e+00 2.061000000000000000e+03
8.616000000000000000e+03 8.026000000000000000e+03 2.396999999999999886e+02 8.199999999999999289e+00 1.997000000000000000e+03
8.680000000000000000e+03 8.090000000000000000e+03 2.978999999999999773e+02 8.000000000000000000e+00 1.999000000000000000e+03
8.648000000000000000e+03 8.084000000000000000e+03 3.111999999999999886e+02 8.300000000000000711e+00 2.008000000000000000e+03
8.622000000000000000e+03 8.072000000000000000e+03 2.409000000000000057e+02 7.200000000000000178e+00 1.999000000000000000e+03
8.666000000000000000e+03 8.016000000000000000e+03 2.831999999999999886e+02 8.000000000000000000e+00 2.027000000000000000e+03
8.643000000000000000e+03 8.127000000000000000e+03 2.896000000000000227e+02 8.000000000000000000e+00 1.972000000000000000e+03
8.538000000000000000e+03 8.106000000000000000e+03 2.429000000000000057e+02 9.000000000000000000e+00 2.025000000000000000e+03
8.638000000000000000e+03 8.064000000000000000e+03 3.128000000000000114e+02 7.599999999999999645e+00 2.054000000000000000e+03
8.603000000000000000e+03 8.063000000000000000e+03 2.405999999999999943e+02 7.400000000000000355e+00 2.058000000000000000e+03
8.614000000000000000e+03 8.031000000000000000e+03 3.491999999999999886e+02 8.000000000000000000e+00 1.995000000000000000e+03
8.599000000000000000e+03 8.088000000000000000e+03 2.750000000000000000e+02 8.099999999999999645e+00 2.029000000000000000e+03
8.630000000000000000e+03 8.083000000000000000e+03 2.556999999999999886e+02 8.000000000000000000e+00 2.021000000000000000e+03
8.763000000000000000e+03 8.130000000000000000e+03 3.321000000000000227e+02 8.000000000000000000e+00 1.970000000000000000e+03
8.618000000000000000e+03 8.049000000000000000e+03 3.025000000000000000e+02 8.500000000000000000e+00 1.986000000000000000e+03
8.643000000000000000e+03 8.075000000000000000e+03 2.329000000000000057e+02 7.599999999999999645e+00 2.017000000000000000e+03
8.538000000000000000e+03 8.038000000000000000e+03 2.668000000000000114e+02 7.400000000000000355e+00 1.996000000000000000e+03
8.601000000000000000e+03 8.045000000000000000e+03 2.399000000000000057e+02 8.000000000000000000e+00 2.022000000000000000e+03
8.640000000000000000e+03 8.019000000000000000e+03 2.378000000000000114e+02 8.000000000000000000e+00 2.027000000000000000e+03
8.638000000000000000e+03 8.065000000000000000e+03 2.660000000000000000e+02 8.000000000000000000e+00 1.929000000000000000e+03
8.669000000000000000e+03 8.122000000000000000e+03 3.001000000000000227e+02 8.500000000000000000e+00 1.933000000000000000e+03
8.614000000000000000e+03 8.036000000000000000e+03 3.196000000000000227e+02 7.599999999999999645e+00 2.014000000000000000e+03
8.651000000000000000e+03 8.059000000000000000e+03 2.740000000000000000e+02 8.000000000000000000e+00 1.996000000000000000e+03
8.609000000000000000e+03 8.022000000000000000e+03 2.130000000000000000e+02 8.000000000000000000e+00 2.087000000000000000e+03
8.604000000000000000e+03 8.027000000000000000e+03 3.080000000000000000e+02 8.400000000000000355e+00 2.029000000000000000e+03
8.641000000000000000e+03 8.099000000000000000e+03 2.808999999999999773e+02 8.000000000000000000e+00 2.008000000000000000e+03
8.647000000000000000e+03 8.106000000000000000e+03 3.408999999999999773e+02 8.099999999999999645e+00 2.008000000000000000e+03
8.689000000000000000e+03 7.943000000000000000e+03 2.740000000000000000e+02 8.000000000000000000e+00 1.938000000000000000e+03
8.664000000000000000e+03 8.096000000000000000e+03 3.008000000000000114e+02 7.099999999999999645e+00 1.943000000000000000e+03
8.611000000000000000e+03 8.071000000000000000e+03 3.025000000000000000e+02 7.099999999999999645e+00 2.017000000000000000e+03
8.663000000000000000e+03 8.049000000000000000e+03 2.391999999999999886e+02 7.500000000000000000e+00 2.036000000000000000e+03
8.641000000000000000e+03 7.976000000000000000e+03 2.424000000000000057e+02 7.299999999999999822e+00 2.074000000000000000e+03
8.526000000000000000e+03 8.051000000000000000e+03 2.375000000000000000e+02 8.000000000000000000e+00 1.950000000000000000e+03
8.648000000000000000e+03 7.952000000000000000e+03 2.501999999999999886e+02 7.599999999999999645e+00 2.040000000000000000e+03
8.631000000000000000e+03 8.139000000000000000e+03 2.025000000000000000e+02 8.000000000000000000e+00 1.971000000000000000e+03
8.697000000000000000e+03 8.010000000000000000e+03 2.613999999999999773e+02 7.299999999999999822e+00 1.997000000000000000e+03
8.613000000000000000e+03 7.907000000000000000e+03 2.535000000000000000e+02 7.500000000000000000e+00 1.980000000000000000e+03
8.613000000000000000e+03 7.881000000000000000e+03 2.361999999999999886e+02 8.000000000000000000e+00 2.018000000000000000e+03
8.624000000000000000e+03 8.041000000000000000e+03 2.480000000000000000e+02 7.200000000000000178e+00 1.996000000000000000e+03
8.560000000000000000e+03 7.976000000000000000e+03 1.784000000000000057e+02 7.500000000000000000e+00 1.943000000000000000e+03
8.561000000000000000e+03 7.982000000000000000e+03 2.821999999999999886e+02 8.400000000000000355e+00 1.995000000000000000e+03
8.638000000000000000e+03 8.067000000000000000e+03 2.295000000000000000e+02 7.400000000000000355e+00 1.966000000000000000e+03
8.645000000000000000e+03 7.988000000000000000e+03 2.578999999999999773e+02 8.000000000000000000e+00 2.065000000000000000e+03
8.714000000000000000e+03 8.040000000000000000e+03 2.655000000000000000e+02 7.500000000000000000e+00 2.026000000000000000e+03
8.717000000000000000e+03 7.956000000000000000e+03 3.036000000000000227e+02 8.000000000000000000e+00 1.946000000000000000e+03
8.634000000000000000e+03 8.089000000000000000e+03 2.573000000000000114e+02 7.400000000000000355e+00 1.999000000000000000e+03
8.693000000000000000e+03 8.056000000000000000e+03 3.478000000000000114e+02 7.700000000000000178e+00 1.976000000000000000e+03
8.611000000000000000e+03 8.011000000000000000e+03 2.544000000000000057e+02 8.000000000000000000e+00 2.011000000000000000e+03
8.591000000000000000e+03 8.016000000000000000e+03 2.535999999999999943e+02 8.300000000000000711e+00 2.064000000000000000e+03
8.568000000000000000e+03 8.045000000000000000e+03 3.056999999999999886e+02 7.099999999999999645e+00 2.004000000000000000e+03
8.601000000000000000e+03 8.102000000000000000e+03 2.240999999999999943e+02 7.700000000000000178e+00 2.057000000000000000e+03
8.599000000000000000e+03 8.122000000000000000e+03 3.173999999999999773e+02 7.599999999999999645e+00 1.938000000000000000e+03
8.608000000000000000e+03 8.032000000000000000e+03 2.310000000000000000e+02 7.000000000000000000e+00 2.005000000000000000e+03
8.583000000000000000e+03 7.961000000000000000e+03 2.583999999999999773e+02 7.200000000000000178e+00 2.104000000000000000e+03
8.690000000000000000e+03 8.095000000000000000e+03 2.738000000000000114e+02 8.000000000000000000e+00 2.024000000000000000e+03
8.632000000000000000e+03 8.098000000000000000e+03 2.388000000000000114e+02 7.500000000000000000e+00 2.056000000000000000e+03
8.689000000000000000e+03 8.080000000000000000e+03 4.478999999999999773e+02 8.000000000000000000e+00 2.007000000000000000e+03
8.538000000000000000e+03 7.996000000000000000e+03 2.150000000000000000e+02 7.799999999999999822e+00 2.067000000000000000e+03
8.659000000000000000e+03 8.103000000000000000e+03 2.976999999999999886e+02 7.200000000000000178e+00 2.008000000000000000e+03
8.596000000000000000e+03 8.069000000000000000e+03 2.149000000000000057e+02 7.500000000000000000e+00 2.031000000000000000e+03
8.531000000000000000e+03 8.087000000000000000e+03 2.665000000000000000e+02 7.099999999999999645e+00 2.034000000000000000e+03
8.619000000000000000e+03 8.102000000000000000e+03 2.925000000000000000e+02 8.199999999999999289e+00 1.969000000000000000e+03
8.686000000000000000e+03 7.954000000000000000e+03 2.861999999999999886e+02 7.400000000000000355e+00 1.956000000000000000e+03
8.742000000000000000e+03 7.964000000000000000e+03 2.898999999999999773e+02 7.799999999999999822e+00 2.015000000000000000e+03
8.684000000000000000e+03 8.078000000000000000e+03 2.358000000000000114e+02 8.000000000000000000e+00 2.068000000000000000e+03
8.640000000000000000e+03 8.071000000000000000e+03 3.048999999999999773e+02 8.000000000000000000e+00 2.026000000000000000e+03
8.704000000000000000e+03 7.952000000000000000e+03 2.274000000000000057e+02 7.400000000000000355e+00 1.981000000000000000e+03
8.621000000000000000e+03 8.015000000000000000e+03 2.165000000000000000e+02 8.000000000000000000e+00 1.986000000000000000e+03
8.619000000000000000e+03 7.990000000000000000e+03 2.383000000000000114e+02 8.599999999999999645e+00 2.067000000000000000e+03
8.637000000000000000e+03 8.057000000000000000e+03 2.439000000000000057e+02 7.500000000000000000e+00 2.016000000000000000e+03
8.721000000000000000e+03 8.092000000000000000e+03 2.855000000000000000e+02 7.500000000000000000e+00 1.996000000000000000e+03
8.663000000000000000e+03 8.098000000000000000e+03 2.341999999999999886e+02 7.599999999999999645e+00 2.023000000000000000e+03
8.685000000000000000e+03 8.062000000000000000e+03 2.481999999999999886e+02 8.000000000000000000e+00 2.033000000000000000e+03
8.651000000000000000e+03 8.012000000000000000e+03 2.565000000000000000e+02 7.599999999999999645e+00 2.023000000000000000e+03
8.552000000000000000e+03 7.956000000000000000e+03 1.986999999999999886e+02 8.000000000000000000e+00 1.979000000000000000e+03
8.582000000000000000e+03 8.021000000000000000e+03 2.748000000000000114e+02 7.400000000000000355e+00 1.961000000000000000e+03
8.568000000000000000e+03 8.027000000000000000e+03 2.851000000000000227e+02 8.000000000000000000e+00 2.056000000000000000e+03
8.438000000000000000e+03 8.015000000000000000e+03 2.156999999999999886e+02 7.599999999999999645e+00 2.012000000000000000e+03
8.722000000000000000e+03 7.917000000000000000e+03 2.623999999999999773e+02 8.000000000000000000e+00 2.011000000000000000e+03
8.532000000000000000e+03 7.961000000000000000e+03 2.210999999999999943e+02 7.599999999999999645e+00 2.059000000000000000e+03
8.705000000000000000e+03 8.010000000000000000e+03 2.423000000000000114e+02 7.000000000000000000e+00 2.038000000000000000e+03
8.614000000000000000e+03 8.004000000000000000e+03 2.568000000000000114e+02 7.500000000000000000e+00 2.043000000000000000e+03
8.659000000000000000e+03 8.010000000000000000e+03 3.005000000000000000e+02 7.299999999999999822e+00 2.076000000000000000e+03
8.697000000000000000e+03 7.957000000000000000e+03 3.911000000000000227e+02 8.300000000000000711e+00 1.987000000000000000e+03
8.707000000000000000e+03 8.144000000000000000e+03 4.161999999999999886e+02 7.200000000000000178e+00 2.004000000000000000e+03
8.654000000000000000e+03 8.073000000000000000e+03 2.991999999999999886e+02 8.000000000000000000e+00 2.039000000000000000e+03
8.695000000000000000e+03 8.036000000000000000e+03 2.815000000000000000e+02 8.099999999999999645e+00 2.099000000000000000e+03
8.692000000000000000e+03 8.012000000000000000e+03 2.525000000000000000e+02 7.700000000000000178e+00 2.037000000000000000e+03
8.687000000000000000e+03 8.104000000000000000e+03 3.350000000000000000e+02 8.099999999999999645e+00 1.973000000000000000e+03
8.625000000000000000e+03 7.999000000000000000e+03 2.953999999999999773e+02 7.500000000000000000e+00 1.988000000000000000e+03
8.681000000000000000e+03 8.052000000000000000e+03 2.585000000000000000e+02 8.000000000000000000e+00 1.928000000000000000e+03
8.679000000000000000e+03 7.994000000000000000e+03 3.741000000000000227e+02 8.000000000000000000e+00 2.036000000000000000e+03
8.647000000000000000e+03 8.038000000000000000e+03 2.539000000000000057e+02 7.099999999999999645e+00 1.939000000000000000e+03
8.653000000000000000e+03 8.097000000000000000e+03 2.901999999999999886e+02 7.599999999999999645e+00 2.031000000000000000e+03
8.658000000000000000e+03 7.976000000000000000e+03 2.816999999999999886e+02 7.799999999999999822e+00 2.093000000000000000e+03
8.592000000000000000e+03 8.052000000000000000e+03 2.400000000000000000e+02 8.099999999999999645e+00 2.009000000000000000e+03
8.580000000000000000e+03 8.009000000000000000e+03 3.041000000000000227e+02 8.000000000000000000e+00 1.967000000000000000e+03
8.623000000000000000e+03 7.977000000000000000e+03 3.033000000000000114e+02 7.200000000000000178e+00 2.041000000000000000e+03
8.636000000000000000e+03 8.011000000000000000e+03 2.250000000000000000e+02 7.400000000000000355e+00 2.019000000000000000e+03
8.590000000000000000e+03 7.973000000000000000e+03 2.175999999999999943e+02 8.099999999999999645e+00 1.931000000000000000e+03
8.593000000000000000e+03 8.028000000000000000e+03 2.323000000000000114e+02 7.700000000000000178e+00 1.982000000000000000e+03
8.637000000000000000e+03 8.029000000000000000e+03 2.445999999999999943e+02 7.400000000000000355e+00 2.001000000000000000e+03
8.685000000000000000e+03 8.033000000000000000e+03 2.541999999999999886e+02 7.599999999999999645e+00 2.073000000000000000e+03
8.623000000000000000e+03 8.050000000000000000e+03 2.250000000000000000e+02 7.799999999999999822e+00 2.021000000000000000e+03
8.631000000000000000e+03 7.936000000000000000e+03 3.888000000000000114e+02 7.700000000000000178e+00 1.940000000000000000e+03
8.624000000000000000e+03 8.078000000000000000e+03 2.103000000000000114e+02 7.799999999999999822e+00 2.035000000000000000e+03
8.690000000000000000e+03 8.029000000000000000e+03 3.028000000000000114e+02 8.000000000000000000e+00 1.972000000000000000e+03
8.687000000000000000e+03 8.030000000000000000e+03 3.006000000000000227e+02 7.500000000000000000e+00 2.013000000000000000e+03
8.640000000000000000e+03 8.050000000000000000e+03 2.396999999999999886e+02 7.700000000000000178e+00 1.967000000000000000e+03
8.646000000000000000e+03 7.952000000000000000e+03 2.036999999999999886e+02 7.799999999999999822e+00 2.044000000000000000e+03
8.715000000000000000e+03 7.991000000000000000e+03 3.283999999999999773e+02 7.400000000000000355e+00 2.083000000000000000e+03
8.503000000000000000e+03 8.066000000000000000e+03 2.145999999999999943e+02 8.400000000000000355e+00 2.006000000000000000e+03
8.770000000000000000e+03 8.010000000000000000e+03 3.611000000000000227e+02 8.000000000000000000e+00 1.993000000000000000e+03
8.723000000000000000e+03 8.005000000000000000e+03 2.408000000000000114e+02 7.700000000000000178e+00 2.055000000000000000e+03
8.663000000000000000e+03 7.959000000000000000e+03 2.166999999999999886e+02 7.500000000000000000e+00 2.012000000000000000e+03
8.726000000000000000e+03 8.083000000000000000e+03 2.763999999999999773e+02 8.000000000000000000e+00 2.061000000000000000e+03
8.648000000000000000e+03 7.946000000000000000e+03 2.485000000000000000e+02 8.000000000000000000e+00 2.014000000000000000e+03
8.582000000000000000e+03 8.051000000000000000e+03 3.193000000000000114e+02 7.200000000000000178e+00 2.003000000000000000e+03
8.629000000000000000e+03 8.087000000000000000e+03 2.676999999999999886e+02 7.700000000000000178e+00 2.000000000000000000e+03
8.563000000000000000e+03 8.152000000000000000e+03 2.668000000000000114e+02 7.299999999999999822e+00 1.970000000000000000e+03
8.693000000000000000e+03 8.032000000000000000e+03 2.965000000000000000e+02 7.500000000000000000e+00 2.032000000000000000e+03
8.682000000000000000e+03 8.087000000000000000e+03 3.026000000000000227e+02 8.000000000000000000e+00 1.954000000000000000e+03
8.637000000000000000e+03 8.003000000000000000e+03 2.365999999999999943e+02 8.000000000000000000e+00 2.088000000000000000e+03
8.674000000000000000e+03 7.983000000000000000e+03 2.508000000000000114e+02 7.299999999999999822e+00 1.978000000000000000e+03
8.682000000000000000e+03 8.086000000000000000e+03 2.215000000000000000e+02 7.500000000000000000e+00 1.992000000000000000e+03
8.627000000000000000e+03 8.042000000000000000e+03 3.378999999999999773e+02 7.400000000000000355e+00 1.983000000000000000e+03
8.643000000000000000e+03 8.028000000000000000e+03 2.530000000000000000e+02 8.199999999999999289e+00 2.022000000000000000e+03
8.666000000000000000e+03 8.067000000000000000e+03 2.638000000000000114e+02 7.500000000000000000e+00 2.022000000000000000e+03
8.661000000000000000e+03 7.984000000000000000e+03 2.751999999999999886e+02 7.700000000000000178e+00 2.009000000000000000e+03
8.696000000000000000e+03 7.993000000000000000e+03 2.668999999999999773e+02 8.000000000000000000e+00 1.982000000000000000e+03
8.695000000000000000e+03 8.040000000000000000e+03 3.008999999999999773e+02 7.000000000000000000e+00 2.079000000000000000e+03
8.656000000000000000e+03 8.038000000000000000e+03 2.703999999999999773e+02 8.000000000000000000e+00 2.033000000000000000e+03
8.594000000000000000e+03 8.006000000000000000e+03 2.175000000000000000e+02 7.299999999999999822e+00 1.997000000000000000e+03
8.636000000000000000e+03 8.082000000000000000e+03 2.135999999999999943e+02 8.699999999999999289e+00 1.957000000000000000e+03
8.552000000000000000e+03 8.126000000000000000e+03 2.275999999999999943e+02 8.000000000000000000e+00 1.950000000000000000e+03
8.725000000000000000e+03 8.031000000000000000e+03 2.545000000000000000e+02 8.000000000000000000e+00 2.018000000000000000e+03
8.589000000000000000e+03 8.067000000000000000e+03 2.781000000000000227e+02 7.500000000000000000e+00 2.041000000000000000e+03
8.673000000000000000e+03 8.116000000000000000e+03 2.260000000000000000e+02 7.599999999999999645e+00 2.014000000000000000e+03
8.725000000000000000e+03 8.069000000000000000e+03 2.606999999999999886e+02 7.200000000000000178e+00 1.994000000000000000e+03
8.631000000000000000e+03 8.039000000000000000e+03 2.189000000000000057e+02 8.000000000000000000e+00 2.034000000000000000e+03
8.736000000000000000e+03 8.036000000000000000e+03 2.345999999999999943e+02 7.299999999999999822e+00 2.044000000000000000e+03
8.731000000000000000e+03 8.056000000000000000e+03 2.748999999999999773e+02 7.500000000000000000e+00 1.973000000000000000e+03
8.592000000000000000e+03 8.135000000000000000e+03 2.449000000000000057e+02 7.299999999999999822e+00 2.009000000000000000e+03
8.717000000000000000e+03 8.034000000000000000e+03 2.249000000000000057e+02 8.000000000000000000e+00 1.981000000000000000e+03
8.718000000000000000e+03 7.983000000000000000e+03 2.858000000000000114e+02 8.500000000000000000e+00 1.982000000000000000e+03
8.743000000000000000e+03 8.029000000000000000e+03 2.830000000000000000e+02 8.599999999999999645e+00 1.963000000000000000e+03
8.665000000000000000e+03 8.061000000000000000e+03 3.715000000000000000e+02 7.700000000000000178e+00 1.955000000000000000e+03
8.714000000000000000e+03 8.051000000000000000e+03 2.735000000000000000e+02 7.599999999999999645e+00 2.060000000000000000e+03
8.607000000000000000e+03 8.023000000000000000e+03 2.721999999999999886e+02 8.000000000000000000e+00 1.999000000000000000e+03
8.573000000000000000e+03 8.025000000000000000e+03 2.808999999999999773e+02 7.700000000000000178e+00 1.967000000000000000e+03
8.647000000000000000e+03 8.029000000000000000e+03 2.825000000000000000e+02 8.000000000000000000e+00 2.031000000000000000e+03
8.582000000000000000e+03 8.002000000000000000e+03 2.323000000000000114e+02 7.599999999999999645e+00 2.059000000000000000e+03
8.637000000000000000e+03 8.073000000000000000e+03 2.550000000000000000e+02 7.700000000000000178e+00 2.019000000000000000e+03
8.606000000000000000e+03 8.093000000000000000e+03 2.345000000000000000e+02 7.400000000000000355e+00 2.065000000000000000e+03
8.630000000000000000e+03 8.178000000000000000e+03 2.158000000000000114e+02 8.099999999999999645e+00 1.981000000000000000e+03
8.630000000000000000e+03 8.031000000000000000e+03 3.041000000000000227e+02 8.800000000000000711e+00 1.958000000000000000e+03
8.566000000000000000e+03 8.047000000000000000e+03 2.363000000000000114e+02 7.400000000000000355e+00 1.978000000000000000e+03
8.649000000000000000e+03 7.997000000000000000e+03 2.386999999999999886e+02 7.599999999999999645e+00 2.066000000000000000e+03
8.618000000000000000e+03 7.971000000000000000e+03 3.061000000000000227e+02 8.099999999999999645e+00 2.038000000000000000e+03
8.651000000000000000e+03 8.020000000000000000e+03 2.913000000000000114e+02 7.400000000000000355e+00 2.011000000000000000e+03
8.589000000000000000e+03 7.973000000000000000e+03 2.160999999999999943e+02 7.400000000000000355e+00 2.005000000000000000e+03
8.690000000000000000e+03 8.106000000000000000e+03 3.865000000000000000e+02 8.000000000000000000e+00 1.987000000000000000e+03
8.632000000000000000e+03 7.969000000000000000e+03 2.149000000000000057e+02 7.599999999999999645e+00 2.038000000000000000e+03
8.587000000000000000e+03 8.103000000000000000e+03 2.368000000000000114e+02 7.099999999999999645e+00 2.012000000000000000e+03
8.660000000000000000e+03 8.075000000000000000e+03 2.369000000000000057e+02 8.000000000000000000e+00 2.009000000000000000e+03
8.617000000000000000e+03 8.041000000000000000e+03 2.856000000000000227e+02 7.099999999999999645e+00 2.104000000000000000e+03
8.712000000000000000e+03 8.010000000000000000e+03 4.688999999999999773e+02 8.000000000000000000e+00 1.976000000000000000e+03
8.699000000000000000e+03 8.014000000000000000e+03 3.798000000000000114e+02 8.300000000000000711e+00 1.983000000000000000e+03
8.629000000000000000e+03 7.968000000000000000e+03 2.756000000000000227e+02 8.000000000000000000e+00 2.035000000000000000e+03
8.573000000000000000e+03 8.086000000000000000e+03 2.911000000000000227e+02 8.000000000000000000e+00 2.072000000000000000e+03
8.607000000000000000e+03 7.945000000000000000e+03 2.485999999999999943e+02 7.700000000000000178e+00 1.981000000000000000e+03
8.603000000000000000e+03 7.981000000000000000e+03 2.743000000000000114e+02 7.400000000000000355e+00 2.058000000000000000e+03
8.636000000000000000e+03 7.965000000000000000e+03 2.645000000000000000e+02 8.000000000000000000e+00 1.966000000000000000e+03
8.646000000000000000e+03 8.014000000000000000e+03 2.106999999999999886e+02 7.700000000000000178e+00 2.060000000000000000e+03
8.661000000000000000e+03 8.031000000000000000e+03 2.701999999999999886e+02 8.199999999999999289e+00 1.954000000000000000e+03
8.621000000000000000e+03 8.105000000000000000e+03 2.545000000000000000e+02 7.200000000000000178e+00 1.953000000000000000e+03
8.719000000000000000e+03 8.057000000000000000e+03 4.088000000000000114e+02 8.000000000000000000e+00 1.956000000000000000e+03
8.623000000000000000e+03 7.923000000000000000e+03 3.521999999999999886e+02 8.000000000000000000e+00 2.012000000000000000e+03
8.622000000000000000e+03 8.044000000000000000e+03 2.228000000000000114e+02 8.000000000000000000e+00 2.034000000000000000e+03
8.666000000000000000e+03 8.049000000000000000e+03 2.961999999999999886e+02 7.500000000000000000e+00 2.014000000000000000e+03
8.605000000000000000e+03 8.066000000000000000e+03 2.006999999999999886e+02 7.700000000000000178e+00 1.958000000000000000e+03
8.700000000000000000e+03 8.041000000000000000e+03 2.330999999999999943e+02 7.700000000000000178e+00 2.028000000000000000e+03
8.598000000000000000e+03 8.016000000000000000e+03 2.441999999999999886e+02 7.200000000000000178e+00 1.961000000000000000e+03
8.694000000000000000e+03 8.154000000000000000e+03 2.826000000000000227e+02 7.599999999999999645e+00 2.019000000000000000e+03
8.615000000000000000e+03 8.016000000000000000e+03 2.578000000000000114e+02 7.799999999999999822e+00 2.052000000000000000e+03
8.700000000000000000e+03 8.076000000000000000e+03 2.720000000000000000e+02 7.200000000000000178e+00 1.899000000000000000e+03
8.603000000000000000e+03 8.018000000000000000e+03 2.521999999999999886e+02 7.599999999999999645e+00 2.003000000000000000e+03
8.675000000000000000e+03 8.007000000000000000e+03 2.560000000000000000e+02 7.599999999999999645e+00 1.994000000000000000e+03
8.633000000000000000e+03 8.010000000000000000e+03 2.205999999999999943e+02 7.299999999999999822e+00 2.044000000000000000e+03
8.660000000000000000e+03 8.024000000000000000e+03 3.368000000000000114e+02 7.500000000000000000e+00 2.097000000000000000e+03
8.613000000000000000e+03 7.977000000000000000e+03 2.931000000000000227e+02 8.000000000000000000e+00 1.985000000000000000e+03
8.737000000000000000e+03 8.062000000000000000e+03 2.298000000000000114e+02 8.000000000000000000e+00 2.035000000000000000e+03
8.582000000000000000e+03 8.034000000000000000e+03 2.390999999999999943e+02 8.000000000000000000e+00 2.010000000000000000e+03
8.644000000000000000e+03 8.089000000000000000e+03 2.531999999999999886e+02 7.500000000000000000e+00 2.052000000000000000e+03
8.645000000000000000e+03 8.038000000000000000e+03 2.996999999999999886e+02 8.000000000000000000e+00 1.989000000000000000e+03
8.740000000000000000e+03 7.949000000000000000e+03 2.973999999999999773e+02 9.000000000000000000e+00 2.000000000000000000e+03
8.632000000000000000e+03 8.039000000000000000e+03 2.925000000000000000e+02 7.500000000000000000e+00 2.000000000000000000e+03
