9.896000000000000000e+03 8.311000000000000000e+03 8.340000000000000568e+01 3.299999999999999822e+00 2.160000000000000000e+02
9.896000000000000000e+03 8.332000000000000000e+03 7.979999999999999716e+01 3.500000000000000000e+00 2.210000000000000000e+02
9.869000000000000000e+03 8.389000000000000000e+03 6.820000000000000284e+01 3.299999999999999822e+00 2.310000000000000000e+02
9.888000000000000000e+03 8.170000000000000000e+03 7.640000000000000568e+01 3.500000000000000000e+00 2.050000000000000000e+02
9.911000000000000000e+03 8.385000000000000000e+03 8.640000000000000568e+01 3.200000000000000178e+00 2.070000000000000000e+02
9.856000000000000000e+03 8.421000000000000000e+03 8.409999999999999432e+01 3.100000000000000089e+00 2.300000000000000000e+02
9.884000000000000000e+03 8.304000000000000000e+03 6.279999999999999716e+01 3.399999999999999911e+00 2.180000000000000000e+02
9.875000000000000000e+03 8.380000000000000000e+03 1.012000000000000028e+02 3.299999999999999822e+00 2.240000000000000000e+02
9.870000000000000000e+03 8.235000000000000000e+03 7.150000000000000000e+01 3.500000000000000000e+00 2.280000000000000000e+02
9.892000000000000000e+03 8.268000000000000000e+03 7.079999999999999716e+01 3.299999999999999822e+00 2.340000000000000000e+02
9.893000000000000000e+03 8.388000000000000000e+03 1.027999999999999972e+02 3.200000000000000178e+00 2.340000000000000000e+02
9.891000000000000000e+03 8.268000000000000000e+03 8.059999999999999432e+01 3.399999999999999911e+00 2.320000000000000000e+02
9.888000000000000000e+03 8.359000000000000000e+03 9.640000000000000568e+01 3.200000000000000178e+00 2.110000000000000000e+02
9.895000000000000000e+03 8.528000000000000000e+03 7.090000000000000568e+01 3.000000000000000000e+00 2.550000000000000000e+02
9.870000000000000000e+03 8.425000000000000000e+03 8.359999999999999432e+01 3.299999999999999822e+00 2.350000000000000000e+02
9.885000000000000000e+03 8.260000000000000000e+03 8.079999999999999716e+01 3.500000000000000000e+00 2.120000000000000000e+02
9.893000000000000000e+03 8.419000000000000000e+03 6.350000000000000000e+01 3.200000000000000178e+00 2.300000000000000000e+02
9.890000000000000000e+03 8.420000000000000000e+03 8.750000000000000000e+01 3.100000000000000089e+00 2.330000000000000000e+02
9.878000000000000000e+03 8.410000000000000000e+03 6.320000000000000284e+01 3.100000000000000089e+00 2.310000000000000000e+02
9.874000000000000000e+03 8.314000000000000000e+03 8.200000000000000000e+01 3.500000000000000000e+00 2.140000000000000000e+02
9.873000000000000000e+03 8.411000000000000000e+03 1.087000000000000028e+02 3.200000000000000178e+00 2.170000000000000000e+02
9.896000000000000000e+03 8.480000000000000000e+03 1.130999999999999943e+02 3.100000000000000089e+00 2.070000000000000000e+02
9.897000000000000000e+03 8.469000000000000000e+03 6.979999999999999716e+01 3.100000000000000089e+00 2.190000000000000000e+02
9.874000000000000000e+03 8.350000000000000000e+03 6.990000000000000568e+01 3.200000000000000178e+00 2.190000000000000000e+02
9.899000000000000000e+03 8.323000000000000000e+03 8.459999999999999432e+01 3.299999999999999822e+00 2.410000000000000000e+02
9.863000000000000000e+03 8.317000000000000000e+03 6.400000000000000000e+01 3.200000000000000178e+00 2.330000000000000000e+02
9.891000000000000000e+03 8.397000000000000000e+03 7.109999999999999432e+01 3.200000000000000178e+00 2.210000000000000000e+02
9.887000000000000000e+03 8.384000000000000000e+03 9.750000000000000000e+01 3.200000000000000178e+00 2.000000000000000000e+02
9.893000000000000000e+03 8.283000000000000000e+03 1.020999999999999943e+02 3.399999999999999911e+00 2.310000000000000000e+02
9.888000000000000000e+03 8.395000000000000000e+03 8.359999999999999432e+01 3.200000000000000178e+00 2.260000000000000000e+02
9.883000000000000000e+03 8.378000000000000000e+03 7.359999999999999432e+01 3.299999999999999822e+00 2.200000000000000000e+02
9.867000000000000000e+03 8.247000000000000000e+03 8.170000000000000284e+01 3.399999999999999911e+00 2.020000000000000000e+02
9.864000000000000000e+03 8.335000000000000000e+03 1.075999999999999943e+02 3.399999999999999911e+00 2.200000000000000000e+02
9.884000000000000000e+03 8.381000000000000000e+03 8.270000000000000284e+01 3.200000000000000178e+00 2.390000000000000000e+02
9.888000000000000000e+03 8.358000000000000000e+03 8.359999999999999432e+01 3.200000000000000178e+00 2.290000000000000000e+02
9.888000000000000000e+03 8.412000000000000000e+03 7.679999999999999716e+01 3.200000000000000178e+00 2.280000000000000000e+02
9.896000000000000000e+03 8.142000000000000000e+03 9.529999999999999716e+01 3.700000000000000178e+00 2.120000000000000000e+02
9.885000000000000000e+03 8.297000000000000000e+03 7.900000000000000000e+01 3.299999999999999822e+00 2.250000000000000000e+02
9.879000000000000000e+03 8.509000000000000000e+03 6.679999999999999716e+01 3.000000000000000000e+00 2.250000000000000000e+02
9.888000000000000000e+03 8.261000000000000000e+03 6.160000000000000142e+01 4.000000000000000000e+00 2.360000000000000000e+02
9.891000000000000000e+03 8.463000000000000000e+03 7.050000000000000000e+01 3.200000000000000178e+00 2.280000000000000000e+02
9.883000000000000000e+03 8.318000000000000000e+03 7.829999999999999716e+01 3.500000000000000000e+00 2.220000000000000000e+02
9.880000000000000000e+03 8.438000000000000000e+03 8.720000000000000284e+01 3.200000000000000178e+00 2.320000000000000000e+02
9.883000000000000000e+03 8.336000000000000000e+03 8.740000000000000568e+01 3.299999999999999822e+00 2.230000000000000000e+02
9.886000000000000000e+03 8.318000000000000000e+03 7.229999999999999716e+01 4.000000000000000000e+00 2.450000000000000000e+02
9.902000000000000000e+03 8.416000000000000000e+03 7.850000000000000000e+01 3.100000000000000089e+00 2.110000000000000000e+02
9.882000000000000000e+03 8.343000000000000000e+03 7.000000000000000000e+01 4.000000000000000000e+00 2.540000000000000000e+02
9.873000000000000000e+03 8.518000000000000000e+03 6.970000000000000284e+01 3.000000000000000000e+00 2.120000000000000000e+02
9.885000000000000000e+03 8.404000000000000000e+03 6.870000000000000284e+01 3.200000000000000178e+00 2.200000000000000000e+02
9.877000000000000000e+03 8.284000000000000000e+03 1.122999999999999972e+02 3.299999999999999822e+00 2.180000000000000000e+02
9.860000000000000000e+03 8.453000000000000000e+03 7.850000000000000000e+01 3.000000000000000000e+00 2.460000000000000000e+02
9.900000000000000000e+03 8.320000000000000000e+03 7.629999999999999716e+01 3.200000000000000178e+00 2.330000000000000000e+02
9.879000000000000000e+03 8.386000000000000000e+03 6.850000000000000000e+01 3.200000000000000178e+00 2.200000000000000000e+02
9.887000000000000000e+03 8.430000000000000000e+03 7.779999999999999716e+01 3.100000000000000089e+00 2.300000000000000000e+02
9.892000000000000000e+03 8.386000000000000000e+03 7.400000000000000000e+01 3.100000000000000089e+00 2.460000000000000000e+02
9.853000000000000000e+03 8.300000000000000000e+03 6.220000000000000284e+01 3.399999999999999911e+00 2.120000000000000000e+02
9.878000000000000000e+03 8.217000000000000000e+03 7.729999999999999716e+01 3.500000000000000000e+00 2.280000000000000000e+02
9.877000000000000000e+03 8.251000000000000000e+03 8.700000000000000000e+01 3.399999999999999911e+00 2.090000000000000000e+02
9.879000000000000000e+03 8.378000000000000000e+03 7.700000000000000000e+01 3.100000000000000089e+00 2.380000000000000000e+02
9.873000000000000000e+03 8.385000000000000000e+03 6.950000000000000000e+01 3.299999999999999822e+00 2.360000000000000000e+02
9.876000000000000000e+03 8.313000000000000000e+03 7.200000000000000000e+01 3.299999999999999822e+00 2.240000000000000000e+02
9.865000000000000000e+03 8.304000000000000000e+03 7.000000000000000000e+01 3.299999999999999822e+00 2.340000000000000000e+02
9.886000000000000000e+03 8.307000000000000000e+03 9.520000000000000284e+01 3.399999999999999911e+00 2.310000000000000000e+02
9.885000000000000000e+03 8.361000000000000000e+03 9.059999999999999432e+01 3.200000000000000178e+00 2.290000000000000000e+02
9.883000000000000000e+03 8.309000000000000000e+03 7.500000000000000000e+01 3.399999999999999911e+00 2.300000000000000000e+02
9.894000000000000000e+03 8.328000000000000000e+03 8.429999999999999716e+01 3.399999999999999911e+00 2.130000000000000000e+02
9.891000000000000000e+03 8.297000000000000000e+03 7.579999999999999716e+01 3.200000000000000178e+00 2.360000000000000000e+02
9.894000000000000000e+03 8.437000000000000000e+03 9.540000000000000568e+01 3.000000000000000000e+00 2.220000000000000000e+02
9.884000000000000000e+03 8.400000000000000000e+03 7.459999999999999432e+01 3.100000000000000089e+00 2.380000000000000000e+02
9.890000000000000000e+03 8.461000000000000000e+03 8.470000000000000284e+01 3.100000000000000089e+00 2.320000000000000000e+02
9.901000000000000000e+03 8.256000000000000000e+03 7.900000000000000000e+01 3.399999999999999911e+00 2.070000000000000000e+02
9.868000000000000000e+03 8.501000000000000000e+03 7.950000000000000000e+01 3.100000000000000089e+00 2.380000000000000000e+02
9.899000000000000000e+03 8.346000000000000000e+03 8.470000000000000284e+01 3.299999999999999822e+00 2.340000000000000000e+02
9.870000000000000000e+03 8.298000000000000000e+03 6.579999999999999716e+01 4.000000000000000000e+00 2.660000000000000000e+02
9.889000000000000000e+03 8.319000000000000000e+03 7.479999999999999716e+01 3.299999999999999822e+00 2.300000000000000000e+02
9.872000000000000000e+03 8.451000000000000000e+03 7.459999999999999432e+01 3.100000000000000089e+00 2.600000000000000000e+02
9.866000000000000000e+03 8.322000000000000000e+03 8.640000000000000568e+01 3.299999999999999822e+00 2.360000000000000000e+02
9.885000000000000000e+03 8.410000000000000000e+03 7.029999999999999716e+01 3.299999999999999822e+00 2.180000000000000000e+02
9.879000000000000000e+03 8.349000000000000000e+03 7.209999999999999432e+01 3.500000000000000000e+00 2.280000000000000000e+02
9.880000000000000000e+03 8.198000000000000000e+03 1.035000000000000000e+02 3.600000000000000089e+00 2.250000000000000000e+02
9.858000000000000000e+03 8.399000000000000000e+03 7.670000000000000284e+01 3.299999999999999822e+00 2.000000000000000000e+02
9.885000000000000000e+03 8.347000000000000000e+03 8.590000000000000568e+01 3.299999999999999822e+00 2.250000000000000000e+02
9.883000000000000000e+03 8.260000000000000000e+03 7.979999999999999716e+01 3.399999999999999911e+00 2.300000000000000000e+02
9.894000000000000000e+03 8.412000000000000000e+03 7.170000000000000284e+01 3.100000000000000089e+00 2.270000000000000000e+02
9.861000000000000000e+03 8.354000000000000000e+03 1.029000000000000057e+02 3.200000000000000178e+00 2.190000000000000000e+02
9.874000000000000000e+03 8.265000000000000000e+03 5.720000000000000284e+01 3.399999999999999911e+00 2.130000000000000000e+02
9.905000000000000000e+03 8.250000000000000000e+03 7.790000000000000568e+01 3.399999999999999911e+00 1.960000000000000000e+02
9.879000000000000000e+03 8.446000000000000000e+03 7.209999999999999432e+01 3.100000000000000089e+00 2.370000000000000000e+02
9.894000000000000000e+03 8.363000000000000000e+03 7.190000000000000568e+01 3.200000000000000178e+00 2.180000000000000000e+02
9.871000000000000000e+03 8.528000000000000000e+03 8.779999999999999716e+01 3.000000000000000000e+00 2.400000000000000000e+02
9.872000000000000000e+03 8.382000000000000000e+03 6.879999999999999716e+01 3.200000000000000178e+00 2.170000000000000000e+02
9.901000000000000000e+03 8.281000000000000000e+03 7.409999999999999432e+01 3.399999999999999911e+00 2.250000000000000000e+02
9.896000000000000000e+03 8.395000000000000000e+03 6.840000000000000568e+01 3.200000000000000178e+00 2.540000000000000000e+02
9.898000000000000000e+03 8.356000000000000000e+03 9.609999999999999432e+01 3.299999999999999822e+00 2.360000000000000000e+02
9.891000000000000000e+03 8.437000000000000000e+03 6.920000000000000284e+01 3.200000000000000178e+00 2.070000000000000000e+02
9.883000000000000000e+03 8.266000000000000000e+03 6.509999999999999432e+01 3.399999999999999911e+00 2.180000000000000000e+02
9.890000000000000000e+03 8.389000000000000000e+03 8.490000000000000568e+01 3.100000000000000089e+00 2.350000000000000000e+02
9.904000000000000000e+03 8.447000000000000000e+03 8.179999999999999716e+01 3.299999999999999822e+00 2.130000000000000000e+02
9.853000000000000000e+03 8.463000000000000000e+03 6.150000000000000000e+01 3.000000000000000000e+00 2.380000000000000000e+02
9.881000000000000000e+03 8.339000000000000000e+03 8.459999999999999432e+01 3.200000000000000178e+00 2.060000000000000000e+02
9.889000000000000000e+03 8.377000000000000000e+03 9.059999999999999432e+01 3.200000000000000178e+00 2.070000000000000000e+02
9.903000000000000000e+03 8.475000000000000000e+03 8.909999999999999432e+01 3.000000000000000000e+00 2.200000000000000000e+02
9.855000000000000000e+03 8.434000000000000000e+03 7.290000000000000568e+01 3.100000000000000089e+00 2.320000000000000000e+02
9.902000000000000000e+03 8.452000000000000000e+03 8.420000000000000284e+01 3.299999999999999822e+00 2.380000000000000000e+02
9.874000000000000000e+03 8.383000000000000000e+03 7.870000000000000284e+01 3.299999999999999822e+00 2.150000000000000000e+02
9.892000000000000000e+03 8.484000000000000000e+03 7.179999999999999716e+01 3.200000000000000178e+00 2.070000000000000000e+02
9.900000000000000000e+03 8.241000000000000000e+03 1.306999999999999886e+02 3.500000000000000000e+00 2.200000000000000000e+02
9.871000000000000000e+03 8.521000000000000000e+03 7.009999999999999432e+01 3.100000000000000089e+00 2.220000000000000000e+02
9.894000000000000000e+03 8.360000000000000000e+03 1.072999999999999972e+02 3.299999999999999822e+00 2.460000000000000000e+02
9.872000000000000000e+03 8.471000000000000000e+03 1.059000000000000057e+02 3.200000000000000178e+00 2.190000000000000000e+02
9.873000000000000000e+03 8.335000000000000000e+03 7.550000000000000000e+01 3.200000000000000178e+00 2.140000000000000000e+02
9.889000000000000000e+03 8.269000000000000000e+03 1.002999999999999972e+02 3.299999999999999822e+00 2.420000000000000000e+02
9.874000000000000000e+03 8.388000000000000000e+03 6.000000000000000000e+01 3.100000000000000089e+00 2.350000000000000000e+02
9.886000000000000000e+03 8.464000000000000000e+03 7.520000000000000284e+01 3.000000000000000000e+00 2.230000000000000000e+02
9.889000000000000000e+03 8.350000000000000000e+03 7.279999999999999716e+01 3.399999999999999911e+00 2.330000000000000000e+02
9.894000000000000000e+03 8.313000000000000000e+03 7.870000000000000284e+01 3.299999999999999822e+00 2.030000000000000000e+02
9.897000000000000000e+03 8.356000000000000000e+03 7.290000000000000568e+01 3.200000000000000178e+00 2.340000000000000000e+02
9.860000000000000000e+03 8.446000000000000000e+03 7.140000000000000568e+01 3.200000000000000178e+00 2.100000000000000000e+02
9.887000000000000000e+03 8.331000000000000000e+03 8.959999999999999432e+01 3.399999999999999911e+00 2.330000000000000000e+02
9.897000000000000000e+03 8.444000000000000000e+03 8.850000000000000000e+01 3.100000000000000089e+00 2.580000000000000000e+02
9.881000000000000000e+03 8.437000000000000000e+03 6.909999999999999432e+01 3.000000000000000000e+00 2.310000000000000000e+02
9.896000000000000000e+03 8.483000000000000000e+03 7.570000000000000284e+01 3.100000000000000089e+00 2.180000000000000000e+02
9.876000000000000000e+03 8.306000000000000000e+03 8.159999999999999432e+01 3.399999999999999911e+00 2.330000000000000000e+02
9.878000000000000000e+03 8.376000000000000000e+03 7.129999999999999716e+01 3.399999999999999911e+00 2.350000000000000000e+02
9.878000000000000000e+03 8.310000000000000000e+03 7.450000000000000000e+01 3.200000000000000178e+00 2.280000000000000000e+02
9.861000000000000000e+03 8.399000000000000000e+03 8.329999999999999716e+01 3.200000000000000178e+00 2.190000000000000000e+02
9.876000000000000000e+03 8.459000000000000000e+03 6.020000000000000284e+01 3.100000000000000089e+00 2.500000000000000000e+02
9.890000000000000000e+03 8.409000000000000000e+03 7.729999999999999716e+01 3.100000000000000089e+00 2.270000000000000000e+02
9.880000000000000000e+03 8.320000000000000000e+03 7.609999999999999432e+01 3.299999999999999822e+00 2.270000000000000000e+02
9.898000000000000000e+03 8.208000000000000000e+03 7.770000000000000284e+01 3.700000000000000178e+00 2.200000000000000000e+02
9.882000000000000000e+03 8.382000000000000000e+03 8.900000000000000000e+01 3.200000000000000178e+00 2.400000000000000000e+02
9.886000000000000000e+03 8.460000000000000000e+03 8.829999999999999716e+01 3.000000000000000000e+00 2.250000000000000000e+02
9.894000000000000000e+03 8.413000000000000000e+03 1.040000000000000000e+02 3.299999999999999822e+00 2.380000000000000000e+02
9.870000000000000000e+03 8.306000000000000000e+03 7.729999999999999716e+01 3.299999999999999822e+00 2.280000000000000000e+02
9.884000000000000000e+03 8.372000000000000000e+03 7.390000000000000568e+01 3.200000000000000178e+00 2.140000000000000000e+02
9.888000000000000000e+03 8.415000000000000000e+03 1.012000000000000028e+02 3.100000000000000089e+00 2.310000000000000000e+02
9.877000000000000000e+03 8.364000000000000000e+03 8.470000000000000284e+01 3.299999999999999822e+00 2.320000000000000000e+02
9.869000000000000000e+03 8.439000000000000000e+03 6.370000000000000284e+01 3.100000000000000089e+00 2.160000000000000000e+02
9.887000000000000000e+03 8.541000000000000000e+03 1.035999999999999943e+02 3.000000000000000000e+00 2.110000000000000000e+02
9.869000000000000000e+03 8.485000000000000000e+03 1.129000000000000057e+02 3.100000000000000089e+00 2.410000000000000000e+02
9.874000000000000000e+03 8.369000000000000000e+03 8.870000000000000284e+01 3.200000000000000178e+00 2.390000000000000000e+02
9.882000000000000000e+03 8.304000000000000000e+03 7.559999999999999432e+01 3.600000000000000089e+00 2.280000000000000000e+02
9.880000000000000000e+03 8.389000000000000000e+03 6.820000000000000284e+01 3.200000000000000178e+00 2.060000000000000000e+02
9.868000000000000000e+03 8.458000000000000000e+03 7.490000000000000568e+01 3.100000000000000089e+00 2.270000000000000000e+02
9.887000000000000000e+03 8.363000000000000000e+03 7.970000000000000284e+01 3.299999999999999822e+00 2.250000000000000000e+02
9.876000000000000000e+03 8.447000000000000000e+03 7.259999999999999432e+01 3.200000000000000178e+00 2.330000000000000000e+02
9.887000000000000000e+03 8.441000000000000000e+03 7.250000000000000000e+01 3.200000000000000178e+00 2.050000000000000000e+02
9.887000000000000000e+03 8.249000000000000000e+03 8.190000000000000568e+01 3.700000000000000178e+00 2.340000000000000000e+02
9.893000000000000000e+03 8.412000000000000000e+03 6.609999999999999432e+01 3.299999999999999822e+00 2.330000000000000000e+02
9.892000000000000000e+03 8.257000000000000000e+03 6.879999999999999716e+01 3.399999999999999911e+00 2.260000000000000000e+02
9.907000000000000000e+03 8.316000000000000000e+03 8.759999999999999432e+01 3.399999999999999911e+00 2.350000000000000000e+02
9.867000000000000000e+03 8.349000000000000000e+03 7.129999999999999716e+01 3.100000000000000089e+00 2.110000000000000000e+02
9.895000000000000000e+03 8.413000000000000000e+03 1.080999999999999943e+02 3.200000000000000178e+00 2.150000000000000000e+02
9.899000000000000000e+03 8.209000000000000000e+03 6.759999999999999432e+01 3.600000000000000089e+00 2.320000000000000000e+02
9.889000000000000000e+03 8.462000000000000000e+03 6.110000000000000142e+01 3.000000000000000000e+00 2.280000000000000000e+02
9.867000000000000000e+03 8.244000000000000000e+03 6.959999999999999432e+01 3.399999999999999911e+00 2.030000000000000000e+02
9.896000000000000000e+03 8.409000000000000000e+03 7.420000000000000284e+01 3.200000000000000178e+00 2.250000000000000000e+02
9.886000000000000000e+03 8.329000000000000000e+03 6.700000000000000000e+01 3.100000000000000089e+00 2.080000000000000000e+02
9.885000000000000000e+03 8.280000000000000000e+03 5.989999999999999858e+01 3.600000000000000089e+00 2.280000000000000000e+02
9.863000000000000000e+03 8.316000000000000000e+03 6.279999999999999716e+01 3.399999999999999911e+00 2.610000000000000000e+02
9.881000000000000000e+03 8.406000000000000000e+03 7.179999999999999716e+01 3.299999999999999822e+00 2.280000000000000000e+02
9.885000000000000000e+03 8.450000000000000000e+03 6.490000000000000568e+01 3.200000000000000178e+00 2.150000000000000000e+02
9.884000000000000000e+03 8.392000000000000000e+03 7.279999999999999716e+01 3.299999999999999822e+00 2.500000000000000000e+02
9.871000000000000000e+03 8.375000000000000000e+03 7.000000000000000000e+01 3.299999999999999822e+00 2.080000000000000000e+02
9.882000000000000000e+03 8.360000000000000000e+03 7.629999999999999716e+01 3.399999999999999911e+00 2.370000000000000000e+02
9.872000000000000000e+03 8.251000000000000000e+03 8.240000000000000568e+01 3.500000000000000000e+00 2.310000000000000000e+02
9.876000000000000000e+03 8.203000000000000000e+03 7.490000000000000568e+01 4.000000000000000000e+00 2.180000000000000000e+02
9.892000000000000000e+03 8.300000000000000000e+03 7.340000000000000568e+01 3.500000000000000000e+00 2.320000000000000000e+02
9.886000000000000000e+03 8.401000000000000000e+03 6.609999999999999432e+01 3.200000000000000178e+00 2.190000000000000000e+02
9.895000000000000000e+03 8.391000000000000000e+03 9.459999999999999432e+01 3.000000000000000000e+00 2.320000000000000000e+02
9.893000000000000000e+03 8.307000000000000000e+03 1.197000000000000028e+02 3.299999999999999822e+00 2.290000000000000000e+02
9.911000000000000000e+03 8.413000000000000000e+03 9.009999999999999432e+01 3.299999999999999822e+00 2.070000000000000000e+02
9.888000000000000000e+03 8.274000000000000000e+03 7.320000000000000284e+01 3.299999999999999822e+00 2.120000000000000000e+02
9.889000000000000000e+03 8.341000000000000000e+03 8.479999999999999716e+01 3.299999999999999822e+00 2.260000000000000000e+02
9.890000000000000000e+03 8.280000000000000000e+03 7.479999999999999716e+01 3.399999999999999911e+00 2.160000000000000000e+02
9.887000000000000000e+03 8.342000000000000000e+03 7.870000000000000284e+01 3.399999999999999911e+00 2.100000000000000000e+02
9.866000000000000000e+03 8.437000000000000000e+03 9.820000000000000284e+01 3.100000000000000089e+00 2.440000000000000000e+02
9.876000000000000000e+03 8.325000000000000000e+03 7.120000000000000284e+01 3.500000000000000000e+00 2.220000000000000000e+02
9.880000000000000000e+03 8.322000000000000000e+03 7.240000000000000568e+01 3.399999999999999911e+00 2.220000000000000000e+02
9.885000000000000000e+03 8.326000000000000000e+03 6.520000000000000284e+01 3.200000000000000178e+00 2.060000000000000000e+02
9.885000000000000000e+03 8.255000000000000000e+03 8.190000000000000568e+01 4.000000000000000000e+00 2.190000000000000000e+02
9.879000000000000000e+03 8.199000000000000000e+03 6.179999999999999716e+01 3.700000000000000178e+00 2.260000000000000000e+02
9.881000000000000000e+03 8.271000000000000000e+03 6.329999999999999716e+01 3.399999999999999911e+00 2.310000000000000000e+02
9.877000000000000000e+03 8.376000000000000000e+03 6.429999999999999716e+01 3.299999999999999822e+00 2.140000000000000000e+02
9.879000000000000000e+03 8.323000000000000000e+03 7.470000000000000284e+01 3.399999999999999911e+00 1.980000000000000000e+02
9.879000000000000000e+03 8.387000000000000000e+03 8.200000000000000000e+01 3.200000000000000178e+00 2.330000000000000000e+02
9.888000000000000000e+03 8.367000000000000000e+03 7.470000000000000284e+01 3.399999999999999911e+00 2.320000000000000000e+02
9.881000000000000000e+03 8.434000000000000000e+03 8.550000000000000000e+01 3.299999999999999822e+00 2.710000000000000000e+02
9.891000000000000000e+03 8.298000000000000000e+03 8.270000000000000284e+01 3.200000000000000178e+00 2.130000000000000000e+02
9.896000000000000000e+03 8.335000000000000000e+03 8.979999999999999716e+01 3.399999999999999911e+00 2.250000000000000000e+02
9.896000000000000000e+03 8.358000000000000000e+03 9.000000000000000000e+01 3.399999999999999911e+00 2.320000000000000000e+02
9.871000000000000000e+03 8.350000000000000000e+03 7.159999999999999432e+01 3.299999999999999822e+00 2.640000000000000000e+02
9.891000000000000000e+03 8.252000000000000000e+03 8.329999999999999716e+01 3.399999999999999911e+00 2.360000000000000000e+02
9.889000000000000000e+03 8.284000000000000000e+03 7.420000000000000284e+01 3.399999999999999911e+00 2.170000000000000000e+02
9.901000000000000000e+03 8.425000000000000000e+03 7.079999999999999716e+01 3.100000000000000089e+00 2.130000000000000000e+02
9.890000000000000000e+03 8.312000000000000000e+03 5.450000000000000000e+01 3.399999999999999911e+00 2.430000000000000000e+02
9.885000000000000000e+03 8.465000000000000000e+03 6.529999999999999716e+01 3.100000000000000089e+00 2.220000000000000000e+02
9.884000000000000000e+03 8.304000000000000000e+03 6.640000000000000568e+01 3.399999999999999911e+00 2.160000000000000000e+02
9.889000000000000000e+03 8.379000000000000000e+03 7.159999999999999432e+01 3.200000000000000178e+00 2.380000000000000000e+02
9.893000000000000000e+03 8.343000000000000000e+03 7.729999999999999716e+01 3.399999999999999911e+00 2.130000000000000000e+02
9.882000000000000000e+03 8.303000000000000000e+03 7.629999999999999716e+01 3.299999999999999822e+00 2.200000000000000000e+02
9.879000000000000000e+03 8.343000000000000000e+03 1.054000000000000057e+02 3.299999999999999822e+00 2.450000000000000000e+02
9.877000000000000000e+03 8.328000000000000000e+03 1.025000000000000000e+02 3.200000000000000178e+00 2.220000000000000000e+02
9.878000000000000000e+03 8.378000000000000000e+03 8.250000000000000000e+01 3.100000000000000089e+00 2.270000000000000000e+02
9.847000000000000000e+03 8.461000000000000000e+03 6.890000000000000568e+01 3.200000000000000178e+00 2.120000000000000000e+02
9.890000000000000000e+03 8.301000000000000000e+03 7.270000000000000284e+01 3.299999999999999822e+00 2.250000000000000000e+02
9.897000000000000000e+03 8.424000000000000000e+03 8.709999999999999432e+01 3.000000000000000000e+00 2.550000000000000000e+02
9.881000000000000000e+03 8.414000000000000000e+03 8.120000000000000284e+01 3.299999999999999822e+00 2.150000000000000000e+02
9.878000000000000000e+03 8.447000000000000000e+03 7.890000000000000568e+01 3.100000000000000089e+00 2.120000000000000000e+02
9.888000000000000000e+03 8.369000000000000000e+03 7.629999999999999716e+01 3.100000000000000089e+00 2.310000000000000000e+02
9.883000000000000000e+03 8.260000000000000000e+03 8.650000000000000000e+01 3.700000000000000178e+00 2.020000000000000000e+02
9.864000000000000000e+03 8.553000000000000000e+03 5.679999999999999716e+01 3.000000000000000000e+00 2.150000000000000000e+02
9.869000000000000000e+03 8.419000000000000000e+03 6.890000000000000568e+01 3.200000000000000178e+00 2.350000000000000000e+02
9.888000000000000000e+03 8.246000000000000000e+03 7.950000000000000000e+01 3.500000000000000000e+00 2.310000000000000000e+02
9.870000000000000000e+03 8.525000000000000000e+03 7.200000000000000000e+01 3.000000000000000000e+00 2.490000000000000000e+02
9.901000000000000000e+03 8.303000000000000000e+03 6.890000000000000568e+01 3.299999999999999822e+00 2.300000000000000000e+02
9.886000000000000000e+03 8.299000000000000000e+03 7.809999999999999432e+01 3.399999999999999911e+00 2.420000000000000000e+02
9.871000000000000000e+03 8.472000000000000000e+03 7.100000000000000000e+01 3.100000000000000089e+00 2.590000000000000000e+02
9.859000000000000000e+03 8.406000000000000000e+03 7.270000000000000284e+01 3.200000000000000178e+00 2.230000000000000000e+02
9.877000000000000000e+03 8.279000000000000000e+03 6.279999999999999716e+01 3.399999999999999911e+00 2.130000000000000000e+02
9.862000000000000000e+03 8.371000000000000000e+03 7.809999999999999432e+01 3.299999999999999822e+00 2.440000000000000000e+02
9.873000000000000000e+03 8.426000000000000000e+03 9.500000000000000000e+01 3.200000000000000178e+00 2.390000000000000000e+02
9.890000000000000000e+03 8.208000000000000000e+03 6.929999999999999716e+01 3.600000000000000089e+00 2.270000000000000000e+02
9.896000000000000000e+03 8.426000000000000000e+03 9.000000000000000000e+01 3.100000000000000089e+00 2.360000000000000000e+02
9.888000000000000000e+03 8.275000000000000000e+03 7.900000000000000000e+01 3.500000000000000000e+00 2.100000000000000000e+02
9.876000000000000000e+03 8.293000000000000000e+03 8.800000000000000000e+01 3.399999999999999911e+00 2.190000000000000000e+02
9.902000000000000000e+03 8.175000000000000000e+03 8.000000000000000000e+01 4.000000000000000000e+00 2.260000000000000000e+02
9.889000000000000000e+03 8.319000000000000000e+03 7.200000000000000000e+01 3.399999999999999911e+00 2.280000000000000000e+02
9.884000000000000000e+03 8.414000000000000000e+03 6.550000000000000000e+01 3.200000000000000178e+00 2.190000000000000000e+02
9.881000000000000000e+03 8.454000000000000000e+03 8.329999999999999716e+01 3.000000000000000000e+00 2.140000000000000000e+02
9.880000000000000000e+03 8.283000000000000000e+03 7.170000000000000284e+01 3.299999999999999822e+00 2.320000000000000000e+02
9.893000000000000000e+03 8.331000000000000000e+03 5.600000000000000000e+01 3.100000000000000089e+00 2.300000000000000000e+02
9.892000000000000000e+03 8.400000000000000000e+03 6.570000000000000284e+01 3.200000000000000178e+00 2.160000000000000000e+02
9.888000000000000000e+03 8.287000000000000000e+03 6.500000000000000000e+01 3.500000000000000000e+00 2.150000000000000000e+02
9.886000000000000000e+03 8.362000000000000000e+03 1.288000000000000114e+02 3.299999999999999822e+00 2.220000000000000000e+02
9.873000000000000000e+03 8.396000000000000000e+03 7.370000000000000284e+01 3.200000000000000178e+00 2.300000000000000000e+02
9.899000000000000000e+03 8.438000000000000000e+03 6.329999999999999716e+01 3.200000000000000178e+00 2.650000000000000000e+02
9.877000000000000000e+03 8.218000000000000000e+03 6.400000000000000000e+01 3.500000000000000000e+00 2.230000000000000000e+02
9.885000000000000000e+03 8.431000000000000000e+03 6.740000000000000568e+01 3.100000000000000089e+00 2.340000000000000000e+02
9.893000000000000000e+03 8.504000000000000000e+03 8.800000000000000000e+01 3.000000000000000000e+00 2.250000000000000000e+02
9.883000000000000000e+03 8.394000000000000000e+03 9.270000000000000284e+01 3.299999999999999822e+00 2.140000000000000000e+02
9.879000000000000000e+03 8.401000000000000000e+03 7.400000000000000000e+01 3.100000000000000089e+00 2.270000000000000000e+02
9.875000000000000000e+03 8.457000000000000000e+03 7.920000000000000284e+01 3.200000000000000178e+00 2.250000000000000000e+02
9.894000000000000000e+03 8.460000000000000000e+03 8.359999999999999432e+01 3.100000000000000089e+00 2.120000000000000000e+02
9.881000000000000000e+03 8.281000000000000000e+03 7.659999999999999432e+01 3.500000000000000000e+00 2.380000000000000000e+02
9.904000000000000000e+03 8.403000000000000000e+03 1.022000000000000028e+02 3.200000000000000178e+00 2.370000000000000000e+02
9.879000000000000000e+03 8.267000000000000000e+03 7.220000000000000284e+01 3.399999999999999911e+00 2.200000000000000000e+02
9.908000000000000000e+03 8.329000000000000000e+03 7.329999999999999716e+01 3.299999999999999822e+00 2.070000000000000000e+02
9.886000000000000000e+03 8.448000000000000000e+03 8.700000000000000000e+01 3.000000000000000000e+00 2.490000000000000000e+02
9.877000000000000000e+03 8.276000000000000000e+03 8.929999999999999716e+01 3.299999999999999822e+00 2.150000000000000000e+02
