8.881000000000000000e+03 8.276000000000000000e+03 3.810000000000000000e+02 1.390000000000000036e+01 9.000000000000000000e+01
8.926000000000000000e+03 8.405000000000000000e+03 4.985000000000000000e+02 1.209999999999999964e+01 8.700000000000000000e+01
8.919000000000000000e+03 8.227000000000000000e+03 7.031000000000000227e+02 1.330000000000000071e+01 8.900000000000000000e+01
8.893000000000000000e+03 8.269000000000000000e+03 5.725000000000000000e+02 1.309999999999999964e+01 8.700000000000000000e+01
8.916000000000000000e+03 8.215000000000000000e+03 5.443999999999999773e+02 1.269999999999999929e+01 9.300000000000000000e+01
8.891000000000000000e+03 8.298000000000000000e+03 4.386999999999999886e+02 1.409999999999999964e+01 9.700000000000000000e+01
8.899000000000000000e+03 8.080000000000000000e+03 6.822000000000000455e+02 1.350000000000000000e+01 8.600000000000000000e+01
8.932000000000000000e+03 8.232000000000000000e+03 4.650000000000000000e+02 1.240000000000000036e+01 8.400000000000000000e+01
8.923000000000000000e+03 8.349000000000000000e+03 5.926000000000000227e+02 1.390000000000000036e+01 8.300000000000000000e+01
8.892000000000000000e+03 8.251000000000000000e+03 5.050000000000000000e+02 1.309999999999999964e+01 8.800000000000000000e+01
8.919000000000000000e+03 8.195000000000000000e+03 5.671000000000000227e+02 1.269999999999999929e+01 8.400000000000000000e+01
8.919000000000000000e+03 8.159000000000000000e+03 4.866000000000000227e+02 1.319999999999999929e+01 8.700000000000000000e+01
8.920000000000000000e+03 8.246000000000000000e+03 5.356000000000000227e+02 1.390000000000000036e+01 8.900000000000000000e+01
8.908000000000000000e+03 8.247000000000000000e+03 4.778999999999999773e+02 1.230000000000000071e+01 9.000000000000000000e+01
8.935000000000000000e+03 8.080000000000000000e+03 5.512999999999999545e+02 1.459999999999999964e+01 8.600000000000000000e+01
8.941000000000000000e+03 8.155000000000000000e+03 6.688999999999999773e+02 1.350000000000000000e+01 8.300000000000000000e+01
8.975000000000000000e+03 8.327000000000000000e+03 6.125000000000000000e+02 1.459999999999999964e+01 9.600000000000000000e+01
8.905000000000000000e+03 8.262000000000000000e+03 3.916000000000000227e+02 1.230000000000000071e+01 9.900000000000000000e+01
8.906000000000000000e+03 8.178000000000000000e+03 4.838000000000000114e+02 1.319999999999999929e+01 9.000000000000000000e+01
8.907000000000000000e+03 8.007000000000000000e+03 4.231999999999999886e+02 1.369999999999999929e+01 9.100000000000000000e+01
8.933000000000000000e+03 8.233000000000000000e+03 4.796999999999999886e+02 1.300000000000000000e+01 8.500000000000000000e+01
8.918000000000000000e+03 8.208000000000000000e+03 3.771000000000000227e+02 1.230000000000000071e+01 8.900000000000000000e+01
8.911000000000000000e+03 7.998000000000000000e+03 4.838000000000000114e+02 1.480000000000000071e+01 8.800000000000000000e+01
8.937000000000000000e+03 8.138000000000000000e+03 6.627999999999999545e+02 1.369999999999999929e+01 9.300000000000000000e+01
8.937000000000000000e+03 8.311000000000000000e+03 4.276999999999999886e+02 1.369999999999999929e+01 9.100000000000000000e+01
8.890000000000000000e+03 8.252000000000000000e+03 4.166000000000000227e+02 1.409999999999999964e+01 9.300000000000000000e+01
8.919000000000000000e+03 8.169000000000000000e+03 4.893000000000000114e+02 1.409999999999999964e+01 8.700000000000000000e+01
8.911000000000000000e+03 8.318000000000000000e+03 4.060000000000000000e+02 1.259999999999999964e+01 9.200000000000000000e+01
8.939000000000000000e+03 8.272000000000000000e+03 5.157999999999999545e+02 1.419999999999999929e+01 8.700000000000000000e+01
8.929000000000000000e+03 8.265000000000000000e+03 5.672999999999999545e+02 1.350000000000000000e+01 8.300000000000000000e+01
8.897000000000000000e+03 8.267000000000000000e+03 4.606999999999999886e+02 1.269999999999999929e+01 8.900000000000000000e+01
8.871000000000000000e+03 8.097000000000000000e+03 4.031000000000000227e+02 1.340000000000000036e+01 8.800000000000000000e+01
8.913000000000000000e+03 8.190000000000000000e+03 4.373999999999999773e+02 1.440000000000000036e+01 9.000000000000000000e+01
8.913000000000000000e+03 8.214000000000000000e+03 5.745000000000000000e+02 1.359999999999999964e+01 9.600000000000000000e+01
8.910000000000000000e+03 8.231000000000000000e+03 4.143000000000000114e+02 1.350000000000000000e+01 9.600000000000000000e+01
8.913000000000000000e+03 8.257000000000000000e+03 5.048000000000000114e+02 1.359999999999999964e+01 9.100000000000000000e+01
8.919000000000000000e+03 8.199000000000000000e+03 3.731999999999999886e+02 1.390000000000000036e+01 9.200000000000000000e+01
8.902000000000000000e+03 8.290000000000000000e+03 4.710000000000000000e+02 1.269999999999999929e+01 8.500000000000000000e+01
8.912000000000000000e+03 8.214000000000000000e+03 4.845000000000000000e+02 1.290000000000000036e+01 9.400000000000000000e+01
8.917000000000000000e+03 8.348000000000000000e+03 4.013000000000000114e+02 1.280000000000000071e+01 9.600000000000000000e+01
8.897000000000000000e+03 8.259000000000000000e+03 4.010000000000000000e+02 1.269999999999999929e+01 8.800000000000000000e+01
8.895000000000000000e+03 8.258000000000000000e+03 4.228000000000000114e+02 1.409999999999999964e+01 8.200000000000000000e+01
8.907000000000000000e+03 8.166000000000000000e+03 4.488000000000000114e+02 1.340000000000000036e+01 8.700000000000000000e+01
8.916000000000000000e+03 8.161000000000000000e+03 4.926000000000000227e+02 1.350000000000000000e+01 8.100000000000000000e+01
8.954000000000000000e+03 8.235000000000000000e+03 4.398999999999999773e+02 1.309999999999999964e+01 9.500000000000000000e+01
8.942000000000000000e+03 8.084000000000000000e+03 4.823000000000000114e+02 1.400000000000000000e+01 9.300000000000000000e+01
8.935000000000000000e+03 8.086000000000000000e+03 5.402000000000000455e+02 1.409999999999999964e+01 8.700000000000000000e+01
8.919000000000000000e+03 8.349000000000000000e+03 4.693000000000000114e+02 1.330000000000000071e+01 8.300000000000000000e+01
8.925000000000000000e+03 8.117000000000000000e+03 5.748999999999999773e+02 1.390000000000000036e+01 8.600000000000000000e+01
8.887000000000000000e+03 7.900000000000000000e+03 4.593999999999999773e+02 1.409999999999999964e+01 8.300000000000000000e+01
8.890000000000000000e+03 8.170000000000000000e+03 4.545000000000000000e+02 1.430000000000000071e+01 9.000000000000000000e+01
8.909000000000000000e+03 8.193000000000000000e+03 4.813999999999999773e+02 1.359999999999999964e+01 9.000000000000000000e+01
8.922000000000000000e+03 8.247000000000000000e+03 7.518999999999999773e+02 1.369999999999999929e+01 8.500000000000000000e+01
8.891000000000000000e+03 8.191000000000000000e+03 6.560000000000000000e+02 1.300000000000000000e+01 8.400000000000000000e+01
8.912000000000000000e+03 8.107000000000000000e+03 4.861999999999999886e+02 1.359999999999999964e+01 8.400000000000000000e+01
8.907000000000000000e+03 8.386000000000000000e+03 4.383000000000000114e+02 1.250000000000000000e+01 8.900000000000000000e+01
8.900000000000000000e+03 8.019000000000000000e+03 6.181000000000000227e+02 1.380000000000000071e+01 8.600000000000000000e+01
8.923000000000000000e+03 8.236000000000000000e+03 6.080000000000000000e+02 1.400000000000000000e+01 9.300000000000000000e+01
8.882000000000000000e+03 8.330000000000000000e+03 1.075599999999999909e+03 1.409999999999999964e+01 8.700000000000000000e+01
8.904000000000000000e+03 8.325000000000000000e+03 3.753999999999999773e+02 1.219999999999999929e+01 8.600000000000000000e+01
8.924000000000000000e+03 8.182000000000000000e+03 5.382000000000000455e+02 1.219999999999999929e+01 8.800000000000000000e+01
8.910000000000000000e+03 8.191000000000000000e+03 6.787999999999999545e+02 1.340000000000000036e+01 9.400000000000000000e+01
8.922000000000000000e+03 8.264000000000000000e+03 6.562999999999999545e+02 1.359999999999999964e+01 9.000000000000000000e+01
8.901000000000000000e+03 8.154000000000000000e+03 6.260000000000000000e+02 1.340000000000000036e+01 1.070000000000000000e+02
8.882000000000000000e+03 8.183000000000000000e+03 4.470000000000000000e+02 1.440000000000000036e+01 8.700000000000000000e+01
8.925000000000000000e+03 7.914000000000000000e+03 4.873000000000000114e+02 1.610000000000000142e+01 8.300000000000000000e+01
8.902000000000000000e+03 7.928000000000000000e+03 5.286000000000000227e+02 1.359999999999999964e+01 8.600000000000000000e+01
8.917000000000000000e+03 8.199000000000000000e+03 6.391000000000000227e+02 1.419999999999999929e+01 8.900000000000000000e+01
8.951000000000000000e+03 8.294000000000000000e+03 4.011000000000000227e+02 1.290000000000000036e+01 8.900000000000000000e+01
8.916000000000000000e+03 8.111000000000000000e+03 5.220000000000000000e+02 1.540000000000000036e+01 8.500000000000000000e+01
8.914000000000000000e+03 8.130000000000000000e+03 5.753999999999999773e+02 1.340000000000000036e+01 8.700000000000000000e+01
8.860000000000000000e+03 8.229000000000000000e+03 3.308000000000000114e+02 1.380000000000000071e+01 9.100000000000000000e+01
8.988000000000000000e+03 8.148000000000000000e+03 4.206000000000000227e+02 1.440000000000000036e+01 8.300000000000000000e+01
8.887000000000000000e+03 8.309000000000000000e+03 7.657000000000000455e+02 1.350000000000000000e+01 9.000000000000000000e+01
8.952000000000000000e+03 8.261000000000000000e+03 5.397000000000000455e+02 1.400000000000000000e+01 9.700000000000000000e+01
8.906000000000000000e+03 8.238000000000000000e+03 4.321999999999999886e+02 1.450000000000000000e+01 8.300000000000000000e+01
8.934000000000000000e+03 8.265000000000000000e+03 6.066000000000000227e+02 1.400000000000000000e+01 8.900000000000000000e+01
8.894000000000000000e+03 8.284000000000000000e+03 9.767000000000000455e+02 1.380000000000000071e+01 9.400000000000000000e+01
8.929000000000000000e+03 8.189000000000000000e+03 6.267000000000000455e+02 1.330000000000000071e+01 9.200000000000000000e+01
8.867000000000000000e+03 8.121000000000000000e+03 5.613999999999999773e+02 1.450000000000000000e+01 9.400000000000000000e+01
8.883000000000000000e+03 8.197000000000000000e+03 6.537000000000000455e+02 1.340000000000000036e+01 8.000000000000000000e+01
8.924000000000000000e+03 8.206000000000000000e+03 4.388000000000000114e+02 1.340000000000000036e+01 9.300000000000000000e+01
8.893000000000000000e+03 8.254000000000000000e+03 4.816000000000000227e+02 1.269999999999999929e+01 8.500000000000000000e+01
8.879000000000000000e+03 7.962000000000000000e+03 6.745000000000000000e+02 1.400000000000000000e+01 8.600000000000000000e+01
8.872000000000000000e+03 7.967000000000000000e+03 4.316000000000000227e+02 1.359999999999999964e+01 8.800000000000000000e+01
8.945000000000000000e+03 8.107000000000000000e+03 4.111000000000000227e+02 1.409999999999999964e+01 8.200000000000000000e+01
8.929000000000000000e+03 8.161000000000000000e+03 4.476000000000000227e+02 1.340000000000000036e+01 8.500000000000000000e+01
8.905000000000000000e+03 8.186000000000000000e+03 5.876000000000000227e+02 1.359999999999999964e+01 8.900000000000000000e+01
8.918000000000000000e+03 8.252000000000000000e+03 6.192999999999999545e+02 1.269999999999999929e+01 9.400000000000000000e+01
8.899000000000000000e+03 8.275000000000000000e+03 4.678999999999999773e+02 1.309999999999999964e+01 8.300000000000000000e+01
8.917000000000000000e+03 8.066000000000000000e+03 4.733000000000000114e+02 1.419999999999999929e+01 9.200000000000000000e+01
8.893000000000000000e+03 8.197000000000000000e+03 6.246000000000000227e+02 1.440000000000000036e+01 8.800000000000000000e+01
8.904000000000000000e+03 8.256000000000000000e+03 4.018999999999999773e+02 1.330000000000000071e+01 8.700000000000000000e+01
8.904000000000000000e+03 8.075000000000000000e+03 5.630000000000000000e+02 1.240000000000000036e+01 9.000000000000000000e+01
8.906000000000000000e+03 8.238000000000000000e+03 5.537999999999999545e+02 1.369999999999999929e+01 8.800000000000000000e+01
8.934000000000000000e+03 8.380000000000000000e+03 5.241000000000000227e+02 1.309999999999999964e+01 8.500000000000000000e+01
8.935000000000000000e+03 8.233000000000000000e+03 4.241999999999999886e+02 1.309999999999999964e+01 9.200000000000000000e+01
8.913000000000000000e+03 8.097000000000000000e+03 4.945000000000000000e+02 1.509999999999999964e+01 8.500000000000000000e+01
8.894000000000000000e+03 8.188000000000000000e+03 3.958999999999999773e+02 1.480000000000000071e+01 8.900000000000000000e+01
8.886000000000000000e+03 8.228000000000000000e+03 5.162999999999999545e+02 1.450000000000000000e+01 8.500000000000000000e+01
8.921000000000000000e+03 8.296000000000000000e+03 4.711000000000000227e+02 1.350000000000000000e+01 9.100000000000000000e+01
8.962000000000000000e+03 8.162000000000000000e+03 4.713000000000000114e+02 1.280000000000000071e+01 8.300000000000000000e+01
8.895000000000000000e+03 8.063000000000000000e+03 4.155000000000000000e+02 1.269999999999999929e+01 8.500000000000000000e+01
8.855000000000000000e+03 8.301000000000000000e+03 4.928999999999999773e+02 1.259999999999999964e+01 8.900000000000000000e+01
8.917000000000000000e+03 8.143000000000000000e+03 4.203999999999999773e+02 1.369999999999999929e+01 8.600000000000000000e+01
8.909000000000000000e+03 8.182000000000000000e+03 5.620000000000000000e+02 1.359999999999999964e+01 8.200000000000000000e+01
8.916000000000000000e+03 7.874000000000000000e+03 5.066000000000000227e+02 1.309999999999999964e+01 8.700000000000000000e+01
8.912000000000000000e+03 8.231000000000000000e+03 4.266999999999999886e+02 1.419999999999999929e+01 8.400000000000000000e+01
8.907000000000000000e+03 8.218000000000000000e+03 5.642000000000000455e+02 1.300000000000000000e+01 8.600000000000000000e+01
8.890000000000000000e+03 8.316000000000000000e+03 4.941999999999999886e+02 1.340000000000000036e+01 8.200000000000000000e+01
8.926000000000000000e+03 8.157000000000000000e+03 4.726000000000000227e+02 1.319999999999999929e+01 9.100000000000000000e+01
8.905000000000000000e+03 8.037000000000000000e+03 5.056000000000000227e+02 1.409999999999999964e+01 9.000000000000000000e+01
8.886000000000000000e+03 8.126000000000000000e+03 3.841999999999999886e+02 1.240000000000000036e+01 8.400000000000000000e+01
8.958000000000000000e+03 8.320000000000000000e+03 5.588999999999999773e+02 1.250000000000000000e+01 8.600000000000000000e+01
8.930000000000000000e+03 8.221000000000000000e+03 3.868000000000000114e+02 1.450000000000000000e+01 9.700000000000000000e+01
8.953000000000000000e+03 8.262000000000000000e+03 4.070000000000000000e+02 1.419999999999999929e+01 9.100000000000000000e+01
8.920000000000000000e+03 8.064000000000000000e+03 5.013000000000000114e+02 1.350000000000000000e+01 7.800000000000000000e+01
8.919000000000000000e+03 7.999000000000000000e+03 4.123999999999999773e+02 1.409999999999999964e+01 8.900000000000000000e+01
8.886000000000000000e+03 8.358000000000000000e+03 4.530000000000000000e+02 1.340000000000000036e+01 9.300000000000000000e+01
8.936000000000000000e+03 8.290000000000000000e+03 5.493999999999999773e+02 1.330000000000000071e+01 8.700000000000000000e+01
8.881000000000000000e+03 8.024000000000000000e+03 4.856999999999999886e+02 1.400000000000000000e+01 8.600000000000000000e+01
8.882000000000000000e+03 8.361000000000000000e+03 8.135000000000000000e+02 1.250000000000000000e+01 8.500000000000000000e+01
8.885000000000000000e+03 8.163000000000000000e+03 5.558999999999999773e+02 1.500000000000000000e+01 8.300000000000000000e+01
8.876000000000000000e+03 8.204000000000000000e+03 4.835000000000000000e+02 1.350000000000000000e+01 8.600000000000000000e+01
8.895000000000000000e+03 8.309000000000000000e+03 4.760000000000000000e+02 1.300000000000000000e+01 8.400000000000000000e+01
8.882000000000000000e+03 8.186000000000000000e+03 4.498999999999999773e+02 1.290000000000000036e+01 8.800000000000000000e+01
8.904000000000000000e+03 8.335000000000000000e+03 5.762000000000000455e+02 1.319999999999999929e+01 9.000000000000000000e+01
8.914000000000000000e+03 8.132000000000000000e+03 4.308999999999999773e+02 1.300000000000000000e+01 8.900000000000000000e+01
8.910000000000000000e+03 8.089000000000000000e+03 5.253999999999999773e+02 1.459999999999999964e+01 9.100000000000000000e+01
8.928000000000000000e+03 8.222000000000000000e+03 5.366000000000000227e+02 1.380000000000000071e+01 8.500000000000000000e+01
8.951000000000000000e+03 8.171000000000000000e+03 3.278999999999999773e+02 1.350000000000000000e+01 8.700000000000000000e+01
8.907000000000000000e+03 8.346000000000000000e+03 3.976000000000000227e+02 1.350000000000000000e+01 8.700000000000000000e+01
8.904000000000000000e+03 8.127000000000000000e+03 4.665000000000000000e+02 1.259999999999999964e+01 8.600000000000000000e+01
8.914000000000000000e+03 8.282000000000000000e+03 6.772000000000000455e+02 1.209999999999999964e+01 8.000000000000000000e+01
8.930000000000000000e+03 8.373000000000000000e+03 4.783999999999999773e+02 1.330000000000000071e+01 8.100000000000000000e+01
8.955000000000000000e+03 8.167000000000000000e+03 4.718000000000000114e+02 1.330000000000000071e+01 9.700000000000000000e+01
8.932000000000000000e+03 8.176000000000000000e+03 5.816000000000000227e+02 1.340000000000000036e+01 8.900000000000000000e+01
8.950000000000000000e+03 8.171000000000000000e+03 4.598000000000000114e+02 1.459999999999999964e+01 9.100000000000000000e+01
8.924000000000000000e+03 8.255000000000000000e+03 5.182000000000000455e+02 1.300000000000000000e+01 8.600000000000000000e+01
8.920000000000000000e+03 8.339000000000000000e+03 4.423000000000000114e+02 1.369999999999999929e+01 8.600000000000000000e+01
8.940000000000000000e+03 8.404000000000000000e+03 5.336000000000000227e+02 1.369999999999999929e+01 8.600000000000000000e+01
8.962000000000000000e+03 8.172000000000000000e+03 4.005000000000000000e+02 1.409999999999999964e+01 8.900000000000000000e+01
8.936000000000000000e+03 8.204000000000000000e+03 5.202000000000000455e+02 1.269999999999999929e+01 8.700000000000000000e+01
8.916000000000000000e+03 8.298000000000000000e+03 5.096999999999999886e+02 1.350000000000000000e+01 9.200000000000000000e+01
8.895000000000000000e+03 8.050000000000000000e+03 5.081000000000000227e+02 1.440000000000000036e+01 9.400000000000000000e+01
8.908000000000000000e+03 8.115000000000000000e+03 4.460000000000000000e+02 1.390000000000000036e+01 9.300000000000000000e+01
8.915000000000000000e+03 8.262000000000000000e+03 4.281999999999999886e+02 1.350000000000000000e+01 9.000000000000000000e+01
8.920000000000000000e+03 8.101000000000000000e+03 3.965000000000000000e+02 1.369999999999999929e+01 9.000000000000000000e+01
8.902000000000000000e+03 8.173000000000000000e+03 5.123999999999999773e+02 1.409999999999999964e+01 8.200000000000000000e+01
8.889000000000000000e+03 8.287000000000000000e+03 4.040000000000000000e+02 1.350000000000000000e+01 9.000000000000000000e+01
8.912000000000000000e+03 8.109000000000000000e+03 6.272000000000000455e+02 1.400000000000000000e+01 8.900000000000000000e+01
8.933000000000000000e+03 8.006000000000000000e+03 4.793000000000000114e+02 1.380000000000000071e+01 8.300000000000000000e+01
8.940000000000000000e+03 8.295000000000000000e+03 4.568999999999999773e+02 1.400000000000000000e+01 8.700000000000000000e+01
8.875000000000000000e+03 8.365000000000000000e+03 7.593999999999999773e+02 1.359999999999999964e+01 9.400000000000000000e+01
8.916000000000000000e+03 8.258000000000000000e+03 4.251000000000000227e+02 1.419999999999999929e+01 8.700000000000000000e+01
8.915000000000000000e+03 8.304000000000000000e+03 5.167999999999999545e+02 1.390000000000000036e+01 9.600000000000000000e+01
8.902000000000000000e+03 8.258000000000000000e+03 5.588999999999999773e+02 1.409999999999999964e+01 9.100000000000000000e+01
8.902000000000000000e+03 8.332000000000000000e+03 5.527000000000000455e+02 1.230000000000000071e+01 9.000000000000000000e+01
8.911000000000000000e+03 8.309000000000000000e+03 5.447000000000000455e+02 1.330000000000000071e+01 9.800000000000000000e+01
8.908000000000000000e+03 8.204000000000000000e+03 3.991000000000000227e+02 1.309999999999999964e+01 8.900000000000000000e+01
8.947000000000000000e+03 8.277000000000000000e+03 4.198999999999999773e+02 1.319999999999999929e+01 1.000000000000000000e+02
8.935000000000000000e+03 8.254000000000000000e+03 6.892000000000000455e+02 1.309999999999999964e+01 8.700000000000000000e+01
8.914000000000000000e+03 8.067000000000000000e+03 6.093999999999999773e+02 1.390000000000000036e+01 8.700000000000000000e+01
8.936000000000000000e+03 8.174000000000000000e+03 5.201000000000000227e+02 1.440000000000000036e+01 8.500000000000000000e+01
8.906000000000000000e+03 8.114000000000000000e+03 4.106000000000000227e+02 1.290000000000000036e+01 8.200000000000000000e+01
8.924000000000000000e+03 8.137000000000000000e+03 5.452999999999999545e+02 1.359999999999999964e+01 9.100000000000000000e+01
8.903000000000000000e+03 8.285000000000000000e+03 5.288999999999999773e+02 1.369999999999999929e+01 8.600000000000000000e+01
8.931000000000000000e+03 8.075000000000000000e+03 4.688999999999999773e+02 1.330000000000000071e+01 9.200000000000000000e+01
8.930000000000000000e+03 8.063000000000000000e+03 4.055000000000000000e+02 1.430000000000000071e+01 9.300000000000000000e+01
8.925000000000000000e+03 8.351000000000000000e+03 5.540000000000000000e+02 1.250000000000000000e+01 8.700000000000000000e+01
8.888000000000000000e+03 8.126000000000000000e+03 4.188999999999999773e+02 1.340000000000000036e+01 9.000000000000000000e+01
8.948000000000000000e+03 8.075000000000000000e+03 4.871000000000000227e+02 1.259999999999999964e+01 8.700000000000000000e+01
8.935000000000000000e+03 8.137000000000000000e+03 5.467000000000000455e+02 1.290000000000000036e+01 9.000000000000000000e+01
8.915000000000000000e+03 8.192000000000000000e+03 4.638999999999999773e+02 1.240000000000000036e+01 8.600000000000000000e+01
8.930000000000000000e+03 8.244000000000000000e+03 4.693000000000000114e+02 1.309999999999999964e+01 8.400000000000000000e+01
8.905000000000000000e+03 8.158000000000000000e+03 5.907999999999999545e+02 1.250000000000000000e+01 9.100000000000000000e+01
8.952000000000000000e+03 7.995000000000000000e+03 6.395000000000000000e+02 1.369999999999999929e+01 8.900000000000000000e+01
8.889000000000000000e+03 8.097000000000000000e+03 4.560000000000000000e+02 1.440000000000000036e+01 8.400000000000000000e+01
8.880000000000000000e+03 8.224000000000000000e+03 3.693000000000000114e+02 1.450000000000000000e+01 9.200000000000000000e+01
8.891000000000000000e+03 8.125000000000000000e+03 5.050000000000000000e+02 1.459999999999999964e+01 8.300000000000000000e+01
8.905000000000000000e+03 8.158000000000000000e+03 5.785000000000000000e+02 1.400000000000000000e+01 8.900000000000000000e+01
8.929000000000000000e+03 8.071000000000000000e+03 4.818999999999999773e+02 1.430000000000000071e+01 8.400000000000000000e+01
8.904000000000000000e+03 8.033000000000000000e+03 5.051999999999999886e+02 1.409999999999999964e+01 1.010000000000000000e+02
8.862000000000000000e+03 8.224000000000000000e+03 3.673999999999999773e+02 1.290000000000000036e+01 9.700000000000000000e+01
8.941000000000000000e+03 8.059000000000000000e+03 6.332999999999999545e+02 1.459999999999999964e+01 8.600000000000000000e+01
8.940000000000000000e+03 8.142000000000000000e+03 4.675000000000000000e+02 1.340000000000000036e+01 7.900000000000000000e+01
8.924000000000000000e+03 8.328000000000000000e+03 6.345000000000000000e+02 1.490000000000000036e+01 9.000000000000000000e+01
8.924000000000000000e+03 8.201000000000000000e+03 4.191999999999999886e+02 1.369999999999999929e+01 8.700000000000000000e+01
8.915000000000000000e+03 7.970000000000000000e+03 4.496000000000000227e+02 1.390000000000000036e+01 8.000000000000000000e+01
8.942000000000000000e+03 8.246000000000000000e+03 6.430000000000000000e+02 1.250000000000000000e+01 8.400000000000000000e+01
8.891000000000000000e+03 8.216000000000000000e+03 4.791999999999999886e+02 1.359999999999999964e+01 8.700000000000000000e+01
8.863000000000000000e+03 8.281000000000000000e+03 4.940000000000000000e+02 1.469999999999999929e+01 9.800000000000000000e+01
8.915000000000000000e+03 8.019000000000000000e+03 5.151000000000000227e+02 1.319999999999999929e+01 9.800000000000000000e+01
8.888000000000000000e+03 8.155000000000000000e+03 5.197999999999999545e+02 1.450000000000000000e+01 9.000000000000000000e+01
8.888000000000000000e+03 8.292000000000000000e+03 5.281000000000000227e+02 1.200000000000000000e+01 8.700000000000000000e+01
8.901000000000000000e+03 8.151000000000000000e+03 3.721000000000000227e+02 1.340000000000000036e+01 8.100000000000000000e+01
8.891000000000000000e+03 8.200000000000000000e+03 4.571999999999999886e+02 1.350000000000000000e+01 9.300000000000000000e+01
8.848000000000000000e+03 8.106000000000000000e+03 7.707000000000000455e+02 1.369999999999999929e+01 8.900000000000000000e+01
8.919000000000000000e+03 8.363000000000000000e+03 5.230000000000000000e+02 1.369999999999999929e+01 9.300000000000000000e+01
8.917000000000000000e+03 7.932000000000000000e+03 5.026000000000000227e+02 1.509999999999999964e+01 8.300000000000000000e+01
8.942000000000000000e+03 8.238000000000000000e+03 4.966000000000000227e+02 1.300000000000000000e+01 8.400000000000000000e+01
8.928000000000000000e+03 8.305000000000000000e+03 4.501999999999999886e+02 1.380000000000000071e+01 9.000000000000000000e+01
8.884000000000000000e+03 8.253000000000000000e+03 4.818999999999999773e+02 1.440000000000000036e+01 8.700000000000000000e+01
8.930000000000000000e+03 8.322000000000000000e+03 5.127000000000000455e+02 1.500000000000000000e+01 8.500000000000000000e+01
8.889000000000000000e+03 8.126000000000000000e+03 4.048000000000000114e+02 1.350000000000000000e+01 9.300000000000000000e+01
8.947000000000000000e+03 8.032000000000000000e+03 6.213999999999999773e+02 1.369999999999999929e+01 8.900000000000000000e+01
8.911000000000000000e+03 7.768000000000000000e+03 5.138999999999999773e+02 1.409999999999999964e+01 8.000000000000000000e+01
8.976000000000000000e+03 8.282000000000000000e+03 5.320000000000000000e+02 1.350000000000000000e+01 8.300000000000000000e+01
8.939000000000000000e+03 8.197000000000000000e+03 5.612000000000000455e+02 1.309999999999999964e+01 8.700000000000000000e+01
8.914000000000000000e+03 8.238000000000000000e+03 7.343999999999999773e+02 1.209999999999999964e+01 9.000000000000000000e+01
8.925000000000000000e+03 8.029000000000000000e+03 4.288999999999999773e+02 1.350000000000000000e+01 9.100000000000000000e+01
8.925000000000000000e+03 8.113000000000000000e+03 3.978000000000000114e+02 1.309999999999999964e+01 8.700000000000000000e+01
8.874000000000000000e+03 8.347000000000000000e+03 5.727000000000000455e+02 1.219999999999999929e+01 8.600000000000000000e+01
8.918000000000000000e+03 8.302000000000000000e+03 3.928000000000000114e+02 1.419999999999999929e+01 9.500000000000000000e+01
8.916000000000000000e+03 8.180000000000000000e+03 4.256999999999999886e+02 1.350000000000000000e+01 8.600000000000000000e+01
8.876000000000000000e+03 8.245000000000000000e+03 6.282000000000000455e+02 1.280000000000000071e+01 8.800000000000000000e+01
8.908000000000000000e+03 8.186000000000000000e+03 4.778999999999999773e+02 1.390000000000000036e+01 8.600000000000000000e+01
8.936000000000000000e+03 7.975000000000000000e+03 3.796999999999999886e+02 1.450000000000000000e+01 9.400000000000000000e+01
8.886000000000000000e+03 8.051000000000000000e+03 5.272999999999999545e+02 1.409999999999999964e+01 8.000000000000000000e+01
8.906000000000000000e+03 8.081000000000000000e+03 5.801000000000000227e+02 1.380000000000000071e+01 8.000000000000000000e+01
8.895000000000000000e+03 8.087000000000000000e+03 4.478999999999999773e+02 1.369999999999999929e+01 9.100000000000000000e+01
8.901000000000000000e+03 8.224000000000000000e+03 4.475000000000000000e+02 1.330000000000000071e+01 8.800000000000000000e+01
8.926000000000000000e+03 8.143000000000000000e+03 4.481000000000000227e+02 1.300000000000000000e+01 9.200000000000000000e+01
8.856000000000000000e+03 8.238000000000000000e+03 4.838999999999999773e+02 1.380000000000000071e+01 8.500000000000000000e+01
8.928000000000000000e+03 8.248000000000000000e+03 5.625000000000000000e+02 1.250000000000000000e+01 8.800000000000000000e+01
8.897000000000000000e+03 8.302000000000000000e+03 4.306000000000000227e+02 1.390000000000000036e+01 9.100000000000000000e+01
8.885000000000000000e+03 8.275000000000000000e+03 3.755000000000000000e+02 1.380000000000000071e+01 8.400000000000000000e+01
8.931000000000000000e+03 8.015000000000000000e+03 4.676000000000000227e+02 1.390000000000000036e+01 8.900000000000000000e+01
8.898000000000000000e+03 8.119000000000000000e+03 4.356999999999999886e+02 1.440000000000000036e+01 8.200000000000000000e+01
8.869000000000000000e+03 8.205000000000000000e+03 4.625000000000000000e+02 1.380000000000000071e+01 9.400000000000000000e+01
8.928000000000000000e+03 8.301000000000000000e+03 5.207999999999999545e+02 1.359999999999999964e+01 8.200000000000000000e+01
8.954000000000000000e+03 8.319000000000000000e+03 5.250000000000000000e+02 1.400000000000000000e+01 9.100000000000000000e+01
8.895000000000000000e+03 8.306000000000000000e+03 4.458000000000000114e+02 1.340000000000000036e+01 8.300000000000000000e+01
8.900000000000000000e+03 8.155000000000000000e+03 3.976000000000000227e+02 1.369999999999999929e+01 8.600000000000000000e+01
8.887000000000000000e+03 8.131000000000000000e+03 4.568999999999999773e+02 1.419999999999999929e+01 8.600000000000000000e+01
8.862000000000000000e+03 8.256000000000000000e+03 5.807999999999999545e+02 1.319999999999999929e+01 9.100000000000000000e+01
8.931000000000000000e+03 8.201000000000000000e+03 4.661999999999999886e+02 1.250000000000000000e+01 8.700000000000000000e+01
8.868000000000000000e+03 8.307000000000000000e+03 5.028999999999999773e+02 1.290000000000000036e+01 9.200000000000000000e+01
8.874000000000000000e+03 8.201000000000000000e+03 6.117999999999999545e+02 1.290000000000000036e+01 8.500000000000000000e+01
8.896000000000000000e+03 8.351000000000000000e+03 4.720000000000000000e+02 1.259999999999999964e+01 8.200000000000000000e+01
8.920000000000000000e+03 8.140000000000000000e+03 3.915000000000000000e+02 1.409999999999999964e+01 9.300000000000000000e+01
8.935000000000000000e+03 8.144000000000000000e+03 4.205000000000000000e+02 1.440000000000000036e+01 8.900000000000000000e+01
8.920000000000000000e+03 8.279000000000000000e+03 5.228999999999999773e+02 1.390000000000000036e+01 8.500000000000000000e+01
8.899000000000000000e+03 8.248000000000000000e+03 4.266999999999999886e+02 1.230000000000000071e+01 8.300000000000000000e+01
8.945000000000000000e+03 8.151000000000000000e+03 5.116000000000000227e+02 1.400000000000000000e+01 8.000000000000000000e+01
8.903000000000000000e+03 8.147000000000000000e+03 5.357999999999999545e+02 1.440000000000000036e+01 8.500000000000000000e+01
8.918000000000000000e+03 8.249000000000000000e+03 5.028000000000000114e+02 1.359999999999999964e+01 8.300000000000000000e+01
8.907000000000000000e+03 8.131000000000000000e+03 4.486000000000000227e+02 1.390000000000000036e+01 8.700000000000000000e+01
8.929000000000000000e+03 8.290000000000000000e+03 4.258999999999999773e+02 1.419999999999999929e+01 8.500000000000000000e+01
8.938000000000000000e+03 8.229000000000000000e+03 4.756000000000000227e+02 1.390000000000000036e+01 8.300000000000000000e+01
