9.916000000000000000e+03 7.656000000000000000e+03 5.779999999999999716e+01 5.099999999999999645e+00 1.200000000000000000e+01
9.912000000000000000e+03 7.598000000000000000e+03 5.610000000000000142e+01 5.400000000000000355e+00 1.400000000000000000e+01
9.915000000000000000e+03 7.677000000000000000e+03 7.520000000000000284e+01 5.099999999999999645e+00 1.300000000000000000e+01
9.911000000000000000e+03 7.647000000000000000e+03 5.860000000000000142e+01 5.200000000000000178e+00 1.600000000000000000e+01
9.915000000000000000e+03 7.656000000000000000e+03 5.679999999999999716e+01 5.000000000000000000e+00 1.500000000000000000e+01
9.921000000000000000e+03 7.701000000000000000e+03 7.150000000000000000e+01 5.099999999999999645e+00 1.500000000000000000e+01
9.907000000000000000e+03 7.597000000000000000e+03 5.429999999999999716e+01 5.200000000000000178e+00 1.400000000000000000e+01
9.906000000000000000e+03 7.670000000000000000e+03 5.660000000000000142e+01 5.000000000000000000e+00 1.100000000000000000e+01
9.926000000000000000e+03 7.746000000000000000e+03 6.039999999999999858e+01 5.299999999999999822e+00 1.700000000000000000e+01
9.920000000000000000e+03 7.623000000000000000e+03 6.720000000000000284e+01 5.000000000000000000e+00 1.300000000000000000e+01
9.919000000000000000e+03 7.667000000000000000e+03 5.910000000000000142e+01 4.799999999999999822e+00 1.400000000000000000e+01
9.907000000000000000e+03 7.691000000000000000e+03 5.179999999999999716e+01 5.099999999999999645e+00 1.200000000000000000e+01
9.920000000000000000e+03 7.602000000000000000e+03 6.189999999999999858e+01 5.099999999999999645e+00 1.200000000000000000e+01
9.917000000000000000e+03 7.638000000000000000e+03 7.200000000000000000e+01 5.200000000000000178e+00 1.200000000000000000e+01
9.913000000000000000e+03 7.702000000000000000e+03 5.479999999999999716e+01 5.000000000000000000e+00 1.100000000000000000e+01
9.905000000000000000e+03 7.597000000000000000e+03 6.089999999999999858e+01 5.000000000000000000e+00 1.400000000000000000e+01
9.918000000000000000e+03 7.706000000000000000e+03 5.910000000000000142e+01 5.299999999999999822e+00 1.300000000000000000e+01
9.920000000000000000e+03 7.651000000000000000e+03 5.679999999999999716e+01 5.000000000000000000e+00 1.400000000000000000e+01
9.911000000000000000e+03 7.653000000000000000e+03 5.650000000000000000e+01 5.099999999999999645e+00 1.200000000000000000e+01
9.917000000000000000e+03 7.672000000000000000e+03 6.740000000000000568e+01 5.299999999999999822e+00 1.500000000000000000e+01
9.919000000000000000e+03 7.707000000000000000e+03 7.670000000000000284e+01 5.400000000000000355e+00 1.400000000000000000e+01
9.915000000000000000e+03 7.691000000000000000e+03 6.150000000000000000e+01 5.000000000000000000e+00 1.400000000000000000e+01
9.908000000000000000e+03 7.613000000000000000e+03 5.779999999999999716e+01 5.200000000000000178e+00 1.200000000000000000e+01
9.903000000000000000e+03 7.600000000000000000e+03 5.770000000000000284e+01 5.299999999999999822e+00 1.200000000000000000e+01
9.908000000000000000e+03 7.656000000000000000e+03 5.800000000000000000e+01 5.000000000000000000e+00 1.600000000000000000e+01
9.908000000000000000e+03 7.763000000000000000e+03 5.679999999999999716e+01 5.200000000000000178e+00 1.500000000000000000e+01
9.903000000000000000e+03 7.782000000000000000e+03 6.360000000000000142e+01 5.099999999999999645e+00 1.300000000000000000e+01
9.909000000000000000e+03 7.701000000000000000e+03 6.350000000000000000e+01 5.099999999999999645e+00 1.300000000000000000e+01
9.925000000000000000e+03 7.749000000000000000e+03 5.910000000000000142e+01 5.000000000000000000e+00 1.200000000000000000e+01
9.916000000000000000e+03 7.723000000000000000e+03 6.370000000000000284e+01 5.000000000000000000e+00 1.300000000000000000e+01
9.904000000000000000e+03 7.685000000000000000e+03 5.760000000000000142e+01 5.599999999999999645e+00 1.300000000000000000e+01
9.900000000000000000e+03 7.685000000000000000e+03 6.959999999999999432e+01 5.299999999999999822e+00 1.400000000000000000e+01
9.921000000000000000e+03 7.640000000000000000e+03 7.950000000000000000e+01 5.000000000000000000e+00 1.000000000000000000e+01
9.907000000000000000e+03 7.655000000000000000e+03 6.440000000000000568e+01 5.099999999999999645e+00 1.200000000000000000e+01
9.916000000000000000e+03 7.745000000000000000e+03 7.270000000000000284e+01 5.000000000000000000e+00 1.300000000000000000e+01
9.909000000000000000e+03 7.712000000000000000e+03 6.870000000000000284e+01 5.099999999999999645e+00 1.300000000000000000e+01
9.921000000000000000e+03 7.612000000000000000e+03 6.559999999999999432e+01 5.200000000000000178e+00 1.300000000000000000e+01
9.901000000000000000e+03 7.749000000000000000e+03 6.210000000000000142e+01 5.200000000000000178e+00 1.000000000000000000e+01
9.911000000000000000e+03 7.752000000000000000e+03 5.850000000000000000e+01 5.200000000000000178e+00 1.200000000000000000e+01
9.921000000000000000e+03 7.756000000000000000e+03 6.950000000000000000e+01 5.000000000000000000e+00 1.100000000000000000e+01
9.915000000000000000e+03 7.653000000000000000e+03 7.170000000000000284e+01 5.000000000000000000e+00 1.300000000000000000e+01
9.912000000000000000e+03 7.742000000000000000e+03 5.370000000000000284e+01 5.099999999999999645e+00 1.500000000000000000e+01
9.912000000000000000e+03 7.778000000000000000e+03 5.300000000000000000e+01 4.799999999999999822e+00 1.300000000000000000e+01
9.907000000000000000e+03 7.639000000000000000e+03 6.440000000000000568e+01 5.400000000000000355e+00 1.300000000000000000e+01
9.914000000000000000e+03 7.734000000000000000e+03 5.510000000000000142e+01 5.299999999999999822e+00 1.300000000000000000e+01
9.920000000000000000e+03 7.658000000000000000e+03 6.650000000000000000e+01 5.000000000000000000e+00 1.300000000000000000e+01
9.917000000000000000e+03 7.677000000000000000e+03 7.150000000000000000e+01 4.900000000000000355e+00 1.100000000000000000e+01
9.913000000000000000e+03 7.701000000000000000e+03 6.350000000000000000e+01 5.200000000000000178e+00 1.200000000000000000e+01
9.912000000000000000e+03 7.721000000000000000e+03 5.610000000000000142e+01 5.500000000000000000e+00 1.200000000000000000e+01
9.913000000000000000e+03 7.624000000000000000e+03 6.870000000000000284e+01 5.200000000000000178e+00 1.100000000000000000e+01
9.901000000000000000e+03 7.589000000000000000e+03 8.029999999999999716e+01 5.000000000000000000e+00 1.300000000000000000e+01
9.898000000000000000e+03 7.592000000000000000e+03 5.589999999999999858e+01 5.299999999999999822e+00 1.200000000000000000e+01
9.919000000000000000e+03 7.709000000000000000e+03 5.670000000000000284e+01 5.400000000000000355e+00 1.200000000000000000e+01
9.915000000000000000e+03 7.675000000000000000e+03 5.979999999999999716e+01 4.799999999999999822e+00 1.300000000000000000e+01
9.908000000000000000e+03 7.604000000000000000e+03 6.509999999999999432e+01 5.099999999999999645e+00 1.400000000000000000e+01
9.924000000000000000e+03 7.694000000000000000e+03 5.470000000000000284e+01 5.200000000000000178e+00 1.400000000000000000e+01
9.906000000000000000e+03 7.727000000000000000e+03 7.070000000000000284e+01 5.400000000000000355e+00 1.500000000000000000e+01
9.901000000000000000e+03 7.739000000000000000e+03 6.120000000000000284e+01 5.700000000000000178e+00 1.600000000000000000e+01
9.927000000000000000e+03 7.725000000000000000e+03 6.189999999999999858e+01 5.099999999999999645e+00 1.500000000000000000e+01
9.915000000000000000e+03 7.738000000000000000e+03 6.010000000000000142e+01 5.000000000000000000e+00 1.600000000000000000e+01
9.912000000000000000e+03 7.664000000000000000e+03 6.929999999999999716e+01 5.200000000000000178e+00 1.400000000000000000e+01
9.912000000000000000e+03 7.687000000000000000e+03 6.029999999999999716e+01 5.099999999999999645e+00 1.100000000000000000e+01
9.900000000000000000e+03 7.691000000000000000e+03 7.779999999999999716e+01 5.000000000000000000e+00 1.400000000000000000e+01
9.936000000000000000e+03 7.754000000000000000e+03 1.025999999999999943e+02 5.099999999999999645e+00 1.200000000000000000e+01
9.927000000000000000e+03 7.710000000000000000e+03 7.070000000000000284e+01 5.000000000000000000e+00 1.200000000000000000e+01
9.913000000000000000e+03 7.739000000000000000e+03 6.420000000000000284e+01 5.099999999999999645e+00 1.100000000000000000e+01
9.929000000000000000e+03 7.727000000000000000e+03 6.640000000000000568e+01 5.000000000000000000e+00 1.600000000000000000e+01
9.921000000000000000e+03 7.754000000000000000e+03 5.950000000000000000e+01 5.000000000000000000e+00 1.200000000000000000e+01
9.907000000000000000e+03 7.768000000000000000e+03 6.010000000000000142e+01 5.200000000000000178e+00 1.300000000000000000e+01
9.925000000000000000e+03 7.597000000000000000e+03 5.979999999999999716e+01 5.799999999999999822e+00 1.200000000000000000e+01
9.906000000000000000e+03 7.671000000000000000e+03 5.250000000000000000e+01 5.599999999999999645e+00 1.700000000000000000e+01
9.925000000000000000e+03 7.829000000000000000e+03 6.709999999999999432e+01 5.500000000000000000e+00 1.100000000000000000e+01
9.913000000000000000e+03 7.690000000000000000e+03 6.420000000000000284e+01 5.000000000000000000e+00 1.200000000000000000e+01
9.906000000000000000e+03 7.673000000000000000e+03 6.279999999999999716e+01 5.200000000000000178e+00 1.300000000000000000e+01
9.905000000000000000e+03 7.583000000000000000e+03 6.690000000000000568e+01 5.099999999999999645e+00 1.200000000000000000e+01
9.916000000000000000e+03 7.729000000000000000e+03 5.420000000000000284e+01 5.200000000000000178e+00 1.200000000000000000e+01
9.897000000000000000e+03 7.674000000000000000e+03 6.060000000000000142e+01 5.299999999999999822e+00 1.300000000000000000e+01
9.913000000000000000e+03 7.740000000000000000e+03 6.429999999999999716e+01 5.200000000000000178e+00 1.200000000000000000e+01
9.917000000000000000e+03 7.661000000000000000e+03 5.579999999999999716e+01 5.000000000000000000e+00 1.500000000000000000e+01
9.913000000000000000e+03 7.533000000000000000e+03 6.179999999999999716e+01 5.000000000000000000e+00 1.100000000000000000e+01
9.906000000000000000e+03 7.691000000000000000e+03 7.470000000000000284e+01 5.700000000000000178e+00 1.300000000000000000e+01
9.914000000000000000e+03 7.791000000000000000e+03 6.000000000000000000e+01 5.299999999999999822e+00 1.800000000000000000e+01
9.893000000000000000e+03 7.696000000000000000e+03 5.900000000000000000e+01 5.000000000000000000e+00 1.300000000000000000e+01
9.927000000000000000e+03 7.683000000000000000e+03 5.810000000000000142e+01 5.599999999999999645e+00 1.000000000000000000e+01
9.916000000000000000e+03 7.755000000000000000e+03 5.750000000000000000e+01 5.299999999999999822e+00 1.300000000000000000e+01
9.927000000000000000e+03 7.656000000000000000e+03 5.320000000000000284e+01 5.500000000000000000e+00 1.400000000000000000e+01
9.930000000000000000e+03 7.676000000000000000e+03 6.020000000000000284e+01 5.299999999999999822e+00 1.200000000000000000e+01
9.934000000000000000e+03 7.760000000000000000e+03 6.350000000000000000e+01 5.000000000000000000e+00 1.600000000000000000e+01
9.926000000000000000e+03 7.739000000000000000e+03 6.310000000000000142e+01 5.000000000000000000e+00 1.400000000000000000e+01
9.916000000000000000e+03 7.753000000000000000e+03 7.859999999999999432e+01 5.200000000000000178e+00 1.200000000000000000e+01
9.909000000000000000e+03 7.630000000000000000e+03 5.500000000000000000e+01 5.000000000000000000e+00 1.400000000000000000e+01
9.922000000000000000e+03 7.738000000000000000e+03 5.829999999999999716e+01 5.099999999999999645e+00 1.400000000000000000e+01
9.923000000000000000e+03 7.561000000000000000e+03 5.950000000000000000e+01 5.299999999999999822e+00 1.400000000000000000e+01
9.924000000000000000e+03 7.744000000000000000e+03 7.409999999999999432e+01 5.099999999999999645e+00 1.400000000000000000e+01
9.912000000000000000e+03 7.633000000000000000e+03 5.139999999999999858e+01 5.200000000000000178e+00 1.300000000000000000e+01
9.909000000000000000e+03 7.673000000000000000e+03 5.450000000000000000e+01 5.799999999999999822e+00 1.200000000000000000e+01
9.913000000000000000e+03 7.722000000000000000e+03 6.000000000000000000e+01 5.200000000000000178e+00 1.200000000000000000e+01
9.926000000000000000e+03 7.776000000000000000e+03 6.800000000000000000e+01 5.000000000000000000e+00 1.300000000000000000e+01
9.922000000000000000e+03 7.693000000000000000e+03 5.800000000000000000e+01 5.000000000000000000e+00 1.100000000000000000e+01
9.914000000000000000e+03 7.748000000000000000e+03 6.670000000000000284e+01 4.799999999999999822e+00 1.300000000000000000e+01
9.913000000000000000e+03 7.837000000000000000e+03 5.660000000000000142e+01 5.099999999999999645e+00 1.300000000000000000e+01
9.911000000000000000e+03 7.685000000000000000e+03 5.400000000000000000e+01 5.200000000000000178e+00 1.500000000000000000e+01
9.901000000000000000e+03 7.672000000000000000e+03 7.029999999999999716e+01 5.599999999999999645e+00 1.200000000000000000e+01
9.910000000000000000e+03 7.694000000000000000e+03 6.440000000000000568e+01 5.099999999999999645e+00 1.500000000000000000e+01
9.914000000000000000e+03 7.689000000000000000e+03 5.829999999999999716e+01 5.299999999999999822e+00 1.100000000000000000e+01
9.925000000000000000e+03 7.766000000000000000e+03 7.170000000000000284e+01 5.200000000000000178e+00 1.400000000000000000e+01
9.910000000000000000e+03 7.660000000000000000e+03 5.900000000000000000e+01 5.000000000000000000e+00 1.200000000000000000e+01
9.916000000000000000e+03 7.695000000000000000e+03 7.009999999999999432e+01 5.000000000000000000e+00 1.400000000000000000e+01
9.911000000000000000e+03 7.780000000000000000e+03 6.079999999999999716e+01 5.099999999999999645e+00 1.200000000000000000e+01
9.918000000000000000e+03 7.694000000000000000e+03 6.929999999999999716e+01 5.299999999999999822e+00 1.200000000000000000e+01
9.905000000000000000e+03 7.695000000000000000e+03 6.260000000000000142e+01 5.400000000000000355e+00 1.200000000000000000e+01
9.922000000000000000e+03 7.705000000000000000e+03 5.879999999999999716e+01 5.000000000000000000e+00 1.600000000000000000e+01
9.921000000000000000e+03 7.698000000000000000e+03 6.029999999999999716e+01 5.099999999999999645e+00 1.700000000000000000e+01
9.921000000000000000e+03 7.641000000000000000e+03 6.650000000000000000e+01 5.400000000000000355e+00 1.300000000000000000e+01
9.921000000000000000e+03 7.743000000000000000e+03 6.529999999999999716e+01 5.000000000000000000e+00 1.400000000000000000e+01
9.915000000000000000e+03 7.730000000000000000e+03 7.579999999999999716e+01 5.500000000000000000e+00 1.400000000000000000e+01
9.906000000000000000e+03 7.604000000000000000e+03 5.689999999999999858e+01 5.299999999999999822e+00 1.100000000000000000e+01
9.908000000000000000e+03 7.636000000000000000e+03 6.850000000000000000e+01 5.400000000000000355e+00 1.200000000000000000e+01
9.918000000000000000e+03 7.602000000000000000e+03 6.870000000000000284e+01 5.099999999999999645e+00 1.300000000000000000e+01
9.931000000000000000e+03 7.748000000000000000e+03 6.289999999999999858e+01 5.099999999999999645e+00 1.800000000000000000e+01
9.912000000000000000e+03 7.600000000000000000e+03 6.609999999999999432e+01 5.200000000000000178e+00 1.300000000000000000e+01
9.919000000000000000e+03 7.709000000000000000e+03 6.189999999999999858e+01 4.799999999999999822e+00 1.300000000000000000e+01
9.919000000000000000e+03 7.672000000000000000e+03 5.629999999999999716e+01 5.700000000000000178e+00 1.400000000000000000e+01
9.909000000000000000e+03 7.752000000000000000e+03 6.250000000000000000e+01 5.099999999999999645e+00 1.200000000000000000e+01
9.923000000000000000e+03 7.641000000000000000e+03 6.779999999999999716e+01 5.400000000000000355e+00 1.300000000000000000e+01
9.935000000000000000e+03 7.688000000000000000e+03 5.460000000000000142e+01 5.000000000000000000e+00 1.300000000000000000e+01
9.922000000000000000e+03 7.657000000000000000e+03 6.060000000000000142e+01 5.400000000000000355e+00 1.100000000000000000e+01
9.920000000000000000e+03 7.682000000000000000e+03 5.679999999999999716e+01 5.200000000000000178e+00 1.200000000000000000e+01
9.919000000000000000e+03 7.612000000000000000e+03 6.950000000000000000e+01 5.000000000000000000e+00 1.400000000000000000e+01
9.923000000000000000e+03 7.644000000000000000e+03 6.759999999999999432e+01 6.000000000000000000e+00 1.200000000000000000e+01
9.912000000000000000e+03 7.692000000000000000e+03 7.079999999999999716e+01 5.400000000000000355e+00 1.400000000000000000e+01
9.919000000000000000e+03 7.777000000000000000e+03 5.439999999999999858e+01 5.099999999999999645e+00 1.200000000000000000e+01
9.912000000000000000e+03 7.659000000000000000e+03 9.270000000000000284e+01 5.200000000000000178e+00 1.300000000000000000e+01
9.902000000000000000e+03 7.700000000000000000e+03 7.559999999999999432e+01 5.500000000000000000e+00 1.200000000000000000e+01
9.916000000000000000e+03 7.558000000000000000e+03 7.229999999999999716e+01 5.500000000000000000e+00 1.300000000000000000e+01
9.906000000000000000e+03 7.696000000000000000e+03 6.379999999999999716e+01 5.000000000000000000e+00 1.300000000000000000e+01
9.907000000000000000e+03 7.681000000000000000e+03 6.790000000000000568e+01 5.000000000000000000e+00 1.500000000000000000e+01
9.906000000000000000e+03 7.694000000000000000e+03 5.810000000000000142e+01 5.200000000000000178e+00 1.300000000000000000e+01
9.911000000000000000e+03 7.624000000000000000e+03 5.760000000000000142e+01 5.099999999999999645e+00 1.000000000000000000e+01
9.905000000000000000e+03 7.702000000000000000e+03 7.529999999999999716e+01 5.000000000000000000e+00 1.100000000000000000e+01
9.921000000000000000e+03 7.650000000000000000e+03 6.509999999999999432e+01 5.000000000000000000e+00 1.300000000000000000e+01
9.910000000000000000e+03 7.736000000000000000e+03 6.750000000000000000e+01 5.099999999999999645e+00 1.200000000000000000e+01
9.927000000000000000e+03 7.667000000000000000e+03 6.540000000000000568e+01 5.400000000000000355e+00 1.500000000000000000e+01
9.935000000000000000e+03 7.771000000000000000e+03 6.020000000000000284e+01 5.000000000000000000e+00 1.400000000000000000e+01
9.921000000000000000e+03 7.641000000000000000e+03 5.500000000000000000e+01 5.000000000000000000e+00 1.200000000000000000e+01
9.913000000000000000e+03 7.619000000000000000e+03 5.939999999999999858e+01 5.400000000000000355e+00 1.300000000000000000e+01
9.909000000000000000e+03 7.634000000000000000e+03 8.800000000000000000e+01 5.200000000000000178e+00 1.100000000000000000e+01
9.930000000000000000e+03 7.677000000000000000e+03 5.529999999999999716e+01 5.000000000000000000e+00 1.200000000000000000e+01
9.921000000000000000e+03 7.635000000000000000e+03 5.589999999999999858e+01 5.000000000000000000e+00 1.500000000000000000e+01
9.923000000000000000e+03 7.600000000000000000e+03 6.270000000000000284e+01 5.200000000000000178e+00 1.300000000000000000e+01
9.911000000000000000e+03 7.706000000000000000e+03 7.600000000000000000e+01 5.299999999999999822e+00 1.300000000000000000e+01
9.910000000000000000e+03 7.670000000000000000e+03 5.700000000000000000e+01 5.000000000000000000e+00 1.000000000000000000e+01
9.919000000000000000e+03 7.697000000000000000e+03 5.939999999999999858e+01 5.299999999999999822e+00 1.400000000000000000e+01
9.925000000000000000e+03 7.720000000000000000e+03 6.089999999999999858e+01 4.700000000000000178e+00 1.200000000000000000e+01
9.922000000000000000e+03 7.606000000000000000e+03 8.640000000000000568e+01 5.000000000000000000e+00 1.100000000000000000e+01
9.909000000000000000e+03 7.686000000000000000e+03 6.210000000000000142e+01 5.400000000000000355e+00 1.400000000000000000e+01
9.899000000000000000e+03 7.701000000000000000e+03 6.089999999999999858e+01 5.200000000000000178e+00 1.500000000000000000e+01
9.935000000000000000e+03 7.605000000000000000e+03 6.429999999999999716e+01 5.099999999999999645e+00 1.300000000000000000e+01
9.911000000000000000e+03 7.718000000000000000e+03 8.350000000000000000e+01 5.200000000000000178e+00 1.200000000000000000e+01
9.922000000000000000e+03 7.663000000000000000e+03 5.050000000000000000e+01 5.299999999999999822e+00 1.400000000000000000e+01
9.909000000000000000e+03 7.686000000000000000e+03 6.429999999999999716e+01 5.200000000000000178e+00 1.200000000000000000e+01
9.917000000000000000e+03 7.756000000000000000e+03 5.550000000000000000e+01 5.000000000000000000e+00 1.200000000000000000e+01
9.923000000000000000e+03 7.658000000000000000e+03 5.620000000000000284e+01 5.400000000000000355e+00 1.100000000000000000e+01
9.915000000000000000e+03 7.710000000000000000e+03 6.470000000000000284e+01 5.400000000000000355e+00 1.400000000000000000e+01
9.919000000000000000e+03 7.647000000000000000e+03 5.950000000000000000e+01 5.000000000000000000e+00 1.300000000000000000e+01
9.914000000000000000e+03 7.789000000000000000e+03 6.790000000000000568e+01 5.000000000000000000e+00 1.100000000000000000e+01
9.913000000000000000e+03 7.710000000000000000e+03 5.760000000000000142e+01 5.099999999999999645e+00 1.300000000000000000e+01
9.891000000000000000e+03 7.806000000000000000e+03 7.559999999999999432e+01 5.200000000000000178e+00 1.300000000000000000e+01
9.915000000000000000e+03 7.738000000000000000e+03 6.039999999999999858e+01 5.400000000000000355e+00 1.300000000000000000e+01
9.921000000000000000e+03 7.720000000000000000e+03 7.150000000000000000e+01 5.099999999999999645e+00 1.600000000000000000e+01
9.900000000000000000e+03 7.664000000000000000e+03 6.089999999999999858e+01 5.099999999999999645e+00 1.500000000000000000e+01
9.920000000000000000e+03 7.765000000000000000e+03 6.909999999999999432e+01 5.000000000000000000e+00 1.600000000000000000e+01
9.903000000000000000e+03 7.674000000000000000e+03 5.010000000000000142e+01 5.000000000000000000e+00 1.200000000000000000e+01
9.899000000000000000e+03 7.568000000000000000e+03 6.540000000000000568e+01 5.400000000000000355e+00 1.700000000000000000e+01
9.914000000000000000e+03 7.742000000000000000e+03 6.360000000000000142e+01 5.200000000000000178e+00 1.200000000000000000e+01
9.921000000000000000e+03 7.682000000000000000e+03 5.560000000000000142e+01 5.099999999999999645e+00 1.400000000000000000e+01
9.930000000000000000e+03 7.731000000000000000e+03 5.960000000000000142e+01 5.200000000000000178e+00 1.300000000000000000e+01
9.917000000000000000e+03 7.749000000000000000e+03 6.409999999999999432e+01 5.000000000000000000e+00 1.300000000000000000e+01
9.928000000000000000e+03 7.722000000000000000e+03 5.720000000000000284e+01 5.599999999999999645e+00 1.500000000000000000e+01
9.928000000000000000e+03 7.709000000000000000e+03 7.309999999999999432e+01 5.299999999999999822e+00 1.200000000000000000e+01
9.901000000000000000e+03 7.669000000000000000e+03 5.650000000000000000e+01 4.900000000000000355e+00 1.600000000000000000e+01
9.919000000000000000e+03 7.594000000000000000e+03 8.059999999999999432e+01 5.200000000000000178e+00 1.300000000000000000e+01
9.914000000000000000e+03 7.712000000000000000e+03 6.520000000000000284e+01 5.200000000000000178e+00 1.400000000000000000e+01
9.917000000000000000e+03 7.806000000000000000e+03 6.670000000000000284e+01 5.099999999999999645e+00 1.100000000000000000e+01
9.914000000000000000e+03 7.660000000000000000e+03 6.440000000000000568e+01 5.000000000000000000e+00 1.300000000000000000e+01
9.928000000000000000e+03 7.742000000000000000e+03 6.210000000000000142e+01 5.000000000000000000e+00 1.100000000000000000e+01
9.929000000000000000e+03 7.702000000000000000e+03 6.740000000000000568e+01 5.000000000000000000e+00 1.600000000000000000e+01
9.915000000000000000e+03 7.685000000000000000e+03 5.950000000000000000e+01 5.099999999999999645e+00 1.200000000000000000e+01
9.912000000000000000e+03 7.665000000000000000e+03 5.939999999999999858e+01 5.099999999999999645e+00 1.500000000000000000e+01
9.922000000000000000e+03 7.742000000000000000e+03 6.479999999999999716e+01 5.000000000000000000e+00 1.200000000000000000e+01
9.907000000000000000e+03 7.767000000000000000e+03 9.450000000000000000e+01 5.200000000000000178e+00 1.200000000000000000e+01
9.924000000000000000e+03 7.689000000000000000e+03 5.879999999999999716e+01 5.500000000000000000e+00 1.200000000000000000e+01
9.905000000000000000e+03 7.657000000000000000e+03 7.150000000000000000e+01 5.299999999999999822e+00 1.500000000000000000e+01
9.918000000000000000e+03 7.718000000000000000e+03 5.070000000000000284e+01 5.400000000000000355e+00 1.100000000000000000e+01
9.909000000000000000e+03 7.707000000000000000e+03 8.420000000000000284e+01 5.400000000000000355e+00 1.200000000000000000e+01
9.911000000000000000e+03 7.741000000000000000e+03 5.460000000000000142e+01 4.799999999999999822e+00 1.200000000000000000e+01
9.923000000000000000e+03 7.729000000000000000e+03 6.800000000000000000e+01 5.099999999999999645e+00 1.200000000000000000e+01
9.916000000000000000e+03 7.692000000000000000e+03 6.759999999999999432e+01 5.000000000000000000e+00 1.500000000000000000e+01
9.905000000000000000e+03 7.691000000000000000e+03 5.720000000000000284e+01 5.000000000000000000e+00 1.100000000000000000e+01
9.900000000000000000e+03 7.642000000000000000e+03 4.950000000000000000e+01 5.299999999999999822e+00 1.400000000000000000e+01
9.908000000000000000e+03 7.751000000000000000e+03 6.389999999999999858e+01 5.000000000000000000e+00 1.200000000000000000e+01
9.933000000000000000e+03 7.749000000000000000e+03 7.009999999999999432e+01 5.099999999999999645e+00 1.500000000000000000e+01
9.926000000000000000e+03 7.677000000000000000e+03 6.709999999999999432e+01 5.200000000000000178e+00 1.100000000000000000e+01
9.920000000000000000e+03 7.681000000000000000e+03 5.570000000000000284e+01 5.000000000000000000e+00 1.400000000000000000e+01
9.928000000000000000e+03 7.783000000000000000e+03 6.279999999999999716e+01 5.099999999999999645e+00 1.500000000000000000e+01
9.921000000000000000e+03 7.654000000000000000e+03 6.179999999999999716e+01 5.099999999999999645e+00 1.200000000000000000e+01
9.916000000000000000e+03 7.659000000000000000e+03 5.189999999999999858e+01 5.500000000000000000e+00 1.300000000000000000e+01
9.918000000000000000e+03 7.691000000000000000e+03 6.139999999999999858e+01 5.200000000000000178e+00 1.300000000000000000e+01
9.917000000000000000e+03 7.837000000000000000e+03 6.590000000000000568e+01 4.900000000000000355e+00 1.400000000000000000e+01
9.905000000000000000e+03 7.769000000000000000e+03 8.209999999999999432e+01 5.000000000000000000e+00 1.200000000000000000e+01
9.921000000000000000e+03 7.827000000000000000e+03 6.000000000000000000e+01 5.200000000000000178e+00 1.300000000000000000e+01
9.902000000000000000e+03 7.706000000000000000e+03 6.659999999999999432e+01 5.099999999999999645e+00 1.200000000000000000e+01
9.923000000000000000e+03 7.723000000000000000e+03 5.860000000000000142e+01 5.099999999999999645e+00 1.300000000000000000e+01
9.922000000000000000e+03 7.839000000000000000e+03 6.260000000000000142e+01 5.099999999999999645e+00 1.600000000000000000e+01
9.893000000000000000e+03 7.755000000000000000e+03 7.529999999999999716e+01 4.799999999999999822e+00 1.400000000000000000e+01
9.907000000000000000e+03 7.647000000000000000e+03 5.889999999999999858e+01 5.500000000000000000e+00 1.200000000000000000e+01
9.918000000000000000e+03 7.646000000000000000e+03 5.139999999999999858e+01 5.200000000000000178e+00 1.300000000000000000e+01
9.916000000000000000e+03 7.669000000000000000e+03 5.700000000000000000e+01 5.000000000000000000e+00 1.300000000000000000e+01
9.911000000000000000e+03 7.616000000000000000e+03 7.440000000000000568e+01 5.000000000000000000e+00 1.200000000000000000e+01
9.902000000000000000e+03 7.740000000000000000e+03 7.290000000000000568e+01 5.000000000000000000e+00 1.500000000000000000e+01
9.909000000000000000e+03 7.712000000000000000e+03 6.690000000000000568e+01 5.000000000000000000e+00 1.400000000000000000e+01
9.938000000000000000e+03 7.736000000000000000e+03 6.260000000000000142e+01 4.799999999999999822e+00 1.200000000000000000e+01
9.908000000000000000e+03 7.698000000000000000e+03 7.000000000000000000e+01 5.400000000000000355e+00 1.400000000000000000e+01
9.913000000000000000e+03 7.744000000000000000e+03 7.109999999999999432e+01 4.799999999999999822e+00 1.400000000000000000e+01
9.917000000000000000e+03 7.688000000000000000e+03 5.229999999999999716e+01 5.099999999999999645e+00 1.500000000000000000e+01
9.903000000000000000e+03 7.641000000000000000e+03 5.489999999999999858e+01 5.400000000000000355e+00 1.400000000000000000e+01
9.926000000000000000e+03 7.663000000000000000e+03 8.220000000000000284e+01 5.200000000000000178e+00 1.400000000000000000e+01
9.909000000000000000e+03 7.729000000000000000e+03 5.539999999999999858e+01 5.200000000000000178e+00 1.400000000000000000e+01
9.920000000000000000e+03 7.640000000000000000e+03 6.289999999999999858e+01 5.000000000000000000e+00 1.300000000000000000e+01
9.920000000000000000e+03 7.631000000000000000e+03 6.070000000000000284e+01 5.000000000000000000e+00 1.500000000000000000e+01
9.898000000000000000e+03 7.755000000000000000e+03 5.950000000000000000e+01 5.000000000000000000e+00 1.100000000000000000e+01
9.914000000000000000e+03 7.649000000000000000e+03 7.659999999999999432e+01 5.299999999999999822e+00 1.200000000000000000e+01
9.910000000000000000e+03 7.637000000000000000e+03 6.990000000000000568e+01 5.200000000000000178e+00 1.400000000000000000e+01
9.897000000000000000e+03 7.771000000000000000e+03 6.229999999999999716e+01 5.000000000000000000e+00 1.100000000000000000e+01
9.909000000000000000e+03 7.713000000000000000e+03 6.640000000000000568e+01 5.299999999999999822e+00 1.200000000000000000e+01
9.925000000000000000e+03 7.647000000000000000e+03 6.060000000000000142e+01 5.299999999999999822e+00 1.200000000000000000e+01
9.903000000000000000e+03 7.661000000000000000e+03 5.939999999999999858e+01 5.299999999999999822e+00 1.200000000000000000e+01
9.911000000000000000e+03 7.761000000000000000e+03 5.660000000000000142e+01 5.000000000000000000e+00 1.300000000000000000e+01
9.904000000000000000e+03 7.651000000000000000e+03 7.450000000000000000e+01 5.200000000000000178e+00 1.200000000000000000e+01
9.924000000000000000e+03 7.727000000000000000e+03 6.139999999999999858e+01 5.299999999999999822e+00 1.300000000000000000e+01
9.921000000000000000e+03 7.687000000000000000e+03 6.150000000000000000e+01 5.000000000000000000e+00 1.600000000000000000e+01
9.904000000000000000e+03 7.791000000000000000e+03 6.200000000000000000e+01 4.799999999999999822e+00 1.600000000000000000e+01
9.915000000000000000e+03 7.618000000000000000e+03 7.650000000000000000e+01 5.400000000000000355e+00 1.200000000000000000e+01
9.928000000000000000e+03 7.680000000000000000e+03 5.979999999999999716e+01 5.200000000000000178e+00 1.400000000000000000e+01
9.897000000000000000e+03 7.674000000000000000e+03 6.320000000000000284e+01 5.000000000000000000e+00 1.300000000000000000e+01
9.917000000000000000e+03 7.671000000000000000e+03 7.379999999999999716e+01 5.400000000000000355e+00 1.200000000000000000e+01
9.923000000000000000e+03 7.747000000000000000e+03 6.350000000000000000e+01 5.599999999999999645e+00 1.200000000000000000e+01
9.908000000000000000e+03 7.606000000000000000e+03 5.660000000000000142e+01 5.099999999999999645e+00 1.500000000000000000e+01
9.912000000000000000e+03 7.646000000000000000e+03 5.920000000000000284e+01 5.200000000000000178e+00 1.200000000000000000e+01
9.907000000000000000e+03 7.780000000000000000e+03 6.250000000000000000e+01 5.000000000000000000e+00 1.100000000000000000e+01
