8.349000000000000000e+03 4.370000000000000000e+03 4.583999999999999773e+02 5.670000000000000284e+01 1.408000000000000000e+03
8.310000000000000000e+03 4.643000000000000000e+03 3.558000000000000114e+02 4.729999999999999716e+01 1.431000000000000000e+03
8.285000000000000000e+03 4.794000000000000000e+03 3.998999999999999773e+02 5.800000000000000000e+01 1.451000000000000000e+03
8.331000000000000000e+03 4.667000000000000000e+03 3.666999999999999886e+02 5.479999999999999716e+01 1.434000000000000000e+03
8.294000000000000000e+03 4.717000000000000000e+03 4.008000000000000114e+02 5.750000000000000000e+01 1.477000000000000000e+03
8.297000000000000000e+03 4.981000000000000000e+03 3.378000000000000114e+02 5.879999999999999716e+01 1.439000000000000000e+03
8.339000000000000000e+03 5.042000000000000000e+03 3.163999999999999773e+02 4.960000000000000142e+01 1.460000000000000000e+03
8.332000000000000000e+03 5.371000000000000000e+03 3.775000000000000000e+02 5.060000000000000142e+01 1.482000000000000000e+03
8.334000000000000000e+03 4.575000000000000000e+03 4.603000000000000114e+02 4.910000000000000142e+01 1.394000000000000000e+03
8.263000000000000000e+03 4.859000000000000000e+03 3.926999999999999886e+02 5.220000000000000284e+01 1.440000000000000000e+03
8.370000000000000000e+03 4.733000000000000000e+03 3.678999999999999773e+02 5.479999999999999716e+01 1.410000000000000000e+03
8.283000000000000000e+03 4.705000000000000000e+03 4.076000000000000227e+02 5.179999999999999716e+01 1.417000000000000000e+03
8.321000000000000000e+03 4.721000000000000000e+03 3.393000000000000114e+02 5.329999999999999716e+01 1.429000000000000000e+03
8.375000000000000000e+03 4.435000000000000000e+03 3.451000000000000227e+02 6.579999999999999716e+01 1.327000000000000000e+03
8.268000000000000000e+03 4.934000000000000000e+03 3.521000000000000227e+02 5.420000000000000284e+01 1.464000000000000000e+03
8.381000000000000000e+03 4.485000000000000000e+03 5.003000000000000114e+02 6.279999999999999716e+01 1.388000000000000000e+03
8.289000000000000000e+03 5.069000000000000000e+03 3.135000000000000000e+02 4.970000000000000284e+01 1.453000000000000000e+03
8.306000000000000000e+03 4.698000000000000000e+03 6.003999999999999773e+02 5.729999999999999716e+01 1.436000000000000000e+03
8.256000000000000000e+03 4.426000000000000000e+03 3.573999999999999773e+02 6.870000000000000284e+01 1.416000000000000000e+03
8.288000000000000000e+03 4.640000000000000000e+03 3.241999999999999886e+02 5.339999999999999858e+01 1.429000000000000000e+03
8.346000000000000000e+03 5.113000000000000000e+03 5.500000000000000000e+02 5.289999999999999858e+01 1.478000000000000000e+03
8.328000000000000000e+03 4.443000000000000000e+03 4.026000000000000227e+02 5.579999999999999716e+01 1.377000000000000000e+03
8.321000000000000000e+03 4.761000000000000000e+03 4.278000000000000114e+02 5.089999999999999858e+01 1.423000000000000000e+03
8.287000000000000000e+03 4.888000000000000000e+03 4.038999999999999773e+02 4.939999999999999858e+01 1.513000000000000000e+03
8.257000000000000000e+03 4.802000000000000000e+03 3.838999999999999773e+02 5.789999999999999858e+01 1.468000000000000000e+03
8.290000000000000000e+03 5.161000000000000000e+03 4.383000000000000114e+02 4.610000000000000142e+01 1.488000000000000000e+03
8.279000000000000000e+03 4.248000000000000000e+03 4.748000000000000114e+02 6.239999999999999858e+01 1.382000000000000000e+03
8.344000000000000000e+03 4.429000000000000000e+03 3.143999999999999773e+02 5.589999999999999858e+01 1.372000000000000000e+03
8.341000000000000000e+03 5.015000000000000000e+03 3.266000000000000227e+02 5.600000000000000000e+01 1.491000000000000000e+03
8.308000000000000000e+03 4.488000000000000000e+03 4.191999999999999886e+02 6.509999999999999432e+01 1.400000000000000000e+03
8.310000000000000000e+03 4.638000000000000000e+03 4.091999999999999886e+02 5.850000000000000000e+01 1.476000000000000000e+03
8.351000000000000000e+03 4.690000000000000000e+03 3.495000000000000000e+02 4.860000000000000142e+01 1.419000000000000000e+03
8.338000000000000000e+03 4.708000000000000000e+03 4.226999999999999886e+02 5.510000000000000142e+01 1.432000000000000000e+03
8.299000000000000000e+03 4.861000000000000000e+03 3.315000000000000000e+02 6.170000000000000284e+01 1.477000000000000000e+03
8.363000000000000000e+03 4.767000000000000000e+03 3.793000000000000114e+02 6.320000000000000284e+01 1.418000000000000000e+03
8.293000000000000000e+03 4.880000000000000000e+03 3.301999999999999886e+02 5.550000000000000000e+01 1.413000000000000000e+03
8.281000000000000000e+03 5.113000000000000000e+03 3.346000000000000227e+02 4.779999999999999716e+01 1.457000000000000000e+03
8.285000000000000000e+03 4.834000000000000000e+03 3.648000000000000114e+02 5.760000000000000142e+01 1.434000000000000000e+03
8.343000000000000000e+03 4.394000000000000000e+03 3.521999999999999886e+02 5.500000000000000000e+01 1.390000000000000000e+03
8.208000000000000000e+03 4.865000000000000000e+03 3.001000000000000227e+02 5.789999999999999858e+01 1.512000000000000000e+03
8.340000000000000000e+03 4.287000000000000000e+03 3.726999999999999886e+02 6.300000000000000000e+01 1.401000000000000000e+03
8.255000000000000000e+03 4.524000000000000000e+03 3.443999999999999773e+02 5.450000000000000000e+01 1.429000000000000000e+03
8.254000000000000000e+03 4.301000000000000000e+03 3.760000000000000000e+02 6.389999999999999858e+01 1.388000000000000000e+03
8.266000000000000000e+03 5.006000000000000000e+03 3.533999999999999773e+02 5.150000000000000000e+01 1.483000000000000000e+03
8.313000000000000000e+03 4.803000000000000000e+03 3.756999999999999886e+02 5.650000000000000000e+01 1.438000000000000000e+03
8.299000000000000000e+03 4.856000000000000000e+03 3.661999999999999886e+02 6.000000000000000000e+01 1.495000000000000000e+03
8.269000000000000000e+03 4.425000000000000000e+03 5.265000000000000000e+02 5.960000000000000142e+01 1.471000000000000000e+03
8.354000000000000000e+03 4.512000000000000000e+03 4.093000000000000114e+02 5.279999999999999716e+01 1.403000000000000000e+03
8.341000000000000000e+03 5.152000000000000000e+03 3.218000000000000114e+02 5.750000000000000000e+01 1.414000000000000000e+03
8.285000000000000000e+03 4.820000000000000000e+03 3.700000000000000000e+02 5.889999999999999858e+01 1.459000000000000000e+03
8.335000000000000000e+03 4.768000000000000000e+03 4.095000000000000000e+02 5.510000000000000142e+01 1.429000000000000000e+03
8.365000000000000000e+03 4.795000000000000000e+03 3.100000000000000000e+02 5.850000000000000000e+01 1.394000000000000000e+03
8.294000000000000000e+03 4.932000000000000000e+03 3.660000000000000000e+02 5.460000000000000142e+01 1.429000000000000000e+03
8.364000000000000000e+03 4.837000000000000000e+03 3.500000000000000000e+02 5.389999999999999858e+01 1.379000000000000000e+03
8.307000000000000000e+03 4.779000000000000000e+03 4.111999999999999886e+02 5.350000000000000000e+01 1.467000000000000000e+03
8.189000000000000000e+03 4.476000000000000000e+03 5.722999999999999545e+02 5.860000000000000142e+01 1.461000000000000000e+03
8.384000000000000000e+03 4.032000000000000000e+03 3.551000000000000227e+02 6.600000000000000000e+01 1.371000000000000000e+03
8.310000000000000000e+03 4.417000000000000000e+03 3.673000000000000114e+02 4.970000000000000284e+01 1.419000000000000000e+03
8.261000000000000000e+03 4.780000000000000000e+03 5.825000000000000000e+02 4.789999999999999858e+01 1.459000000000000000e+03
8.382000000000000000e+03 4.537000000000000000e+03 3.096999999999999886e+02 4.910000000000000142e+01 1.402000000000000000e+03
8.285000000000000000e+03 4.711000000000000000e+03 3.128000000000000114e+02 5.660000000000000142e+01 1.450000000000000000e+03
8.282000000000000000e+03 4.409000000000000000e+03 3.633000000000000114e+02 5.389999999999999858e+01 1.428000000000000000e+03
8.293000000000000000e+03 4.740000000000000000e+03 4.708000000000000114e+02 5.410000000000000142e+01 1.440000000000000000e+03
8.320000000000000000e+03 4.520000000000000000e+03 3.501000000000000227e+02 6.020000000000000284e+01 1.420000000000000000e+03
8.306000000000000000e+03 4.910000000000000000e+03 3.756000000000000227e+02 5.500000000000000000e+01 1.519000000000000000e+03
8.309000000000000000e+03 4.960000000000000000e+03 3.866999999999999886e+02 5.679999999999999716e+01 1.451000000000000000e+03
8.363000000000000000e+03 4.478000000000000000e+03 4.303999999999999773e+02 6.050000000000000000e+01 1.438000000000000000e+03
8.372000000000000000e+03 4.771000000000000000e+03 5.321000000000000227e+02 6.220000000000000284e+01 1.352000000000000000e+03
8.373000000000000000e+03 5.162000000000000000e+03 3.761000000000000227e+02 5.560000000000000142e+01 1.460000000000000000e+03
8.359000000000000000e+03 4.420000000000000000e+03 4.116999999999999886e+02 6.220000000000000284e+01 1.337000000000000000e+03
8.361000000000000000e+03 4.783000000000000000e+03 3.408000000000000114e+02 5.660000000000000142e+01 1.420000000000000000e+03
8.324000000000000000e+03 4.992000000000000000e+03 6.278999999999999773e+02 5.179999999999999716e+01 1.427000000000000000e+03
8.366000000000000000e+03 4.825000000000000000e+03 3.343000000000000114e+02 5.010000000000000142e+01 1.395000000000000000e+03
8.346000000000000000e+03 4.448000000000000000e+03 3.393999999999999773e+02 5.829999999999999716e+01 1.442000000000000000e+03
8.316000000000000000e+03 4.743000000000000000e+03 3.695000000000000000e+02 5.610000000000000142e+01 1.395000000000000000e+03
8.286000000000000000e+03 4.598000000000000000e+03 4.403000000000000114e+02 5.579999999999999716e+01 1.454000000000000000e+03
8.345000000000000000e+03 4.683000000000000000e+03 3.508000000000000114e+02 6.039999999999999858e+01 1.374000000000000000e+03
8.355000000000000000e+03 5.208000000000000000e+03 3.176000000000000227e+02 5.129999999999999716e+01 1.423000000000000000e+03
8.367000000000000000e+03 4.773000000000000000e+03 3.871000000000000227e+02 5.620000000000000284e+01 1.424000000000000000e+03
8.295000000000000000e+03 4.367000000000000000e+03 4.166999999999999886e+02 5.889999999999999858e+01 1.371000000000000000e+03
8.283000000000000000e+03 4.666000000000000000e+03 3.691999999999999886e+02 5.050000000000000000e+01 1.455000000000000000e+03
8.341000000000000000e+03 4.693000000000000000e+03 3.363999999999999773e+02 5.860000000000000142e+01 1.406000000000000000e+03
8.314000000000000000e+03 4.839000000000000000e+03 3.791999999999999886e+02 5.470000000000000284e+01 1.381000000000000000e+03
8.375000000000000000e+03 4.813000000000000000e+03 4.958000000000000114e+02 5.289999999999999858e+01 1.414000000000000000e+03
8.291000000000000000e+03 5.010000000000000000e+03 3.431999999999999886e+02 5.020000000000000284e+01 1.466000000000000000e+03
8.246000000000000000e+03 4.563000000000000000e+03 3.916000000000000227e+02 5.520000000000000284e+01 1.444000000000000000e+03
8.282000000000000000e+03 4.849000000000000000e+03 5.073000000000000114e+02 5.060000000000000142e+01 1.430000000000000000e+03
8.328000000000000000e+03 4.370000000000000000e+03 3.921999999999999886e+02 5.170000000000000284e+01 1.385000000000000000e+03
8.219000000000000000e+03 4.760000000000000000e+03 3.071000000000000227e+02 5.789999999999999858e+01 1.567000000000000000e+03
8.313000000000000000e+03 4.855000000000000000e+03 4.308000000000000114e+02 5.860000000000000142e+01 1.383000000000000000e+03
8.261000000000000000e+03 5.034000000000000000e+03 3.963999999999999773e+02 6.220000000000000284e+01 1.468000000000000000e+03
8.318000000000000000e+03 4.900000000000000000e+03 3.643999999999999773e+02 5.529999999999999716e+01 1.412000000000000000e+03
8.332000000000000000e+03 4.872000000000000000e+03 3.676000000000000227e+02 5.539999999999999858e+01 1.471000000000000000e+03
8.307000000000000000e+03 4.622000000000000000e+03 3.701000000000000227e+02 5.670000000000000284e+01 1.496000000000000000e+03
8.275000000000000000e+03 4.564000000000000000e+03 5.432999999999999545e+02 5.250000000000000000e+01 1.435000000000000000e+03
8.351000000000000000e+03 5.303000000000000000e+03 7.033999999999999773e+02 5.120000000000000284e+01 1.422000000000000000e+03
8.311000000000000000e+03 5.023000000000000000e+03 3.273000000000000114e+02 5.710000000000000142e+01 1.376000000000000000e+03
8.299000000000000000e+03 4.990000000000000000e+03 3.540000000000000000e+02 5.270000000000000284e+01 1.495000000000000000e+03
8.262000000000000000e+03 4.590000000000000000e+03 3.558000000000000114e+02 5.860000000000000142e+01 1.473000000000000000e+03
8.291000000000000000e+03 4.577000000000000000e+03 3.996000000000000227e+02 6.459999999999999432e+01 1.382000000000000000e+03
8.293000000000000000e+03 5.009000000000000000e+03 4.438000000000000114e+02 5.410000000000000142e+01 1.439000000000000000e+03
8.359000000000000000e+03 4.940000000000000000e+03 3.805000000000000000e+02 5.970000000000000284e+01 1.393000000000000000e+03
8.318000000000000000e+03 4.280000000000000000e+03 3.873999999999999773e+02 5.479999999999999716e+01 1.366000000000000000e+03
8.309000000000000000e+03 4.315000000000000000e+03 5.003999999999999773e+02 5.429999999999999716e+01 1.348000000000000000e+03
8.282000000000000000e+03 4.291000000000000000e+03 3.655000000000000000e+02 5.889999999999999858e+01 1.434000000000000000e+03
8.354000000000000000e+03 4.771000000000000000e+03 3.938000000000000114e+02 5.589999999999999858e+01 1.399000000000000000e+03
8.268000000000000000e+03 4.577000000000000000e+03 4.141999999999999886e+02 6.100000000000000000e+01 1.464000000000000000e+03
8.223000000000000000e+03 4.760000000000000000e+03 3.510000000000000000e+02 5.670000000000000284e+01 1.409000000000000000e+03
8.324000000000000000e+03 4.854000000000000000e+03 3.968999999999999773e+02 5.089999999999999858e+01 1.373000000000000000e+03
8.303000000000000000e+03 4.650000000000000000e+03 4.315000000000000000e+02 5.289999999999999858e+01 1.412000000000000000e+03
8.291000000000000000e+03 4.568000000000000000e+03 3.173999999999999773e+02 5.520000000000000284e+01 1.455000000000000000e+03
8.278000000000000000e+03 4.874000000000000000e+03 3.338000000000000114e+02 5.650000000000000000e+01 1.449000000000000000e+03
8.356000000000000000e+03 4.857000000000000000e+03 4.206999999999999886e+02 5.650000000000000000e+01 1.403000000000000000e+03
8.319000000000000000e+03 4.574000000000000000e+03 5.513999999999999773e+02 5.750000000000000000e+01 1.413000000000000000e+03
8.297000000000000000e+03 4.983000000000000000e+03 3.468999999999999773e+02 4.970000000000000284e+01 1.450000000000000000e+03
8.333000000000000000e+03 4.687000000000000000e+03 3.226999999999999886e+02 6.000000000000000000e+01 1.383000000000000000e+03
8.305000000000000000e+03 4.679000000000000000e+03 3.970000000000000000e+02 5.420000000000000284e+01 1.414000000000000000e+03
8.302000000000000000e+03 4.944000000000000000e+03 3.396999999999999886e+02 5.050000000000000000e+01 1.460000000000000000e+03
8.277000000000000000e+03 4.660000000000000000e+03 3.420000000000000000e+02 6.120000000000000284e+01 1.425000000000000000e+03
8.284000000000000000e+03 4.633000000000000000e+03 3.905000000000000000e+02 5.410000000000000142e+01 1.414000000000000000e+03
8.329000000000000000e+03 4.976000000000000000e+03 3.186000000000000227e+02 5.700000000000000000e+01 1.463000000000000000e+03
8.316000000000000000e+03 4.807000000000000000e+03 5.253999999999999773e+02 5.379999999999999716e+01 1.384000000000000000e+03
8.394000000000000000e+03 4.936000000000000000e+03 3.913000000000000114e+02 5.460000000000000142e+01 1.423000000000000000e+03
8.331000000000000000e+03 5.182000000000000000e+03 3.311999999999999886e+02 5.439999999999999858e+01 1.468000000000000000e+03
8.315000000000000000e+03 4.619000000000000000e+03 3.880000000000000000e+02 5.510000000000000142e+01 1.432000000000000000e+03
8.347000000000000000e+03 5.102000000000000000e+03 3.571000000000000227e+02 5.389999999999999858e+01 1.448000000000000000e+03
8.301000000000000000e+03 4.738000000000000000e+03 3.775000000000000000e+02 4.950000000000000000e+01 1.448000000000000000e+03
8.283000000000000000e+03 4.503000000000000000e+03 4.403000000000000114e+02 4.989999999999999858e+01 1.408000000000000000e+03
8.261000000000000000e+03 4.169000000000000000e+03 3.736000000000000227e+02 5.479999999999999716e+01 1.388000000000000000e+03
8.338000000000000000e+03 4.841000000000000000e+03 3.131000000000000227e+02 6.429999999999999716e+01 1.430000000000000000e+03
8.371000000000000000e+03 5.101000000000000000e+03 4.951000000000000227e+02 5.360000000000000142e+01 1.409000000000000000e+03
8.329000000000000000e+03 4.543000000000000000e+03 3.235000000000000000e+02 6.239999999999999858e+01 1.410000000000000000e+03
8.259000000000000000e+03 4.699000000000000000e+03 4.411000000000000227e+02 5.539999999999999858e+01 1.422000000000000000e+03
8.302000000000000000e+03 4.785000000000000000e+03 3.260000000000000000e+02 5.239999999999999858e+01 1.447000000000000000e+03
8.316000000000000000e+03 4.307000000000000000e+03 3.258000000000000114e+02 7.200000000000000000e+01 1.363000000000000000e+03
8.296000000000000000e+03 4.398000000000000000e+03 4.003000000000000114e+02 5.860000000000000142e+01 1.457000000000000000e+03
8.376000000000000000e+03 4.983000000000000000e+03 4.623999999999999773e+02 5.200000000000000000e+01 1.429000000000000000e+03
8.337000000000000000e+03 4.731000000000000000e+03 4.266999999999999886e+02 5.810000000000000142e+01 1.433000000000000000e+03
8.306000000000000000e+03 4.267000000000000000e+03 3.810000000000000000e+02 5.679999999999999716e+01 1.405000000000000000e+03
8.334000000000000000e+03 4.513000000000000000e+03 3.203000000000000114e+02 5.389999999999999858e+01 1.378000000000000000e+03
8.315000000000000000e+03 4.957000000000000000e+03 4.190000000000000000e+02 5.070000000000000284e+01 1.461000000000000000e+03
8.275000000000000000e+03 4.230000000000000000e+03 3.711000000000000227e+02 6.350000000000000000e+01 1.424000000000000000e+03
8.347000000000000000e+03 4.983000000000000000e+03 3.715000000000000000e+02 5.370000000000000284e+01 1.424000000000000000e+03
8.291000000000000000e+03 4.579000000000000000e+03 3.183999999999999773e+02 6.100000000000000000e+01 1.424000000000000000e+03
8.280000000000000000e+03 4.766000000000000000e+03 3.636000000000000227e+02 5.120000000000000284e+01 1.411000000000000000e+03
8.341000000000000000e+03 4.923000000000000000e+03 3.463000000000000114e+02 4.910000000000000142e+01 1.444000000000000000e+03
8.324000000000000000e+03 5.079000000000000000e+03 3.773000000000000114e+02 5.479999999999999716e+01 1.447000000000000000e+03
8.311000000000000000e+03 4.702000000000000000e+03 3.501000000000000227e+02 5.860000000000000142e+01 1.408000000000000000e+03
8.327000000000000000e+03 4.929000000000000000e+03 3.796999999999999886e+02 5.320000000000000284e+01 1.428000000000000000e+03
8.279000000000000000e+03 4.911000000000000000e+03 3.448999999999999773e+02 5.570000000000000284e+01 1.492000000000000000e+03
8.410000000000000000e+03 4.700000000000000000e+03 5.851000000000000227e+02 5.310000000000000142e+01 1.420000000000000000e+03
8.187000000000000000e+03 4.892000000000000000e+03 4.103999999999999773e+02 5.110000000000000142e+01 1.531000000000000000e+03
8.308000000000000000e+03 4.476000000000000000e+03 4.128000000000000114e+02 6.050000000000000000e+01 1.463000000000000000e+03
8.285000000000000000e+03 4.770000000000000000e+03 3.328000000000000114e+02 5.900000000000000000e+01 1.525000000000000000e+03
8.290000000000000000e+03 4.944000000000000000e+03 3.581000000000000227e+02 5.450000000000000000e+01 1.505000000000000000e+03
8.287000000000000000e+03 4.512000000000000000e+03 4.141000000000000227e+02 6.029999999999999716e+01 1.423000000000000000e+03
8.329000000000000000e+03 4.574000000000000000e+03 3.573999999999999773e+02 6.029999999999999716e+01 1.394000000000000000e+03
8.237000000000000000e+03 4.911000000000000000e+03 4.006999999999999886e+02 5.439999999999999858e+01 1.472000000000000000e+03
8.354000000000000000e+03 5.119000000000000000e+03 4.448000000000000114e+02 4.400000000000000000e+01 1.448000000000000000e+03
8.308000000000000000e+03 5.079000000000000000e+03 3.428999999999999773e+02 5.539999999999999858e+01 1.475000000000000000e+03
8.333000000000000000e+03 4.849000000000000000e+03 3.536000000000000227e+02 5.700000000000000000e+01 1.406000000000000000e+03
8.300000000000000000e+03 5.022000000000000000e+03 3.716999999999999886e+02 5.310000000000000142e+01 1.393000000000000000e+03
8.313000000000000000e+03 5.179000000000000000e+03 4.028999999999999773e+02 5.010000000000000142e+01 1.460000000000000000e+03
8.298000000000000000e+03 4.920000000000000000e+03 3.155000000000000000e+02 4.970000000000000284e+01 1.464000000000000000e+03
8.345000000000000000e+03 4.700000000000000000e+03 4.356999999999999886e+02 5.620000000000000284e+01 1.381000000000000000e+03
8.278000000000000000e+03 4.865000000000000000e+03 3.941000000000000227e+02 6.020000000000000284e+01 1.428000000000000000e+03
8.365000000000000000e+03 4.595000000000000000e+03 3.241000000000000227e+02 5.539999999999999858e+01 1.377000000000000000e+03
8.270000000000000000e+03 4.460000000000000000e+03 3.341999999999999886e+02 6.210000000000000142e+01 1.443000000000000000e+03
8.315000000000000000e+03 4.463000000000000000e+03 3.258999999999999773e+02 5.250000000000000000e+01 1.459000000000000000e+03
8.394000000000000000e+03 4.797000000000000000e+03 5.108999999999999773e+02 5.679999999999999716e+01 1.430000000000000000e+03
8.271000000000000000e+03 5.130000000000000000e+03 3.866999999999999886e+02 5.210000000000000142e+01 1.477000000000000000e+03
8.305000000000000000e+03 4.523000000000000000e+03 3.565000000000000000e+02 5.460000000000000142e+01 1.412000000000000000e+03
8.332000000000000000e+03 4.254000000000000000e+03 3.830000000000000000e+02 6.479999999999999716e+01 1.469000000000000000e+03
8.308000000000000000e+03 4.373000000000000000e+03 3.736000000000000227e+02 5.570000000000000284e+01 1.446000000000000000e+03
8.280000000000000000e+03 4.619000000000000000e+03 3.561000000000000227e+02 5.560000000000000142e+01 1.430000000000000000e+03
8.303000000000000000e+03 4.746000000000000000e+03 3.561000000000000227e+02 6.010000000000000142e+01 1.428000000000000000e+03
8.346000000000000000e+03 4.828000000000000000e+03 3.913999999999999773e+02 5.500000000000000000e+01 1.362000000000000000e+03
8.323000000000000000e+03 4.599000000000000000e+03 4.136999999999999886e+02 5.560000000000000142e+01 1.437000000000000000e+03
8.307000000000000000e+03 4.416000000000000000e+03 3.876000000000000227e+02 6.039999999999999858e+01 1.445000000000000000e+03
8.375000000000000000e+03 4.816000000000000000e+03 4.331999999999999886e+02 5.460000000000000142e+01 1.431000000000000000e+03
8.338000000000000000e+03 4.756000000000000000e+03 3.226999999999999886e+02 5.329999999999999716e+01 1.363000000000000000e+03
8.328000000000000000e+03 4.806000000000000000e+03 3.215000000000000000e+02 5.820000000000000284e+01 1.464000000000000000e+03
8.321000000000000000e+03 4.391000000000000000e+03 3.153999999999999773e+02 5.960000000000000142e+01 1.386000000000000000e+03
8.323000000000000000e+03 5.293000000000000000e+03 3.321000000000000227e+02 6.540000000000000568e+01 1.473000000000000000e+03
8.346000000000000000e+03 4.459000000000000000e+03 3.411999999999999886e+02 6.579999999999999716e+01 1.420000000000000000e+03
8.287000000000000000e+03 4.876000000000000000e+03 3.928999999999999773e+02 5.650000000000000000e+01 1.395000000000000000e+03
8.245000000000000000e+03 4.966000000000000000e+03 3.753999999999999773e+02 5.239999999999999858e+01 1.448000000000000000e+03
8.312000000000000000e+03 4.415000000000000000e+03 4.041999999999999886e+02 5.120000000000000284e+01 1.463000000000000000e+03
8.312000000000000000e+03 4.756000000000000000e+03 3.998999999999999773e+02 5.570000000000000284e+01 1.479000000000000000e+03
8.326000000000000000e+03 4.957000000000000000e+03 3.758999999999999773e+02 5.160000000000000142e+01 1.375000000000000000e+03
8.304000000000000000e+03 4.600000000000000000e+03 3.955000000000000000e+02 5.379999999999999716e+01 1.439000000000000000e+03
8.322000000000000000e+03 5.194000000000000000e+03 5.048999999999999773e+02 5.250000000000000000e+01 1.493000000000000000e+03
8.317000000000000000e+03 4.073000000000000000e+03 3.523999999999999773e+02 6.250000000000000000e+01 1.383000000000000000e+03
8.351000000000000000e+03 5.063000000000000000e+03 4.496000000000000227e+02 5.420000000000000284e+01 1.488000000000000000e+03
8.367000000000000000e+03 4.332000000000000000e+03 3.823999999999999773e+02 5.250000000000000000e+01 1.405000000000000000e+03
8.341000000000000000e+03 4.793000000000000000e+03 3.485000000000000000e+02 5.189999999999999858e+01 1.460000000000000000e+03
8.237000000000000000e+03 4.166000000000000000e+03 4.421999999999999886e+02 6.029999999999999716e+01 1.423000000000000000e+03
8.329000000000000000e+03 4.316000000000000000e+03 3.461000000000000227e+02 6.300000000000000000e+01 1.413000000000000000e+03
8.275000000000000000e+03 4.482000000000000000e+03 3.078000000000000114e+02 6.220000000000000284e+01 1.409000000000000000e+03
8.318000000000000000e+03 5.143000000000000000e+03 3.746000000000000227e+02 4.660000000000000142e+01 1.505000000000000000e+03
8.286000000000000000e+03 4.586000000000000000e+03 4.093000000000000114e+02 5.520000000000000284e+01 1.429000000000000000e+03
8.305000000000000000e+03 5.267000000000000000e+03 4.196000000000000227e+02 5.439999999999999858e+01 1.473000000000000000e+03
8.343000000000000000e+03 4.480000000000000000e+03 4.120000000000000000e+02 5.879999999999999716e+01 1.408000000000000000e+03
8.221000000000000000e+03 4.890000000000000000e+03 3.778000000000000114e+02 6.200000000000000000e+01 1.478000000000000000e+03
8.292000000000000000e+03 5.011000000000000000e+03 4.316000000000000227e+02 5.260000000000000142e+01 1.483000000000000000e+03
8.288000000000000000e+03 4.748000000000000000e+03 3.858999999999999773e+02 5.720000000000000284e+01 1.421000000000000000e+03
8.316000000000000000e+03 4.449000000000000000e+03 3.100000000000000000e+02 6.360000000000000142e+01 1.379000000000000000e+03
8.257000000000000000e+03 5.077000000000000000e+03 3.676000000000000227e+02 5.570000000000000284e+01 1.417000000000000000e+03
8.310000000000000000e+03 4.162000000000000000e+03 4.406000000000000227e+02 6.139999999999999858e+01 1.409000000000000000e+03
8.289000000000000000e+03 4.840000000000000000e+03 3.851999999999999886e+02 5.500000000000000000e+01 1.419000000000000000e+03
8.338000000000000000e+03 4.656000000000000000e+03 3.866999999999999886e+02 5.329999999999999716e+01 1.460000000000000000e+03
8.353000000000000000e+03 4.695000000000000000e+03 3.701000000000000227e+02 5.779999999999999716e+01 1.359000000000000000e+03
8.188000000000000000e+03 4.519000000000000000e+03 3.761000000000000227e+02 6.200000000000000000e+01 1.439000000000000000e+03
8.274000000000000000e+03 4.761000000000000000e+03 3.411000000000000227e+02 5.320000000000000284e+01 1.452000000000000000e+03
8.278000000000000000e+03 4.976000000000000000e+03 3.216000000000000227e+02 5.220000000000000284e+01 1.453000000000000000e+03
8.328000000000000000e+03 4.765000000000000000e+03 4.471999999999999886e+02 6.379999999999999716e+01 1.426000000000000000e+03
8.287000000000000000e+03 4.822000000000000000e+03 4.486000000000000227e+02 5.700000000000000000e+01 1.460000000000000000e+03
8.269000000000000000e+03 4.544000000000000000e+03 3.745000000000000000e+02 6.039999999999999858e+01 1.484000000000000000e+03
8.331000000000000000e+03 4.896000000000000000e+03 3.366999999999999886e+02 5.160000000000000142e+01 1.444000000000000000e+03
8.318000000000000000e+03 4.852000000000000000e+03 3.538000000000000114e+02 5.220000000000000284e+01 1.486000000000000000e+03
8.313000000000000000e+03 4.990000000000000000e+03 3.651999999999999886e+02 5.170000000000000284e+01 1.475000000000000000e+03
8.342000000000000000e+03 4.402000000000000000e+03 3.681000000000000227e+02 5.100000000000000000e+01 1.386000000000000000e+03
8.277000000000000000e+03 4.582000000000000000e+03 3.488000000000000114e+02 6.210000000000000142e+01 1.453000000000000000e+03
8.271000000000000000e+03 4.810000000000000000e+03 3.296999999999999886e+02 5.029999999999999716e+01 1.489000000000000000e+03
8.384000000000000000e+03 4.632000000000000000e+03 4.578999999999999773e+02 6.089999999999999858e+01 1.369000000000000000e+03
8.385000000000000000e+03 4.709000000000000000e+03 3.748999999999999773e+02 5.650000000000000000e+01 1.385000000000000000e+03
8.373000000000000000e+03 4.576000000000000000e+03 4.056999999999999886e+02 6.089999999999999858e+01 1.380000000000000000e+03
8.337000000000000000e+03 4.615000000000000000e+03 3.366999999999999886e+02 5.900000000000000000e+01 1.400000000000000000e+03
8.418000000000000000e+03 4.707000000000000000e+03 3.928000000000000114e+02 5.439999999999999858e+01 1.383000000000000000e+03
8.291000000000000000e+03 5.031000000000000000e+03 3.426999999999999886e+02 4.950000000000000000e+01 1.489000000000000000e+03
8.306000000000000000e+03 4.609000000000000000e+03 3.901000000000000227e+02 5.800000000000000000e+01 1.434000000000000000e+03
8.317000000000000000e+03 4.545000000000000000e+03 4.100000000000000000e+02 5.139999999999999858e+01 1.391000000000000000e+03
8.269000000000000000e+03 4.129000000000000000e+03 3.681999999999999886e+02 6.010000000000000142e+01 1.322000000000000000e+03
8.308000000000000000e+03 4.568000000000000000e+03 4.011999999999999886e+02 5.920000000000000284e+01 1.395000000000000000e+03
8.301000000000000000e+03 5.051000000000000000e+03 3.753000000000000114e+02 5.950000000000000000e+01 1.464000000000000000e+03
8.310000000000000000e+03 4.921000000000000000e+03 4.043999999999999773e+02 4.850000000000000000e+01 1.463000000000000000e+03
8.282000000000000000e+03 4.828000000000000000e+03 4.708000000000000114e+02 5.389999999999999858e+01 1.465000000000000000e+03
8.234000000000000000e+03 4.540000000000000000e+03 3.483000000000000114e+02 5.679999999999999716e+01 1.434000000000000000e+03
8.326000000000000000e+03 5.103000000000000000e+03 3.506000000000000227e+02 4.920000000000000284e+01 1.449000000000000000e+03
8.331000000000000000e+03 4.586000000000000000e+03 4.306999999999999886e+02 5.600000000000000000e+01 1.432000000000000000e+03
8.372000000000000000e+03 4.842000000000000000e+03 4.755000000000000000e+02 5.400000000000000000e+01 1.396000000000000000e+03
8.440000000000000000e+03 5.106000000000000000e+03 3.671999999999999886e+02 5.489999999999999858e+01 1.401000000000000000e+03
8.269000000000000000e+03 4.771000000000000000e+03 4.218000000000000114e+02 5.400000000000000000e+01 1.446000000000000000e+03
8.294000000000000000e+03 4.616000000000000000e+03 3.401000000000000227e+02 6.279999999999999716e+01 1.432000000000000000e+03
8.361000000000000000e+03 4.807000000000000000e+03 3.301000000000000227e+02 5.220000000000000284e+01 1.416000000000000000e+03
8.363000000000000000e+03 4.929000000000000000e+03 3.353000000000000114e+02 5.520000000000000284e+01 1.387000000000000000e+03
8.311000000000000000e+03 4.403000000000000000e+03 3.275000000000000000e+02 5.329999999999999716e+01 1.433000000000000000e+03
8.332000000000000000e+03 4.711000000000000000e+03 4.046999999999999886e+02 6.500000000000000000e+01 1.406000000000000000e+03
8.334000000000000000e+03 3.941000000000000000e+03 3.795000000000000000e+02 7.790000000000000568e+01 1.293000000000000000e+03
8.307000000000000000e+03 4.186000000000000000e+03 3.358000000000000114e+02 5.520000000000000284e+01 1.379000000000000000e+03
