9.593000000000000000e+03 9.139000000000000000e+03 6.767000000000000455e+02 4.000000000000000000e+00 7.470000000000000000e+02
9.588000000000000000e+03 9.043000000000000000e+03 6.765000000000000000e+02 4.000000000000000000e+00 7.860000000000000000e+02
9.625000000000000000e+03 9.143000000000000000e+03 1.236200000000000045e+03 4.000000000000000000e+00 7.950000000000000000e+02
9.562000000000000000e+03 9.148000000000000000e+03 5.277999999999999545e+02 4.000000000000000000e+00 7.830000000000000000e+02
9.576000000000000000e+03 9.158000000000000000e+03 6.732999999999999545e+02 4.000000000000000000e+00 7.770000000000000000e+02
9.651000000000000000e+03 9.204000000000000000e+03 1.076099999999999909e+03 4.000000000000000000e+00 7.670000000000000000e+02
9.589000000000000000e+03 9.164000000000000000e+03 7.180000000000000000e+02 4.000000000000000000e+00 7.910000000000000000e+02
9.609000000000000000e+03 9.076000000000000000e+03 7.578999999999999773e+02 4.000000000000000000e+00 7.700000000000000000e+02
9.586000000000000000e+03 9.162000000000000000e+03 5.671000000000000227e+02 4.000000000000000000e+00 7.730000000000000000e+02
9.602000000000000000e+03 9.161000000000000000e+03 7.807000000000000455e+02 4.000000000000000000e+00 7.390000000000000000e+02
9.596000000000000000e+03 9.164000000000000000e+03 6.701000000000000227e+02 4.099999999999999645e+00 8.210000000000000000e+02
9.578000000000000000e+03 9.141000000000000000e+03 6.085000000000000000e+02 4.000000000000000000e+00 7.530000000000000000e+02
9.550000000000000000e+03 9.106000000000000000e+03 6.063999999999999773e+02 4.000000000000000000e+00 7.960000000000000000e+02
9.573000000000000000e+03 9.133000000000000000e+03 6.098999999999999773e+02 4.000000000000000000e+00 7.960000000000000000e+02
9.585000000000000000e+03 9.131000000000000000e+03 6.782000000000000455e+02 4.000000000000000000e+00 7.810000000000000000e+02
9.569000000000000000e+03 9.119000000000000000e+03 7.246000000000000227e+02 4.000000000000000000e+00 7.770000000000000000e+02
9.615000000000000000e+03 9.107000000000000000e+03 8.407999999999999545e+02 4.000000000000000000e+00 7.770000000000000000e+02
9.564000000000000000e+03 9.133000000000000000e+03 6.238999999999999773e+02 4.000000000000000000e+00 7.920000000000000000e+02
9.600000000000000000e+03 9.127000000000000000e+03 9.175000000000000000e+02 4.000000000000000000e+00 7.830000000000000000e+02
9.592000000000000000e+03 9.136000000000000000e+03 7.630000000000000000e+02 4.000000000000000000e+00 7.720000000000000000e+02
9.625000000000000000e+03 9.212000000000000000e+03 9.171000000000000227e+02 4.000000000000000000e+00 7.720000000000000000e+02
9.618000000000000000e+03 9.109000000000000000e+03 6.627000000000000455e+02 4.099999999999999645e+00 7.430000000000000000e+02
9.634000000000000000e+03 9.159000000000000000e+03 6.842999999999999545e+02 4.000000000000000000e+00 7.970000000000000000e+02
9.609000000000000000e+03 9.109000000000000000e+03 6.330000000000000000e+02 4.000000000000000000e+00 7.780000000000000000e+02
9.583000000000000000e+03 9.131000000000000000e+03 6.405000000000000000e+02 4.000000000000000000e+00 7.580000000000000000e+02
9.616000000000000000e+03 9.184000000000000000e+03 8.011000000000000227e+02 4.000000000000000000e+00 7.680000000000000000e+02
9.610000000000000000e+03 9.127000000000000000e+03 7.376000000000000227e+02 4.000000000000000000e+00 8.090000000000000000e+02
9.627000000000000000e+03 9.149000000000000000e+03 9.122999999999999545e+02 4.000000000000000000e+00 7.860000000000000000e+02
9.584000000000000000e+03 9.123000000000000000e+03 6.873999999999999773e+02 4.000000000000000000e+00 7.600000000000000000e+02
9.597000000000000000e+03 9.118000000000000000e+03 7.798999999999999773e+02 4.000000000000000000e+00 7.670000000000000000e+02
9.587000000000000000e+03 9.154000000000000000e+03 6.533999999999999773e+02 4.000000000000000000e+00 7.670000000000000000e+02
9.613000000000000000e+03 9.155000000000000000e+03 8.330000000000000000e+02 4.000000000000000000e+00 7.560000000000000000e+02
9.588000000000000000e+03 9.147000000000000000e+03 7.422999999999999545e+02 4.000000000000000000e+00 8.030000000000000000e+02
9.565000000000000000e+03 9.119000000000000000e+03 6.158999999999999773e+02 4.000000000000000000e+00 7.810000000000000000e+02
9.624000000000000000e+03 9.135000000000000000e+03 7.457999999999999545e+02 4.000000000000000000e+00 7.640000000000000000e+02
9.601000000000000000e+03 9.122000000000000000e+03 7.048999999999999773e+02 4.000000000000000000e+00 7.910000000000000000e+02
9.602000000000000000e+03 9.143000000000000000e+03 6.561000000000000227e+02 4.000000000000000000e+00 7.630000000000000000e+02
9.585000000000000000e+03 9.102000000000000000e+03 6.922000000000000455e+02 4.000000000000000000e+00 7.770000000000000000e+02
9.624000000000000000e+03 9.079000000000000000e+03 6.822000000000000455e+02 4.000000000000000000e+00 7.800000000000000000e+02
9.598000000000000000e+03 9.063000000000000000e+03 7.792999999999999545e+02 4.000000000000000000e+00 7.780000000000000000e+02
9.609000000000000000e+03 9.147000000000000000e+03 6.667000000000000455e+02 4.000000000000000000e+00 7.610000000000000000e+02
9.583000000000000000e+03 9.083000000000000000e+03 7.476000000000000227e+02 4.099999999999999645e+00 7.680000000000000000e+02
9.604000000000000000e+03 9.144000000000000000e+03 7.512000000000000455e+02 4.000000000000000000e+00 7.630000000000000000e+02
9.624000000000000000e+03 9.122000000000000000e+03 1.190900000000000091e+03 4.000000000000000000e+00 7.770000000000000000e+02
9.601000000000000000e+03 9.126000000000000000e+03 6.142999999999999545e+02 4.000000000000000000e+00 7.680000000000000000e+02
9.641000000000000000e+03 9.107000000000000000e+03 6.743999999999999773e+02 4.000000000000000000e+00 7.550000000000000000e+02
9.588000000000000000e+03 9.117000000000000000e+03 1.066599999999999909e+03 4.000000000000000000e+00 7.480000000000000000e+02
9.608000000000000000e+03 9.200000000000000000e+03 7.478999999999999773e+02 4.000000000000000000e+00 7.390000000000000000e+02
9.600000000000000000e+03 9.116000000000000000e+03 6.831000000000000227e+02 4.000000000000000000e+00 7.770000000000000000e+02
9.618000000000000000e+03 9.091000000000000000e+03 6.180000000000000000e+02 4.099999999999999645e+00 7.770000000000000000e+02
9.604000000000000000e+03 9.161000000000000000e+03 7.777999999999999545e+02 4.000000000000000000e+00 7.340000000000000000e+02
9.608000000000000000e+03 9.152000000000000000e+03 6.796000000000000227e+02 4.000000000000000000e+00 7.580000000000000000e+02
9.555000000000000000e+03 9.132000000000000000e+03 6.435000000000000000e+02 4.000000000000000000e+00 8.010000000000000000e+02
9.596000000000000000e+03 9.172000000000000000e+03 7.100000000000000000e+02 4.000000000000000000e+00 7.970000000000000000e+02
9.605000000000000000e+03 9.143000000000000000e+03 6.877000000000000455e+02 4.000000000000000000e+00 7.630000000000000000e+02
9.588000000000000000e+03 9.171000000000000000e+03 7.073999999999999773e+02 4.000000000000000000e+00 7.440000000000000000e+02
9.615000000000000000e+03 9.036000000000000000e+03 7.688999999999999773e+02 4.299999999999999822e+00 7.830000000000000000e+02
9.576000000000000000e+03 9.150000000000000000e+03 5.365000000000000000e+02 4.000000000000000000e+00 7.590000000000000000e+02
9.642000000000000000e+03 9.160000000000000000e+03 8.277000000000000455e+02 4.000000000000000000e+00 7.580000000000000000e+02
9.621000000000000000e+03 9.144000000000000000e+03 7.016000000000000227e+02 4.000000000000000000e+00 7.670000000000000000e+02
9.607000000000000000e+03 9.129000000000000000e+03 8.250000000000000000e+02 4.000000000000000000e+00 7.870000000000000000e+02
9.571000000000000000e+03 9.129000000000000000e+03 7.307000000000000455e+02 4.000000000000000000e+00 7.810000000000000000e+02
9.612000000000000000e+03 9.166000000000000000e+03 8.290000000000000000e+02 4.000000000000000000e+00 7.660000000000000000e+02
9.575000000000000000e+03 9.089000000000000000e+03 8.292000000000000455e+02 4.000000000000000000e+00 7.650000000000000000e+02
9.572000000000000000e+03 9.111000000000000000e+03 7.438999999999999773e+02 4.000000000000000000e+00 7.880000000000000000e+02
9.620000000000000000e+03 9.140000000000000000e+03 6.632000000000000455e+02 4.000000000000000000e+00 7.930000000000000000e+02
9.589000000000000000e+03 9.072000000000000000e+03 5.916000000000000227e+02 3.700000000000000178e+00 7.990000000000000000e+02
9.591000000000000000e+03 9.145000000000000000e+03 8.732999999999999545e+02 4.000000000000000000e+00 7.530000000000000000e+02
9.576000000000000000e+03 9.118000000000000000e+03 6.027999999999999545e+02 4.000000000000000000e+00 7.870000000000000000e+02
9.616000000000000000e+03 9.144000000000000000e+03 7.015000000000000000e+02 4.000000000000000000e+00 7.560000000000000000e+02
9.573000000000000000e+03 9.122000000000000000e+03 6.730000000000000000e+02 4.000000000000000000e+00 7.550000000000000000e+02
9.626000000000000000e+03 9.131000000000000000e+03 9.042999999999999545e+02 4.000000000000000000e+00 7.430000000000000000e+02
9.604000000000000000e+03 9.184000000000000000e+03 7.110000000000000000e+02 4.000000000000000000e+00 7.750000000000000000e+02
9.641000000000000000e+03 9.155000000000000000e+03 8.153999999999999773e+02 4.000000000000000000e+00 7.640000000000000000e+02
9.593000000000000000e+03 9.135000000000000000e+03 9.011000000000000227e+02 4.000000000000000000e+00 7.680000000000000000e+02
9.620000000000000000e+03 9.059000000000000000e+03 7.475000000000000000e+02 4.000000000000000000e+00 7.650000000000000000e+02
9.588000000000000000e+03 9.150000000000000000e+03 5.717999999999999545e+02 4.000000000000000000e+00 7.700000000000000000e+02
9.596000000000000000e+03 9.157000000000000000e+03 7.567000000000000455e+02 4.000000000000000000e+00 7.750000000000000000e+02
9.620000000000000000e+03 9.158000000000000000e+03 1.057299999999999955e+03 4.000000000000000000e+00 7.690000000000000000e+02
9.592000000000000000e+03 9.136000000000000000e+03 9.381000000000000227e+02 4.000000000000000000e+00 7.700000000000000000e+02
9.565000000000000000e+03 9.139000000000000000e+03 6.911000000000000227e+02 4.000000000000000000e+00 7.610000000000000000e+02
9.584000000000000000e+03 9.166000000000000000e+03 5.973999999999999773e+02 4.000000000000000000e+00 7.830000000000000000e+02
9.626000000000000000e+03 9.133000000000000000e+03 9.268999999999999773e+02 4.000000000000000000e+00 7.220000000000000000e+02
9.676000000000000000e+03 9.088000000000000000e+03 8.318999999999999773e+02 4.000000000000000000e+00 7.540000000000000000e+02
9.622000000000000000e+03 9.093000000000000000e+03 8.978999999999999773e+02 4.000000000000000000e+00 7.700000000000000000e+02
9.614000000000000000e+03 9.164000000000000000e+03 1.165099999999999909e+03 4.000000000000000000e+00 7.440000000000000000e+02
9.628000000000000000e+03 9.104000000000000000e+03 8.340000000000000000e+02 4.099999999999999645e+00 7.880000000000000000e+02
9.630000000000000000e+03 9.098000000000000000e+03 7.723999999999999773e+02 4.000000000000000000e+00 7.460000000000000000e+02
9.604000000000000000e+03 9.138000000000000000e+03 6.437999999999999545e+02 4.099999999999999645e+00 7.590000000000000000e+02
9.563000000000000000e+03 9.059000000000000000e+03 5.953999999999999773e+02 4.000000000000000000e+00 7.590000000000000000e+02
9.613000000000000000e+03 9.141000000000000000e+03 7.986000000000000227e+02 4.000000000000000000e+00 7.640000000000000000e+02
9.578000000000000000e+03 9.137000000000000000e+03 7.837000000000000455e+02 4.000000000000000000e+00 7.710000000000000000e+02
9.588000000000000000e+03 9.151000000000000000e+03 9.813999999999999773e+02 4.000000000000000000e+00 8.050000000000000000e+02
9.588000000000000000e+03 9.062000000000000000e+03 7.312999999999999545e+02 4.299999999999999822e+00 7.670000000000000000e+02
9.600000000000000000e+03 9.114000000000000000e+03 7.598999999999999773e+02 4.000000000000000000e+00 7.650000000000000000e+02
9.593000000000000000e+03 9.150000000000000000e+03 9.128999999999999773e+02 4.000000000000000000e+00 7.630000000000000000e+02
9.581000000000000000e+03 9.202000000000000000e+03 7.386000000000000227e+02 4.000000000000000000e+00 7.820000000000000000e+02
9.633000000000000000e+03 9.122000000000000000e+03 9.232000000000000455e+02 4.000000000000000000e+00 7.450000000000000000e+02
9.609000000000000000e+03 9.141000000000000000e+03 8.221000000000000227e+02 4.000000000000000000e+00 7.200000000000000000e+02
9.612000000000000000e+03 9.159000000000000000e+03 6.756000000000000227e+02 4.000000000000000000e+00 7.330000000000000000e+02
9.621000000000000000e+03 9.133000000000000000e+03 9.522000000000000455e+02 4.000000000000000000e+00 7.810000000000000000e+02
9.598000000000000000e+03 9.069000000000000000e+03 7.922000000000000455e+02 4.000000000000000000e+00 7.760000000000000000e+02
9.569000000000000000e+03 9.078000000000000000e+03 6.107000000000000455e+02 4.000000000000000000e+00 8.130000000000000000e+02
9.625000000000000000e+03 9.200000000000000000e+03 8.411000000000000227e+02 4.000000000000000000e+00 7.330000000000000000e+02
9.597000000000000000e+03 9.132000000000000000e+03 6.200000000000000000e+02 4.000000000000000000e+00 8.270000000000000000e+02
9.617000000000000000e+03 9.128000000000000000e+03 7.457999999999999545e+02 4.000000000000000000e+00 8.320000000000000000e+02
9.607000000000000000e+03 9.127000000000000000e+03 7.203999999999999773e+02 4.000000000000000000e+00 7.850000000000000000e+02
9.592000000000000000e+03 9.197000000000000000e+03 5.662000000000000455e+02 4.000000000000000000e+00 7.760000000000000000e+02
9.615000000000000000e+03 9.103000000000000000e+03 7.215000000000000000e+02 4.000000000000000000e+00 8.010000000000000000e+02
9.587000000000000000e+03 9.091000000000000000e+03 1.002899999999999977e+03 4.000000000000000000e+00 8.040000000000000000e+02
9.617000000000000000e+03 9.158000000000000000e+03 7.801000000000000227e+02 4.000000000000000000e+00 7.590000000000000000e+02
9.566000000000000000e+03 9.156000000000000000e+03 7.045000000000000000e+02 4.000000000000000000e+00 7.550000000000000000e+02
9.609000000000000000e+03 9.121000000000000000e+03 6.143999999999999773e+02 4.000000000000000000e+00 7.820000000000000000e+02
9.612000000000000000e+03 9.125000000000000000e+03 6.207999999999999545e+02 4.000000000000000000e+00 7.700000000000000000e+02
9.638000000000000000e+03 9.151000000000000000e+03 8.658999999999999773e+02 4.000000000000000000e+00 8.080000000000000000e+02
9.607000000000000000e+03 9.087000000000000000e+03 9.450000000000000000e+02 4.000000000000000000e+00 7.740000000000000000e+02
9.587000000000000000e+03 9.141000000000000000e+03 6.777000000000000455e+02 4.000000000000000000e+00 7.790000000000000000e+02
9.621000000000000000e+03 9.185000000000000000e+03 7.267999999999999545e+02 4.000000000000000000e+00 7.430000000000000000e+02
9.597000000000000000e+03 9.071000000000000000e+03 1.193200000000000045e+03 4.000000000000000000e+00 7.820000000000000000e+02
9.627000000000000000e+03 9.136000000000000000e+03 8.212999999999999545e+02 4.000000000000000000e+00 7.970000000000000000e+02
9.577000000000000000e+03 9.135000000000000000e+03 6.411000000000000227e+02 4.000000000000000000e+00 7.860000000000000000e+02
9.639000000000000000e+03 9.185000000000000000e+03 8.108999999999999773e+02 4.000000000000000000e+00 7.810000000000000000e+02
9.599000000000000000e+03 9.111000000000000000e+03 6.352000000000000455e+02 4.000000000000000000e+00 8.390000000000000000e+02
9.637000000000000000e+03 9.164000000000000000e+03 9.300000000000000000e+02 4.000000000000000000e+00 7.650000000000000000e+02
9.646000000000000000e+03 9.147000000000000000e+03 8.073999999999999773e+02 4.000000000000000000e+00 7.620000000000000000e+02
9.600000000000000000e+03 9.110000000000000000e+03 7.712000000000000455e+02 4.000000000000000000e+00 8.160000000000000000e+02
9.590000000000000000e+03 9.094000000000000000e+03 7.562000000000000455e+02 4.000000000000000000e+00 7.810000000000000000e+02
9.628000000000000000e+03 9.156000000000000000e+03 9.895000000000000000e+02 4.400000000000000355e+00 7.500000000000000000e+02
9.612000000000000000e+03 9.141000000000000000e+03 6.976000000000000227e+02 4.000000000000000000e+00 7.610000000000000000e+02
9.619000000000000000e+03 9.145000000000000000e+03 1.007399999999999977e+03 4.000000000000000000e+00 7.810000000000000000e+02
9.546000000000000000e+03 9.142000000000000000e+03 7.032999999999999545e+02 4.000000000000000000e+00 7.930000000000000000e+02
9.587000000000000000e+03 9.059000000000000000e+03 7.680000000000000000e+02 4.000000000000000000e+00 7.500000000000000000e+02
9.620000000000000000e+03 9.081000000000000000e+03 7.826000000000000227e+02 4.000000000000000000e+00 8.090000000000000000e+02
9.607000000000000000e+03 9.095000000000000000e+03 8.482000000000000455e+02 4.000000000000000000e+00 8.070000000000000000e+02
9.616000000000000000e+03 9.162000000000000000e+03 1.054799999999999955e+03 4.000000000000000000e+00 7.950000000000000000e+02
9.620000000000000000e+03 9.138000000000000000e+03 7.487999999999999545e+02 4.000000000000000000e+00 7.480000000000000000e+02
9.617000000000000000e+03 9.132000000000000000e+03 6.618999999999999773e+02 4.000000000000000000e+00 7.980000000000000000e+02
9.580000000000000000e+03 9.130000000000000000e+03 6.536000000000000227e+02 4.000000000000000000e+00 7.640000000000000000e+02
9.600000000000000000e+03 9.152000000000000000e+03 6.842999999999999545e+02 4.000000000000000000e+00 7.750000000000000000e+02
9.592000000000000000e+03 9.120000000000000000e+03 9.832999999999999545e+02 4.000000000000000000e+00 7.720000000000000000e+02
9.600000000000000000e+03 9.148000000000000000e+03 6.217999999999999545e+02 4.000000000000000000e+00 7.540000000000000000e+02
9.622000000000000000e+03 9.111000000000000000e+03 1.043099999999999909e+03 4.299999999999999822e+00 7.400000000000000000e+02
9.593000000000000000e+03 9.081000000000000000e+03 7.016000000000000227e+02 4.000000000000000000e+00 7.510000000000000000e+02
9.635000000000000000e+03 9.069000000000000000e+03 8.892999999999999545e+02 4.000000000000000000e+00 8.010000000000000000e+02
9.620000000000000000e+03 9.115000000000000000e+03 8.130000000000000000e+02 4.000000000000000000e+00 7.770000000000000000e+02
9.584000000000000000e+03 9.153000000000000000e+03 7.543999999999999773e+02 4.000000000000000000e+00 7.580000000000000000e+02
9.596000000000000000e+03 9.060000000000000000e+03 7.028999999999999773e+02 4.000000000000000000e+00 7.880000000000000000e+02
9.604000000000000000e+03 9.119000000000000000e+03 7.070000000000000000e+02 4.000000000000000000e+00 7.670000000000000000e+02
9.599000000000000000e+03 9.035000000000000000e+03 6.381000000000000227e+02 4.000000000000000000e+00 7.900000000000000000e+02
9.578000000000000000e+03 9.089000000000000000e+03 6.991000000000000227e+02 4.000000000000000000e+00 7.490000000000000000e+02
9.603000000000000000e+03 9.145000000000000000e+03 7.013999999999999773e+02 4.000000000000000000e+00 7.910000000000000000e+02
9.573000000000000000e+03 9.074000000000000000e+03 7.595000000000000000e+02 4.000000000000000000e+00 7.990000000000000000e+02
9.593000000000000000e+03 9.124000000000000000e+03 1.005899999999999977e+03 4.000000000000000000e+00 7.930000000000000000e+02
9.617000000000000000e+03 9.127000000000000000e+03 9.055000000000000000e+02 4.000000000000000000e+00 7.400000000000000000e+02
9.573000000000000000e+03 9.082000000000000000e+03 6.548999999999999773e+02 4.000000000000000000e+00 7.870000000000000000e+02
9.599000000000000000e+03 9.083000000000000000e+03 8.287000000000000455e+02 4.000000000000000000e+00 8.120000000000000000e+02
9.591000000000000000e+03 9.173000000000000000e+03 6.468999999999999773e+02 4.000000000000000000e+00 7.830000000000000000e+02
9.577000000000000000e+03 9.156000000000000000e+03 6.602999999999999545e+02 4.000000000000000000e+00 7.250000000000000000e+02
9.589000000000000000e+03 9.154000000000000000e+03 8.601000000000000227e+02 4.000000000000000000e+00 7.680000000000000000e+02
9.602000000000000000e+03 9.115000000000000000e+03 7.878999999999999773e+02 4.000000000000000000e+00 7.620000000000000000e+02
9.628000000000000000e+03 9.080000000000000000e+03 1.054000000000000000e+03 4.000000000000000000e+00 7.740000000000000000e+02
9.612000000000000000e+03 9.098000000000000000e+03 8.532000000000000455e+02 4.000000000000000000e+00 7.640000000000000000e+02
9.578000000000000000e+03 9.097000000000000000e+03 6.062000000000000455e+02 4.000000000000000000e+00 7.610000000000000000e+02
9.589000000000000000e+03 9.133000000000000000e+03 7.326000000000000227e+02 4.000000000000000000e+00 7.840000000000000000e+02
9.632000000000000000e+03 9.098000000000000000e+03 8.262999999999999545e+02 4.000000000000000000e+00 7.700000000000000000e+02
9.623000000000000000e+03 9.128000000000000000e+03 8.732999999999999545e+02 4.000000000000000000e+00 8.070000000000000000e+02
9.553000000000000000e+03 9.132000000000000000e+03 5.642000000000000455e+02 4.000000000000000000e+00 8.030000000000000000e+02
9.621000000000000000e+03 9.107000000000000000e+03 7.017000000000000455e+02 4.000000000000000000e+00 7.920000000000000000e+02
9.572000000000000000e+03 9.177000000000000000e+03 6.242999999999999545e+02 4.000000000000000000e+00 7.970000000000000000e+02
9.584000000000000000e+03 9.110000000000000000e+03 7.463999999999999773e+02 4.000000000000000000e+00 7.730000000000000000e+02
9.580000000000000000e+03 9.140000000000000000e+03 6.181000000000000227e+02 4.200000000000000178e+00 7.460000000000000000e+02
9.624000000000000000e+03 9.167000000000000000e+03 9.051000000000000227e+02 4.000000000000000000e+00 7.730000000000000000e+02
9.597000000000000000e+03 9.116000000000000000e+03 5.882999999999999545e+02 4.000000000000000000e+00 7.700000000000000000e+02
9.580000000000000000e+03 9.080000000000000000e+03 6.057000000000000455e+02 4.000000000000000000e+00 7.870000000000000000e+02
9.610000000000000000e+03 9.135000000000000000e+03 9.050000000000000000e+02 4.000000000000000000e+00 7.960000000000000000e+02
9.595000000000000000e+03 9.114000000000000000e+03 9.796000000000000227e+02 4.000000000000000000e+00 7.830000000000000000e+02
9.580000000000000000e+03 9.102000000000000000e+03 8.618999999999999773e+02 4.000000000000000000e+00 7.800000000000000000e+02
9.596000000000000000e+03 9.123000000000000000e+03 6.068999999999999773e+02 4.099999999999999645e+00 7.990000000000000000e+02
9.589000000000000000e+03 9.078000000000000000e+03 6.783999999999999773e+02 4.000000000000000000e+00 7.790000000000000000e+02
9.589000000000000000e+03 9.158000000000000000e+03 7.218999999999999773e+02 4.000000000000000000e+00 7.460000000000000000e+02
9.609000000000000000e+03 9.159000000000000000e+03 7.767999999999999545e+02 4.000000000000000000e+00 7.900000000000000000e+02
9.600000000000000000e+03 9.104000000000000000e+03 1.059900000000000091e+03 4.000000000000000000e+00 7.780000000000000000e+02
9.614000000000000000e+03 9.084000000000000000e+03 1.011299999999999955e+03 4.000000000000000000e+00 7.730000000000000000e+02
9.572000000000000000e+03 9.135000000000000000e+03 6.785000000000000000e+02 4.000000000000000000e+00 7.410000000000000000e+02
9.558000000000000000e+03 9.161000000000000000e+03 6.107000000000000455e+02 4.000000000000000000e+00 7.750000000000000000e+02
9.634000000000000000e+03 9.147000000000000000e+03 9.207000000000000455e+02 4.000000000000000000e+00 7.810000000000000000e+02
9.601000000000000000e+03 9.101000000000000000e+03 7.700000000000000000e+02 4.000000000000000000e+00 8.090000000000000000e+02
9.592000000000000000e+03 9.083000000000000000e+03 8.192000000000000455e+02 4.000000000000000000e+00 7.920000000000000000e+02
9.597000000000000000e+03 9.108000000000000000e+03 6.700000000000000000e+02 4.000000000000000000e+00 7.730000000000000000e+02
9.597000000000000000e+03 9.130000000000000000e+03 6.548999999999999773e+02 4.000000000000000000e+00 7.740000000000000000e+02
9.605000000000000000e+03 9.130000000000000000e+03 8.123999999999999773e+02 4.000000000000000000e+00 7.600000000000000000e+02
9.586000000000000000e+03 9.147000000000000000e+03 6.297000000000000455e+02 4.000000000000000000e+00 7.580000000000000000e+02
9.576000000000000000e+03 9.133000000000000000e+03 5.927000000000000455e+02 4.000000000000000000e+00 7.830000000000000000e+02
9.581000000000000000e+03 9.028000000000000000e+03 7.211000000000000227e+02 4.000000000000000000e+00 7.850000000000000000e+02
9.584000000000000000e+03 9.131000000000000000e+03 6.132999999999999545e+02 4.000000000000000000e+00 7.730000000000000000e+02
9.616000000000000000e+03 9.130000000000000000e+03 8.463999999999999773e+02 4.000000000000000000e+00 7.900000000000000000e+02
9.614000000000000000e+03 9.083000000000000000e+03 1.074299999999999955e+03 4.000000000000000000e+00 7.610000000000000000e+02
9.626000000000000000e+03 9.169000000000000000e+03 1.098500000000000000e+03 4.000000000000000000e+00 7.790000000000000000e+02
9.606000000000000000e+03 9.088000000000000000e+03 8.637000000000000455e+02 4.000000000000000000e+00 7.950000000000000000e+02
9.644000000000000000e+03 9.115000000000000000e+03 7.656000000000000227e+02 4.000000000000000000e+00 7.550000000000000000e+02
9.581000000000000000e+03 9.148000000000000000e+03 6.187999999999999545e+02 4.000000000000000000e+00 7.520000000000000000e+02
9.558000000000000000e+03 9.146000000000000000e+03 6.697000000000000455e+02 4.000000000000000000e+00 7.400000000000000000e+02
9.605000000000000000e+03 9.152000000000000000e+03 7.175000000000000000e+02 4.000000000000000000e+00 7.910000000000000000e+02
9.590000000000000000e+03 9.111000000000000000e+03 7.946000000000000227e+02 4.000000000000000000e+00 7.420000000000000000e+02
9.586000000000000000e+03 9.105000000000000000e+03 6.633999999999999773e+02 4.000000000000000000e+00 7.580000000000000000e+02
9.607000000000000000e+03 9.134000000000000000e+03 6.792000000000000455e+02 4.000000000000000000e+00 7.600000000000000000e+02
9.611000000000000000e+03 9.078000000000000000e+03 8.758999999999999773e+02 4.000000000000000000e+00 7.600000000000000000e+02
9.639000000000000000e+03 9.103000000000000000e+03 8.621000000000000227e+02 4.000000000000000000e+00 7.650000000000000000e+02
9.603000000000000000e+03 9.032000000000000000e+03 8.792999999999999545e+02 4.000000000000000000e+00 7.880000000000000000e+02
9.582000000000000000e+03 9.120000000000000000e+03 7.297999999999999545e+02 4.200000000000000178e+00 7.710000000000000000e+02
9.605000000000000000e+03 9.143000000000000000e+03 8.903999999999999773e+02 4.000000000000000000e+00 7.880000000000000000e+02
9.631000000000000000e+03 9.109000000000000000e+03 7.987000000000000455e+02 4.000000000000000000e+00 7.720000000000000000e+02
9.582000000000000000e+03 9.126000000000000000e+03 5.431000000000000227e+02 4.000000000000000000e+00 7.770000000000000000e+02
9.600000000000000000e+03 9.110000000000000000e+03 7.980000000000000000e+02 4.000000000000000000e+00 7.850000000000000000e+02
9.551000000000000000e+03 9.142000000000000000e+03 6.122000000000000455e+02 4.000000000000000000e+00 8.020000000000000000e+02
9.567000000000000000e+03 9.115000000000000000e+03 6.167000000000000455e+02 4.000000000000000000e+00 7.620000000000000000e+02
9.605000000000000000e+03 9.114000000000000000e+03 6.663999999999999773e+02 4.000000000000000000e+00 7.570000000000000000e+02
9.611000000000000000e+03 9.154000000000000000e+03 9.882000000000000455e+02 4.000000000000000000e+00 7.860000000000000000e+02
9.565000000000000000e+03 9.145000000000000000e+03 8.017000000000000455e+02 4.000000000000000000e+00 7.870000000000000000e+02
9.572000000000000000e+03 9.158000000000000000e+03 7.071000000000000227e+02 4.000000000000000000e+00 7.850000000000000000e+02
9.604000000000000000e+03 9.143000000000000000e+03 7.377000000000000455e+02 4.000000000000000000e+00 7.860000000000000000e+02
9.619000000000000000e+03 9.133000000000000000e+03 7.213999999999999773e+02 4.000000000000000000e+00 7.720000000000000000e+02
9.567000000000000000e+03 9.181000000000000000e+03 6.095000000000000000e+02 4.000000000000000000e+00 7.940000000000000000e+02
9.597000000000000000e+03 9.145000000000000000e+03 9.637000000000000455e+02 4.000000000000000000e+00 7.600000000000000000e+02
9.599000000000000000e+03 9.104000000000000000e+03 5.911000000000000227e+02 4.000000000000000000e+00 7.780000000000000000e+02
9.604000000000000000e+03 9.115000000000000000e+03 7.328999999999999773e+02 4.000000000000000000e+00 7.760000000000000000e+02
9.572000000000000000e+03 9.075000000000000000e+03 6.975000000000000000e+02 4.000000000000000000e+00 7.930000000000000000e+02
9.595000000000000000e+03 9.162000000000000000e+03 8.616000000000000227e+02 4.000000000000000000e+00 7.710000000000000000e+02
9.611000000000000000e+03 9.108000000000000000e+03 7.647999999999999545e+02 4.000000000000000000e+00 7.470000000000000000e+02
9.620000000000000000e+03 9.167000000000000000e+03 8.546000000000000227e+02 4.000000000000000000e+00 7.790000000000000000e+02
9.622000000000000000e+03 9.129000000000000000e+03 6.707999999999999545e+02 4.000000000000000000e+00 7.870000000000000000e+02
9.615000000000000000e+03 9.141000000000000000e+03 6.086000000000000227e+02 4.000000000000000000e+00 7.810000000000000000e+02
9.581000000000000000e+03 9.164000000000000000e+03 7.340000000000000000e+02 4.099999999999999645e+00 7.690000000000000000e+02
9.584000000000000000e+03 9.100000000000000000e+03 5.661000000000000227e+02 4.000000000000000000e+00 7.740000000000000000e+02
9.607000000000000000e+03 9.093000000000000000e+03 6.343999999999999773e+02 4.000000000000000000e+00 7.680000000000000000e+02
9.642000000000000000e+03 9.051000000000000000e+03 6.977000000000000455e+02 4.000000000000000000e+00 7.670000000000000000e+02
9.625000000000000000e+03 9.156000000000000000e+03 9.313999999999999773e+02 4.000000000000000000e+00 7.890000000000000000e+02
9.586000000000000000e+03 9.132000000000000000e+03 6.442000000000000455e+02 4.000000000000000000e+00 7.540000000000000000e+02
9.620000000000000000e+03 9.165000000000000000e+03 6.887000000000000455e+02 4.000000000000000000e+00 7.610000000000000000e+02
9.596000000000000000e+03 9.091000000000000000e+03 5.846000000000000227e+02 4.099999999999999645e+00 8.130000000000000000e+02
9.592000000000000000e+03 9.142000000000000000e+03 8.527000000000000455e+02 4.000000000000000000e+00 7.580000000000000000e+02
9.609000000000000000e+03 9.073000000000000000e+03 8.417999999999999545e+02 4.000000000000000000e+00 7.670000000000000000e+02
9.626000000000000000e+03 9.112000000000000000e+03 8.433999999999999773e+02 4.000000000000000000e+00 7.920000000000000000e+02
9.590000000000000000e+03 9.178000000000000000e+03 7.377000000000000455e+02 4.000000000000000000e+00 7.610000000000000000e+02
9.603000000000000000e+03 9.169000000000000000e+03 8.056000000000000227e+02 4.000000000000000000e+00 7.690000000000000000e+02
9.595000000000000000e+03 9.180000000000000000e+03 9.435000000000000000e+02 4.000000000000000000e+00 7.660000000000000000e+02
9.589000000000000000e+03 9.059000000000000000e+03 9.111000000000000227e+02 4.000000000000000000e+00 7.720000000000000000e+02
9.595000000000000000e+03 9.159000000000000000e+03 7.987000000000000455e+02 4.000000000000000000e+00 7.490000000000000000e+02
9.563000000000000000e+03 9.085000000000000000e+03 6.672000000000000455e+02 4.000000000000000000e+00 7.830000000000000000e+02
9.601000000000000000e+03 9.120000000000000000e+03 7.517000000000000455e+02 4.099999999999999645e+00 7.620000000000000000e+02
