9.394000000000000000e+03 9.081000000000000000e+03 6.135000000000000000e+02 1.000000000000000000e+01 6.800000000000000000e+01
9.413000000000000000e+03 9.042000000000000000e+03 5.906000000000000227e+02 1.000000000000000000e+01 6.500000000000000000e+01
9.400000000000000000e+03 8.975000000000000000e+03 6.550000000000000000e+02 1.050000000000000000e+01 6.300000000000000000e+01
9.396000000000000000e+03 9.067000000000000000e+03 6.325000000000000000e+02 1.019999999999999929e+01 7.500000000000000000e+01
9.386000000000000000e+03 9.055000000000000000e+03 5.595000000000000000e+02 1.000000000000000000e+01 6.200000000000000000e+01
9.388000000000000000e+03 8.986000000000000000e+03 6.153999999999999773e+02 1.000000000000000000e+01 6.900000000000000000e+01
9.394000000000000000e+03 9.004000000000000000e+03 7.177999999999999545e+02 9.599999999999999645e+00 7.500000000000000000e+01
9.358000000000000000e+03 9.034000000000000000e+03 7.570000000000000000e+02 1.019999999999999929e+01 6.700000000000000000e+01
9.381000000000000000e+03 9.033000000000000000e+03 7.875000000000000000e+02 1.000000000000000000e+01 6.500000000000000000e+01
9.384000000000000000e+03 9.087000000000000000e+03 7.496000000000000227e+02 1.000000000000000000e+01 6.300000000000000000e+01
9.339000000000000000e+03 9.019000000000000000e+03 7.035000000000000000e+02 9.300000000000000711e+00 6.600000000000000000e+01
9.409000000000000000e+03 9.012000000000000000e+03 6.032000000000000455e+02 1.059999999999999964e+01 6.500000000000000000e+01
9.405000000000000000e+03 9.029000000000000000e+03 6.460000000000000000e+02 9.599999999999999645e+00 6.500000000000000000e+01
9.391000000000000000e+03 9.019000000000000000e+03 6.468999999999999773e+02 1.000000000000000000e+01 6.600000000000000000e+01
9.408000000000000000e+03 8.978000000000000000e+03 8.652999999999999545e+02 1.000000000000000000e+01 7.700000000000000000e+01
9.398000000000000000e+03 9.071000000000000000e+03 7.018999999999999773e+02 1.080000000000000071e+01 6.400000000000000000e+01
9.416000000000000000e+03 9.043000000000000000e+03 6.768999999999999773e+02 1.000000000000000000e+01 6.200000000000000000e+01
9.422000000000000000e+03 9.056000000000000000e+03 6.762999999999999545e+02 9.500000000000000000e+00 6.400000000000000000e+01
9.372000000000000000e+03 8.996000000000000000e+03 8.063999999999999773e+02 9.400000000000000355e+00 6.500000000000000000e+01
9.369000000000000000e+03 9.033000000000000000e+03 6.526000000000000227e+02 1.040000000000000036e+01 7.000000000000000000e+01
9.378000000000000000e+03 9.041000000000000000e+03 6.667000000000000455e+02 1.009999999999999964e+01 7.000000000000000000e+01
9.386000000000000000e+03 9.016000000000000000e+03 6.383999999999999773e+02 1.009999999999999964e+01 6.600000000000000000e+01
9.403000000000000000e+03 8.996000000000000000e+03 7.732000000000000455e+02 1.000000000000000000e+01 6.400000000000000000e+01
9.420000000000000000e+03 9.022000000000000000e+03 5.962999999999999545e+02 1.069999999999999929e+01 6.000000000000000000e+01
9.402000000000000000e+03 9.048000000000000000e+03 6.591000000000000227e+02 1.019999999999999929e+01 7.300000000000000000e+01
9.409000000000000000e+03 9.006000000000000000e+03 6.341000000000000227e+02 1.100000000000000000e+01 6.900000000000000000e+01
9.410000000000000000e+03 9.056000000000000000e+03 6.711000000000000227e+02 1.040000000000000036e+01 6.800000000000000000e+01
9.402000000000000000e+03 9.051000000000000000e+03 6.752999999999999545e+02 9.500000000000000000e+00 6.500000000000000000e+01
9.374000000000000000e+03 9.041000000000000000e+03 6.328999999999999773e+02 1.000000000000000000e+01 6.900000000000000000e+01
9.355000000000000000e+03 9.023000000000000000e+03 8.517999999999999545e+02 1.009999999999999964e+01 6.500000000000000000e+01
9.422000000000000000e+03 9.030000000000000000e+03 7.482000000000000455e+02 1.000000000000000000e+01 6.400000000000000000e+01
9.384000000000000000e+03 9.044000000000000000e+03 9.123999999999999773e+02 1.000000000000000000e+01 6.800000000000000000e+01
9.379000000000000000e+03 9.064000000000000000e+03 8.175000000000000000e+02 1.000000000000000000e+01 7.000000000000000000e+01
9.406000000000000000e+03 9.039000000000000000e+03 6.262000000000000455e+02 1.000000000000000000e+01 6.700000000000000000e+01
9.395000000000000000e+03 9.005000000000000000e+03 7.232999999999999545e+02 1.030000000000000071e+01 6.600000000000000000e+01
9.352000000000000000e+03 9.020000000000000000e+03 8.187999999999999545e+02 1.019999999999999929e+01 6.200000000000000000e+01
9.400000000000000000e+03 9.095000000000000000e+03 7.625000000000000000e+02 9.599999999999999645e+00 7.200000000000000000e+01
9.367000000000000000e+03 9.052000000000000000e+03 5.482999999999999545e+02 1.000000000000000000e+01 6.100000000000000000e+01
9.389000000000000000e+03 9.063000000000000000e+03 6.912000000000000455e+02 1.009999999999999964e+01 6.200000000000000000e+01
9.381000000000000000e+03 9.050000000000000000e+03 7.018999999999999773e+02 1.040000000000000036e+01 7.200000000000000000e+01
9.417000000000000000e+03 9.076000000000000000e+03 8.732999999999999545e+02 1.009999999999999964e+01 6.300000000000000000e+01
9.371000000000000000e+03 9.031000000000000000e+03 8.146000000000000227e+02 1.119999999999999929e+01 6.000000000000000000e+01
9.385000000000000000e+03 9.061000000000000000e+03 8.256000000000000227e+02 1.009999999999999964e+01 7.600000000000000000e+01
9.371000000000000000e+03 9.006000000000000000e+03 5.900000000000000000e+02 1.059999999999999964e+01 6.200000000000000000e+01
9.404000000000000000e+03 9.023000000000000000e+03 7.743999999999999773e+02 1.000000000000000000e+01 6.800000000000000000e+01
9.387000000000000000e+03 8.998000000000000000e+03 5.637999999999999545e+02 1.100000000000000000e+01 6.700000000000000000e+01
9.414000000000000000e+03 9.096000000000000000e+03 6.255000000000000000e+02 1.000000000000000000e+01 7.100000000000000000e+01
9.407000000000000000e+03 9.015000000000000000e+03 6.121000000000000227e+02 1.080000000000000071e+01 6.300000000000000000e+01
9.388000000000000000e+03 9.084000000000000000e+03 6.931000000000000227e+02 1.050000000000000000e+01 6.500000000000000000e+01
9.377000000000000000e+03 9.031000000000000000e+03 6.072999999999999545e+02 1.040000000000000036e+01 7.300000000000000000e+01
9.355000000000000000e+03 9.027000000000000000e+03 6.841000000000000227e+02 1.000000000000000000e+01 6.500000000000000000e+01
9.399000000000000000e+03 9.054000000000000000e+03 6.996000000000000227e+02 1.009999999999999964e+01 7.000000000000000000e+01
9.421000000000000000e+03 9.118000000000000000e+03 6.047999999999999545e+02 1.009999999999999964e+01 6.400000000000000000e+01
9.409000000000000000e+03 9.094000000000000000e+03 5.872999999999999545e+02 9.400000000000000355e+00 7.100000000000000000e+01
9.371000000000000000e+03 9.074000000000000000e+03 6.246000000000000227e+02 1.030000000000000071e+01 6.400000000000000000e+01
9.411000000000000000e+03 9.018000000000000000e+03 6.426000000000000227e+02 1.050000000000000000e+01 5.900000000000000000e+01
9.402000000000000000e+03 9.037000000000000000e+03 7.753999999999999773e+02 1.009999999999999964e+01 6.200000000000000000e+01
9.385000000000000000e+03 9.037000000000000000e+03 7.157000000000000455e+02 1.000000000000000000e+01 6.500000000000000000e+01
9.439000000000000000e+03 9.028000000000000000e+03 5.937999999999999545e+02 1.000000000000000000e+01 6.800000000000000000e+01
9.405000000000000000e+03 9.047000000000000000e+03 8.977000000000000455e+02 1.000000000000000000e+01 6.800000000000000000e+01
9.391000000000000000e+03 8.978000000000000000e+03 8.816000000000000227e+02 1.019999999999999929e+01 7.200000000000000000e+01
9.340000000000000000e+03 9.065000000000000000e+03 6.387000000000000455e+02 1.000000000000000000e+01 6.300000000000000000e+01
9.385000000000000000e+03 9.023000000000000000e+03 6.042000000000000455e+02 9.599999999999999645e+00 6.600000000000000000e+01
9.383000000000000000e+03 9.092000000000000000e+03 8.966000000000000227e+02 1.019999999999999929e+01 6.700000000000000000e+01
9.369000000000000000e+03 9.010000000000000000e+03 7.900000000000000000e+02 1.059999999999999964e+01 6.300000000000000000e+01
9.394000000000000000e+03 9.038000000000000000e+03 6.700000000000000000e+02 1.000000000000000000e+01 7.100000000000000000e+01
9.326000000000000000e+03 8.985000000000000000e+03 7.542000000000000455e+02 1.100000000000000000e+01 7.000000000000000000e+01
9.390000000000000000e+03 9.057000000000000000e+03 6.153999999999999773e+02 9.500000000000000000e+00 7.900000000000000000e+01
9.411000000000000000e+03 9.096000000000000000e+03 7.411000000000000227e+02 1.009999999999999964e+01 6.500000000000000000e+01
9.377000000000000000e+03 9.036000000000000000e+03 7.911000000000000227e+02 1.009999999999999964e+01 6.700000000000000000e+01
9.419000000000000000e+03 9.004000000000000000e+03 8.617000000000000455e+02 1.009999999999999964e+01 6.900000000000000000e+01
9.418000000000000000e+03 9.047000000000000000e+03 7.982999999999999545e+02 1.059999999999999964e+01 7.300000000000000000e+01
9.383000000000000000e+03 9.013000000000000000e+03 7.662000000000000455e+02 1.059999999999999964e+01 6.700000000000000000e+01
9.344000000000000000e+03 9.026000000000000000e+03 6.175000000000000000e+02 1.019999999999999929e+01 6.400000000000000000e+01
9.393000000000000000e+03 9.059000000000000000e+03 5.658999999999999773e+02 1.040000000000000036e+01 6.500000000000000000e+01
9.385000000000000000e+03 9.020000000000000000e+03 6.935000000000000000e+02 1.059999999999999964e+01 6.500000000000000000e+01
9.387000000000000000e+03 9.094000000000000000e+03 6.493999999999999773e+02 1.000000000000000000e+01 6.500000000000000000e+01
9.362000000000000000e+03 9.017000000000000000e+03 5.898999999999999773e+02 1.000000000000000000e+01 6.200000000000000000e+01
9.378000000000000000e+03 8.999000000000000000e+03 8.006000000000000227e+02 1.030000000000000071e+01 6.600000000000000000e+01
9.405000000000000000e+03 9.027000000000000000e+03 6.761000000000000227e+02 1.100000000000000000e+01 6.500000000000000000e+01
9.381000000000000000e+03 9.061000000000000000e+03 8.711000000000000227e+02 1.000000000000000000e+01 6.700000000000000000e+01
9.359000000000000000e+03 9.059000000000000000e+03 7.387000000000000455e+02 9.300000000000000711e+00 7.500000000000000000e+01
9.377000000000000000e+03 9.087000000000000000e+03 8.627999999999999545e+02 1.040000000000000036e+01 6.100000000000000000e+01
9.339000000000000000e+03 9.010000000000000000e+03 1.201299999999999955e+03 1.009999999999999964e+01 7.900000000000000000e+01
9.380000000000000000e+03 9.009000000000000000e+03 5.541000000000000227e+02 1.000000000000000000e+01 6.400000000000000000e+01
9.414000000000000000e+03 9.034000000000000000e+03 6.822999999999999545e+02 9.599999999999999645e+00 7.300000000000000000e+01
9.375000000000000000e+03 9.012000000000000000e+03 8.345000000000000000e+02 9.300000000000000711e+00 6.400000000000000000e+01
9.383000000000000000e+03 9.034000000000000000e+03 6.700000000000000000e+02 9.500000000000000000e+00 6.600000000000000000e+01
9.425000000000000000e+03 8.991000000000000000e+03 7.172999999999999545e+02 1.059999999999999964e+01 7.900000000000000000e+01
9.413000000000000000e+03 9.038000000000000000e+03 5.958999999999999773e+02 1.000000000000000000e+01 6.200000000000000000e+01
9.368000000000000000e+03 9.052000000000000000e+03 7.568999999999999773e+02 1.019999999999999929e+01 7.700000000000000000e+01
9.386000000000000000e+03 9.027000000000000000e+03 9.865000000000000000e+02 1.030000000000000071e+01 6.100000000000000000e+01
9.387000000000000000e+03 9.048000000000000000e+03 5.986000000000000227e+02 1.009999999999999964e+01 6.900000000000000000e+01
9.405000000000000000e+03 9.019000000000000000e+03 6.502999999999999545e+02 1.030000000000000071e+01 6.200000000000000000e+01
9.374000000000000000e+03 9.017000000000000000e+03 5.018999999999999773e+02 9.599999999999999645e+00 6.500000000000000000e+01
9.399000000000000000e+03 8.968000000000000000e+03 6.662999999999999545e+02 1.000000000000000000e+01 6.400000000000000000e+01
9.389000000000000000e+03 9.012000000000000000e+03 7.346000000000000227e+02 9.800000000000000711e+00 6.300000000000000000e+01
9.391000000000000000e+03 9.039000000000000000e+03 6.187999999999999545e+02 1.100000000000000000e+01 6.600000000000000000e+01
9.413000000000000000e+03 9.026000000000000000e+03 6.342000000000000455e+02 1.000000000000000000e+01 6.900000000000000000e+01
9.427000000000000000e+03 9.045000000000000000e+03 6.966000000000000227e+02 9.000000000000000000e+00 6.900000000000000000e+01
9.381000000000000000e+03 9.062000000000000000e+03 5.982000000000000455e+02 1.100000000000000000e+01 7.400000000000000000e+01
9.373000000000000000e+03 8.968000000000000000e+03 9.281000000000000227e+02 1.040000000000000036e+01 6.500000000000000000e+01
9.414000000000000000e+03 8.991000000000000000e+03 7.401000000000000227e+02 1.000000000000000000e+01 6.600000000000000000e+01
9.383000000000000000e+03 9.039000000000000000e+03 9.402000000000000455e+02 1.100000000000000000e+01 6.800000000000000000e+01
9.411000000000000000e+03 9.075000000000000000e+03 7.228999999999999773e+02 1.040000000000000036e+01 6.400000000000000000e+01
9.381000000000000000e+03 9.092000000000000000e+03 7.410000000000000000e+02 1.000000000000000000e+01 7.100000000000000000e+01
9.388000000000000000e+03 8.998000000000000000e+03 5.862999999999999545e+02 9.599999999999999645e+00 6.800000000000000000e+01
9.414000000000000000e+03 9.026000000000000000e+03 9.350000000000000000e+02 1.119999999999999929e+01 6.500000000000000000e+01
9.400000000000000000e+03 9.013000000000000000e+03 1.025500000000000000e+03 1.000000000000000000e+01 6.700000000000000000e+01
9.385000000000000000e+03 9.015000000000000000e+03 6.047000000000000455e+02 1.000000000000000000e+01 7.000000000000000000e+01
9.397000000000000000e+03 8.982000000000000000e+03 7.021000000000000227e+02 1.059999999999999964e+01 6.900000000000000000e+01
9.362000000000000000e+03 8.998000000000000000e+03 6.521000000000000227e+02 1.040000000000000036e+01 6.700000000000000000e+01
9.371000000000000000e+03 9.078000000000000000e+03 7.392999999999999545e+02 1.000000000000000000e+01 7.300000000000000000e+01
9.378000000000000000e+03 9.070000000000000000e+03 1.080000000000000000e+03 1.000000000000000000e+01 7.500000000000000000e+01
9.384000000000000000e+03 9.057000000000000000e+03 5.535000000000000000e+02 9.800000000000000711e+00 6.500000000000000000e+01
9.397000000000000000e+03 9.046000000000000000e+03 5.576000000000000227e+02 1.000000000000000000e+01 6.800000000000000000e+01
9.407000000000000000e+03 9.034000000000000000e+03 5.760000000000000000e+02 1.000000000000000000e+01 6.900000000000000000e+01
9.382000000000000000e+03 9.020000000000000000e+03 7.588999999999999773e+02 1.040000000000000036e+01 7.700000000000000000e+01
9.366000000000000000e+03 9.060000000000000000e+03 8.257000000000000455e+02 1.000000000000000000e+01 7.400000000000000000e+01
9.412000000000000000e+03 9.022000000000000000e+03 8.465000000000000000e+02 1.009999999999999964e+01 6.200000000000000000e+01
9.411000000000000000e+03 9.083000000000000000e+03 5.730000000000000000e+02 1.100000000000000000e+01 6.500000000000000000e+01
9.374000000000000000e+03 9.038000000000000000e+03 7.707000000000000455e+02 1.100000000000000000e+01 6.500000000000000000e+01
9.384000000000000000e+03 9.048000000000000000e+03 6.347999999999999545e+02 1.000000000000000000e+01 6.600000000000000000e+01
9.367000000000000000e+03 9.005000000000000000e+03 7.372999999999999545e+02 1.030000000000000071e+01 6.400000000000000000e+01
9.420000000000000000e+03 9.017000000000000000e+03 6.265000000000000000e+02 1.069999999999999929e+01 6.700000000000000000e+01
9.377000000000000000e+03 8.978000000000000000e+03 6.573999999999999773e+02 1.100000000000000000e+01 7.300000000000000000e+01
9.373000000000000000e+03 9.066000000000000000e+03 8.801000000000000227e+02 1.000000000000000000e+01 6.600000000000000000e+01
9.392000000000000000e+03 9.027000000000000000e+03 7.041000000000000227e+02 1.000000000000000000e+01 6.800000000000000000e+01
9.394000000000000000e+03 9.048000000000000000e+03 7.682000000000000455e+02 9.900000000000000355e+00 7.000000000000000000e+01
9.422000000000000000e+03 9.023000000000000000e+03 7.377000000000000455e+02 1.009999999999999964e+01 6.400000000000000000e+01
9.352000000000000000e+03 9.008000000000000000e+03 5.795000000000000000e+02 1.030000000000000071e+01 7.200000000000000000e+01
9.402000000000000000e+03 8.994000000000000000e+03 5.925000000000000000e+02 1.019999999999999929e+01 6.500000000000000000e+01
9.386000000000000000e+03 9.012000000000000000e+03 7.496000000000000227e+02 1.040000000000000036e+01 7.000000000000000000e+01
9.399000000000000000e+03 9.035000000000000000e+03 6.158999999999999773e+02 1.009999999999999964e+01 7.100000000000000000e+01
9.405000000000000000e+03 9.005000000000000000e+03 1.003200000000000045e+03 1.100000000000000000e+01 6.500000000000000000e+01
9.410000000000000000e+03 9.025000000000000000e+03 6.192000000000000455e+02 1.000000000000000000e+01 6.700000000000000000e+01
9.396000000000000000e+03 9.060000000000000000e+03 6.807999999999999545e+02 9.099999999999999645e+00 6.700000000000000000e+01
9.375000000000000000e+03 9.043000000000000000e+03 7.421000000000000227e+02 1.050000000000000000e+01 6.900000000000000000e+01
9.406000000000000000e+03 9.038000000000000000e+03 6.750000000000000000e+02 1.019999999999999929e+01 7.600000000000000000e+01
9.394000000000000000e+03 9.084000000000000000e+03 9.377000000000000455e+02 1.030000000000000071e+01 6.800000000000000000e+01
9.403000000000000000e+03 9.056000000000000000e+03 6.361000000000000227e+02 1.030000000000000071e+01 7.700000000000000000e+01
9.402000000000000000e+03 9.038000000000000000e+03 9.396000000000000227e+02 1.000000000000000000e+01 6.600000000000000000e+01
9.387000000000000000e+03 9.077000000000000000e+03 1.011399999999999977e+03 1.000000000000000000e+01 7.000000000000000000e+01
9.381000000000000000e+03 9.023000000000000000e+03 7.387000000000000455e+02 1.009999999999999964e+01 6.500000000000000000e+01
9.368000000000000000e+03 9.040000000000000000e+03 7.045000000000000000e+02 1.059999999999999964e+01 7.200000000000000000e+01
9.398000000000000000e+03 8.999000000000000000e+03 8.601000000000000227e+02 9.500000000000000000e+00 6.900000000000000000e+01
9.394000000000000000e+03 9.060000000000000000e+03 7.693999999999999773e+02 1.000000000000000000e+01 6.400000000000000000e+01
9.393000000000000000e+03 9.062000000000000000e+03 5.792000000000000455e+02 1.100000000000000000e+01 6.600000000000000000e+01
9.385000000000000000e+03 9.079000000000000000e+03 6.681000000000000227e+02 1.000000000000000000e+01 6.900000000000000000e+01
9.376000000000000000e+03 9.036000000000000000e+03 8.121000000000000227e+02 1.100000000000000000e+01 6.400000000000000000e+01
9.398000000000000000e+03 8.987000000000000000e+03 7.847999999999999545e+02 1.009999999999999964e+01 6.600000000000000000e+01
9.389000000000000000e+03 9.059000000000000000e+03 8.427999999999999545e+02 1.040000000000000036e+01 6.600000000000000000e+01
9.387000000000000000e+03 9.017000000000000000e+03 9.672999999999999545e+02 1.100000000000000000e+01 6.600000000000000000e+01
9.412000000000000000e+03 9.075000000000000000e+03 7.922999999999999545e+02 1.059999999999999964e+01 7.000000000000000000e+01
9.420000000000000000e+03 9.011000000000000000e+03 5.656000000000000227e+02 1.000000000000000000e+01 7.300000000000000000e+01
9.413000000000000000e+03 9.009000000000000000e+03 5.947999999999999545e+02 9.400000000000000355e+00 6.300000000000000000e+01
9.422000000000000000e+03 9.023000000000000000e+03 5.606000000000000227e+02 1.100000000000000000e+01 6.800000000000000000e+01
9.389000000000000000e+03 9.061000000000000000e+03 5.672000000000000455e+02 1.019999999999999929e+01 7.000000000000000000e+01
9.383000000000000000e+03 9.080000000000000000e+03 6.380000000000000000e+02 1.009999999999999964e+01 6.700000000000000000e+01
9.405000000000000000e+03 9.026000000000000000e+03 6.808999999999999773e+02 1.009999999999999964e+01 7.100000000000000000e+01
9.374000000000000000e+03 9.021000000000000000e+03 6.028999999999999773e+02 1.050000000000000000e+01 6.300000000000000000e+01
9.388000000000000000e+03 9.040000000000000000e+03 6.708999999999999773e+02 9.400000000000000355e+00 7.000000000000000000e+01
9.403000000000000000e+03 8.980000000000000000e+03 7.031000000000000227e+02 1.100000000000000000e+01 7.100000000000000000e+01
9.361000000000000000e+03 9.057000000000000000e+03 5.370000000000000000e+02 1.000000000000000000e+01 6.500000000000000000e+01
9.429000000000000000e+03 9.023000000000000000e+03 7.792000000000000455e+02 1.000000000000000000e+01 6.700000000000000000e+01
9.410000000000000000e+03 9.073000000000000000e+03 6.867000000000000455e+02 1.000000000000000000e+01 7.300000000000000000e+01
9.381000000000000000e+03 9.104000000000000000e+03 6.925000000000000000e+02 1.000000000000000000e+01 6.400000000000000000e+01
9.401000000000000000e+03 9.020000000000000000e+03 9.493999999999999773e+02 1.019999999999999929e+01 7.500000000000000000e+01
9.360000000000000000e+03 9.037000000000000000e+03 6.635000000000000000e+02 9.400000000000000355e+00 6.700000000000000000e+01
9.419000000000000000e+03 9.052000000000000000e+03 6.982000000000000455e+02 1.019999999999999929e+01 6.500000000000000000e+01
9.396000000000000000e+03 9.022000000000000000e+03 6.353999999999999773e+02 9.599999999999999645e+00 7.300000000000000000e+01
9.405000000000000000e+03 9.048000000000000000e+03 7.925000000000000000e+02 1.019999999999999929e+01 6.300000000000000000e+01
9.396000000000000000e+03 9.099000000000000000e+03 7.157999999999999545e+02 1.000000000000000000e+01 7.000000000000000000e+01
9.348000000000000000e+03 9.088000000000000000e+03 8.337000000000000455e+02 1.000000000000000000e+01 6.100000000000000000e+01
9.423000000000000000e+03 9.090000000000000000e+03 7.267000000000000455e+02 1.009999999999999964e+01 6.400000000000000000e+01
9.422000000000000000e+03 8.956000000000000000e+03 6.937999999999999545e+02 1.000000000000000000e+01 6.800000000000000000e+01
9.399000000000000000e+03 9.022000000000000000e+03 7.670000000000000000e+02 1.040000000000000036e+01 6.300000000000000000e+01
9.382000000000000000e+03 9.041000000000000000e+03 6.882999999999999545e+02 9.699999999999999289e+00 6.700000000000000000e+01
9.399000000000000000e+03 9.074000000000000000e+03 6.122999999999999545e+02 1.100000000000000000e+01 6.500000000000000000e+01
9.347000000000000000e+03 9.065000000000000000e+03 6.275000000000000000e+02 9.300000000000000711e+00 6.300000000000000000e+01
9.431000000000000000e+03 9.008000000000000000e+03 6.642000000000000455e+02 1.019999999999999929e+01 7.000000000000000000e+01
9.360000000000000000e+03 9.045000000000000000e+03 6.117999999999999545e+02 1.119999999999999929e+01 6.400000000000000000e+01
9.370000000000000000e+03 8.996000000000000000e+03 5.227000000000000455e+02 1.100000000000000000e+01 7.100000000000000000e+01
9.361000000000000000e+03 9.078000000000000000e+03 6.378999999999999773e+02 1.000000000000000000e+01 6.900000000000000000e+01
9.359000000000000000e+03 9.044000000000000000e+03 5.511000000000000227e+02 1.000000000000000000e+01 7.000000000000000000e+01
9.401000000000000000e+03 9.060000000000000000e+03 8.161000000000000227e+02 1.000000000000000000e+01 6.700000000000000000e+01
9.360000000000000000e+03 9.050000000000000000e+03 6.788999999999999773e+02 1.040000000000000036e+01 6.600000000000000000e+01
9.433000000000000000e+03 8.960000000000000000e+03 5.971000000000000227e+02 1.000000000000000000e+01 6.400000000000000000e+01
9.376000000000000000e+03 9.022000000000000000e+03 7.041000000000000227e+02 9.400000000000000355e+00 7.600000000000000000e+01
9.416000000000000000e+03 9.058000000000000000e+03 8.108999999999999773e+02 1.040000000000000036e+01 6.400000000000000000e+01
9.389000000000000000e+03 9.020000000000000000e+03 7.903999999999999773e+02 1.030000000000000071e+01 6.300000000000000000e+01
9.397000000000000000e+03 8.973000000000000000e+03 6.183999999999999773e+02 1.100000000000000000e+01 6.700000000000000000e+01
9.378000000000000000e+03 8.999000000000000000e+03 6.963999999999999773e+02 1.040000000000000036e+01 6.500000000000000000e+01
9.391000000000000000e+03 9.062000000000000000e+03 9.318999999999999773e+02 1.009999999999999964e+01 7.500000000000000000e+01
9.406000000000000000e+03 9.013000000000000000e+03 7.095000000000000000e+02 1.000000000000000000e+01 6.600000000000000000e+01
9.394000000000000000e+03 9.076000000000000000e+03 5.542000000000000455e+02 1.009999999999999964e+01 6.600000000000000000e+01
9.420000000000000000e+03 9.053000000000000000e+03 6.505000000000000000e+02 1.050000000000000000e+01 6.500000000000000000e+01
9.375000000000000000e+03 9.001000000000000000e+03 7.267000000000000455e+02 1.000000000000000000e+01 6.500000000000000000e+01
9.355000000000000000e+03 9.031000000000000000e+03 8.285000000000000000e+02 9.400000000000000355e+00 6.300000000000000000e+01
9.390000000000000000e+03 8.985000000000000000e+03 7.513999999999999773e+02 1.000000000000000000e+01 6.500000000000000000e+01
9.399000000000000000e+03 9.022000000000000000e+03 9.245000000000000000e+02 1.019999999999999929e+01 7.200000000000000000e+01
9.411000000000000000e+03 9.016000000000000000e+03 7.388999999999999773e+02 9.800000000000000711e+00 7.100000000000000000e+01
9.420000000000000000e+03 8.989000000000000000e+03 7.275000000000000000e+02 1.000000000000000000e+01 6.900000000000000000e+01
9.384000000000000000e+03 9.008000000000000000e+03 7.690000000000000000e+02 9.400000000000000355e+00 6.600000000000000000e+01
9.393000000000000000e+03 9.055000000000000000e+03 7.112999999999999545e+02 1.009999999999999964e+01 6.800000000000000000e+01
9.362000000000000000e+03 9.047000000000000000e+03 7.262999999999999545e+02 1.050000000000000000e+01 6.500000000000000000e+01
9.412000000000000000e+03 9.036000000000000000e+03 7.492999999999999545e+02 1.009999999999999964e+01 6.200000000000000000e+01
9.383000000000000000e+03 9.113000000000000000e+03 6.625000000000000000e+02 1.019999999999999929e+01 6.700000000000000000e+01
9.410000000000000000e+03 9.035000000000000000e+03 8.300000000000000000e+02 1.000000000000000000e+01 6.600000000000000000e+01
9.427000000000000000e+03 9.048000000000000000e+03 7.866000000000000227e+02 1.000000000000000000e+01 6.900000000000000000e+01
9.356000000000000000e+03 9.072000000000000000e+03 8.243999999999999773e+02 9.699999999999999289e+00 6.900000000000000000e+01
9.415000000000000000e+03 9.023000000000000000e+03 7.130000000000000000e+02 1.000000000000000000e+01 6.400000000000000000e+01
9.381000000000000000e+03 9.031000000000000000e+03 6.046000000000000227e+02 1.059999999999999964e+01 7.100000000000000000e+01
9.386000000000000000e+03 9.125000000000000000e+03 8.277999999999999545e+02 9.300000000000000711e+00 6.600000000000000000e+01
9.410000000000000000e+03 9.087000000000000000e+03 6.196000000000000227e+02 1.000000000000000000e+01 6.700000000000000000e+01
9.360000000000000000e+03 9.045000000000000000e+03 8.862000000000000455e+02 1.140000000000000036e+01 6.500000000000000000e+01
9.371000000000000000e+03 9.047000000000000000e+03 6.546000000000000227e+02 1.040000000000000036e+01 6.800000000000000000e+01
9.393000000000000000e+03 9.059000000000000000e+03 7.682999999999999545e+02 9.199999999999999289e+00 6.800000000000000000e+01
9.411000000000000000e+03 9.040000000000000000e+03 6.146000000000000227e+02 1.000000000000000000e+01 7.000000000000000000e+01
9.373000000000000000e+03 9.081000000000000000e+03 8.293999999999999773e+02 9.599999999999999645e+00 7.500000000000000000e+01
9.408000000000000000e+03 9.011000000000000000e+03 8.142000000000000455e+02 1.050000000000000000e+01 6.600000000000000000e+01
9.400000000000000000e+03 9.035000000000000000e+03 5.903999999999999773e+02 1.030000000000000071e+01 6.700000000000000000e+01
9.377000000000000000e+03 8.972000000000000000e+03 7.493999999999999773e+02 1.009999999999999964e+01 6.600000000000000000e+01
9.386000000000000000e+03 9.012000000000000000e+03 7.127999999999999545e+02 1.050000000000000000e+01 7.200000000000000000e+01
9.366000000000000000e+03 9.033000000000000000e+03 6.132000000000000455e+02 1.009999999999999964e+01 6.400000000000000000e+01
9.429000000000000000e+03 9.105000000000000000e+03 7.610000000000000000e+02 1.000000000000000000e+01 6.400000000000000000e+01
9.395000000000000000e+03 9.062000000000000000e+03 8.618999999999999773e+02 1.030000000000000071e+01 6.300000000000000000e+01
9.401000000000000000e+03 9.047000000000000000e+03 6.843999999999999773e+02 1.040000000000000036e+01 6.500000000000000000e+01
9.381000000000000000e+03 8.983000000000000000e+03 6.482999999999999545e+02 1.030000000000000071e+01 6.400000000000000000e+01
9.368000000000000000e+03 8.973000000000000000e+03 9.486000000000000227e+02 1.009999999999999964e+01 6.200000000000000000e+01
9.427000000000000000e+03 9.014000000000000000e+03 8.851000000000000227e+02 9.800000000000000711e+00 6.900000000000000000e+01
9.353000000000000000e+03 9.105000000000000000e+03 6.177999999999999545e+02 9.300000000000000711e+00 6.700000000000000000e+01
9.388000000000000000e+03 8.991000000000000000e+03 7.358999999999999773e+02 1.130000000000000071e+01 6.200000000000000000e+01
9.365000000000000000e+03 9.051000000000000000e+03 5.666000000000000227e+02 1.100000000000000000e+01 6.300000000000000000e+01
9.364000000000000000e+03 9.022000000000000000e+03 6.332999999999999545e+02 1.000000000000000000e+01 6.500000000000000000e+01
9.396000000000000000e+03 9.043000000000000000e+03 6.457999999999999545e+02 1.000000000000000000e+01 6.500000000000000000e+01
9.357000000000000000e+03 9.023000000000000000e+03 5.911000000000000227e+02 1.059999999999999964e+01 6.600000000000000000e+01
9.385000000000000000e+03 9.073000000000000000e+03 9.282000000000000455e+02 9.599999999999999645e+00 6.700000000000000000e+01
9.392000000000000000e+03 9.068000000000000000e+03 6.242000000000000455e+02 1.009999999999999964e+01 7.700000000000000000e+01
9.368000000000000000e+03 9.060000000000000000e+03 1.012500000000000000e+03 1.050000000000000000e+01 6.400000000000000000e+01
9.415000000000000000e+03 9.045000000000000000e+03 7.151000000000000227e+02 9.699999999999999289e+00 6.200000000000000000e+01
9.440000000000000000e+03 8.989000000000000000e+03 6.377000000000000455e+02 1.000000000000000000e+01 7.500000000000000000e+01
9.388000000000000000e+03 9.030000000000000000e+03 6.002999999999999545e+02 1.000000000000000000e+01 6.800000000000000000e+01
9.370000000000000000e+03 9.059000000000000000e+03 6.586000000000000227e+02 1.000000000000000000e+01 7.000000000000000000e+01
9.419000000000000000e+03 9.037000000000000000e+03 1.075900000000000091e+03 1.009999999999999964e+01 6.200000000000000000e+01
9.384000000000000000e+03 9.033000000000000000e+03 6.707000000000000455e+02 1.009999999999999964e+01 7.000000000000000000e+01
9.387000000000000000e+03 9.065000000000000000e+03 8.607000000000000455e+02 1.030000000000000071e+01 6.200000000000000000e+01
9.328000000000000000e+03 9.038000000000000000e+03 6.501000000000000227e+02 1.000000000000000000e+01 7.000000000000000000e+01
9.391000000000000000e+03 9.055000000000000000e+03 7.776000000000000227e+02 1.059999999999999964e+01 6.900000000000000000e+01
9.410000000000000000e+03 8.988000000000000000e+03 7.018999999999999773e+02 9.599999999999999645e+00 7.300000000000000000e+01
