9.020000000000000000e+03 8.533000000000000000e+03 4.538999999999999773e+02 8.599999999999999645e+00 6.890000000000000000e+02
9.045000000000000000e+03 8.622000000000000000e+03 4.488000000000000114e+02 8.199999999999999289e+00 6.630000000000000000e+02
8.994000000000000000e+03 8.553000000000000000e+03 5.915000000000000000e+02 8.000000000000000000e+00 7.180000000000000000e+02
9.006000000000000000e+03 8.496000000000000000e+03 4.031999999999999886e+02 8.500000000000000000e+00 6.670000000000000000e+02
9.028000000000000000e+03 8.551000000000000000e+03 4.008000000000000114e+02 8.300000000000000711e+00 6.760000000000000000e+02
9.019000000000000000e+03 8.528000000000000000e+03 4.900000000000000000e+02 8.300000000000000711e+00 6.690000000000000000e+02
9.014000000000000000e+03 8.484000000000000000e+03 3.663999999999999773e+02 8.400000000000000355e+00 6.430000000000000000e+02
9.042000000000000000e+03 8.599000000000000000e+03 3.981999999999999886e+02 7.700000000000000178e+00 6.850000000000000000e+02
9.015000000000000000e+03 8.567000000000000000e+03 5.671000000000000227e+02 8.400000000000000355e+00 6.750000000000000000e+02
8.997000000000000000e+03 8.610000000000000000e+03 4.761000000000000227e+02 8.300000000000000711e+00 6.500000000000000000e+02
9.049000000000000000e+03 8.627000000000000000e+03 4.073000000000000114e+02 7.700000000000000178e+00 6.630000000000000000e+02
9.039000000000000000e+03 8.585000000000000000e+03 3.546999999999999886e+02 8.800000000000000711e+00 6.770000000000000000e+02
9.046000000000000000e+03 8.589000000000000000e+03 3.841000000000000227e+02 7.900000000000000355e+00 6.870000000000000000e+02
9.029000000000000000e+03 8.437000000000000000e+03 4.408000000000000114e+02 8.099999999999999645e+00 6.790000000000000000e+02
9.019000000000000000e+03 8.514000000000000000e+03 6.411000000000000227e+02 8.400000000000000355e+00 6.290000000000000000e+02
9.022000000000000000e+03 8.434000000000000000e+03 5.023999999999999773e+02 8.300000000000000711e+00 6.330000000000000000e+02
8.982000000000000000e+03 8.535000000000000000e+03 4.325000000000000000e+02 8.099999999999999645e+00 7.070000000000000000e+02
9.037000000000000000e+03 8.495000000000000000e+03 3.708999999999999773e+02 8.300000000000000711e+00 6.880000000000000000e+02
9.006000000000000000e+03 8.520000000000000000e+03 4.808999999999999773e+02 8.000000000000000000e+00 6.730000000000000000e+02
9.050000000000000000e+03 8.491000000000000000e+03 4.341999999999999886e+02 9.599999999999999645e+00 6.610000000000000000e+02
8.966000000000000000e+03 8.665000000000000000e+03 3.723999999999999773e+02 7.099999999999999645e+00 6.810000000000000000e+02
9.015000000000000000e+03 8.556000000000000000e+03 5.287999999999999545e+02 8.599999999999999645e+00 6.410000000000000000e+02
8.998000000000000000e+03 8.465000000000000000e+03 5.061999999999999886e+02 8.099999999999999645e+00 6.590000000000000000e+02
8.984000000000000000e+03 8.527000000000000000e+03 5.110000000000000000e+02 8.500000000000000000e+00 6.710000000000000000e+02
9.040000000000000000e+03 8.432000000000000000e+03 5.658999999999999773e+02 8.300000000000000711e+00 6.560000000000000000e+02
9.004000000000000000e+03 8.485000000000000000e+03 4.020000000000000000e+02 8.800000000000000711e+00 6.730000000000000000e+02
8.959000000000000000e+03 8.545000000000000000e+03 2.958000000000000114e+02 8.300000000000000711e+00 6.920000000000000000e+02
9.035000000000000000e+03 8.577000000000000000e+03 4.421999999999999886e+02 8.699999999999999289e+00 6.490000000000000000e+02
8.989000000000000000e+03 8.475000000000000000e+03 3.823999999999999773e+02 8.099999999999999645e+00 6.860000000000000000e+02
8.999000000000000000e+03 8.577000000000000000e+03 4.945000000000000000e+02 8.199999999999999289e+00 6.520000000000000000e+02
9.003000000000000000e+03 8.476000000000000000e+03 3.878999999999999773e+02 8.000000000000000000e+00 7.030000000000000000e+02
8.986000000000000000e+03 8.535000000000000000e+03 4.315000000000000000e+02 8.099999999999999645e+00 6.820000000000000000e+02
9.028000000000000000e+03 8.494000000000000000e+03 5.355000000000000000e+02 8.800000000000000711e+00 6.770000000000000000e+02
9.012000000000000000e+03 8.620000000000000000e+03 4.748000000000000114e+02 8.199999999999999289e+00 6.860000000000000000e+02
9.002000000000000000e+03 8.617000000000000000e+03 4.480000000000000000e+02 8.300000000000000711e+00 6.900000000000000000e+02
9.038000000000000000e+03 8.687000000000000000e+03 3.573999999999999773e+02 8.400000000000000355e+00 7.100000000000000000e+02
9.031000000000000000e+03 8.463000000000000000e+03 3.181999999999999886e+02 9.000000000000000000e+00 6.990000000000000000e+02
8.998000000000000000e+03 8.599000000000000000e+03 5.656000000000000227e+02 7.799999999999999822e+00 6.610000000000000000e+02
9.034000000000000000e+03 8.725000000000000000e+03 5.371000000000000227e+02 7.500000000000000000e+00 6.870000000000000000e+02
9.038000000000000000e+03 8.564000000000000000e+03 5.015000000000000000e+02 8.699999999999999289e+00 6.350000000000000000e+02
8.988000000000000000e+03 8.620000000000000000e+03 5.832999999999999545e+02 7.500000000000000000e+00 6.590000000000000000e+02
9.014000000000000000e+03 8.533000000000000000e+03 3.081999999999999886e+02 8.400000000000000355e+00 6.970000000000000000e+02
9.021000000000000000e+03 8.539000000000000000e+03 5.513999999999999773e+02 8.300000000000000711e+00 6.940000000000000000e+02
8.975000000000000000e+03 8.536000000000000000e+03 3.371999999999999886e+02 8.300000000000000711e+00 6.770000000000000000e+02
9.035000000000000000e+03 8.634000000000000000e+03 3.986999999999999886e+02 8.300000000000000711e+00 6.960000000000000000e+02
8.979000000000000000e+03 8.478000000000000000e+03 5.791000000000000227e+02 8.400000000000000355e+00 6.430000000000000000e+02
8.983000000000000000e+03 8.542000000000000000e+03 3.623000000000000114e+02 8.599999999999999645e+00 6.720000000000000000e+02
9.073000000000000000e+03 8.590000000000000000e+03 3.651999999999999886e+02 8.599999999999999645e+00 6.610000000000000000e+02
9.008000000000000000e+03 8.517000000000000000e+03 4.226999999999999886e+02 8.000000000000000000e+00 6.740000000000000000e+02
9.032000000000000000e+03 8.528000000000000000e+03 3.286000000000000227e+02 8.099999999999999645e+00 6.530000000000000000e+02
9.014000000000000000e+03 8.499000000000000000e+03 4.518999999999999773e+02 8.699999999999999289e+00 6.930000000000000000e+02
9.050000000000000000e+03 8.485000000000000000e+03 3.343999999999999773e+02 8.800000000000000711e+00 6.230000000000000000e+02
9.030000000000000000e+03 8.493000000000000000e+03 3.898999999999999773e+02 8.500000000000000000e+00 6.890000000000000000e+02
8.941000000000000000e+03 8.633000000000000000e+03 4.115000000000000000e+02 8.099999999999999645e+00 6.730000000000000000e+02
9.008000000000000000e+03 8.541000000000000000e+03 3.603000000000000114e+02 7.400000000000000355e+00 6.640000000000000000e+02
9.014000000000000000e+03 8.468000000000000000e+03 3.796000000000000227e+02 9.000000000000000000e+00 6.840000000000000000e+02
9.046000000000000000e+03 8.515000000000000000e+03 4.385000000000000000e+02 8.099999999999999645e+00 6.540000000000000000e+02
9.046000000000000000e+03 8.571000000000000000e+03 4.078999999999999773e+02 8.400000000000000355e+00 6.610000000000000000e+02
8.994000000000000000e+03 8.506000000000000000e+03 3.926000000000000227e+02 8.199999999999999289e+00 6.850000000000000000e+02
9.021000000000000000e+03 8.542000000000000000e+03 3.538999999999999773e+02 7.799999999999999822e+00 6.700000000000000000e+02
9.023000000000000000e+03 8.604000000000000000e+03 5.383999999999999773e+02 8.300000000000000711e+00 6.790000000000000000e+02
9.028000000000000000e+03 8.462000000000000000e+03 3.738000000000000114e+02 8.000000000000000000e+00 6.600000000000000000e+02
9.038000000000000000e+03 8.535000000000000000e+03 5.106999999999999886e+02 7.599999999999999645e+00 6.910000000000000000e+02
9.014000000000000000e+03 8.507000000000000000e+03 4.125000000000000000e+02 8.599999999999999645e+00 7.190000000000000000e+02
9.001000000000000000e+03 8.694000000000000000e+03 3.538000000000000114e+02 8.099999999999999645e+00 6.460000000000000000e+02
9.022000000000000000e+03 8.542000000000000000e+03 5.035000000000000000e+02 8.099999999999999645e+00 6.480000000000000000e+02
9.033000000000000000e+03 8.533000000000000000e+03 5.458999999999999773e+02 8.599999999999999645e+00 6.950000000000000000e+02
9.047000000000000000e+03 8.577000000000000000e+03 4.176999999999999886e+02 7.400000000000000355e+00 7.010000000000000000e+02
9.040000000000000000e+03 8.521000000000000000e+03 5.708999999999999773e+02 8.300000000000000711e+00 6.840000000000000000e+02
9.029000000000000000e+03 8.423000000000000000e+03 5.043000000000000114e+02 8.500000000000000000e+00 7.090000000000000000e+02
9.014000000000000000e+03 8.488000000000000000e+03 3.945000000000000000e+02 8.199999999999999289e+00 6.730000000000000000e+02
9.010000000000000000e+03 8.556000000000000000e+03 4.113000000000000114e+02 8.199999999999999289e+00 6.880000000000000000e+02
9.012000000000000000e+03 8.626000000000000000e+03 3.931999999999999886e+02 7.700000000000000178e+00 6.680000000000000000e+02
9.040000000000000000e+03 8.655000000000000000e+03 4.216000000000000227e+02 8.400000000000000355e+00 6.540000000000000000e+02
9.024000000000000000e+03 8.549000000000000000e+03 4.401999999999999886e+02 8.199999999999999289e+00 6.710000000000000000e+02
9.004000000000000000e+03 8.528000000000000000e+03 4.743999999999999773e+02 7.299999999999999822e+00 6.610000000000000000e+02
8.998000000000000000e+03 8.492000000000000000e+03 3.736000000000000227e+02 8.099999999999999645e+00 6.680000000000000000e+02
8.986000000000000000e+03 8.558000000000000000e+03 4.863999999999999773e+02 7.500000000000000000e+00 6.740000000000000000e+02
9.002000000000000000e+03 8.513000000000000000e+03 6.022999999999999545e+02 8.300000000000000711e+00 6.540000000000000000e+02
9.028000000000000000e+03 8.577000000000000000e+03 4.510000000000000000e+02 8.000000000000000000e+00 7.090000000000000000e+02
8.975000000000000000e+03 8.541000000000000000e+03 3.918000000000000114e+02 8.199999999999999289e+00 6.960000000000000000e+02
8.998000000000000000e+03 8.499000000000000000e+03 3.493999999999999773e+02 8.300000000000000711e+00 6.760000000000000000e+02
8.979000000000000000e+03 8.508000000000000000e+03 3.176999999999999886e+02 8.099999999999999645e+00 6.600000000000000000e+02
9.059000000000000000e+03 8.455000000000000000e+03 5.647999999999999545e+02 8.199999999999999289e+00 6.700000000000000000e+02
8.994000000000000000e+03 8.530000000000000000e+03 4.056999999999999886e+02 8.300000000000000711e+00 6.970000000000000000e+02
9.045000000000000000e+03 8.454000000000000000e+03 4.706000000000000227e+02 8.599999999999999645e+00 6.500000000000000000e+02
9.016000000000000000e+03 8.573000000000000000e+03 4.070000000000000000e+02 7.599999999999999645e+00 7.290000000000000000e+02
9.026000000000000000e+03 8.429000000000000000e+03 3.470000000000000000e+02 8.300000000000000711e+00 6.700000000000000000e+02
8.986000000000000000e+03 8.612000000000000000e+03 3.458000000000000114e+02 8.099999999999999645e+00 6.910000000000000000e+02
9.017000000000000000e+03 8.529000000000000000e+03 3.286999999999999886e+02 7.700000000000000178e+00 6.610000000000000000e+02
9.024000000000000000e+03 8.494000000000000000e+03 4.005000000000000000e+02 8.500000000000000000e+00 6.910000000000000000e+02
9.008000000000000000e+03 8.389000000000000000e+03 3.243999999999999773e+02 9.199999999999999289e+00 6.440000000000000000e+02
9.043000000000000000e+03 8.569000000000000000e+03 6.202000000000000455e+02 7.700000000000000178e+00 6.510000000000000000e+02
9.022000000000000000e+03 8.407000000000000000e+03 3.578000000000000114e+02 8.599999999999999645e+00 7.030000000000000000e+02
9.031000000000000000e+03 8.562000000000000000e+03 5.481000000000000227e+02 7.799999999999999822e+00 6.700000000000000000e+02
9.004000000000000000e+03 8.597000000000000000e+03 3.401999999999999886e+02 7.700000000000000178e+00 6.840000000000000000e+02
9.031000000000000000e+03 8.636000000000000000e+03 4.141999999999999886e+02 8.000000000000000000e+00 6.810000000000000000e+02
9.015000000000000000e+03 8.489000000000000000e+03 4.180000000000000000e+02 8.099999999999999645e+00 6.900000000000000000e+02
9.008000000000000000e+03 8.421000000000000000e+03 4.986000000000000227e+02 8.900000000000000355e+00 6.610000000000000000e+02
9.006000000000000000e+03 8.484000000000000000e+03 3.453999999999999773e+02 8.099999999999999645e+00 7.090000000000000000e+02
8.995000000000000000e+03 8.466000000000000000e+03 4.093999999999999773e+02 8.300000000000000711e+00 6.650000000000000000e+02
8.996000000000000000e+03 8.578000000000000000e+03 4.563000000000000114e+02 8.099999999999999645e+00 6.860000000000000000e+02
9.019000000000000000e+03 8.545000000000000000e+03 4.806999999999999886e+02 8.400000000000000355e+00 6.940000000000000000e+02
9.025000000000000000e+03 8.600000000000000000e+03 4.148999999999999773e+02 7.900000000000000355e+00 7.090000000000000000e+02
9.039000000000000000e+03 8.455000000000000000e+03 4.661999999999999886e+02 8.699999999999999289e+00 6.790000000000000000e+02
9.016000000000000000e+03 8.525000000000000000e+03 3.823000000000000114e+02 8.199999999999999289e+00 6.420000000000000000e+02
9.008000000000000000e+03 8.452000000000000000e+03 4.240000000000000000e+02 8.500000000000000000e+00 6.930000000000000000e+02
9.003000000000000000e+03 8.349000000000000000e+03 3.756999999999999886e+02 9.099999999999999645e+00 6.630000000000000000e+02
9.015000000000000000e+03 8.498000000000000000e+03 4.036999999999999886e+02 8.300000000000000711e+00 6.640000000000000000e+02
9.004000000000000000e+03 8.568000000000000000e+03 5.231000000000000227e+02 8.000000000000000000e+00 6.790000000000000000e+02
8.974000000000000000e+03 8.544000000000000000e+03 4.201999999999999886e+02 8.300000000000000711e+00 6.600000000000000000e+02
8.990000000000000000e+03 8.584000000000000000e+03 3.600000000000000000e+02 8.500000000000000000e+00 6.510000000000000000e+02
8.983000000000000000e+03 8.555000000000000000e+03 4.310000000000000000e+02 8.300000000000000711e+00 6.690000000000000000e+02
9.016000000000000000e+03 8.468000000000000000e+03 5.731000000000000227e+02 8.300000000000000711e+00 6.800000000000000000e+02
9.024000000000000000e+03 8.426000000000000000e+03 3.986000000000000227e+02 8.599999999999999645e+00 6.970000000000000000e+02
9.030000000000000000e+03 8.570000000000000000e+03 4.643000000000000114e+02 7.599999999999999645e+00 6.650000000000000000e+02
9.019000000000000000e+03 8.630000000000000000e+03 3.690000000000000000e+02 7.799999999999999822e+00 6.720000000000000000e+02
9.061000000000000000e+03 8.392000000000000000e+03 5.778999999999999773e+02 8.599999999999999645e+00 7.000000000000000000e+02
8.968000000000000000e+03 8.475000000000000000e+03 4.210000000000000000e+02 8.199999999999999289e+00 6.840000000000000000e+02
8.965000000000000000e+03 8.583000000000000000e+03 4.771999999999999886e+02 8.199999999999999289e+00 6.840000000000000000e+02
8.977000000000000000e+03 8.556000000000000000e+03 4.575000000000000000e+02 8.400000000000000355e+00 6.480000000000000000e+02
8.987000000000000000e+03 8.572000000000000000e+03 4.661999999999999886e+02 8.300000000000000711e+00 6.960000000000000000e+02
9.054000000000000000e+03 8.492000000000000000e+03 3.758000000000000114e+02 8.400000000000000355e+00 7.120000000000000000e+02
9.044000000000000000e+03 8.554000000000000000e+03 4.323999999999999773e+02 8.400000000000000355e+00 6.610000000000000000e+02
9.059000000000000000e+03 8.485000000000000000e+03 4.506000000000000227e+02 8.099999999999999645e+00 6.890000000000000000e+02
9.029000000000000000e+03 8.571000000000000000e+03 4.015000000000000000e+02 8.000000000000000000e+00 6.540000000000000000e+02
9.021000000000000000e+03 8.382000000000000000e+03 3.270000000000000000e+02 8.400000000000000355e+00 6.750000000000000000e+02
9.013000000000000000e+03 8.429000000000000000e+03 4.886999999999999886e+02 8.599999999999999645e+00 6.680000000000000000e+02
9.033000000000000000e+03 8.464000000000000000e+03 4.346000000000000227e+02 8.500000000000000000e+00 6.850000000000000000e+02
9.001000000000000000e+03 8.467000000000000000e+03 4.445000000000000000e+02 8.099999999999999645e+00 6.760000000000000000e+02
9.008000000000000000e+03 8.484000000000000000e+03 5.992999999999999545e+02 8.599999999999999645e+00 6.770000000000000000e+02
8.980000000000000000e+03 8.536000000000000000e+03 4.473000000000000114e+02 8.500000000000000000e+00 6.630000000000000000e+02
9.034000000000000000e+03 8.479000000000000000e+03 5.801000000000000227e+02 8.199999999999999289e+00 6.620000000000000000e+02
9.038000000000000000e+03 8.483000000000000000e+03 5.148999999999999773e+02 8.300000000000000711e+00 6.840000000000000000e+02
9.007000000000000000e+03 8.592000000000000000e+03 4.043000000000000114e+02 7.799999999999999822e+00 6.490000000000000000e+02
9.007000000000000000e+03 8.418000000000000000e+03 4.646000000000000227e+02 8.400000000000000355e+00 6.660000000000000000e+02
9.042000000000000000e+03 8.599000000000000000e+03 4.215000000000000000e+02 8.099999999999999645e+00 6.610000000000000000e+02
9.037000000000000000e+03 8.463000000000000000e+03 3.923999999999999773e+02 8.000000000000000000e+00 6.710000000000000000e+02
9.037000000000000000e+03 8.568000000000000000e+03 4.143999999999999773e+02 8.400000000000000355e+00 6.670000000000000000e+02
9.048000000000000000e+03 8.598000000000000000e+03 4.378000000000000114e+02 8.300000000000000711e+00 6.450000000000000000e+02
9.007000000000000000e+03 8.606000000000000000e+03 6.266000000000000227e+02 7.599999999999999645e+00 6.470000000000000000e+02
9.017000000000000000e+03 8.541000000000000000e+03 5.933999999999999773e+02 8.599999999999999645e+00 6.680000000000000000e+02
9.041000000000000000e+03 8.586000000000000000e+03 4.216000000000000227e+02 8.099999999999999645e+00 6.830000000000000000e+02
8.994000000000000000e+03 8.472000000000000000e+03 4.416000000000000227e+02 8.400000000000000355e+00 6.850000000000000000e+02
8.994000000000000000e+03 8.510000000000000000e+03 6.102000000000000455e+02 8.099999999999999645e+00 6.880000000000000000e+02
9.053000000000000000e+03 8.454000000000000000e+03 4.078999999999999773e+02 8.699999999999999289e+00 6.620000000000000000e+02
9.010000000000000000e+03 8.456000000000000000e+03 4.486999999999999886e+02 8.000000000000000000e+00 6.730000000000000000e+02
9.004000000000000000e+03 8.432000000000000000e+03 5.722999999999999545e+02 9.199999999999999289e+00 6.560000000000000000e+02
9.035000000000000000e+03 8.472000000000000000e+03 3.508000000000000114e+02 7.700000000000000178e+00 6.810000000000000000e+02
9.036000000000000000e+03 8.555000000000000000e+03 4.445000000000000000e+02 8.300000000000000711e+00 6.850000000000000000e+02
8.999000000000000000e+03 8.630000000000000000e+03 4.323999999999999773e+02 7.799999999999999822e+00 6.940000000000000000e+02
9.043000000000000000e+03 8.622000000000000000e+03 3.630000000000000000e+02 8.500000000000000000e+00 6.580000000000000000e+02
9.064000000000000000e+03 8.499000000000000000e+03 4.546000000000000227e+02 7.900000000000000355e+00 6.540000000000000000e+02
9.045000000000000000e+03 8.402000000000000000e+03 3.223000000000000114e+02 8.599999999999999645e+00 6.930000000000000000e+02
9.009000000000000000e+03 8.605000000000000000e+03 4.535000000000000000e+02 8.400000000000000355e+00 6.570000000000000000e+02
9.073000000000000000e+03 8.468000000000000000e+03 3.516999999999999886e+02 8.199999999999999289e+00 6.710000000000000000e+02
9.029000000000000000e+03 8.556000000000000000e+03 4.256000000000000227e+02 8.500000000000000000e+00 6.510000000000000000e+02
9.031000000000000000e+03 8.568000000000000000e+03 4.623999999999999773e+02 7.799999999999999822e+00 6.760000000000000000e+02
9.011000000000000000e+03 8.564000000000000000e+03 4.318000000000000114e+02 8.199999999999999289e+00 6.520000000000000000e+02
9.072000000000000000e+03 8.543000000000000000e+03 4.853000000000000114e+02 9.400000000000000355e+00 6.510000000000000000e+02
9.032000000000000000e+03 8.536000000000000000e+03 6.178999999999999773e+02 8.199999999999999289e+00 6.710000000000000000e+02
9.027000000000000000e+03 8.549000000000000000e+03 4.623999999999999773e+02 7.400000000000000355e+00 6.810000000000000000e+02
8.986000000000000000e+03 8.587000000000000000e+03 4.206000000000000227e+02 8.099999999999999645e+00 6.670000000000000000e+02
9.044000000000000000e+03 8.596000000000000000e+03 3.178999999999999773e+02 8.099999999999999645e+00 6.480000000000000000e+02
9.000000000000000000e+03 8.474000000000000000e+03 3.976999999999999886e+02 7.599999999999999645e+00 6.440000000000000000e+02
9.011000000000000000e+03 8.465000000000000000e+03 4.113999999999999773e+02 8.400000000000000355e+00 6.950000000000000000e+02
9.023000000000000000e+03 8.561000000000000000e+03 4.523999999999999773e+02 7.599999999999999645e+00 6.640000000000000000e+02
9.002000000000000000e+03 8.471000000000000000e+03 3.801999999999999886e+02 8.500000000000000000e+00 6.870000000000000000e+02
9.020000000000000000e+03 8.419000000000000000e+03 6.902000000000000455e+02 8.400000000000000355e+00 6.790000000000000000e+02
9.034000000000000000e+03 8.493000000000000000e+03 4.638000000000000114e+02 7.599999999999999645e+00 7.080000000000000000e+02
9.010000000000000000e+03 8.524000000000000000e+03 3.780000000000000000e+02 8.099999999999999645e+00 6.970000000000000000e+02
8.993000000000000000e+03 8.593000000000000000e+03 3.941000000000000227e+02 8.000000000000000000e+00 6.730000000000000000e+02
9.062000000000000000e+03 8.534000000000000000e+03 5.031999999999999886e+02 8.599999999999999645e+00 7.090000000000000000e+02
9.043000000000000000e+03 8.550000000000000000e+03 3.636000000000000227e+02 8.400000000000000355e+00 6.870000000000000000e+02
9.008000000000000000e+03 8.593000000000000000e+03 4.001999999999999886e+02 8.300000000000000711e+00 6.660000000000000000e+02
9.016000000000000000e+03 8.435000000000000000e+03 3.695000000000000000e+02 8.699999999999999289e+00 6.690000000000000000e+02
9.003000000000000000e+03 8.570000000000000000e+03 3.745000000000000000e+02 8.400000000000000355e+00 6.770000000000000000e+02
8.989000000000000000e+03 8.450000000000000000e+03 4.326999999999999886e+02 8.699999999999999289e+00 7.120000000000000000e+02
9.041000000000000000e+03 8.542000000000000000e+03 3.206000000000000227e+02 8.800000000000000711e+00 6.750000000000000000e+02
9.032000000000000000e+03 8.543000000000000000e+03 5.990000000000000000e+02 8.500000000000000000e+00 6.870000000000000000e+02
9.007000000000000000e+03 8.472000000000000000e+03 4.401999999999999886e+02 8.099999999999999645e+00 6.770000000000000000e+02
9.025000000000000000e+03 8.478000000000000000e+03 4.196000000000000227e+02 8.800000000000000711e+00 6.680000000000000000e+02
9.033000000000000000e+03 8.465000000000000000e+03 5.882000000000000455e+02 9.000000000000000000e+00 6.870000000000000000e+02
9.039000000000000000e+03 8.375000000000000000e+03 4.116999999999999886e+02 8.199999999999999289e+00 6.750000000000000000e+02
9.012000000000000000e+03 8.475000000000000000e+03 4.268000000000000114e+02 8.300000000000000711e+00 6.700000000000000000e+02
9.031000000000000000e+03 8.544000000000000000e+03 3.473999999999999773e+02 8.099999999999999645e+00 7.190000000000000000e+02
9.028000000000000000e+03 8.585000000000000000e+03 6.846000000000000227e+02 8.199999999999999289e+00 6.750000000000000000e+02
9.004000000000000000e+03 8.522000000000000000e+03 3.646000000000000227e+02 9.099999999999999645e+00 7.210000000000000000e+02
8.988000000000000000e+03 8.540000000000000000e+03 3.418999999999999773e+02 8.199999999999999289e+00 7.030000000000000000e+02
9.019000000000000000e+03 8.581000000000000000e+03 5.800000000000000000e+02 8.800000000000000711e+00 6.800000000000000000e+02
9.028000000000000000e+03 8.558000000000000000e+03 3.490000000000000000e+02 8.599999999999999645e+00 6.620000000000000000e+02
8.956000000000000000e+03 8.536000000000000000e+03 4.706000000000000227e+02 8.199999999999999289e+00 6.710000000000000000e+02
8.998000000000000000e+03 8.632000000000000000e+03 4.853999999999999773e+02 7.799999999999999822e+00 6.980000000000000000e+02
9.028000000000000000e+03 8.506000000000000000e+03 4.886000000000000227e+02 9.000000000000000000e+00 6.540000000000000000e+02
9.041000000000000000e+03 8.604000000000000000e+03 3.476000000000000227e+02 7.500000000000000000e+00 6.920000000000000000e+02
9.001000000000000000e+03 8.442000000000000000e+03 4.346000000000000227e+02 8.300000000000000711e+00 6.850000000000000000e+02
8.969000000000000000e+03 8.626000000000000000e+03 4.296999999999999886e+02 7.599999999999999645e+00 6.690000000000000000e+02
8.996000000000000000e+03 8.559000000000000000e+03 4.568999999999999773e+02 8.500000000000000000e+00 6.770000000000000000e+02
8.988000000000000000e+03 8.596000000000000000e+03 3.798999999999999773e+02 8.500000000000000000e+00 6.730000000000000000e+02
9.021000000000000000e+03 8.543000000000000000e+03 4.613000000000000114e+02 9.000000000000000000e+00 6.610000000000000000e+02
8.991000000000000000e+03 8.528000000000000000e+03 4.383999999999999773e+02 8.900000000000000355e+00 6.690000000000000000e+02
9.037000000000000000e+03 8.563000000000000000e+03 3.196999999999999886e+02 8.400000000000000355e+00 6.750000000000000000e+02
8.983000000000000000e+03 8.509000000000000000e+03 6.066000000000000227e+02 8.400000000000000355e+00 6.980000000000000000e+02
9.035000000000000000e+03 8.570000000000000000e+03 8.045000000000000000e+02 8.199999999999999289e+00 6.900000000000000000e+02
8.985000000000000000e+03 8.581000000000000000e+03 3.375000000000000000e+02 7.900000000000000355e+00 6.590000000000000000e+02
9.014000000000000000e+03 8.476000000000000000e+03 4.583000000000000114e+02 8.000000000000000000e+00 6.730000000000000000e+02
9.040000000000000000e+03 8.484000000000000000e+03 4.348000000000000114e+02 8.599999999999999645e+00 6.400000000000000000e+02
9.059000000000000000e+03 8.583000000000000000e+03 4.251999999999999886e+02 8.300000000000000711e+00 6.780000000000000000e+02
9.031000000000000000e+03 8.497000000000000000e+03 3.945000000000000000e+02 8.400000000000000355e+00 6.640000000000000000e+02
9.004000000000000000e+03 8.530000000000000000e+03 3.673000000000000114e+02 8.300000000000000711e+00 6.960000000000000000e+02
9.032000000000000000e+03 8.611000000000000000e+03 5.668999999999999773e+02 7.799999999999999822e+00 6.510000000000000000e+02
9.027000000000000000e+03 8.476000000000000000e+03 3.883000000000000114e+02 8.300000000000000711e+00 6.680000000000000000e+02
8.980000000000000000e+03 8.641000000000000000e+03 4.391999999999999886e+02 8.099999999999999645e+00 6.860000000000000000e+02
9.016000000000000000e+03 8.390000000000000000e+03 4.420000000000000000e+02 8.900000000000000355e+00 6.880000000000000000e+02
8.990000000000000000e+03 8.426000000000000000e+03 4.906999999999999886e+02 8.800000000000000711e+00 6.640000000000000000e+02
8.974000000000000000e+03 8.521000000000000000e+03 3.701000000000000227e+02 8.000000000000000000e+00 6.940000000000000000e+02
9.005000000000000000e+03 8.428000000000000000e+03 7.302000000000000455e+02 8.599999999999999645e+00 7.080000000000000000e+02
9.022000000000000000e+03 8.511000000000000000e+03 3.291000000000000227e+02 8.300000000000000711e+00 6.640000000000000000e+02
9.055000000000000000e+03 8.464000000000000000e+03 3.905000000000000000e+02 8.599999999999999645e+00 6.960000000000000000e+02
8.994000000000000000e+03 8.522000000000000000e+03 3.620000000000000000e+02 8.699999999999999289e+00 6.740000000000000000e+02
9.020000000000000000e+03 8.510000000000000000e+03 3.743000000000000114e+02 8.199999999999999289e+00 6.640000000000000000e+02
9.016000000000000000e+03 8.480000000000000000e+03 6.210000000000000000e+02 8.500000000000000000e+00 6.760000000000000000e+02
9.000000000000000000e+03 8.592000000000000000e+03 4.551000000000000227e+02 7.599999999999999645e+00 7.280000000000000000e+02
8.981000000000000000e+03 8.388000000000000000e+03 3.748999999999999773e+02 8.000000000000000000e+00 7.110000000000000000e+02
8.988000000000000000e+03 8.338000000000000000e+03 4.371000000000000227e+02 8.500000000000000000e+00 6.980000000000000000e+02
8.968000000000000000e+03 8.608000000000000000e+03 4.030000000000000000e+02 8.000000000000000000e+00 6.840000000000000000e+02
9.024000000000000000e+03 8.464000000000000000e+03 5.025000000000000000e+02 8.199999999999999289e+00 6.790000000000000000e+02
8.987000000000000000e+03 8.483000000000000000e+03 3.908000000000000114e+02 7.700000000000000178e+00 6.700000000000000000e+02
9.064000000000000000e+03 8.482000000000000000e+03 3.183999999999999773e+02 8.300000000000000711e+00 6.860000000000000000e+02
9.021000000000000000e+03 8.381000000000000000e+03 4.051000000000000227e+02 8.199999999999999289e+00 6.630000000000000000e+02
9.034000000000000000e+03 8.544000000000000000e+03 4.923999999999999773e+02 9.300000000000000711e+00 6.500000000000000000e+02
9.021000000000000000e+03 8.484000000000000000e+03 3.628000000000000114e+02 8.500000000000000000e+00 6.920000000000000000e+02
9.045000000000000000e+03 8.543000000000000000e+03 3.853000000000000114e+02 9.300000000000000711e+00 6.930000000000000000e+02
9.024000000000000000e+03 8.499000000000000000e+03 5.771000000000000227e+02 7.799999999999999822e+00 6.840000000000000000e+02
9.043000000000000000e+03 8.663000000000000000e+03 2.988999999999999773e+02 7.700000000000000178e+00 6.380000000000000000e+02
9.021000000000000000e+03 8.380000000000000000e+03 3.565000000000000000e+02 8.800000000000000711e+00 7.090000000000000000e+02
9.026000000000000000e+03 8.534000000000000000e+03 4.338000000000000114e+02 7.700000000000000178e+00 6.560000000000000000e+02
9.050000000000000000e+03 8.607000000000000000e+03 3.593999999999999773e+02 8.099999999999999645e+00 6.990000000000000000e+02
9.039000000000000000e+03 8.377000000000000000e+03 4.325000000000000000e+02 8.699999999999999289e+00 6.540000000000000000e+02
9.063000000000000000e+03 8.561000000000000000e+03 4.033999999999999773e+02 8.300000000000000711e+00 6.800000000000000000e+02
9.042000000000000000e+03 8.472000000000000000e+03 4.260000000000000000e+02 8.099999999999999645e+00 6.980000000000000000e+02
9.037000000000000000e+03 8.439000000000000000e+03 5.526000000000000227e+02 8.099999999999999645e+00 6.830000000000000000e+02
9.041000000000000000e+03 8.582000000000000000e+03 4.036000000000000227e+02 8.300000000000000711e+00 6.590000000000000000e+02
8.987000000000000000e+03 8.464000000000000000e+03 4.035000000000000000e+02 8.400000000000000355e+00 6.740000000000000000e+02
9.028000000000000000e+03 8.530000000000000000e+03 4.535000000000000000e+02 9.400000000000000355e+00 6.890000000000000000e+02
9.012000000000000000e+03 8.550000000000000000e+03 4.421999999999999886e+02 7.900000000000000355e+00 6.390000000000000000e+02
9.027000000000000000e+03 8.608000000000000000e+03 3.551000000000000227e+02 8.400000000000000355e+00 6.990000000000000000e+02
9.009000000000000000e+03 8.546000000000000000e+03 3.600000000000000000e+02 8.199999999999999289e+00 6.810000000000000000e+02
9.034000000000000000e+03 8.608000000000000000e+03 3.273000000000000114e+02 7.900000000000000355e+00 6.720000000000000000e+02
9.011000000000000000e+03 8.551000000000000000e+03 4.188999999999999773e+02 7.400000000000000355e+00 6.680000000000000000e+02
