8.408000000000000000e+03 6.600000000000000000e+03 9.572000000000000455e+02 6.029999999999999716e+01 1.960000000000000000e+02
8.368000000000000000e+03 6.663000000000000000e+03 1.052400000000000091e+03 5.710000000000000142e+01 1.860000000000000000e+02
8.362000000000000000e+03 6.598000000000000000e+03 1.066400000000000091e+03 6.440000000000000568e+01 2.010000000000000000e+02
8.332000000000000000e+03 6.722000000000000000e+03 7.883999999999999773e+02 5.839999999999999858e+01 1.890000000000000000e+02
8.316000000000000000e+03 6.674000000000000000e+03 1.028099999999999909e+03 5.620000000000000284e+01 1.880000000000000000e+02
8.262000000000000000e+03 6.555000000000000000e+03 8.987000000000000455e+02 6.409999999999999432e+01 2.000000000000000000e+02
8.365000000000000000e+03 6.597000000000000000e+03 1.098599999999999909e+03 6.129999999999999716e+01 1.860000000000000000e+02
8.346000000000000000e+03 6.657000000000000000e+03 1.202099999999999909e+03 5.860000000000000142e+01 1.980000000000000000e+02
8.338000000000000000e+03 6.516000000000000000e+03 1.119299999999999955e+03 5.900000000000000000e+01 1.850000000000000000e+02
8.339000000000000000e+03 6.628000000000000000e+03 1.130400000000000091e+03 5.700000000000000000e+01 1.900000000000000000e+02
8.357000000000000000e+03 6.703000000000000000e+03 8.692999999999999545e+02 5.910000000000000142e+01 1.890000000000000000e+02
8.328000000000000000e+03 6.662000000000000000e+03 9.590000000000000000e+02 5.929999999999999716e+01 2.010000000000000000e+02
8.390000000000000000e+03 6.699000000000000000e+03 1.265799999999999955e+03 6.070000000000000284e+01 1.810000000000000000e+02
8.333000000000000000e+03 6.763000000000000000e+03 9.202999999999999545e+02 6.000000000000000000e+01 1.810000000000000000e+02
8.370000000000000000e+03 6.581000000000000000e+03 1.154200000000000045e+03 6.640000000000000568e+01 1.790000000000000000e+02
8.393000000000000000e+03 6.650000000000000000e+03 1.067599999999999909e+03 6.900000000000000000e+01 1.900000000000000000e+02
8.324000000000000000e+03 6.596000000000000000e+03 1.069099999999999909e+03 6.100000000000000000e+01 1.980000000000000000e+02
8.350000000000000000e+03 6.679000000000000000e+03 1.180400000000000091e+03 5.810000000000000142e+01 1.820000000000000000e+02
8.396000000000000000e+03 6.580000000000000000e+03 1.066299999999999955e+03 6.110000000000000142e+01 1.900000000000000000e+02
8.316000000000000000e+03 6.706000000000000000e+03 1.044299999999999955e+03 5.500000000000000000e+01 1.870000000000000000e+02
8.354000000000000000e+03 6.614000000000000000e+03 1.066099999999999909e+03 5.700000000000000000e+01 2.050000000000000000e+02
8.308000000000000000e+03 6.617000000000000000e+03 9.477000000000000455e+02 6.029999999999999716e+01 1.910000000000000000e+02
8.264000000000000000e+03 6.638000000000000000e+03 1.282299999999999955e+03 5.900000000000000000e+01 1.860000000000000000e+02
8.393000000000000000e+03 6.583000000000000000e+03 1.185700000000000045e+03 6.129999999999999716e+01 1.870000000000000000e+02
8.352000000000000000e+03 6.530000000000000000e+03 1.192900000000000091e+03 5.800000000000000000e+01 1.880000000000000000e+02
8.326000000000000000e+03 6.625000000000000000e+03 8.797000000000000455e+02 5.189999999999999858e+01 1.830000000000000000e+02
8.352000000000000000e+03 6.553000000000000000e+03 1.206400000000000091e+03 5.510000000000000142e+01 1.990000000000000000e+02
8.293000000000000000e+03 6.858000000000000000e+03 1.047099999999999909e+03 5.410000000000000142e+01 1.850000000000000000e+02
8.328000000000000000e+03 6.621000000000000000e+03 1.111799999999999955e+03 5.400000000000000000e+01 1.940000000000000000e+02
8.334000000000000000e+03 6.707000000000000000e+03 7.088999999999999773e+02 5.720000000000000284e+01 1.930000000000000000e+02
8.340000000000000000e+03 6.695000000000000000e+03 9.882000000000000455e+02 5.639999999999999858e+01 1.980000000000000000e+02
8.340000000000000000e+03 6.592000000000000000e+03 1.239400000000000091e+03 6.200000000000000000e+01 2.100000000000000000e+02
8.351000000000000000e+03 6.654000000000000000e+03 9.212000000000000455e+02 5.750000000000000000e+01 1.830000000000000000e+02
8.345000000000000000e+03 6.599000000000000000e+03 9.628999999999999773e+02 7.000000000000000000e+01 1.870000000000000000e+02
8.270000000000000000e+03 6.464000000000000000e+03 1.004700000000000045e+03 5.970000000000000284e+01 1.840000000000000000e+02
8.344000000000000000e+03 6.634000000000000000e+03 8.607000000000000455e+02 5.629999999999999716e+01 1.860000000000000000e+02
8.376000000000000000e+03 6.805000000000000000e+03 1.014399999999999977e+03 6.400000000000000000e+01 2.020000000000000000e+02
8.415000000000000000e+03 6.638000000000000000e+03 9.703999999999999773e+02 6.039999999999999858e+01 1.880000000000000000e+02
8.332000000000000000e+03 6.607000000000000000e+03 1.393000000000000000e+03 5.720000000000000284e+01 1.830000000000000000e+02
8.371000000000000000e+03 6.654000000000000000e+03 9.132999999999999545e+02 6.229999999999999716e+01 1.870000000000000000e+02
8.297000000000000000e+03 6.609000000000000000e+03 8.796000000000000227e+02 5.800000000000000000e+01 1.950000000000000000e+02
8.256000000000000000e+03 6.687000000000000000e+03 9.976000000000000227e+02 6.300000000000000000e+01 1.950000000000000000e+02
8.398000000000000000e+03 6.628000000000000000e+03 9.932999999999999545e+02 6.200000000000000000e+01 1.890000000000000000e+02
8.359000000000000000e+03 6.647000000000000000e+03 1.059099999999999909e+03 5.939999999999999858e+01 1.880000000000000000e+02
8.304000000000000000e+03 6.583000000000000000e+03 1.024700000000000045e+03 6.540000000000000568e+01 1.960000000000000000e+02
8.310000000000000000e+03 6.651000000000000000e+03 1.380099999999999909e+03 6.160000000000000142e+01 1.860000000000000000e+02
8.380000000000000000e+03 6.730000000000000000e+03 1.089599999999999909e+03 6.220000000000000284e+01 1.870000000000000000e+02
8.289000000000000000e+03 6.755000000000000000e+03 1.095200000000000045e+03 6.370000000000000284e+01 1.900000000000000000e+02
8.308000000000000000e+03 6.701000000000000000e+03 9.525000000000000000e+02 5.810000000000000142e+01 1.870000000000000000e+02
8.333000000000000000e+03 6.708000000000000000e+03 1.029900000000000091e+03 6.700000000000000000e+01 2.100000000000000000e+02
8.338000000000000000e+03 6.697000000000000000e+03 1.204599999999999909e+03 6.010000000000000142e+01 1.860000000000000000e+02
8.335000000000000000e+03 6.580000000000000000e+03 1.343299999999999955e+03 6.220000000000000284e+01 1.800000000000000000e+02
8.368000000000000000e+03 6.622000000000000000e+03 1.068700000000000045e+03 5.839999999999999858e+01 1.830000000000000000e+02
8.360000000000000000e+03 6.584000000000000000e+03 9.361000000000000227e+02 6.029999999999999716e+01 1.880000000000000000e+02
8.342000000000000000e+03 6.641000000000000000e+03 8.617000000000000455e+02 5.720000000000000284e+01 1.890000000000000000e+02
8.330000000000000000e+03 6.608000000000000000e+03 1.217599999999999909e+03 6.110000000000000142e+01 1.960000000000000000e+02
8.377000000000000000e+03 6.626000000000000000e+03 9.983999999999999773e+02 7.000000000000000000e+01 1.910000000000000000e+02
8.334000000000000000e+03 6.501000000000000000e+03 1.308599999999999909e+03 5.470000000000000284e+01 1.800000000000000000e+02
8.333000000000000000e+03 6.656000000000000000e+03 1.197099999999999909e+03 5.939999999999999858e+01 1.900000000000000000e+02
8.411000000000000000e+03 6.655000000000000000e+03 9.745000000000000000e+02 5.670000000000000284e+01 1.860000000000000000e+02
8.330000000000000000e+03 6.645000000000000000e+03 9.031000000000000227e+02 5.429999999999999716e+01 1.950000000000000000e+02
8.308000000000000000e+03 6.640000000000000000e+03 9.946000000000000227e+02 5.610000000000000142e+01 1.790000000000000000e+02
8.331000000000000000e+03 6.598000000000000000e+03 1.068099999999999909e+03 6.110000000000000142e+01 1.940000000000000000e+02
8.388000000000000000e+03 6.687000000000000000e+03 1.367000000000000000e+03 6.500000000000000000e+01 1.930000000000000000e+02
8.362000000000000000e+03 6.728000000000000000e+03 7.953999999999999773e+02 5.710000000000000142e+01 1.840000000000000000e+02
8.316000000000000000e+03 6.516000000000000000e+03 9.917000000000000455e+02 6.010000000000000142e+01 2.060000000000000000e+02
8.336000000000000000e+03 6.624000000000000000e+03 1.046599999999999909e+03 5.820000000000000284e+01 1.830000000000000000e+02
8.335000000000000000e+03 6.749000000000000000e+03 8.632000000000000455e+02 5.600000000000000000e+01 1.870000000000000000e+02
8.337000000000000000e+03 6.750000000000000000e+03 1.067000000000000000e+03 5.960000000000000142e+01 1.900000000000000000e+02
8.384000000000000000e+03 6.821000000000000000e+03 1.132700000000000045e+03 5.779999999999999716e+01 2.080000000000000000e+02
8.364000000000000000e+03 6.728000000000000000e+03 8.270000000000000000e+02 6.050000000000000000e+01 1.930000000000000000e+02
8.362000000000000000e+03 6.627000000000000000e+03 8.761000000000000227e+02 6.400000000000000000e+01 1.990000000000000000e+02
8.353000000000000000e+03 6.612000000000000000e+03 1.784700000000000045e+03 6.000000000000000000e+01 1.910000000000000000e+02
8.316000000000000000e+03 6.728000000000000000e+03 8.547999999999999545e+02 5.500000000000000000e+01 1.850000000000000000e+02
8.318000000000000000e+03 6.596000000000000000e+03 1.400599999999999909e+03 5.400000000000000000e+01 1.930000000000000000e+02
8.311000000000000000e+03 6.557000000000000000e+03 9.932999999999999545e+02 6.300000000000000000e+01 1.950000000000000000e+02
8.245000000000000000e+03 6.696000000000000000e+03 1.341599999999999909e+03 5.629999999999999716e+01 1.980000000000000000e+02
8.297000000000000000e+03 6.692000000000000000e+03 1.148700000000000045e+03 6.029999999999999716e+01 1.960000000000000000e+02
8.360000000000000000e+03 6.511000000000000000e+03 1.283900000000000091e+03 5.710000000000000142e+01 1.960000000000000000e+02
8.319000000000000000e+03 6.740000000000000000e+03 1.029099999999999909e+03 5.810000000000000142e+01 1.910000000000000000e+02
8.315000000000000000e+03 6.694000000000000000e+03 1.155700000000000045e+03 6.060000000000000142e+01 1.850000000000000000e+02
8.348000000000000000e+03 6.737000000000000000e+03 9.390000000000000000e+02 5.600000000000000000e+01 1.840000000000000000e+02
8.361000000000000000e+03 6.923000000000000000e+03 1.217700000000000045e+03 5.570000000000000284e+01 1.920000000000000000e+02
8.350000000000000000e+03 6.591000000000000000e+03 1.225200000000000045e+03 5.800000000000000000e+01 1.880000000000000000e+02
8.387000000000000000e+03 6.597000000000000000e+03 1.323400000000000091e+03 5.760000000000000142e+01 1.950000000000000000e+02
8.361000000000000000e+03 6.716000000000000000e+03 9.771000000000000227e+02 5.800000000000000000e+01 1.900000000000000000e+02
8.370000000000000000e+03 6.635000000000000000e+03 1.004799999999999955e+03 6.100000000000000000e+01 2.060000000000000000e+02
8.356000000000000000e+03 6.654000000000000000e+03 9.303999999999999773e+02 5.650000000000000000e+01 1.910000000000000000e+02
8.347000000000000000e+03 6.542000000000000000e+03 9.355000000000000000e+02 6.229999999999999716e+01 1.860000000000000000e+02
8.363000000000000000e+03 6.660000000000000000e+03 1.097099999999999909e+03 5.829999999999999716e+01 1.860000000000000000e+02
8.367000000000000000e+03 6.610000000000000000e+03 9.747000000000000455e+02 6.210000000000000142e+01 1.880000000000000000e+02
8.306000000000000000e+03 6.666000000000000000e+03 8.392999999999999545e+02 5.470000000000000284e+01 1.930000000000000000e+02
8.408000000000000000e+03 6.772000000000000000e+03 1.037400000000000091e+03 6.200000000000000000e+01 1.860000000000000000e+02
8.314000000000000000e+03 6.495000000000000000e+03 1.081900000000000091e+03 6.850000000000000000e+01 1.860000000000000000e+02
8.350000000000000000e+03 6.543000000000000000e+03 1.510299999999999955e+03 6.000000000000000000e+01 1.900000000000000000e+02
8.330000000000000000e+03 6.671000000000000000e+03 1.206599999999999909e+03 7.129999999999999716e+01 1.860000000000000000e+02
8.312000000000000000e+03 6.663000000000000000e+03 1.269500000000000000e+03 5.770000000000000284e+01 1.840000000000000000e+02
8.292000000000000000e+03 6.641000000000000000e+03 8.972999999999999545e+02 5.900000000000000000e+01 1.840000000000000000e+02
8.328000000000000000e+03 6.709000000000000000e+03 9.652000000000000455e+02 6.039999999999999858e+01 1.980000000000000000e+02
8.343000000000000000e+03 6.568000000000000000e+03 1.100400000000000091e+03 5.800000000000000000e+01 1.910000000000000000e+02
8.321000000000000000e+03 6.628000000000000000e+03 9.061000000000000227e+02 5.810000000000000142e+01 1.880000000000000000e+02
8.332000000000000000e+03 6.772000000000000000e+03 1.222599999999999909e+03 5.700000000000000000e+01 2.050000000000000000e+02
8.347000000000000000e+03 6.668000000000000000e+03 1.409900000000000091e+03 6.039999999999999858e+01 1.830000000000000000e+02
8.296000000000000000e+03 6.583000000000000000e+03 1.809799999999999955e+03 6.550000000000000000e+01 1.870000000000000000e+02
8.298000000000000000e+03 6.531000000000000000e+03 8.207000000000000455e+02 6.420000000000000284e+01 1.860000000000000000e+02
8.325000000000000000e+03 6.673000000000000000e+03 1.123700000000000045e+03 5.839999999999999858e+01 1.850000000000000000e+02
8.352000000000000000e+03 6.693000000000000000e+03 1.301200000000000045e+03 6.459999999999999432e+01 1.860000000000000000e+02
8.296000000000000000e+03 6.624000000000000000e+03 9.662000000000000455e+02 5.450000000000000000e+01 1.860000000000000000e+02
8.317000000000000000e+03 6.683000000000000000e+03 1.039299999999999955e+03 5.889999999999999858e+01 1.960000000000000000e+02
8.279000000000000000e+03 6.627000000000000000e+03 8.257999999999999545e+02 5.579999999999999716e+01 2.020000000000000000e+02
8.304000000000000000e+03 6.582000000000000000e+03 1.083500000000000000e+03 7.620000000000000284e+01 1.910000000000000000e+02
8.319000000000000000e+03 6.709000000000000000e+03 7.841000000000000227e+02 5.829999999999999716e+01 1.900000000000000000e+02
8.375000000000000000e+03 6.714000000000000000e+03 9.156000000000000227e+02 5.710000000000000142e+01 1.910000000000000000e+02
8.361000000000000000e+03 6.529000000000000000e+03 1.067400000000000091e+03 5.700000000000000000e+01 1.920000000000000000e+02
8.332000000000000000e+03 6.671000000000000000e+03 1.020100000000000023e+03 5.200000000000000000e+01 1.950000000000000000e+02
8.343000000000000000e+03 6.567000000000000000e+03 1.677099999999999909e+03 6.400000000000000000e+01 2.010000000000000000e+02
8.340000000000000000e+03 6.683000000000000000e+03 1.200700000000000045e+03 5.700000000000000000e+01 1.930000000000000000e+02
8.356000000000000000e+03 6.635000000000000000e+03 1.021799999999999955e+03 6.540000000000000568e+01 1.920000000000000000e+02
8.325000000000000000e+03 6.643000000000000000e+03 1.013299999999999955e+03 5.839999999999999858e+01 2.100000000000000000e+02
8.298000000000000000e+03 6.696000000000000000e+03 9.423999999999999773e+02 5.620000000000000284e+01 1.880000000000000000e+02
8.374000000000000000e+03 6.569000000000000000e+03 1.178900000000000091e+03 6.020000000000000284e+01 1.880000000000000000e+02
8.332000000000000000e+03 6.682000000000000000e+03 1.090700000000000045e+03 5.300000000000000000e+01 1.960000000000000000e+02
8.351000000000000000e+03 6.648000000000000000e+03 9.820000000000000000e+02 5.500000000000000000e+01 1.890000000000000000e+02
8.408000000000000000e+03 6.617000000000000000e+03 1.189700000000000045e+03 6.120000000000000284e+01 1.920000000000000000e+02
8.362000000000000000e+03 6.655000000000000000e+03 1.049200000000000045e+03 5.910000000000000142e+01 1.900000000000000000e+02
8.361000000000000000e+03 6.684000000000000000e+03 9.966000000000000227e+02 6.500000000000000000e+01 1.880000000000000000e+02
8.403000000000000000e+03 6.700000000000000000e+03 1.499000000000000000e+03 5.850000000000000000e+01 1.920000000000000000e+02
8.413000000000000000e+03 6.665000000000000000e+03 1.047700000000000045e+03 6.100000000000000000e+01 1.960000000000000000e+02
8.378000000000000000e+03 6.571000000000000000e+03 9.542000000000000455e+02 5.910000000000000142e+01 1.790000000000000000e+02
8.311000000000000000e+03 6.678000000000000000e+03 1.101099999999999909e+03 5.970000000000000284e+01 1.950000000000000000e+02
8.311000000000000000e+03 6.627000000000000000e+03 1.106599999999999909e+03 5.720000000000000284e+01 1.900000000000000000e+02
8.314000000000000000e+03 6.653000000000000000e+03 1.149799999999999955e+03 6.020000000000000284e+01 2.120000000000000000e+02
8.344000000000000000e+03 6.636000000000000000e+03 9.847000000000000455e+02 6.429999999999999716e+01 1.950000000000000000e+02
8.363000000000000000e+03 6.458000000000000000e+03 1.283200000000000045e+03 5.800000000000000000e+01 1.990000000000000000e+02
8.364000000000000000e+03 6.566000000000000000e+03 1.067299999999999955e+03 6.529999999999999716e+01 1.890000000000000000e+02
8.302000000000000000e+03 6.614000000000000000e+03 9.408999999999999773e+02 5.370000000000000284e+01 1.920000000000000000e+02
8.406000000000000000e+03 6.687000000000000000e+03 1.125599999999999909e+03 6.400000000000000000e+01 1.890000000000000000e+02
8.382000000000000000e+03 6.615000000000000000e+03 8.522000000000000455e+02 5.610000000000000142e+01 1.890000000000000000e+02
8.387000000000000000e+03 6.630000000000000000e+03 9.737999999999999545e+02 5.770000000000000284e+01 1.870000000000000000e+02
8.366000000000000000e+03 6.688000000000000000e+03 1.089099999999999909e+03 5.420000000000000284e+01 1.990000000000000000e+02
8.333000000000000000e+03 6.698000000000000000e+03 1.479400000000000091e+03 5.700000000000000000e+01 1.960000000000000000e+02
8.328000000000000000e+03 6.641000000000000000e+03 1.216799999999999955e+03 6.110000000000000142e+01 1.960000000000000000e+02
8.338000000000000000e+03 6.550000000000000000e+03 1.026000000000000000e+03 6.160000000000000142e+01 1.840000000000000000e+02
8.264000000000000000e+03 6.633000000000000000e+03 1.019600000000000023e+03 5.929999999999999716e+01 2.020000000000000000e+02
8.327000000000000000e+03 6.631000000000000000e+03 1.148000000000000000e+03 5.600000000000000000e+01 1.950000000000000000e+02
8.337000000000000000e+03 6.708000000000000000e+03 1.014799999999999955e+03 6.039999999999999858e+01 1.930000000000000000e+02
8.357000000000000000e+03 6.640000000000000000e+03 9.787000000000000455e+02 6.210000000000000142e+01 1.880000000000000000e+02
8.352000000000000000e+03 6.688000000000000000e+03 1.120900000000000091e+03 6.409999999999999432e+01 1.960000000000000000e+02
8.340000000000000000e+03 6.644000000000000000e+03 1.025500000000000000e+03 5.300000000000000000e+01 1.830000000000000000e+02
8.382000000000000000e+03 6.656000000000000000e+03 9.362000000000000455e+02 6.250000000000000000e+01 1.970000000000000000e+02
8.433000000000000000e+03 6.546000000000000000e+03 9.043999999999999773e+02 5.620000000000000284e+01 1.870000000000000000e+02
8.308000000000000000e+03 6.654000000000000000e+03 1.130599999999999909e+03 5.900000000000000000e+01 1.850000000000000000e+02
8.341000000000000000e+03 6.606000000000000000e+03 9.255000000000000000e+02 6.440000000000000568e+01 1.870000000000000000e+02
8.351000000000000000e+03 6.678000000000000000e+03 1.183000000000000000e+03 5.550000000000000000e+01 1.980000000000000000e+02
8.326000000000000000e+03 6.660000000000000000e+03 1.299700000000000045e+03 6.329999999999999716e+01 1.810000000000000000e+02
8.351000000000000000e+03 6.634000000000000000e+03 1.064700000000000045e+03 6.320000000000000284e+01 1.990000000000000000e+02
8.340000000000000000e+03 6.535000000000000000e+03 7.897999999999999545e+02 6.540000000000000568e+01 1.980000000000000000e+02
8.331000000000000000e+03 6.621000000000000000e+03 9.685000000000000000e+02 5.460000000000000142e+01 1.880000000000000000e+02
8.322000000000000000e+03 6.749000000000000000e+03 1.019100000000000023e+03 5.800000000000000000e+01 1.880000000000000000e+02
8.307000000000000000e+03 6.626000000000000000e+03 1.075900000000000091e+03 5.900000000000000000e+01 1.950000000000000000e+02
8.356000000000000000e+03 6.663000000000000000e+03 1.080599999999999909e+03 6.200000000000000000e+01 1.900000000000000000e+02
8.348000000000000000e+03 6.578000000000000000e+03 7.908999999999999773e+02 6.129999999999999716e+01 2.010000000000000000e+02
8.350000000000000000e+03 6.692000000000000000e+03 1.187200000000000045e+03 6.270000000000000284e+01 1.860000000000000000e+02
8.332000000000000000e+03 6.731000000000000000e+03 1.033799999999999955e+03 5.810000000000000142e+01 1.860000000000000000e+02
8.380000000000000000e+03 6.681000000000000000e+03 1.241599999999999909e+03 6.070000000000000284e+01 1.930000000000000000e+02
8.350000000000000000e+03 6.739000000000000000e+03 1.125500000000000000e+03 5.729999999999999716e+01 1.890000000000000000e+02
8.298000000000000000e+03 6.643000000000000000e+03 1.150599999999999909e+03 5.129999999999999716e+01 1.830000000000000000e+02
8.305000000000000000e+03 6.578000000000000000e+03 1.103900000000000091e+03 6.339999999999999858e+01 1.870000000000000000e+02
8.338000000000000000e+03 6.602000000000000000e+03 9.582999999999999545e+02 5.839999999999999858e+01 1.890000000000000000e+02
8.306000000000000000e+03 6.638000000000000000e+03 1.338799999999999955e+03 6.229999999999999716e+01 1.870000000000000000e+02
8.332000000000000000e+03 6.706000000000000000e+03 1.077099999999999909e+03 5.820000000000000284e+01 1.930000000000000000e+02
8.379000000000000000e+03 6.665000000000000000e+03 9.156000000000000227e+02 5.400000000000000000e+01 1.900000000000000000e+02
8.321000000000000000e+03 6.763000000000000000e+03 1.159799999999999955e+03 5.829999999999999716e+01 1.910000000000000000e+02
8.318000000000000000e+03 6.707000000000000000e+03 1.089400000000000091e+03 6.300000000000000000e+01 1.930000000000000000e+02
8.336000000000000000e+03 6.713000000000000000e+03 1.203000000000000000e+03 6.000000000000000000e+01 1.830000000000000000e+02
8.302000000000000000e+03 6.620000000000000000e+03 9.807000000000000455e+02 6.160000000000000142e+01 1.890000000000000000e+02
8.381000000000000000e+03 6.668000000000000000e+03 1.231700000000000045e+03 5.960000000000000142e+01 1.900000000000000000e+02
8.335000000000000000e+03 6.765000000000000000e+03 9.267000000000000455e+02 6.210000000000000142e+01 1.950000000000000000e+02
8.399000000000000000e+03 6.705000000000000000e+03 1.151400000000000091e+03 6.110000000000000142e+01 1.900000000000000000e+02
8.388000000000000000e+03 6.518000000000000000e+03 8.977000000000000455e+02 6.129999999999999716e+01 1.780000000000000000e+02
8.356000000000000000e+03 6.611000000000000000e+03 1.324500000000000000e+03 5.389999999999999858e+01 2.000000000000000000e+02
8.309000000000000000e+03 6.567000000000000000e+03 1.331700000000000045e+03 6.659999999999999432e+01 1.800000000000000000e+02
8.312000000000000000e+03 6.542000000000000000e+03 9.288999999999999773e+02 5.439999999999999858e+01 1.900000000000000000e+02
8.322000000000000000e+03 6.563000000000000000e+03 9.515000000000000000e+02 5.920000000000000284e+01 1.900000000000000000e+02
8.378000000000000000e+03 6.596000000000000000e+03 9.906000000000000227e+02 6.179999999999999716e+01 1.860000000000000000e+02
8.355000000000000000e+03 6.748000000000000000e+03 9.263999999999999773e+02 6.520000000000000284e+01 2.020000000000000000e+02
8.326000000000000000e+03 6.689000000000000000e+03 7.122000000000000455e+02 5.929999999999999716e+01 2.010000000000000000e+02
8.385000000000000000e+03 6.732000000000000000e+03 8.647000000000000455e+02 7.709999999999999432e+01 1.950000000000000000e+02
8.386000000000000000e+03 6.706000000000000000e+03 1.146299999999999955e+03 6.150000000000000000e+01 1.950000000000000000e+02
8.360000000000000000e+03 6.610000000000000000e+03 8.025000000000000000e+02 6.520000000000000284e+01 1.880000000000000000e+02
8.353000000000000000e+03 6.702000000000000000e+03 9.356000000000000227e+02 5.960000000000000142e+01 1.910000000000000000e+02
8.313000000000000000e+03 6.563000000000000000e+03 9.877999999999999545e+02 5.229999999999999716e+01 1.840000000000000000e+02
8.351000000000000000e+03 6.652000000000000000e+03 9.043999999999999773e+02 5.700000000000000000e+01 1.940000000000000000e+02
8.339000000000000000e+03 6.613000000000000000e+03 1.205400000000000091e+03 5.800000000000000000e+01 1.810000000000000000e+02
8.410000000000000000e+03 6.695000000000000000e+03 8.305000000000000000e+02 6.010000000000000142e+01 1.990000000000000000e+02
8.323000000000000000e+03 6.570000000000000000e+03 1.282700000000000045e+03 5.900000000000000000e+01 1.900000000000000000e+02
8.348000000000000000e+03 6.636000000000000000e+03 9.313999999999999773e+02 6.010000000000000142e+01 1.900000000000000000e+02
8.340000000000000000e+03 6.646000000000000000e+03 8.672000000000000455e+02 6.400000000000000000e+01 1.870000000000000000e+02
8.375000000000000000e+03 6.698000000000000000e+03 1.307500000000000000e+03 6.039999999999999858e+01 1.890000000000000000e+02
8.320000000000000000e+03 6.615000000000000000e+03 1.193099999999999909e+03 5.710000000000000142e+01 1.880000000000000000e+02
8.304000000000000000e+03 6.625000000000000000e+03 9.971000000000000227e+02 5.620000000000000284e+01 1.870000000000000000e+02
8.343000000000000000e+03 6.693000000000000000e+03 8.022000000000000455e+02 5.800000000000000000e+01 1.890000000000000000e+02
8.297000000000000000e+03 6.739000000000000000e+03 1.021200000000000045e+03 5.500000000000000000e+01 1.890000000000000000e+02
8.333000000000000000e+03 6.564000000000000000e+03 9.250000000000000000e+02 5.700000000000000000e+01 1.950000000000000000e+02
8.365000000000000000e+03 6.660000000000000000e+03 8.827000000000000455e+02 5.710000000000000142e+01 1.930000000000000000e+02
8.352000000000000000e+03 6.564000000000000000e+03 1.035599999999999909e+03 6.250000000000000000e+01 1.950000000000000000e+02
8.343000000000000000e+03 6.670000000000000000e+03 8.951000000000000227e+02 5.700000000000000000e+01 1.980000000000000000e+02
8.284000000000000000e+03 6.700000000000000000e+03 1.241299999999999955e+03 5.300000000000000000e+01 1.890000000000000000e+02
8.344000000000000000e+03 6.770000000000000000e+03 1.067000000000000000e+03 6.440000000000000568e+01 2.010000000000000000e+02
8.325000000000000000e+03 6.771000000000000000e+03 1.220400000000000091e+03 6.300000000000000000e+01 1.860000000000000000e+02
8.337000000000000000e+03 6.727000000000000000e+03 1.080799999999999955e+03 5.900000000000000000e+01 1.850000000000000000e+02
8.325000000000000000e+03 6.710000000000000000e+03 9.937000000000000455e+02 6.100000000000000000e+01 1.920000000000000000e+02
8.384000000000000000e+03 6.744000000000000000e+03 9.343999999999999773e+02 6.100000000000000000e+01 1.940000000000000000e+02
8.368000000000000000e+03 6.727000000000000000e+03 9.387999999999999545e+02 5.600000000000000000e+01 2.030000000000000000e+02
8.334000000000000000e+03 6.689000000000000000e+03 8.941000000000000227e+02 5.760000000000000142e+01 1.850000000000000000e+02
8.351000000000000000e+03 6.484000000000000000e+03 1.090900000000000091e+03 6.020000000000000284e+01 1.900000000000000000e+02
8.328000000000000000e+03 6.719000000000000000e+03 9.018999999999999773e+02 5.500000000000000000e+01 1.880000000000000000e+02
8.410000000000000000e+03 6.539000000000000000e+03 1.002200000000000045e+03 5.710000000000000142e+01 1.900000000000000000e+02
8.263000000000000000e+03 6.688000000000000000e+03 1.075700000000000045e+03 6.070000000000000284e+01 2.080000000000000000e+02
8.351000000000000000e+03 6.745000000000000000e+03 1.325700000000000045e+03 5.929999999999999716e+01 2.110000000000000000e+02
8.291000000000000000e+03 6.622000000000000000e+03 1.648000000000000000e+03 5.700000000000000000e+01 1.870000000000000000e+02
8.385000000000000000e+03 6.544000000000000000e+03 1.157700000000000045e+03 6.200000000000000000e+01 1.830000000000000000e+02
8.331000000000000000e+03 6.597000000000000000e+03 8.413999999999999773e+02 5.700000000000000000e+01 1.870000000000000000e+02
8.358000000000000000e+03 6.708000000000000000e+03 9.451000000000000227e+02 5.820000000000000284e+01 2.020000000000000000e+02
8.324000000000000000e+03 6.632000000000000000e+03 8.647999999999999545e+02 5.810000000000000142e+01 1.970000000000000000e+02
8.359000000000000000e+03 6.493000000000000000e+03 8.147999999999999545e+02 6.350000000000000000e+01 1.840000000000000000e+02
8.314000000000000000e+03 6.774000000000000000e+03 1.023899999999999977e+03 5.500000000000000000e+01 2.050000000000000000e+02
8.346000000000000000e+03 6.636000000000000000e+03 1.205799999999999955e+03 5.760000000000000142e+01 1.880000000000000000e+02
8.308000000000000000e+03 6.697000000000000000e+03 1.097799999999999955e+03 5.720000000000000284e+01 1.850000000000000000e+02
8.317000000000000000e+03 6.729000000000000000e+03 1.159799999999999955e+03 6.200000000000000000e+01 1.810000000000000000e+02
8.331000000000000000e+03 6.564000000000000000e+03 1.069700000000000045e+03 6.120000000000000284e+01 1.900000000000000000e+02
8.326000000000000000e+03 6.523000000000000000e+03 9.178999999999999773e+02 5.960000000000000142e+01 2.040000000000000000e+02
8.383000000000000000e+03 6.546000000000000000e+03 1.006200000000000045e+03 6.060000000000000142e+01 1.910000000000000000e+02
8.269000000000000000e+03 6.680000000000000000e+03 7.857000000000000455e+02 5.700000000000000000e+01 1.920000000000000000e+02
8.324000000000000000e+03 6.781000000000000000e+03 9.812999999999999545e+02 6.160000000000000142e+01 1.950000000000000000e+02
8.406000000000000000e+03 6.685000000000000000e+03 9.351000000000000227e+02 5.910000000000000142e+01 1.840000000000000000e+02
8.278000000000000000e+03 6.657000000000000000e+03 1.122500000000000000e+03 5.720000000000000284e+01 1.890000000000000000e+02
8.295000000000000000e+03 6.748000000000000000e+03 1.236099999999999909e+03 6.300000000000000000e+01 1.920000000000000000e+02
8.371000000000000000e+03 6.745000000000000000e+03 1.326299999999999955e+03 5.510000000000000142e+01 1.850000000000000000e+02
8.359000000000000000e+03 6.657000000000000000e+03 1.036099999999999909e+03 5.900000000000000000e+01 1.870000000000000000e+02
8.355000000000000000e+03 6.640000000000000000e+03 1.193500000000000000e+03 6.300000000000000000e+01 1.910000000000000000e+02
8.301000000000000000e+03 6.625000000000000000e+03 8.313999999999999773e+02 6.479999999999999716e+01 1.850000000000000000e+02
8.340000000000000000e+03 6.634000000000000000e+03 9.567999999999999545e+02 6.429999999999999716e+01 1.970000000000000000e+02
8.368000000000000000e+03 6.712000000000000000e+03 8.822999999999999545e+02 6.060000000000000142e+01 1.980000000000000000e+02
8.350000000000000000e+03 6.608000000000000000e+03 1.191900000000000091e+03 5.700000000000000000e+01 1.890000000000000000e+02
8.363000000000000000e+03 6.559000000000000000e+03 1.171500000000000000e+03 6.229999999999999716e+01 1.880000000000000000e+02
8.301000000000000000e+03 6.696000000000000000e+03 1.254599999999999909e+03 6.409999999999999432e+01 1.850000000000000000e+02
8.346000000000000000e+03 6.638000000000000000e+03 1.274599999999999909e+03 6.120000000000000284e+01 1.910000000000000000e+02
8.366000000000000000e+03 6.653000000000000000e+03 1.229299999999999955e+03 5.510000000000000142e+01 1.910000000000000000e+02
8.392000000000000000e+03 6.562000000000000000e+03 1.575200000000000045e+03 5.529999999999999716e+01 1.910000000000000000e+02
