5.704000000000000000e+03 2.922000000000000000e+03 5.135000000000000000e+02 9.670000000000000284e+01 2.323000000000000000e+03
5.758000000000000000e+03 3.198000000000000000e+03 5.111999999999999886e+02 8.370000000000000284e+01 2.432000000000000000e+03
5.826000000000000000e+03 3.318000000000000000e+03 4.908000000000000114e+02 7.700000000000000000e+01 2.487000000000000000e+03
5.694000000000000000e+03 3.045000000000000000e+03 5.923999999999999773e+02 7.709999999999999432e+01 2.391000000000000000e+03
5.775000000000000000e+03 3.288000000000000000e+03 4.760000000000000000e+02 8.409999999999999432e+01 2.419000000000000000e+03
5.908000000000000000e+03 3.098000000000000000e+03 6.888999999999999773e+02 1.004000000000000057e+02 2.364000000000000000e+03
5.751000000000000000e+03 3.360000000000000000e+03 6.231000000000000227e+02 7.750000000000000000e+01 2.491000000000000000e+03
5.727000000000000000e+03 2.990000000000000000e+03 5.956000000000000227e+02 7.379999999999999716e+01 2.323000000000000000e+03
5.723000000000000000e+03 3.005000000000000000e+03 5.667999999999999545e+02 8.700000000000000000e+01 2.362000000000000000e+03
5.761000000000000000e+03 3.070000000000000000e+03 5.240000000000000000e+02 8.650000000000000000e+01 2.427000000000000000e+03
5.789000000000000000e+03 3.056000000000000000e+03 5.026000000000000227e+02 8.209999999999999432e+01 2.302000000000000000e+03
5.795000000000000000e+03 3.044000000000000000e+03 7.035000000000000000e+02 7.079999999999999716e+01 2.337000000000000000e+03
5.789000000000000000e+03 3.142000000000000000e+03 5.123999999999999773e+02 6.959999999999999432e+01 2.416000000000000000e+03
5.864000000000000000e+03 3.198000000000000000e+03 6.427999999999999545e+02 8.009999999999999432e+01 2.427000000000000000e+03
5.781000000000000000e+03 3.061000000000000000e+03 5.685000000000000000e+02 8.590000000000000568e+01 2.308000000000000000e+03
5.875000000000000000e+03 3.138000000000000000e+03 5.596000000000000227e+02 8.390000000000000568e+01 2.347000000000000000e+03
5.777000000000000000e+03 3.171000000000000000e+03 5.863999999999999773e+02 7.250000000000000000e+01 2.400000000000000000e+03
5.726000000000000000e+03 3.121000000000000000e+03 5.291000000000000227e+02 8.329999999999999716e+01 2.350000000000000000e+03
5.863000000000000000e+03 3.213000000000000000e+03 6.430000000000000000e+02 7.529999999999999716e+01 2.422000000000000000e+03
5.902000000000000000e+03 3.216000000000000000e+03 5.330000000000000000e+02 7.729999999999999716e+01 2.421000000000000000e+03
5.802000000000000000e+03 3.095000000000000000e+03 5.372000000000000455e+02 8.870000000000000284e+01 2.279000000000000000e+03
5.840000000000000000e+03 3.159000000000000000e+03 6.168999999999999773e+02 7.979999999999999716e+01 2.380000000000000000e+03
5.842000000000000000e+03 3.248000000000000000e+03 7.058999999999999773e+02 7.370000000000000284e+01 2.451000000000000000e+03
5.786000000000000000e+03 3.079000000000000000e+03 5.615000000000000000e+02 8.020000000000000284e+01 2.325000000000000000e+03
5.745000000000000000e+03 3.215000000000000000e+03 5.416000000000000227e+02 7.700000000000000000e+01 2.422000000000000000e+03
5.820000000000000000e+03 2.969000000000000000e+03 5.180000000000000000e+02 7.540000000000000568e+01 2.337000000000000000e+03
5.647000000000000000e+03 3.043000000000000000e+03 6.072999999999999545e+02 7.550000000000000000e+01 2.363000000000000000e+03
5.880000000000000000e+03 3.139000000000000000e+03 6.355000000000000000e+02 8.370000000000000284e+01 2.440000000000000000e+03
5.855000000000000000e+03 3.297000000000000000e+03 6.193999999999999773e+02 7.140000000000000568e+01 2.437000000000000000e+03
5.755000000000000000e+03 3.294000000000000000e+03 5.723999999999999773e+02 7.250000000000000000e+01 2.427000000000000000e+03
5.782000000000000000e+03 3.055000000000000000e+03 5.572000000000000455e+02 6.840000000000000568e+01 2.369000000000000000e+03
5.643000000000000000e+03 3.142000000000000000e+03 5.043999999999999773e+02 8.259999999999999432e+01 2.402000000000000000e+03
5.812000000000000000e+03 3.203000000000000000e+03 5.501000000000000227e+02 8.350000000000000000e+01 2.484000000000000000e+03
5.814000000000000000e+03 3.208000000000000000e+03 5.500000000000000000e+02 8.670000000000000284e+01 2.446000000000000000e+03
5.745000000000000000e+03 3.058000000000000000e+03 8.312000000000000455e+02 8.079999999999999716e+01 2.417000000000000000e+03
5.817000000000000000e+03 3.160000000000000000e+03 6.962000000000000455e+02 8.259999999999999432e+01 2.395000000000000000e+03
5.833000000000000000e+03 3.274000000000000000e+03 6.096000000000000227e+02 6.850000000000000000e+01 2.496000000000000000e+03
5.870000000000000000e+03 3.050000000000000000e+03 5.450000000000000000e+02 7.890000000000000568e+01 2.338000000000000000e+03
5.837000000000000000e+03 3.463000000000000000e+03 6.107999999999999545e+02 8.470000000000000284e+01 2.564000000000000000e+03
5.754000000000000000e+03 3.345000000000000000e+03 6.077000000000000455e+02 8.370000000000000284e+01 2.454000000000000000e+03
5.811000000000000000e+03 3.191000000000000000e+03 5.486000000000000227e+02 8.270000000000000284e+01 2.331000000000000000e+03
5.732000000000000000e+03 3.090000000000000000e+03 5.887999999999999545e+02 8.020000000000000284e+01 2.437000000000000000e+03
5.731000000000000000e+03 2.940000000000000000e+03 5.578999999999999773e+02 9.259999999999999432e+01 2.289000000000000000e+03
5.890000000000000000e+03 3.035000000000000000e+03 5.753999999999999773e+02 7.329999999999999716e+01 2.319000000000000000e+03
5.816000000000000000e+03 3.156000000000000000e+03 5.935000000000000000e+02 7.190000000000000568e+01 2.362000000000000000e+03
5.762000000000000000e+03 3.069000000000000000e+03 6.957999999999999545e+02 9.179999999999999716e+01 2.449000000000000000e+03
5.837000000000000000e+03 3.087000000000000000e+03 6.142999999999999545e+02 8.009999999999999432e+01 2.434000000000000000e+03
5.753000000000000000e+03 3.179000000000000000e+03 6.950000000000000000e+02 6.950000000000000000e+01 2.395000000000000000e+03
5.779000000000000000e+03 3.109000000000000000e+03 5.847000000000000455e+02 8.550000000000000000e+01 2.382000000000000000e+03
5.774000000000000000e+03 3.257000000000000000e+03 5.847000000000000455e+02 9.200000000000000000e+01 2.507000000000000000e+03
5.795000000000000000e+03 3.274000000000000000e+03 5.556000000000000227e+02 8.109999999999999432e+01 2.447000000000000000e+03
5.669000000000000000e+03 3.281000000000000000e+03 7.142000000000000455e+02 8.209999999999999432e+01 2.533000000000000000e+03
5.788000000000000000e+03 3.082000000000000000e+03 6.342999999999999545e+02 8.850000000000000000e+01 2.350000000000000000e+03
5.774000000000000000e+03 3.052000000000000000e+03 5.161000000000000227e+02 7.750000000000000000e+01 2.339000000000000000e+03
5.761000000000000000e+03 3.127000000000000000e+03 5.972000000000000455e+02 8.209999999999999432e+01 2.407000000000000000e+03
5.813000000000000000e+03 3.146000000000000000e+03 6.317000000000000455e+02 9.109999999999999432e+01 2.365000000000000000e+03
5.757000000000000000e+03 3.135000000000000000e+03 5.078000000000000114e+02 6.500000000000000000e+01 2.396000000000000000e+03
5.740000000000000000e+03 3.276000000000000000e+03 5.530000000000000000e+02 1.190000000000000000e+02 2.455000000000000000e+03
5.634000000000000000e+03 3.219000000000000000e+03 5.615000000000000000e+02 7.359999999999999432e+01 2.467000000000000000e+03
5.865000000000000000e+03 3.014000000000000000e+03 6.307999999999999545e+02 7.740000000000000568e+01 2.378000000000000000e+03
5.831000000000000000e+03 3.165000000000000000e+03 5.778999999999999773e+02 8.329999999999999716e+01 2.360000000000000000e+03
5.754000000000000000e+03 3.242000000000000000e+03 5.086000000000000227e+02 6.970000000000000284e+01 2.390000000000000000e+03
5.714000000000000000e+03 3.011000000000000000e+03 5.926000000000000227e+02 9.609999999999999432e+01 2.365000000000000000e+03
5.816000000000000000e+03 3.150000000000000000e+03 5.523999999999999773e+02 7.229999999999999716e+01 2.404000000000000000e+03
5.672000000000000000e+03 3.014000000000000000e+03 5.815000000000000000e+02 7.850000000000000000e+01 2.337000000000000000e+03
5.783000000000000000e+03 3.229000000000000000e+03 7.001000000000000227e+02 9.050000000000000000e+01 2.486000000000000000e+03
5.742000000000000000e+03 3.171000000000000000e+03 5.008999999999999773e+02 7.090000000000000568e+01 2.390000000000000000e+03
5.850000000000000000e+03 3.144000000000000000e+03 5.537000000000000455e+02 7.940000000000000568e+01 2.426000000000000000e+03
5.758000000000000000e+03 3.119000000000000000e+03 5.497999999999999545e+02 8.300000000000000000e+01 2.348000000000000000e+03
0.000000000000000000e+00 4.000000000000000000e+00 3.299999999999999822e+00 6.999999999999999556e-01 4.000000000000000000e+00
5.823000000000000000e+03 3.200000000000000000e+03 5.968999999999999773e+02 7.259999999999999432e+01 2.408000000000000000e+03
5.811000000000000000e+03 3.190000000000000000e+03 6.181000000000000227e+02 9.929999999999999716e+01 2.363000000000000000e+03
5.870000000000000000e+03 3.186000000000000000e+03 5.710000000000000000e+02 7.540000000000000568e+01 2.390000000000000000e+03
5.809000000000000000e+03 3.019000000000000000e+03 4.688999999999999773e+02 7.979999999999999716e+01 2.391000000000000000e+03
5.734000000000000000e+03 3.123000000000000000e+03 4.773999999999999773e+02 7.370000000000000284e+01 2.339000000000000000e+03
5.804000000000000000e+03 3.190000000000000000e+03 4.956999999999999886e+02 6.920000000000000284e+01 2.376000000000000000e+03
5.762000000000000000e+03 3.072000000000000000e+03 5.316000000000000227e+02 8.300000000000000000e+01 2.333000000000000000e+03
5.763000000000000000e+03 3.191000000000000000e+03 5.355000000000000000e+02 7.700000000000000000e+01 2.431000000000000000e+03
5.793000000000000000e+03 3.167000000000000000e+03 6.772999999999999545e+02 7.340000000000000568e+01 2.455000000000000000e+03
5.700000000000000000e+03 3.213000000000000000e+03 5.836000000000000227e+02 7.229999999999999716e+01 2.416000000000000000e+03
5.819000000000000000e+03 3.042000000000000000e+03 6.385000000000000000e+02 8.250000000000000000e+01 2.348000000000000000e+03
0.000000000000000000e+00 3.000000000000000000e+00 2.100000000000000089e+00 0.000000000000000000e+00 3.000000000000000000e+00
5.823000000000000000e+03 3.087000000000000000e+03 6.273999999999999773e+02 7.520000000000000284e+01 2.383000000000000000e+03
5.756000000000000000e+03 3.160000000000000000e+03 4.473000000000000114e+02 8.040000000000000568e+01 2.412000000000000000e+03
5.904000000000000000e+03 3.126000000000000000e+03 6.001000000000000227e+02 8.090000000000000568e+01 2.348000000000000000e+03
5.740000000000000000e+03 3.059000000000000000e+03 5.451000000000000227e+02 8.290000000000000568e+01 2.327000000000000000e+03
5.786000000000000000e+03 3.049000000000000000e+03 5.522000000000000455e+02 7.279999999999999716e+01 2.344000000000000000e+03
5.744000000000000000e+03 3.184000000000000000e+03 5.623999999999999773e+02 8.000000000000000000e+01 2.413000000000000000e+03
5.823000000000000000e+03 3.169000000000000000e+03 5.983999999999999773e+02 8.450000000000000000e+01 2.415000000000000000e+03
5.776000000000000000e+03 3.242000000000000000e+03 4.793000000000000114e+02 7.700000000000000000e+01 2.445000000000000000e+03
5.769000000000000000e+03 3.182000000000000000e+03 5.261000000000000227e+02 7.279999999999999716e+01 2.462000000000000000e+03
5.814000000000000000e+03 3.195000000000000000e+03 6.621000000000000227e+02 8.700000000000000000e+01 2.343000000000000000e+03
5.863000000000000000e+03 3.166000000000000000e+03 6.211000000000000227e+02 9.300000000000000000e+01 2.469000000000000000e+03
5.921000000000000000e+03 3.223000000000000000e+03 6.475000000000000000e+02 7.300000000000000000e+01 2.426000000000000000e+03
5.782000000000000000e+03 3.081000000000000000e+03 6.452999999999999545e+02 1.010999999999999943e+02 2.430000000000000000e+03
5.727000000000000000e+03 3.113000000000000000e+03 4.658000000000000114e+02 8.650000000000000000e+01 2.330000000000000000e+03
5.873000000000000000e+03 3.205000000000000000e+03 4.813000000000000114e+02 7.859999999999999432e+01 2.347000000000000000e+03
5.766000000000000000e+03 3.229000000000000000e+03 5.622999999999999545e+02 6.800000000000000000e+01 2.474000000000000000e+03
5.728000000000000000e+03 2.895000000000000000e+03 6.147999999999999545e+02 9.500000000000000000e+01 2.324000000000000000e+03
5.752000000000000000e+03 3.312000000000000000e+03 5.643999999999999773e+02 1.107000000000000028e+02 2.455000000000000000e+03
5.863000000000000000e+03 3.145000000000000000e+03 5.798999999999999773e+02 6.650000000000000000e+01 2.389000000000000000e+03
5.776000000000000000e+03 3.274000000000000000e+03 7.947000000000000455e+02 8.659999999999999432e+01 2.492000000000000000e+03
5.658000000000000000e+03 2.872000000000000000e+03 5.313999999999999773e+02 9.000000000000000000e+01 2.288000000000000000e+03
5.737000000000000000e+03 3.162000000000000000e+03 4.503999999999999773e+02 8.679999999999999716e+01 2.394000000000000000e+03
5.730000000000000000e+03 3.105000000000000000e+03 4.985000000000000000e+02 1.040000000000000000e+02 2.405000000000000000e+03
5.737000000000000000e+03 3.246000000000000000e+03 5.497000000000000455e+02 7.820000000000000284e+01 2.398000000000000000e+03
5.747000000000000000e+03 3.207000000000000000e+03 5.821000000000000227e+02 7.600000000000000000e+01 2.417000000000000000e+03
5.637000000000000000e+03 3.089000000000000000e+03 5.126000000000000227e+02 8.340000000000000568e+01 2.341000000000000000e+03
5.686000000000000000e+03 3.357000000000000000e+03 4.903999999999999773e+02 7.409999999999999432e+01 2.445000000000000000e+03
5.797000000000000000e+03 3.369000000000000000e+03 8.067000000000000455e+02 7.340000000000000568e+01 2.501000000000000000e+03
5.798000000000000000e+03 3.258000000000000000e+03 5.492999999999999545e+02 7.109999999999999432e+01 2.410000000000000000e+03
5.828000000000000000e+03 3.062000000000000000e+03 6.107000000000000455e+02 7.940000000000000568e+01 2.398000000000000000e+03
5.814000000000000000e+03 3.115000000000000000e+03 5.442000000000000455e+02 7.209999999999999432e+01 2.400000000000000000e+03
5.759000000000000000e+03 2.968000000000000000e+03 6.032000000000000455e+02 1.179000000000000057e+02 2.320000000000000000e+03
5.720000000000000000e+03 2.915000000000000000e+03 5.712999999999999545e+02 7.450000000000000000e+01 2.319000000000000000e+03
5.869000000000000000e+03 3.003000000000000000e+03 8.536000000000000227e+02 7.890000000000000568e+01 2.327000000000000000e+03
5.831000000000000000e+03 3.174000000000000000e+03 6.373999999999999773e+02 8.770000000000000284e+01 2.417000000000000000e+03
5.673000000000000000e+03 2.917000000000000000e+03 5.322000000000000455e+02 8.990000000000000568e+01 2.393000000000000000e+03
5.943000000000000000e+03 3.123000000000000000e+03 7.368999999999999773e+02 7.690000000000000568e+01 2.392000000000000000e+03
5.710000000000000000e+03 3.213000000000000000e+03 6.843999999999999773e+02 7.059999999999999432e+01 2.460000000000000000e+03
5.737000000000000000e+03 3.077000000000000000e+03 4.823999999999999773e+02 7.920000000000000284e+01 2.420000000000000000e+03
5.819000000000000000e+03 3.086000000000000000e+03 7.366000000000000227e+02 7.490000000000000568e+01 2.340000000000000000e+03
5.854000000000000000e+03 3.229000000000000000e+03 6.813999999999999773e+02 7.809999999999999432e+01 2.447000000000000000e+03
5.732000000000000000e+03 3.047000000000000000e+03 6.307999999999999545e+02 8.020000000000000284e+01 2.360000000000000000e+03
5.750000000000000000e+03 3.292000000000000000e+03 6.413999999999999773e+02 7.320000000000000284e+01 2.472000000000000000e+03
5.612000000000000000e+03 3.259000000000000000e+03 5.158999999999999773e+02 7.750000000000000000e+01 2.498000000000000000e+03
5.739000000000000000e+03 3.205000000000000000e+03 6.118999999999999773e+02 9.690000000000000568e+01 2.468000000000000000e+03
5.671000000000000000e+03 3.012000000000000000e+03 5.236000000000000227e+02 8.250000000000000000e+01 2.401000000000000000e+03
5.770000000000000000e+03 2.950000000000000000e+03 5.872999999999999545e+02 8.679999999999999716e+01 2.287000000000000000e+03
5.727000000000000000e+03 3.079000000000000000e+03 6.252999999999999545e+02 9.809999999999999432e+01 2.340000000000000000e+03
5.770000000000000000e+03 3.193000000000000000e+03 5.750000000000000000e+02 7.159999999999999432e+01 2.448000000000000000e+03
5.807000000000000000e+03 3.259000000000000000e+03 6.373999999999999773e+02 7.750000000000000000e+01 2.469000000000000000e+03
5.746000000000000000e+03 3.116000000000000000e+03 5.612999999999999545e+02 8.279999999999999716e+01 2.413000000000000000e+03
5.836000000000000000e+03 3.280000000000000000e+03 5.885000000000000000e+02 9.400000000000000000e+01 2.451000000000000000e+03
5.849000000000000000e+03 3.208000000000000000e+03 5.842000000000000455e+02 8.420000000000000284e+01 2.411000000000000000e+03
5.691000000000000000e+03 3.139000000000000000e+03 5.270000000000000000e+02 8.520000000000000284e+01 2.357000000000000000e+03
5.772000000000000000e+03 3.272000000000000000e+03 5.467000000000000455e+02 8.190000000000000568e+01 2.402000000000000000e+03
5.689000000000000000e+03 3.116000000000000000e+03 6.616000000000000227e+02 9.120000000000000284e+01 2.365000000000000000e+03
5.704000000000000000e+03 2.974000000000000000e+03 6.586000000000000227e+02 7.900000000000000000e+01 2.329000000000000000e+03
5.965000000000000000e+03 3.199000000000000000e+03 5.306000000000000227e+02 8.459999999999999432e+01 2.465000000000000000e+03
5.723000000000000000e+03 3.087000000000000000e+03 5.427000000000000455e+02 8.150000000000000000e+01 2.413000000000000000e+03
5.804000000000000000e+03 3.249000000000000000e+03 4.561000000000000227e+02 7.879999999999999716e+01 2.438000000000000000e+03
5.915000000000000000e+03 3.047000000000000000e+03 7.327999999999999545e+02 9.700000000000000000e+01 2.395000000000000000e+03
5.678000000000000000e+03 3.039000000000000000e+03 5.492000000000000455e+02 7.900000000000000000e+01 2.333000000000000000e+03
5.822000000000000000e+03 3.202000000000000000e+03 6.650000000000000000e+02 8.129999999999999716e+01 2.415000000000000000e+03
5.765000000000000000e+03 3.186000000000000000e+03 5.061000000000000227e+02 7.209999999999999432e+01 2.410000000000000000e+03
5.814000000000000000e+03 3.327000000000000000e+03 5.510000000000000000e+02 8.009999999999999432e+01 2.501000000000000000e+03
5.818000000000000000e+03 3.093000000000000000e+03 7.596000000000000227e+02 9.059999999999999432e+01 2.340000000000000000e+03
5.656000000000000000e+03 3.088000000000000000e+03 5.738999999999999773e+02 8.620000000000000284e+01 2.359000000000000000e+03
5.846000000000000000e+03 3.185000000000000000e+03 6.158999999999999773e+02 7.529999999999999716e+01 2.438000000000000000e+03
5.660000000000000000e+03 3.171000000000000000e+03 5.982000000000000455e+02 8.620000000000000284e+01 2.376000000000000000e+03
5.826000000000000000e+03 3.133000000000000000e+03 5.925000000000000000e+02 8.400000000000000000e+01 2.372000000000000000e+03
5.833000000000000000e+03 3.257000000000000000e+03 6.900000000000000000e+02 7.429999999999999716e+01 2.425000000000000000e+03
5.694000000000000000e+03 2.976000000000000000e+03 6.355000000000000000e+02 8.850000000000000000e+01 2.385000000000000000e+03
5.643000000000000000e+03 3.108000000000000000e+03 5.525000000000000000e+02 8.750000000000000000e+01 2.431000000000000000e+03
5.753000000000000000e+03 3.153000000000000000e+03 7.192999999999999545e+02 7.920000000000000284e+01 2.422000000000000000e+03
5.797000000000000000e+03 3.030000000000000000e+03 4.856000000000000227e+02 8.720000000000000284e+01 2.372000000000000000e+03
5.813000000000000000e+03 3.115000000000000000e+03 4.636000000000000227e+02 8.329999999999999716e+01 2.414000000000000000e+03
5.677000000000000000e+03 3.104000000000000000e+03 5.501000000000000227e+02 7.829999999999999716e+01 2.349000000000000000e+03
5.826000000000000000e+03 3.142000000000000000e+03 5.962999999999999545e+02 7.859999999999999432e+01 2.433000000000000000e+03
5.711000000000000000e+03 3.257000000000000000e+03 5.558999999999999773e+02 8.400000000000000000e+01 2.367000000000000000e+03
5.744000000000000000e+03 3.012000000000000000e+03 4.990000000000000000e+02 8.979999999999999716e+01 2.337000000000000000e+03
5.793000000000000000e+03 3.158000000000000000e+03 5.667000000000000455e+02 9.020000000000000284e+01 2.365000000000000000e+03
3.000000000000000000e+00 3.000000000000000000e+00 4.799999999999999822e+00 0.000000000000000000e+00 0.000000000000000000e+00
5.730000000000000000e+03 3.270000000000000000e+03 5.911000000000000227e+02 8.050000000000000000e+01 2.468000000000000000e+03
5.735000000000000000e+03 3.197000000000000000e+03 8.266000000000000227e+02 8.090000000000000568e+01 2.415000000000000000e+03
5.899000000000000000e+03 3.085000000000000000e+03 5.920000000000000000e+02 7.870000000000000284e+01 2.295000000000000000e+03
5.813000000000000000e+03 3.406000000000000000e+03 6.917000000000000455e+02 8.200000000000000000e+01 2.507000000000000000e+03
5.753000000000000000e+03 3.042000000000000000e+03 5.498999999999999773e+02 8.309999999999999432e+01 2.422000000000000000e+03
5.839000000000000000e+03 3.005000000000000000e+03 7.088999999999999773e+02 9.340000000000000568e+01 2.349000000000000000e+03
5.748000000000000000e+03 2.953000000000000000e+03 6.721000000000000227e+02 7.329999999999999716e+01 2.259000000000000000e+03
5.815000000000000000e+03 3.114000000000000000e+03 5.191000000000000227e+02 7.679999999999999716e+01 2.374000000000000000e+03
5.638000000000000000e+03 3.204000000000000000e+03 4.891999999999999886e+02 7.240000000000000568e+01 2.377000000000000000e+03
5.787000000000000000e+03 3.258000000000000000e+03 5.003999999999999773e+02 8.809999999999999432e+01 2.433000000000000000e+03
5.810000000000000000e+03 3.130000000000000000e+03 4.708999999999999773e+02 8.559999999999999432e+01 2.442000000000000000e+03
5.797000000000000000e+03 3.240000000000000000e+03 5.540000000000000000e+02 7.520000000000000284e+01 2.436000000000000000e+03
5.725000000000000000e+03 2.941000000000000000e+03 7.667999999999999545e+02 8.170000000000000284e+01 2.323000000000000000e+03
5.732000000000000000e+03 3.201000000000000000e+03 6.128999999999999773e+02 9.509999999999999432e+01 2.417000000000000000e+03
5.721000000000000000e+03 3.172000000000000000e+03 5.331000000000000227e+02 8.100000000000000000e+01 2.489000000000000000e+03
5.746000000000000000e+03 3.072000000000000000e+03 5.561000000000000227e+02 9.090000000000000568e+01 2.387000000000000000e+03
5.857000000000000000e+03 3.311000000000000000e+03 5.627000000000000455e+02 9.129999999999999716e+01 2.428000000000000000e+03
5.906000000000000000e+03 3.370000000000000000e+03 7.300000000000000000e+02 7.829999999999999716e+01 2.398000000000000000e+03
5.774000000000000000e+03 3.134000000000000000e+03 5.582000000000000455e+02 7.479999999999999716e+01 2.400000000000000000e+03
5.729000000000000000e+03 3.051000000000000000e+03 5.912000000000000455e+02 8.209999999999999432e+01 2.412000000000000000e+03
5.818000000000000000e+03 3.018000000000000000e+03 5.678999999999999773e+02 8.700000000000000000e+01 2.339000000000000000e+03
5.763000000000000000e+03 3.077000000000000000e+03 6.393999999999999773e+02 8.600000000000000000e+01 2.353000000000000000e+03
5.759000000000000000e+03 3.107000000000000000e+03 6.073999999999999773e+02 8.379999999999999716e+01 2.395000000000000000e+03
5.808000000000000000e+03 3.157000000000000000e+03 6.137000000000000455e+02 1.084000000000000057e+02 2.397000000000000000e+03
5.878000000000000000e+03 3.256000000000000000e+03 5.367000000000000455e+02 8.309999999999999432e+01 2.454000000000000000e+03
5.795000000000000000e+03 3.086000000000000000e+03 6.515000000000000000e+02 7.679999999999999716e+01 2.417000000000000000e+03
5.824000000000000000e+03 3.080000000000000000e+03 5.170000000000000000e+02 8.059999999999999432e+01 2.341000000000000000e+03
5.743000000000000000e+03 3.188000000000000000e+03 5.465000000000000000e+02 6.979999999999999716e+01 2.419000000000000000e+03
5.813000000000000000e+03 3.143000000000000000e+03 4.926999999999999886e+02 8.659999999999999432e+01 2.423000000000000000e+03
5.635000000000000000e+03 3.084000000000000000e+03 5.497000000000000455e+02 8.529999999999999716e+01 2.435000000000000000e+03
5.737000000000000000e+03 3.159000000000000000e+03 5.177000000000000455e+02 7.750000000000000000e+01 2.370000000000000000e+03
5.886000000000000000e+03 3.395000000000000000e+03 5.140000000000000000e+02 7.490000000000000568e+01 2.540000000000000000e+03
5.903000000000000000e+03 3.355000000000000000e+03 5.321000000000000227e+02 7.020000000000000284e+01 2.433000000000000000e+03
5.770000000000000000e+03 3.265000000000000000e+03 6.461000000000000227e+02 7.590000000000000568e+01 2.443000000000000000e+03
5.726000000000000000e+03 2.970000000000000000e+03 5.940000000000000000e+02 1.112999999999999972e+02 2.341000000000000000e+03
5.867000000000000000e+03 3.266000000000000000e+03 4.578999999999999773e+02 7.970000000000000284e+01 2.431000000000000000e+03
5.824000000000000000e+03 3.101000000000000000e+03 5.075000000000000000e+02 7.729999999999999716e+01 2.421000000000000000e+03
5.683000000000000000e+03 3.195000000000000000e+03 7.820000000000000000e+02 8.850000000000000000e+01 2.391000000000000000e+03
5.801000000000000000e+03 3.153000000000000000e+03 5.592999999999999545e+02 7.600000000000000000e+01 2.431000000000000000e+03
5.831000000000000000e+03 3.180000000000000000e+03 7.692000000000000455e+02 7.650000000000000000e+01 2.511000000000000000e+03
5.825000000000000000e+03 3.082000000000000000e+03 4.833000000000000114e+02 7.970000000000000284e+01 2.376000000000000000e+03
5.754000000000000000e+03 3.252000000000000000e+03 6.237999999999999545e+02 1.179000000000000057e+02 2.502000000000000000e+03
5.827000000000000000e+03 3.190000000000000000e+03 4.653999999999999773e+02 7.309999999999999432e+01 2.399000000000000000e+03
5.732000000000000000e+03 3.082000000000000000e+03 7.936000000000000227e+02 9.279999999999999716e+01 2.366000000000000000e+03
5.782000000000000000e+03 3.007000000000000000e+03 6.355000000000000000e+02 8.179999999999999716e+01 2.409000000000000000e+03
5.682000000000000000e+03 3.188000000000000000e+03 5.745000000000000000e+02 7.420000000000000284e+01 2.467000000000000000e+03
5.806000000000000000e+03 3.213000000000000000e+03 5.906000000000000227e+02 8.650000000000000000e+01 2.391000000000000000e+03
5.875000000000000000e+03 3.022000000000000000e+03 5.736000000000000227e+02 8.200000000000000000e+01 2.313000000000000000e+03
5.855000000000000000e+03 3.115000000000000000e+03 8.467999999999999545e+02 8.820000000000000284e+01 2.425000000000000000e+03
5.849000000000000000e+03 3.172000000000000000e+03 5.877999999999999545e+02 7.620000000000000284e+01 2.432000000000000000e+03
5.900000000000000000e+03 3.291000000000000000e+03 6.596000000000000227e+02 7.950000000000000000e+01 2.437000000000000000e+03
5.842000000000000000e+03 3.191000000000000000e+03 5.627000000000000455e+02 6.900000000000000000e+01 2.361000000000000000e+03
5.918000000000000000e+03 3.162000000000000000e+03 5.626000000000000227e+02 8.900000000000000000e+01 2.405000000000000000e+03
5.829000000000000000e+03 3.083000000000000000e+03 8.848999999999999773e+02 7.540000000000000568e+01 2.443000000000000000e+03
5.709000000000000000e+03 2.981000000000000000e+03 5.595000000000000000e+02 7.800000000000000000e+01 2.326000000000000000e+03
5.794000000000000000e+03 3.168000000000000000e+03 5.767000000000000455e+02 8.009999999999999432e+01 2.373000000000000000e+03
5.890000000000000000e+03 3.090000000000000000e+03 5.061999999999999886e+02 7.640000000000000568e+01 2.372000000000000000e+03
5.876000000000000000e+03 3.055000000000000000e+03 5.285000000000000000e+02 8.000000000000000000e+01 2.315000000000000000e+03
5.800000000000000000e+03 3.099000000000000000e+03 5.562999999999999545e+02 9.420000000000000284e+01 2.432000000000000000e+03
5.762000000000000000e+03 3.249000000000000000e+03 5.095000000000000000e+02 8.300000000000000000e+01 2.524000000000000000e+03
5.711000000000000000e+03 3.036000000000000000e+03 7.887999999999999545e+02 7.590000000000000568e+01 2.321000000000000000e+03
5.890000000000000000e+03 3.060000000000000000e+03 5.597000000000000455e+02 8.740000000000000568e+01 2.390000000000000000e+03
5.750000000000000000e+03 3.128000000000000000e+03 6.622999999999999545e+02 7.479999999999999716e+01 2.439000000000000000e+03
5.856000000000000000e+03 3.162000000000000000e+03 5.053999999999999773e+02 1.015000000000000000e+02 2.371000000000000000e+03
5.795000000000000000e+03 3.073000000000000000e+03 5.912999999999999545e+02 8.700000000000000000e+01 2.368000000000000000e+03
5.743000000000000000e+03 3.203000000000000000e+03 6.442000000000000455e+02 9.309999999999999432e+01 2.420000000000000000e+03
5.783000000000000000e+03 3.087000000000000000e+03 5.600000000000000000e+02 1.005000000000000000e+02 2.347000000000000000e+03
5.736000000000000000e+03 3.107000000000000000e+03 6.016000000000000227e+02 9.109999999999999432e+01 2.426000000000000000e+03
5.698000000000000000e+03 3.406000000000000000e+03 5.683999999999999773e+02 7.740000000000000568e+01 2.504000000000000000e+03
5.882000000000000000e+03 3.102000000000000000e+03 6.103999999999999773e+02 8.959999999999999432e+01 2.384000000000000000e+03
5.853000000000000000e+03 3.117000000000000000e+03 4.965000000000000000e+02 7.279999999999999716e+01 2.382000000000000000e+03
5.782000000000000000e+03 3.272000000000000000e+03 4.808000000000000114e+02 8.240000000000000568e+01 2.447000000000000000e+03
5.644000000000000000e+03 3.271000000000000000e+03 6.892000000000000455e+02 8.309999999999999432e+01 2.477000000000000000e+03
5.805000000000000000e+03 3.212000000000000000e+03 5.247999999999999545e+02 9.050000000000000000e+01 2.456000000000000000e+03
5.739000000000000000e+03 3.237000000000000000e+03 9.408999999999999773e+02 8.629999999999999716e+01 2.428000000000000000e+03
5.769000000000000000e+03 3.070000000000000000e+03 5.821000000000000227e+02 8.279999999999999716e+01 2.356000000000000000e+03
5.739000000000000000e+03 3.111000000000000000e+03 4.870000000000000000e+02 8.659999999999999432e+01 2.397000000000000000e+03
5.755000000000000000e+03 3.067000000000000000e+03 4.661999999999999886e+02 9.240000000000000568e+01 2.312000000000000000e+03
5.700000000000000000e+03 3.134000000000000000e+03 4.701000000000000227e+02 7.720000000000000284e+01 2.388000000000000000e+03
5.773000000000000000e+03 3.363000000000000000e+03 5.028999999999999773e+02 7.870000000000000284e+01 2.453000000000000000e+03
5.749000000000000000e+03 3.066000000000000000e+03 5.033000000000000114e+02 8.020000000000000284e+01 2.336000000000000000e+03
5.660000000000000000e+03 3.193000000000000000e+03 5.798999999999999773e+02 7.370000000000000284e+01 2.448000000000000000e+03
5.780000000000000000e+03 3.117000000000000000e+03 5.873999999999999773e+02 8.429999999999999716e+01 2.382000000000000000e+03
5.762000000000000000e+03 2.975000000000000000e+03 5.647999999999999545e+02 8.800000000000000000e+01 2.408000000000000000e+03
5.754000000000000000e+03 3.151000000000000000e+03 4.723999999999999773e+02 7.120000000000000284e+01 2.396000000000000000e+03
5.670000000000000000e+03 3.120000000000000000e+03 5.497000000000000455e+02 7.600000000000000000e+01 2.432000000000000000e+03
