9.000000000000000000e+03 6.456000000000000000e+03 4.150000000000000000e+02 3.950000000000000000e+01 1.820000000000000000e+02
8.953000000000000000e+03 6.417000000000000000e+03 5.697999999999999545e+02 3.710000000000000142e+01 1.820000000000000000e+02
8.952000000000000000e+03 6.373000000000000000e+03 4.678000000000000114e+02 3.700000000000000000e+01 1.730000000000000000e+02
9.005000000000000000e+03 6.482000000000000000e+03 4.046000000000000227e+02 4.110000000000000142e+01 1.720000000000000000e+02
8.971000000000000000e+03 6.460000000000000000e+03 4.201999999999999886e+02 3.870000000000000284e+01 1.790000000000000000e+02
8.977000000000000000e+03 6.546000000000000000e+03 6.351000000000000227e+02 3.570000000000000284e+01 1.930000000000000000e+02
8.994000000000000000e+03 6.431000000000000000e+03 3.893000000000000114e+02 3.829999999999999716e+01 1.840000000000000000e+02
8.959000000000000000e+03 6.380000000000000000e+03 3.143000000000000114e+02 3.600000000000000000e+01 1.790000000000000000e+02
8.977000000000000000e+03 6.499000000000000000e+03 3.950000000000000000e+02 3.570000000000000284e+01 1.780000000000000000e+02
8.947000000000000000e+03 6.590000000000000000e+03 4.263999999999999773e+02 3.760000000000000142e+01 1.790000000000000000e+02
8.977000000000000000e+03 6.560000000000000000e+03 7.692999999999999545e+02 3.600000000000000000e+01 1.960000000000000000e+02
8.983000000000000000e+03 6.487000000000000000e+03 4.443999999999999773e+02 3.900000000000000000e+01 1.900000000000000000e+02
8.911000000000000000e+03 6.454000000000000000e+03 5.572000000000000455e+02 3.820000000000000284e+01 1.890000000000000000e+02
9.016000000000000000e+03 6.469000000000000000e+03 3.980000000000000000e+02 3.550000000000000000e+01 1.840000000000000000e+02
8.938000000000000000e+03 6.391000000000000000e+03 4.373999999999999773e+02 3.800000000000000000e+01 1.870000000000000000e+02
8.993000000000000000e+03 6.494000000000000000e+03 4.815000000000000000e+02 3.710000000000000142e+01 1.780000000000000000e+02
8.998000000000000000e+03 6.536000000000000000e+03 3.711000000000000227e+02 3.639999999999999858e+01 1.920000000000000000e+02
8.923000000000000000e+03 6.258000000000000000e+03 4.321000000000000227e+02 3.879999999999999716e+01 1.780000000000000000e+02
8.980000000000000000e+03 6.411000000000000000e+03 3.348000000000000114e+02 3.510000000000000142e+01 1.730000000000000000e+02
8.943000000000000000e+03 6.461000000000000000e+03 4.216000000000000227e+02 3.839999999999999858e+01 1.950000000000000000e+02
8.987000000000000000e+03 6.387000000000000000e+03 3.676000000000000227e+02 3.600000000000000000e+01 1.810000000000000000e+02
8.973000000000000000e+03 6.431000000000000000e+03 4.811000000000000227e+02 3.600000000000000000e+01 1.900000000000000000e+02
8.999000000000000000e+03 6.434000000000000000e+03 4.903000000000000114e+02 3.760000000000000142e+01 1.960000000000000000e+02
8.917000000000000000e+03 6.467000000000000000e+03 3.703000000000000114e+02 4.050000000000000000e+01 1.770000000000000000e+02
9.014000000000000000e+03 6.412000000000000000e+03 3.686000000000000227e+02 4.139999999999999858e+01 1.710000000000000000e+02
8.966000000000000000e+03 6.465000000000000000e+03 3.401999999999999886e+02 3.860000000000000142e+01 1.870000000000000000e+02
8.953000000000000000e+03 6.284000000000000000e+03 3.781000000000000227e+02 4.029999999999999716e+01 1.830000000000000000e+02
8.963000000000000000e+03 6.501000000000000000e+03 4.878000000000000114e+02 3.720000000000000284e+01 1.990000000000000000e+02
8.949000000000000000e+03 6.423000000000000000e+03 5.616000000000000227e+02 3.639999999999999858e+01 1.920000000000000000e+02
8.952000000000000000e+03 6.504000000000000000e+03 4.146999999999999886e+02 4.010000000000000142e+01 1.900000000000000000e+02
8.944000000000000000e+03 6.466000000000000000e+03 5.967000000000000455e+02 3.910000000000000142e+01 1.930000000000000000e+02
8.984000000000000000e+03 6.471000000000000000e+03 5.547000000000000455e+02 3.450000000000000000e+01 2.020000000000000000e+02
8.977000000000000000e+03 6.482000000000000000e+03 4.018999999999999773e+02 3.750000000000000000e+01 2.020000000000000000e+02
8.927000000000000000e+03 6.516000000000000000e+03 3.688999999999999773e+02 3.400000000000000000e+01 1.880000000000000000e+02
8.891000000000000000e+03 6.405000000000000000e+03 4.026999999999999886e+02 3.539999999999999858e+01 1.850000000000000000e+02
8.925000000000000000e+03 6.451000000000000000e+03 7.022000000000000455e+02 3.510000000000000142e+01 1.840000000000000000e+02
8.959000000000000000e+03 6.535000000000000000e+03 3.453999999999999773e+02 3.739999999999999858e+01 1.760000000000000000e+02
8.998000000000000000e+03 6.435000000000000000e+03 4.673999999999999773e+02 3.750000000000000000e+01 1.820000000000000000e+02
8.949000000000000000e+03 6.430000000000000000e+03 4.908999999999999773e+02 3.420000000000000284e+01 1.880000000000000000e+02
8.997000000000000000e+03 6.435000000000000000e+03 4.746999999999999886e+02 3.750000000000000000e+01 1.880000000000000000e+02
8.944000000000000000e+03 6.339000000000000000e+03 5.031999999999999886e+02 4.000000000000000000e+01 1.860000000000000000e+02
8.956000000000000000e+03 6.362000000000000000e+03 4.016999999999999886e+02 3.729999999999999716e+01 1.730000000000000000e+02
8.953000000000000000e+03 6.405000000000000000e+03 3.811999999999999886e+02 4.160000000000000142e+01 1.780000000000000000e+02
8.963000000000000000e+03 6.301000000000000000e+03 3.568999999999999773e+02 3.620000000000000284e+01 1.830000000000000000e+02
8.977000000000000000e+03 6.222000000000000000e+03 5.021999999999999886e+02 3.729999999999999716e+01 1.790000000000000000e+02
8.986000000000000000e+03 6.481000000000000000e+03 4.568999999999999773e+02 3.860000000000000142e+01 1.850000000000000000e+02
8.957000000000000000e+03 6.400000000000000000e+03 4.223999999999999773e+02 3.929999999999999716e+01 1.800000000000000000e+02
8.973000000000000000e+03 6.394000000000000000e+03 4.938999999999999773e+02 4.060000000000000142e+01 1.840000000000000000e+02
8.975000000000000000e+03 6.506000000000000000e+03 4.083000000000000114e+02 3.600000000000000000e+01 1.810000000000000000e+02
8.904000000000000000e+03 6.626000000000000000e+03 4.073000000000000114e+02 3.220000000000000284e+01 1.840000000000000000e+02
8.974000000000000000e+03 6.348000000000000000e+03 3.461000000000000227e+02 3.910000000000000142e+01 1.830000000000000000e+02
8.971000000000000000e+03 6.327000000000000000e+03 3.670000000000000000e+02 4.220000000000000284e+01 1.790000000000000000e+02
8.946000000000000000e+03 6.399000000000000000e+03 6.652000000000000455e+02 3.800000000000000000e+01 2.040000000000000000e+02
8.930000000000000000e+03 6.343000000000000000e+03 4.448999999999999773e+02 3.810000000000000142e+01 1.770000000000000000e+02
8.991000000000000000e+03 6.449000000000000000e+03 3.758999999999999773e+02 3.510000000000000142e+01 1.780000000000000000e+02
8.987000000000000000e+03 6.287000000000000000e+03 4.405000000000000000e+02 3.620000000000000284e+01 1.720000000000000000e+02
8.971000000000000000e+03 6.477000000000000000e+03 3.550000000000000000e+02 3.860000000000000142e+01 1.890000000000000000e+02
8.963000000000000000e+03 6.470000000000000000e+03 5.023000000000000114e+02 4.210000000000000142e+01 1.890000000000000000e+02
8.992000000000000000e+03 6.356000000000000000e+03 4.461000000000000227e+02 3.900000000000000000e+01 1.890000000000000000e+02
8.958000000000000000e+03 6.435000000000000000e+03 4.961000000000000227e+02 3.710000000000000142e+01 1.750000000000000000e+02
8.933000000000000000e+03 6.421000000000000000e+03 3.706000000000000227e+02 3.629999999999999716e+01 1.830000000000000000e+02
8.891000000000000000e+03 6.462000000000000000e+03 4.401000000000000227e+02 3.639999999999999858e+01 1.920000000000000000e+02
8.966000000000000000e+03 6.301000000000000000e+03 5.041999999999999886e+02 3.779999999999999716e+01 1.840000000000000000e+02
8.935000000000000000e+03 6.466000000000000000e+03 4.661000000000000227e+02 3.700000000000000000e+01 1.810000000000000000e+02
8.944000000000000000e+03 6.382000000000000000e+03 4.613000000000000114e+02 3.520000000000000284e+01 1.750000000000000000e+02
8.972000000000000000e+03 6.454000000000000000e+03 4.205000000000000000e+02 3.750000000000000000e+01 1.950000000000000000e+02
8.975000000000000000e+03 6.281000000000000000e+03 4.370000000000000000e+02 3.650000000000000000e+01 1.860000000000000000e+02
8.937000000000000000e+03 6.376000000000000000e+03 4.688000000000000114e+02 3.739999999999999858e+01 1.820000000000000000e+02
8.961000000000000000e+03 6.526000000000000000e+03 5.523999999999999773e+02 3.550000000000000000e+01 1.850000000000000000e+02
8.959000000000000000e+03 6.312000000000000000e+03 7.143999999999999773e+02 3.950000000000000000e+01 1.710000000000000000e+02
8.925000000000000000e+03 6.340000000000000000e+03 5.023999999999999773e+02 3.970000000000000284e+01 1.970000000000000000e+02
8.976000000000000000e+03 6.434000000000000000e+03 4.006000000000000227e+02 3.539999999999999858e+01 1.800000000000000000e+02
8.973000000000000000e+03 6.316000000000000000e+03 4.743000000000000114e+02 3.939999999999999858e+01 1.810000000000000000e+02
8.976000000000000000e+03 6.399000000000000000e+03 4.725000000000000000e+02 3.900000000000000000e+01 1.910000000000000000e+02
8.889000000000000000e+03 6.402000000000000000e+03 4.113999999999999773e+02 3.589999999999999858e+01 1.900000000000000000e+02
8.978000000000000000e+03 6.503000000000000000e+03 4.030000000000000000e+02 4.079999999999999716e+01 1.910000000000000000e+02
8.956000000000000000e+03 6.401000000000000000e+03 3.406000000000000227e+02 3.720000000000000284e+01 1.890000000000000000e+02
8.988000000000000000e+03 6.516000000000000000e+03 5.322999999999999545e+02 3.550000000000000000e+01 1.820000000000000000e+02
8.953000000000000000e+03 6.558000000000000000e+03 4.090000000000000000e+02 3.529999999999999716e+01 1.880000000000000000e+02
8.987000000000000000e+03 6.250000000000000000e+03 3.656999999999999886e+02 3.629999999999999716e+01 1.790000000000000000e+02
8.951000000000000000e+03 6.325000000000000000e+03 3.928000000000000114e+02 4.010000000000000142e+01 1.910000000000000000e+02
8.904000000000000000e+03 6.430000000000000000e+03 5.297000000000000455e+02 3.610000000000000142e+01 2.120000000000000000e+02
8.951000000000000000e+03 6.419000000000000000e+03 3.783000000000000114e+02 3.920000000000000284e+01 1.690000000000000000e+02
9.007000000000000000e+03 6.519000000000000000e+03 4.091999999999999886e+02 3.920000000000000284e+01 1.870000000000000000e+02
8.963000000000000000e+03 6.397000000000000000e+03 4.168000000000000114e+02 4.010000000000000142e+01 1.910000000000000000e+02
8.956000000000000000e+03 6.463000000000000000e+03 4.656000000000000227e+02 3.920000000000000284e+01 1.750000000000000000e+02
8.996000000000000000e+03 6.422000000000000000e+03 4.521999999999999886e+02 3.860000000000000142e+01 1.900000000000000000e+02
8.968000000000000000e+03 6.325000000000000000e+03 3.666000000000000227e+02 4.010000000000000142e+01 1.770000000000000000e+02
8.965000000000000000e+03 6.345000000000000000e+03 4.315000000000000000e+02 4.129999999999999716e+01 1.820000000000000000e+02
8.944000000000000000e+03 6.390000000000000000e+03 4.515000000000000000e+02 3.800000000000000000e+01 1.860000000000000000e+02
8.989000000000000000e+03 6.309000000000000000e+03 4.313999999999999773e+02 3.900000000000000000e+01 1.820000000000000000e+02
8.946000000000000000e+03 6.275000000000000000e+03 3.728999999999999773e+02 3.739999999999999858e+01 1.830000000000000000e+02
8.938000000000000000e+03 6.431000000000000000e+03 4.233999999999999773e+02 3.829999999999999716e+01 1.920000000000000000e+02
8.903000000000000000e+03 6.468000000000000000e+03 4.516999999999999886e+02 4.079999999999999716e+01 1.840000000000000000e+02
8.936000000000000000e+03 6.422000000000000000e+03 4.456999999999999886e+02 4.300000000000000000e+01 1.760000000000000000e+02
9.001000000000000000e+03 6.389000000000000000e+03 4.878000000000000114e+02 3.800000000000000000e+01 1.890000000000000000e+02
8.922000000000000000e+03 6.322000000000000000e+03 4.445000000000000000e+02 3.700000000000000000e+01 1.850000000000000000e+02
9.010000000000000000e+03 6.414000000000000000e+03 5.282999999999999545e+02 3.800000000000000000e+01 1.780000000000000000e+02
8.933000000000000000e+03 6.536000000000000000e+03 3.651999999999999886e+02 3.239999999999999858e+01 1.960000000000000000e+02
8.965000000000000000e+03 6.519000000000000000e+03 3.505000000000000000e+02 4.110000000000000142e+01 1.930000000000000000e+02
8.957000000000000000e+03 6.469000000000000000e+03 4.081000000000000227e+02 3.839999999999999858e+01 1.880000000000000000e+02
8.969000000000000000e+03 6.421000000000000000e+03 4.058999999999999773e+02 3.700000000000000000e+01 2.070000000000000000e+02
9.030000000000000000e+03 6.411000000000000000e+03 4.756000000000000227e+02 3.520000000000000284e+01 1.900000000000000000e+02
8.954000000000000000e+03 6.576000000000000000e+03 4.458000000000000114e+02 3.500000000000000000e+01 1.900000000000000000e+02
8.968000000000000000e+03 6.453000000000000000e+03 4.386999999999999886e+02 3.820000000000000284e+01 1.820000000000000000e+02
9.004000000000000000e+03 6.401000000000000000e+03 3.618999999999999773e+02 3.850000000000000000e+01 1.790000000000000000e+02
9.038000000000000000e+03 6.389000000000000000e+03 3.711000000000000227e+02 3.600000000000000000e+01 1.920000000000000000e+02
8.945000000000000000e+03 6.442000000000000000e+03 5.922000000000000455e+02 3.600000000000000000e+01 1.770000000000000000e+02
9.013000000000000000e+03 6.430000000000000000e+03 4.343999999999999773e+02 3.810000000000000142e+01 1.860000000000000000e+02
8.996000000000000000e+03 6.379000000000000000e+03 4.248000000000000114e+02 3.639999999999999858e+01 1.830000000000000000e+02
8.971000000000000000e+03 6.266000000000000000e+03 4.353999999999999773e+02 3.629999999999999716e+01 1.870000000000000000e+02
8.930000000000000000e+03 6.462000000000000000e+03 5.248999999999999773e+02 3.820000000000000284e+01 1.810000000000000000e+02
8.998000000000000000e+03 6.522000000000000000e+03 5.510000000000000000e+02 3.879999999999999716e+01 1.860000000000000000e+02
8.966000000000000000e+03 6.408000000000000000e+03 3.621999999999999886e+02 3.660000000000000142e+01 1.880000000000000000e+02
8.993000000000000000e+03 6.380000000000000000e+03 4.731000000000000227e+02 3.600000000000000000e+01 1.900000000000000000e+02
8.960000000000000000e+03 6.452000000000000000e+03 5.026999999999999886e+02 3.510000000000000142e+01 1.720000000000000000e+02
9.013000000000000000e+03 6.315000000000000000e+03 4.528000000000000114e+02 3.629999999999999716e+01 1.730000000000000000e+02
8.920000000000000000e+03 6.384000000000000000e+03 4.766999999999999886e+02 3.900000000000000000e+01 1.830000000000000000e+02
8.970000000000000000e+03 6.468000000000000000e+03 4.396000000000000227e+02 3.679999999999999716e+01 1.790000000000000000e+02
8.924000000000000000e+03 6.344000000000000000e+03 3.425000000000000000e+02 3.570000000000000284e+01 1.730000000000000000e+02
8.934000000000000000e+03 6.327000000000000000e+03 4.903999999999999773e+02 4.120000000000000284e+01 1.820000000000000000e+02
8.990000000000000000e+03 6.573000000000000000e+03 4.593000000000000114e+02 3.279999999999999716e+01 1.940000000000000000e+02
8.948000000000000000e+03 6.508000000000000000e+03 4.050000000000000000e+02 3.710000000000000142e+01 1.790000000000000000e+02
8.965000000000000000e+03 6.464000000000000000e+03 4.270000000000000000e+02 3.650000000000000000e+01 1.820000000000000000e+02
8.909000000000000000e+03 6.396000000000000000e+03 4.341999999999999886e+02 3.570000000000000284e+01 1.720000000000000000e+02
8.974000000000000000e+03 6.171000000000000000e+03 5.287000000000000455e+02 3.650000000000000000e+01 1.830000000000000000e+02
8.912000000000000000e+03 6.405000000000000000e+03 3.736000000000000227e+02 3.410000000000000142e+01 1.800000000000000000e+02
8.960000000000000000e+03 6.405000000000000000e+03 4.868000000000000114e+02 3.610000000000000142e+01 1.810000000000000000e+02
8.972000000000000000e+03 6.445000000000000000e+03 4.628999999999999773e+02 3.370000000000000284e+01 1.810000000000000000e+02
8.992000000000000000e+03 6.635000000000000000e+03 3.833000000000000114e+02 3.310000000000000142e+01 1.900000000000000000e+02
8.992000000000000000e+03 6.228000000000000000e+03 4.301999999999999886e+02 3.829999999999999716e+01 1.690000000000000000e+02
8.974000000000000000e+03 6.538000000000000000e+03 3.531999999999999886e+02 3.820000000000000284e+01 1.840000000000000000e+02
8.935000000000000000e+03 6.420000000000000000e+03 4.133000000000000114e+02 4.000000000000000000e+01 1.750000000000000000e+02
8.958000000000000000e+03 6.247000000000000000e+03 5.443999999999999773e+02 4.210000000000000142e+01 1.910000000000000000e+02
8.971000000000000000e+03 6.472000000000000000e+03 4.420000000000000000e+02 3.589999999999999858e+01 1.830000000000000000e+02
8.970000000000000000e+03 6.368000000000000000e+03 3.998000000000000114e+02 4.020000000000000284e+01 1.800000000000000000e+02
8.940000000000000000e+03 6.467000000000000000e+03 5.058000000000000114e+02 3.739999999999999858e+01 1.850000000000000000e+02
9.015000000000000000e+03 6.525000000000000000e+03 6.650000000000000000e+02 3.620000000000000284e+01 1.900000000000000000e+02
8.933000000000000000e+03 6.457000000000000000e+03 4.443999999999999773e+02 4.000000000000000000e+01 1.860000000000000000e+02
8.997000000000000000e+03 6.315000000000000000e+03 4.310000000000000000e+02 3.889999999999999858e+01 1.860000000000000000e+02
8.961000000000000000e+03 6.484000000000000000e+03 4.301999999999999886e+02 3.829999999999999716e+01 1.770000000000000000e+02
9.009000000000000000e+03 6.419000000000000000e+03 3.920000000000000000e+02 3.639999999999999858e+01 1.850000000000000000e+02
9.016000000000000000e+03 6.479000000000000000e+03 4.188999999999999773e+02 3.629999999999999716e+01 1.780000000000000000e+02
9.019000000000000000e+03 6.465000000000000000e+03 5.913999999999999773e+02 3.789999999999999858e+01 1.800000000000000000e+02
8.987000000000000000e+03 6.525000000000000000e+03 4.461999999999999886e+02 4.239999999999999858e+01 1.720000000000000000e+02
8.989000000000000000e+03 6.434000000000000000e+03 4.101999999999999886e+02 3.729999999999999716e+01 1.810000000000000000e+02
8.985000000000000000e+03 6.405000000000000000e+03 4.313999999999999773e+02 3.900000000000000000e+01 1.780000000000000000e+02
8.993000000000000000e+03 6.432000000000000000e+03 3.450000000000000000e+02 3.600000000000000000e+01 1.830000000000000000e+02
8.973000000000000000e+03 6.446000000000000000e+03 5.915000000000000000e+02 3.789999999999999858e+01 1.770000000000000000e+02
8.939000000000000000e+03 6.435000000000000000e+03 3.920000000000000000e+02 3.610000000000000142e+01 1.850000000000000000e+02
8.928000000000000000e+03 6.448000000000000000e+03 3.955000000000000000e+02 3.720000000000000284e+01 1.740000000000000000e+02
8.946000000000000000e+03 6.403000000000000000e+03 4.140000000000000000e+02 4.050000000000000000e+01 1.890000000000000000e+02
8.898000000000000000e+03 6.564000000000000000e+03 4.673999999999999773e+02 3.910000000000000142e+01 1.950000000000000000e+02
9.007000000000000000e+03 6.447000000000000000e+03 4.798999999999999773e+02 3.720000000000000284e+01 1.770000000000000000e+02
9.009000000000000000e+03 6.457000000000000000e+03 3.771999999999999886e+02 3.710000000000000142e+01 1.870000000000000000e+02
8.982000000000000000e+03 6.503000000000000000e+03 4.515000000000000000e+02 3.700000000000000000e+01 1.800000000000000000e+02
8.953000000000000000e+03 6.405000000000000000e+03 3.910000000000000000e+02 3.610000000000000142e+01 1.790000000000000000e+02
8.987000000000000000e+03 6.635000000000000000e+03 4.358999999999999773e+02 3.870000000000000284e+01 2.000000000000000000e+02
9.009000000000000000e+03 6.396000000000000000e+03 5.666000000000000227e+02 3.800000000000000000e+01 1.810000000000000000e+02
9.036000000000000000e+03 6.476000000000000000e+03 4.071999999999999886e+02 3.520000000000000284e+01 1.920000000000000000e+02
8.919000000000000000e+03 6.410000000000000000e+03 3.533000000000000114e+02 4.289999999999999858e+01 2.010000000000000000e+02
8.978000000000000000e+03 6.625000000000000000e+03 4.030000000000000000e+02 3.820000000000000284e+01 1.850000000000000000e+02
8.985000000000000000e+03 6.484000000000000000e+03 3.881000000000000227e+02 3.620000000000000284e+01 1.810000000000000000e+02
8.952000000000000000e+03 6.280000000000000000e+03 5.138999999999999773e+02 3.689999999999999858e+01 1.850000000000000000e+02
8.950000000000000000e+03 6.503000000000000000e+03 3.556999999999999886e+02 3.600000000000000000e+01 1.980000000000000000e+02
9.004000000000000000e+03 6.405000000000000000e+03 4.138000000000000114e+02 3.860000000000000142e+01 1.970000000000000000e+02
8.961000000000000000e+03 6.379000000000000000e+03 3.473999999999999773e+02 4.020000000000000284e+01 1.930000000000000000e+02
8.933000000000000000e+03 6.453000000000000000e+03 5.106000000000000227e+02 4.039999999999999858e+01 1.850000000000000000e+02
9.013000000000000000e+03 6.486000000000000000e+03 4.191999999999999886e+02 3.620000000000000284e+01 1.740000000000000000e+02
8.945000000000000000e+03 6.369000000000000000e+03 3.595000000000000000e+02 3.650000000000000000e+01 2.020000000000000000e+02
8.917000000000000000e+03 6.510000000000000000e+03 4.068999999999999773e+02 3.500000000000000000e+01 1.870000000000000000e+02
8.907000000000000000e+03 6.426000000000000000e+03 4.273999999999999773e+02 3.560000000000000142e+01 1.840000000000000000e+02
8.955000000000000000e+03 6.409000000000000000e+03 3.915000000000000000e+02 3.570000000000000284e+01 1.810000000000000000e+02
8.954000000000000000e+03 6.549000000000000000e+03 7.290000000000000000e+02 3.920000000000000284e+01 1.800000000000000000e+02
9.011000000000000000e+03 6.395000000000000000e+03 4.353000000000000114e+02 3.810000000000000142e+01 1.790000000000000000e+02
8.928000000000000000e+03 6.258000000000000000e+03 3.926000000000000227e+02 3.550000000000000000e+01 1.840000000000000000e+02
8.974000000000000000e+03 6.535000000000000000e+03 3.801999999999999886e+02 3.810000000000000142e+01 1.700000000000000000e+02
8.969000000000000000e+03 6.261000000000000000e+03 4.060000000000000000e+02 3.710000000000000142e+01 1.750000000000000000e+02
8.949000000000000000e+03 6.408000000000000000e+03 4.790000000000000000e+02 3.820000000000000284e+01 2.020000000000000000e+02
8.964000000000000000e+03 6.505000000000000000e+03 3.846000000000000227e+02 3.329999999999999716e+01 2.060000000000000000e+02
8.948000000000000000e+03 6.452000000000000000e+03 3.606000000000000227e+02 3.529999999999999716e+01 1.970000000000000000e+02
8.973000000000000000e+03 6.153000000000000000e+03 5.063999999999999773e+02 4.229999999999999716e+01 1.740000000000000000e+02
8.958000000000000000e+03 6.593000000000000000e+03 4.223999999999999773e+02 3.670000000000000284e+01 1.930000000000000000e+02
8.932000000000000000e+03 6.398000000000000000e+03 4.181999999999999886e+02 3.729999999999999716e+01 1.840000000000000000e+02
8.960000000000000000e+03 6.394000000000000000e+03 4.391000000000000227e+02 3.710000000000000142e+01 1.920000000000000000e+02
8.964000000000000000e+03 6.495000000000000000e+03 4.206999999999999886e+02 3.879999999999999716e+01 1.800000000000000000e+02
8.957000000000000000e+03 6.355000000000000000e+03 3.998000000000000114e+02 3.600000000000000000e+01 1.910000000000000000e+02
8.924000000000000000e+03 6.519000000000000000e+03 3.766000000000000227e+02 3.550000000000000000e+01 1.880000000000000000e+02
8.928000000000000000e+03 6.509000000000000000e+03 3.818999999999999773e+02 3.910000000000000142e+01 1.900000000000000000e+02
8.979000000000000000e+03 6.441000000000000000e+03 4.665000000000000000e+02 4.250000000000000000e+01 1.830000000000000000e+02
8.943000000000000000e+03 6.564000000000000000e+03 4.335000000000000000e+02 3.729999999999999716e+01 1.810000000000000000e+02
8.961000000000000000e+03 6.593000000000000000e+03 4.495000000000000000e+02 3.639999999999999858e+01 1.840000000000000000e+02
8.972000000000000000e+03 6.462000000000000000e+03 4.833999999999999773e+02 3.539999999999999858e+01 1.820000000000000000e+02
8.992000000000000000e+03 6.377000000000000000e+03 3.913000000000000114e+02 3.679999999999999716e+01 1.880000000000000000e+02
8.961000000000000000e+03 6.455000000000000000e+03 5.426000000000000227e+02 3.779999999999999716e+01 1.780000000000000000e+02
8.970000000000000000e+03 6.387000000000000000e+03 3.456000000000000227e+02 3.420000000000000284e+01 1.760000000000000000e+02
8.942000000000000000e+03 6.458000000000000000e+03 4.731000000000000227e+02 3.829999999999999716e+01 1.770000000000000000e+02
8.970000000000000000e+03 6.428000000000000000e+03 3.706999999999999886e+02 3.610000000000000142e+01 1.810000000000000000e+02
8.960000000000000000e+03 6.541000000000000000e+03 4.198999999999999773e+02 3.660000000000000142e+01 1.920000000000000000e+02
8.970000000000000000e+03 6.406000000000000000e+03 4.268999999999999773e+02 3.700000000000000000e+01 1.710000000000000000e+02
8.937000000000000000e+03 6.489000000000000000e+03 3.753000000000000114e+02 3.860000000000000142e+01 2.080000000000000000e+02
8.944000000000000000e+03 6.627000000000000000e+03 4.311000000000000227e+02 3.510000000000000142e+01 1.780000000000000000e+02
9.026000000000000000e+03 6.467000000000000000e+03 4.311000000000000227e+02 3.379999999999999716e+01 1.780000000000000000e+02
8.941000000000000000e+03 6.581000000000000000e+03 4.906999999999999886e+02 4.100000000000000000e+01 1.780000000000000000e+02
9.008000000000000000e+03 6.436000000000000000e+03 4.108000000000000114e+02 3.720000000000000284e+01 1.830000000000000000e+02
8.944000000000000000e+03 6.429000000000000000e+03 4.885000000000000000e+02 3.629999999999999716e+01 1.820000000000000000e+02
8.985000000000000000e+03 6.529000000000000000e+03 4.178000000000000114e+02 3.839999999999999858e+01 1.890000000000000000e+02
8.969000000000000000e+03 6.458000000000000000e+03 5.437000000000000455e+02 3.750000000000000000e+01 1.800000000000000000e+02
8.933000000000000000e+03 6.256000000000000000e+03 3.870000000000000000e+02 3.750000000000000000e+01 1.830000000000000000e+02
8.965000000000000000e+03 6.521000000000000000e+03 4.461000000000000227e+02 3.729999999999999716e+01 1.700000000000000000e+02
8.984000000000000000e+03 6.361000000000000000e+03 3.733000000000000114e+02 3.800000000000000000e+01 1.910000000000000000e+02
8.946000000000000000e+03 6.423000000000000000e+03 5.638999999999999773e+02 3.839999999999999858e+01 1.750000000000000000e+02
8.959000000000000000e+03 6.357000000000000000e+03 4.643999999999999773e+02 3.779999999999999716e+01 1.810000000000000000e+02
8.974000000000000000e+03 6.538000000000000000e+03 4.433999999999999773e+02 3.500000000000000000e+01 1.790000000000000000e+02
9.014000000000000000e+03 6.531000000000000000e+03 5.843999999999999773e+02 3.779999999999999716e+01 1.920000000000000000e+02
8.958000000000000000e+03 6.395000000000000000e+03 4.198999999999999773e+02 3.900000000000000000e+01 1.880000000000000000e+02
8.960000000000000000e+03 6.338000000000000000e+03 4.305000000000000000e+02 3.720000000000000284e+01 1.890000000000000000e+02
8.931000000000000000e+03 6.371000000000000000e+03 3.240000000000000000e+02 3.400000000000000000e+01 1.770000000000000000e+02
8.994000000000000000e+03 6.347000000000000000e+03 4.928999999999999773e+02 3.879999999999999716e+01 1.790000000000000000e+02
8.927000000000000000e+03 6.337000000000000000e+03 5.235000000000000000e+02 4.050000000000000000e+01 1.870000000000000000e+02
8.953000000000000000e+03 6.529000000000000000e+03 3.946999999999999886e+02 3.479999999999999716e+01 1.800000000000000000e+02
9.016000000000000000e+03 6.356000000000000000e+03 4.106999999999999886e+02 4.279999999999999716e+01 1.900000000000000000e+02
8.925000000000000000e+03 6.446000000000000000e+03 5.036999999999999886e+02 3.820000000000000284e+01 1.910000000000000000e+02
9.020000000000000000e+03 6.367000000000000000e+03 4.208000000000000114e+02 3.729999999999999716e+01 1.820000000000000000e+02
8.895000000000000000e+03 6.357000000000000000e+03 3.961999999999999886e+02 3.679999999999999716e+01 1.780000000000000000e+02
8.941000000000000000e+03 6.439000000000000000e+03 4.385000000000000000e+02 3.910000000000000142e+01 1.860000000000000000e+02
8.937000000000000000e+03 6.358000000000000000e+03 3.495000000000000000e+02 3.870000000000000284e+01 1.810000000000000000e+02
8.935000000000000000e+03 6.446000000000000000e+03 4.636999999999999886e+02 3.760000000000000142e+01 1.770000000000000000e+02
8.994000000000000000e+03 6.314000000000000000e+03 3.400000000000000000e+02 4.250000000000000000e+01 1.970000000000000000e+02
8.988000000000000000e+03 6.441000000000000000e+03 3.511999999999999886e+02 3.350000000000000000e+01 2.020000000000000000e+02
8.986000000000000000e+03 6.503000000000000000e+03 3.418999999999999773e+02 3.660000000000000142e+01 1.820000000000000000e+02
8.954000000000000000e+03 6.475000000000000000e+03 3.318999999999999773e+02 3.529999999999999716e+01 1.950000000000000000e+02
8.932000000000000000e+03 6.504000000000000000e+03 4.455000000000000000e+02 3.939999999999999858e+01 1.910000000000000000e+02
8.960000000000000000e+03 6.459000000000000000e+03 4.231999999999999886e+02 3.500000000000000000e+01 1.920000000000000000e+02
8.945000000000000000e+03 6.329000000000000000e+03 4.588999999999999773e+02 3.700000000000000000e+01 1.740000000000000000e+02
8.926000000000000000e+03 6.406000000000000000e+03 3.548999999999999773e+02 3.629999999999999716e+01 1.950000000000000000e+02
8.993000000000000000e+03 6.384000000000000000e+03 4.168999999999999773e+02 3.950000000000000000e+01 1.810000000000000000e+02
8.952000000000000000e+03 6.554000000000000000e+03 3.536000000000000227e+02 3.750000000000000000e+01 1.790000000000000000e+02
8.967000000000000000e+03 6.267000000000000000e+03 6.411000000000000227e+02 3.539999999999999858e+01 1.870000000000000000e+02
8.947000000000000000e+03 6.477000000000000000e+03 4.376000000000000227e+02 3.979999999999999716e+01 1.860000000000000000e+02
8.934000000000000000e+03 6.352000000000000000e+03 4.478000000000000114e+02 4.089999999999999858e+01 1.710000000000000000e+02
8.944000000000000000e+03 6.432000000000000000e+03 5.058999999999999773e+02 3.700000000000000000e+01 1.830000000000000000e+02
8.960000000000000000e+03 6.459000000000000000e+03 4.238000000000000114e+02 3.889999999999999858e+01 1.930000000000000000e+02
8.963000000000000000e+03 6.515000000000000000e+03 5.521000000000000227e+02 3.750000000000000000e+01 2.000000000000000000e+02
8.964000000000000000e+03 6.464000000000000000e+03 3.903999999999999773e+02 3.910000000000000142e+01 1.770000000000000000e+02
8.945000000000000000e+03 6.442000000000000000e+03 3.871000000000000227e+02 3.739999999999999858e+01 1.750000000000000000e+02
8.980000000000000000e+03 6.617000000000000000e+03 4.333000000000000114e+02 3.500000000000000000e+01 1.850000000000000000e+02
8.936000000000000000e+03 6.496000000000000000e+03 4.525000000000000000e+02 3.729999999999999716e+01 1.910000000000000000e+02
8.932000000000000000e+03 6.483000000000000000e+03 4.118000000000000114e+02 3.510000000000000142e+01 1.980000000000000000e+02
8.934000000000000000e+03 6.519000000000000000e+03 4.001000000000000227e+02 3.600000000000000000e+01 1.930000000000000000e+02
