9.819000000000000000e+03 9.212000000000000000e+03 1.825099999999999909e+03 5.500000000000000000e+00 3.324000000000000000e+03
9.817000000000000000e+03 9.267000000000000000e+03 1.825099999999999909e+03 5.000000000000000000e+00 3.304000000000000000e+03
9.813000000000000000e+03 9.290000000000000000e+03 1.488299999999999955e+03 5.000000000000000000e+00 3.304000000000000000e+03
9.819000000000000000e+03 9.334000000000000000e+03 1.825099999999999909e+03 5.000000000000000000e+00 3.270000000000000000e+03
9.836000000000000000e+03 9.243000000000000000e+03 1.825099999999999909e+03 5.099999999999999645e+00 3.299000000000000000e+03
9.809000000000000000e+03 9.224000000000000000e+03 1.736200000000000045e+03 5.000000000000000000e+00 3.284000000000000000e+03
9.774000000000000000e+03 9.284000000000000000e+03 1.365099999999999909e+03 5.000000000000000000e+00 3.272000000000000000e+03
9.805000000000000000e+03 9.250000000000000000e+03 1.651500000000000000e+03 5.200000000000000178e+00 3.317000000000000000e+03
9.821000000000000000e+03 9.268000000000000000e+03 1.825099999999999909e+03 5.099999999999999645e+00 3.361000000000000000e+03
9.772000000000000000e+03 9.292000000000000000e+03 1.825099999999999909e+03 5.000000000000000000e+00 3.303000000000000000e+03
9.821000000000000000e+03 9.221000000000000000e+03 1.825099999999999909e+03 5.400000000000000355e+00 3.297000000000000000e+03
9.771000000000000000e+03 9.256000000000000000e+03 1.737299999999999955e+03 5.099999999999999645e+00 3.271000000000000000e+03
9.818000000000000000e+03 9.272000000000000000e+03 1.818700000000000045e+03 5.200000000000000178e+00 3.353000000000000000e+03
9.830000000000000000e+03 9.309000000000000000e+03 1.825099999999999909e+03 5.000000000000000000e+00 3.210000000000000000e+03
9.794000000000000000e+03 9.273000000000000000e+03 1.643000000000000000e+03 5.299999999999999822e+00 3.330000000000000000e+03
9.817000000000000000e+03 9.286000000000000000e+03 1.765599999999999909e+03 5.000000000000000000e+00 3.392000000000000000e+03
9.816000000000000000e+03 9.306000000000000000e+03 1.713400000000000091e+03 5.000000000000000000e+00 3.301000000000000000e+03
9.824000000000000000e+03 9.263000000000000000e+03 1.825099999999999909e+03 5.000000000000000000e+00 3.303000000000000000e+03
9.800000000000000000e+03 9.289000000000000000e+03 1.825099999999999909e+03 5.000000000000000000e+00 3.337000000000000000e+03
9.819000000000000000e+03 9.224000000000000000e+03 1.825099999999999909e+03 5.400000000000000355e+00 3.276000000000000000e+03
9.835000000000000000e+03 9.294000000000000000e+03 1.825099999999999909e+03 5.099999999999999645e+00 3.267000000000000000e+03
9.795000000000000000e+03 9.244000000000000000e+03 1.716900000000000091e+03 5.000000000000000000e+00 3.274000000000000000e+03
9.787000000000000000e+03 9.220000000000000000e+03 1.740099999999999909e+03 5.400000000000000355e+00 3.261000000000000000e+03
9.808000000000000000e+03 9.247000000000000000e+03 1.660400000000000091e+03 6.000000000000000000e+00 3.309000000000000000e+03
9.803000000000000000e+03 9.222000000000000000e+03 1.825099999999999909e+03 5.099999999999999645e+00 3.235000000000000000e+03
9.798000000000000000e+03 9.243000000000000000e+03 1.825099999999999909e+03 5.200000000000000178e+00 3.292000000000000000e+03
9.806000000000000000e+03 9.292000000000000000e+03 1.620500000000000000e+03 5.000000000000000000e+00 3.259000000000000000e+03
9.809000000000000000e+03 9.199000000000000000e+03 1.825099999999999909e+03 5.000000000000000000e+00 3.322000000000000000e+03
9.807000000000000000e+03 9.271000000000000000e+03 1.727400000000000091e+03 5.000000000000000000e+00 3.291000000000000000e+03
9.834000000000000000e+03 9.290000000000000000e+03 1.825099999999999909e+03 5.000000000000000000e+00 3.286000000000000000e+03
9.827000000000000000e+03 9.265000000000000000e+03 1.769400000000000091e+03 5.000000000000000000e+00 3.281000000000000000e+03
9.809000000000000000e+03 9.296000000000000000e+03 1.620900000000000091e+03 5.099999999999999645e+00 3.322000000000000000e+03
9.797000000000000000e+03 9.244000000000000000e+03 1.607400000000000091e+03 5.000000000000000000e+00 3.312000000000000000e+03
9.816000000000000000e+03 9.246000000000000000e+03 1.678599999999999909e+03 5.000000000000000000e+00 3.329000000000000000e+03
9.826000000000000000e+03 9.166000000000000000e+03 1.825099999999999909e+03 5.599999999999999645e+00 3.275000000000000000e+03
9.800000000000000000e+03 9.262000000000000000e+03 1.825099999999999909e+03 5.000000000000000000e+00 3.283000000000000000e+03
9.807000000000000000e+03 9.197000000000000000e+03 1.734599999999999909e+03 5.200000000000000178e+00 3.215000000000000000e+03
9.795000000000000000e+03 9.265000000000000000e+03 1.758799999999999955e+03 5.000000000000000000e+00 3.330000000000000000e+03
9.764000000000000000e+03 9.282000000000000000e+03 1.825099999999999909e+03 5.000000000000000000e+00 3.311000000000000000e+03
9.787000000000000000e+03 9.312000000000000000e+03 1.510500000000000000e+03 5.000000000000000000e+00 3.356000000000000000e+03
9.810000000000000000e+03 9.309000000000000000e+03 1.825099999999999909e+03 5.000000000000000000e+00 3.307000000000000000e+03
9.804000000000000000e+03 9.313000000000000000e+03 1.730200000000000045e+03 5.000000000000000000e+00 3.262000000000000000e+03
9.785000000000000000e+03 9.234000000000000000e+03 1.536500000000000000e+03 5.299999999999999822e+00 3.302000000000000000e+03
9.819000000000000000e+03 9.296000000000000000e+03 1.796799999999999955e+03 5.000000000000000000e+00 3.280000000000000000e+03
9.804000000000000000e+03 9.318000000000000000e+03 1.825099999999999909e+03 5.000000000000000000e+00 3.199000000000000000e+03
9.800000000000000000e+03 9.243000000000000000e+03 1.464200000000000045e+03 6.000000000000000000e+00 3.309000000000000000e+03
9.788000000000000000e+03 9.297000000000000000e+03 1.825099999999999909e+03 5.000000000000000000e+00 3.246000000000000000e+03
9.810000000000000000e+03 9.271000000000000000e+03 1.825099999999999909e+03 5.099999999999999645e+00 3.314000000000000000e+03
9.818000000000000000e+03 9.272000000000000000e+03 1.705099999999999909e+03 5.000000000000000000e+00 3.320000000000000000e+03
9.815000000000000000e+03 9.280000000000000000e+03 1.825099999999999909e+03 5.200000000000000178e+00 3.305000000000000000e+03
9.807000000000000000e+03 9.281000000000000000e+03 1.825099999999999909e+03 5.000000000000000000e+00 3.316000000000000000e+03
9.834000000000000000e+03 9.278000000000000000e+03 1.825099999999999909e+03 5.000000000000000000e+00 3.341000000000000000e+03
9.805000000000000000e+03 9.275000000000000000e+03 1.825099999999999909e+03 5.000000000000000000e+00 3.290000000000000000e+03
9.803000000000000000e+03 9.271000000000000000e+03 1.581000000000000000e+03 5.000000000000000000e+00 3.308000000000000000e+03
9.821000000000000000e+03 9.273000000000000000e+03 1.740700000000000045e+03 5.299999999999999822e+00 3.336000000000000000e+03
9.803000000000000000e+03 9.234000000000000000e+03 1.825099999999999909e+03 5.599999999999999645e+00 3.311000000000000000e+03
9.806000000000000000e+03 9.278000000000000000e+03 1.528599999999999909e+03 5.200000000000000178e+00 3.275000000000000000e+03
9.813000000000000000e+03 9.280000000000000000e+03 1.576400000000000091e+03 5.000000000000000000e+00 3.231000000000000000e+03
9.805000000000000000e+03 9.249000000000000000e+03 1.825099999999999909e+03 5.000000000000000000e+00 3.291000000000000000e+03
9.808000000000000000e+03 9.304000000000000000e+03 1.825099999999999909e+03 5.000000000000000000e+00 3.241000000000000000e+03
9.808000000000000000e+03 9.304000000000000000e+03 1.602599999999999909e+03 5.099999999999999645e+00 3.342000000000000000e+03
9.807000000000000000e+03 9.282000000000000000e+03 1.564500000000000000e+03 5.000000000000000000e+00 3.267000000000000000e+03
9.799000000000000000e+03 9.267000000000000000e+03 1.825099999999999909e+03 6.000000000000000000e+00 3.228000000000000000e+03
9.793000000000000000e+03 9.322000000000000000e+03 1.784099999999999909e+03 5.000000000000000000e+00 3.274000000000000000e+03
9.841000000000000000e+03 9.281000000000000000e+03 1.825099999999999909e+03 5.400000000000000355e+00 3.334000000000000000e+03
9.812000000000000000e+03 9.203000000000000000e+03 1.825099999999999909e+03 5.500000000000000000e+00 3.284000000000000000e+03
9.812000000000000000e+03 9.333000000000000000e+03 1.694099999999999909e+03 5.000000000000000000e+00 3.260000000000000000e+03
9.826000000000000000e+03 9.284000000000000000e+03 1.825099999999999909e+03 5.000000000000000000e+00 3.243000000000000000e+03
9.782000000000000000e+03 9.271000000000000000e+03 1.479599999999999909e+03 5.200000000000000178e+00 3.263000000000000000e+03
9.796000000000000000e+03 9.280000000000000000e+03 1.825099999999999909e+03 5.099999999999999645e+00 3.343000000000000000e+03
9.815000000000000000e+03 9.268000000000000000e+03 1.825099999999999909e+03 6.000000000000000000e+00 3.262000000000000000e+03
9.811000000000000000e+03 9.266000000000000000e+03 1.825099999999999909e+03 5.099999999999999645e+00 3.224000000000000000e+03
9.822000000000000000e+03 9.236000000000000000e+03 1.825099999999999909e+03 5.099999999999999645e+00 3.342000000000000000e+03
9.818000000000000000e+03 9.320000000000000000e+03 1.748500000000000000e+03 5.000000000000000000e+00 3.258000000000000000e+03
9.816000000000000000e+03 9.231000000000000000e+03 1.825099999999999909e+03 5.299999999999999822e+00 3.282000000000000000e+03
9.828000000000000000e+03 9.270000000000000000e+03 1.810200000000000045e+03 5.000000000000000000e+00 3.289000000000000000e+03
9.794000000000000000e+03 9.323000000000000000e+03 1.587099999999999909e+03 5.099999999999999645e+00 3.262000000000000000e+03
9.784000000000000000e+03 9.317000000000000000e+03 1.363299999999999955e+03 5.000000000000000000e+00 3.324000000000000000e+03
9.818000000000000000e+03 9.201000000000000000e+03 1.825099999999999909e+03 5.200000000000000178e+00 3.264000000000000000e+03
9.807000000000000000e+03 9.237000000000000000e+03 1.825099999999999909e+03 5.000000000000000000e+00 3.335000000000000000e+03
9.813000000000000000e+03 9.298000000000000000e+03 1.825099999999999909e+03 5.000000000000000000e+00 3.329000000000000000e+03
9.820000000000000000e+03 9.325000000000000000e+03 1.738500000000000000e+03 5.000000000000000000e+00 3.302000000000000000e+03
9.794000000000000000e+03 9.362000000000000000e+03 1.603799999999999955e+03 5.000000000000000000e+00 3.270000000000000000e+03
9.801000000000000000e+03 9.186000000000000000e+03 1.617599999999999909e+03 6.000000000000000000e+00 3.311000000000000000e+03
9.833000000000000000e+03 9.200000000000000000e+03 1.825099999999999909e+03 5.000000000000000000e+00 3.259000000000000000e+03
9.807000000000000000e+03 9.296000000000000000e+03 1.825099999999999909e+03 5.000000000000000000e+00 3.361000000000000000e+03
9.814000000000000000e+03 9.234000000000000000e+03 1.825099999999999909e+03 5.599999999999999645e+00 3.300000000000000000e+03
9.792000000000000000e+03 9.280000000000000000e+03 1.551700000000000045e+03 5.000000000000000000e+00 3.358000000000000000e+03
9.821000000000000000e+03 9.306000000000000000e+03 1.825099999999999909e+03 5.000000000000000000e+00 3.332000000000000000e+03
9.833000000000000000e+03 9.289000000000000000e+03 1.825099999999999909e+03 5.000000000000000000e+00 3.313000000000000000e+03
9.792000000000000000e+03 9.241000000000000000e+03 1.539900000000000091e+03 5.200000000000000178e+00 3.324000000000000000e+03
9.818000000000000000e+03 9.299000000000000000e+03 1.825099999999999909e+03 5.000000000000000000e+00 3.296000000000000000e+03
9.805000000000000000e+03 9.233000000000000000e+03 1.491900000000000091e+03 5.400000000000000355e+00 3.310000000000000000e+03
9.835000000000000000e+03 9.308000000000000000e+03 1.825099999999999909e+03 5.000000000000000000e+00 3.214000000000000000e+03
9.797000000000000000e+03 9.328000000000000000e+03 1.825099999999999909e+03 5.000000000000000000e+00 3.258000000000000000e+03
9.797000000000000000e+03 9.280000000000000000e+03 1.640400000000000091e+03 5.000000000000000000e+00 3.297000000000000000e+03
9.817000000000000000e+03 9.226000000000000000e+03 1.746200000000000045e+03 5.000000000000000000e+00 3.347000000000000000e+03
9.843000000000000000e+03 9.300000000000000000e+03 1.825099999999999909e+03 5.000000000000000000e+00 3.330000000000000000e+03
9.802000000000000000e+03 9.217000000000000000e+03 1.825099999999999909e+03 5.500000000000000000e+00 3.277000000000000000e+03
9.769000000000000000e+03 9.289000000000000000e+03 1.567799999999999955e+03 5.099999999999999645e+00 3.340000000000000000e+03
9.820000000000000000e+03 9.310000000000000000e+03 1.825099999999999909e+03 5.000000000000000000e+00 3.316000000000000000e+03
9.789000000000000000e+03 9.241000000000000000e+03 1.818099999999999909e+03 5.000000000000000000e+00 3.217000000000000000e+03
9.816000000000000000e+03 9.317000000000000000e+03 1.825099999999999909e+03 5.000000000000000000e+00 3.245000000000000000e+03
9.806000000000000000e+03 9.280000000000000000e+03 1.789599999999999909e+03 5.000000000000000000e+00 3.311000000000000000e+03
9.790000000000000000e+03 9.316000000000000000e+03 1.825099999999999909e+03 5.000000000000000000e+00 3.333000000000000000e+03
9.811000000000000000e+03 9.269000000000000000e+03 1.825099999999999909e+03 5.000000000000000000e+00 3.357000000000000000e+03
9.811000000000000000e+03 9.334000000000000000e+03 1.825099999999999909e+03 5.000000000000000000e+00 3.335000000000000000e+03
9.794000000000000000e+03 9.260000000000000000e+03 1.641200000000000045e+03 5.000000000000000000e+00 3.294000000000000000e+03
9.827000000000000000e+03 9.288000000000000000e+03 1.825099999999999909e+03 5.000000000000000000e+00 3.247000000000000000e+03
9.830000000000000000e+03 9.287000000000000000e+03 1.825099999999999909e+03 5.000000000000000000e+00 3.270000000000000000e+03
9.802000000000000000e+03 9.300000000000000000e+03 1.699099999999999909e+03 5.000000000000000000e+00 3.204000000000000000e+03
9.813000000000000000e+03 9.288000000000000000e+03 1.825099999999999909e+03 5.000000000000000000e+00 3.251000000000000000e+03
9.798000000000000000e+03 9.291000000000000000e+03 1.825099999999999909e+03 5.000000000000000000e+00 3.382000000000000000e+03
9.830000000000000000e+03 9.207000000000000000e+03 1.825099999999999909e+03 5.400000000000000355e+00 3.316000000000000000e+03
9.847000000000000000e+03 9.196000000000000000e+03 1.825099999999999909e+03 5.200000000000000178e+00 3.288000000000000000e+03
9.779000000000000000e+03 9.247000000000000000e+03 1.563700000000000045e+03 5.000000000000000000e+00 3.346000000000000000e+03
9.787000000000000000e+03 9.285000000000000000e+03 1.732400000000000091e+03 5.000000000000000000e+00 3.297000000000000000e+03
9.798000000000000000e+03 9.237000000000000000e+03 1.825099999999999909e+03 5.000000000000000000e+00 3.248000000000000000e+03
9.820000000000000000e+03 9.311000000000000000e+03 1.825099999999999909e+03 5.000000000000000000e+00 3.372000000000000000e+03
9.819000000000000000e+03 9.275000000000000000e+03 1.825099999999999909e+03 5.000000000000000000e+00 3.363000000000000000e+03
9.823000000000000000e+03 9.264000000000000000e+03 1.825099999999999909e+03 5.000000000000000000e+00 3.237000000000000000e+03
9.786000000000000000e+03 9.283000000000000000e+03 1.406799999999999955e+03 5.000000000000000000e+00 3.269000000000000000e+03
9.796000000000000000e+03 9.250000000000000000e+03 1.498000000000000000e+03 5.400000000000000355e+00 3.308000000000000000e+03
9.806000000000000000e+03 9.318000000000000000e+03 1.825099999999999909e+03 5.000000000000000000e+00 3.245000000000000000e+03
9.829000000000000000e+03 9.273000000000000000e+03 1.778799999999999955e+03 5.000000000000000000e+00 3.224000000000000000e+03
9.783000000000000000e+03 9.273000000000000000e+03 1.452599999999999909e+03 5.000000000000000000e+00 3.318000000000000000e+03
9.798000000000000000e+03 9.248000000000000000e+03 1.825099999999999909e+03 5.099999999999999645e+00 3.331000000000000000e+03
9.807000000000000000e+03 9.242000000000000000e+03 1.825099999999999909e+03 5.000000000000000000e+00 3.264000000000000000e+03
9.816000000000000000e+03 9.285000000000000000e+03 1.825099999999999909e+03 5.000000000000000000e+00 3.303000000000000000e+03
9.820000000000000000e+03 9.307000000000000000e+03 1.739099999999999909e+03 5.000000000000000000e+00 3.316000000000000000e+03
9.810000000000000000e+03 9.242000000000000000e+03 1.825099999999999909e+03 5.099999999999999645e+00 3.322000000000000000e+03
9.818000000000000000e+03 9.244000000000000000e+03 1.709400000000000091e+03 5.200000000000000178e+00 3.321000000000000000e+03
9.827000000000000000e+03 9.306000000000000000e+03 1.791700000000000045e+03 5.000000000000000000e+00 3.185000000000000000e+03
9.806000000000000000e+03 9.291000000000000000e+03 1.754900000000000091e+03 5.200000000000000178e+00 3.281000000000000000e+03
9.792000000000000000e+03 9.305000000000000000e+03 1.733599999999999909e+03 5.000000000000000000e+00 3.280000000000000000e+03
9.782000000000000000e+03 9.240000000000000000e+03 1.400900000000000091e+03 5.200000000000000178e+00 3.278000000000000000e+03
9.811000000000000000e+03 9.251000000000000000e+03 1.825099999999999909e+03 5.200000000000000178e+00 3.277000000000000000e+03
9.834000000000000000e+03 9.313000000000000000e+03 1.825099999999999909e+03 5.000000000000000000e+00 3.259000000000000000e+03
9.818000000000000000e+03 9.260000000000000000e+03 1.825099999999999909e+03 5.299999999999999822e+00 3.361000000000000000e+03
9.799000000000000000e+03 9.284000000000000000e+03 1.825099999999999909e+03 5.099999999999999645e+00 3.316000000000000000e+03
9.792000000000000000e+03 9.275000000000000000e+03 1.564200000000000045e+03 5.000000000000000000e+00 3.333000000000000000e+03
9.817000000000000000e+03 9.306000000000000000e+03 1.825099999999999909e+03 5.000000000000000000e+00 3.270000000000000000e+03
9.807000000000000000e+03 9.234000000000000000e+03 1.825099999999999909e+03 5.000000000000000000e+00 3.289000000000000000e+03
9.811000000000000000e+03 9.300000000000000000e+03 1.825099999999999909e+03 5.099999999999999645e+00 3.254000000000000000e+03
9.829000000000000000e+03 9.269000000000000000e+03 1.825099999999999909e+03 5.099999999999999645e+00 3.276000000000000000e+03
9.816000000000000000e+03 9.302000000000000000e+03 1.825099999999999909e+03 5.000000000000000000e+00 3.291000000000000000e+03
9.835000000000000000e+03 9.324000000000000000e+03 1.542900000000000091e+03 5.000000000000000000e+00 3.274000000000000000e+03
9.791000000000000000e+03 9.263000000000000000e+03 1.580799999999999955e+03 5.099999999999999645e+00 3.318000000000000000e+03
9.781000000000000000e+03 9.248000000000000000e+03 1.825099999999999909e+03 5.000000000000000000e+00 3.258000000000000000e+03
9.832000000000000000e+03 9.301000000000000000e+03 1.825099999999999909e+03 5.099999999999999645e+00 3.298000000000000000e+03
9.814000000000000000e+03 9.233000000000000000e+03 1.825099999999999909e+03 6.000000000000000000e+00 3.297000000000000000e+03
9.793000000000000000e+03 9.241000000000000000e+03 1.479799999999999955e+03 5.000000000000000000e+00 3.323000000000000000e+03
9.812000000000000000e+03 9.243000000000000000e+03 1.825099999999999909e+03 5.200000000000000178e+00 3.258000000000000000e+03
9.815000000000000000e+03 9.256000000000000000e+03 1.825099999999999909e+03 5.000000000000000000e+00 3.362000000000000000e+03
9.801000000000000000e+03 9.260000000000000000e+03 1.535900000000000091e+03 5.000000000000000000e+00 3.280000000000000000e+03
9.806000000000000000e+03 9.252000000000000000e+03 1.703000000000000000e+03 5.000000000000000000e+00 3.344000000000000000e+03
9.808000000000000000e+03 9.297000000000000000e+03 1.728599999999999909e+03 5.000000000000000000e+00 3.320000000000000000e+03
9.815000000000000000e+03 9.300000000000000000e+03 1.825099999999999909e+03 5.000000000000000000e+00 3.333000000000000000e+03
9.810000000000000000e+03 9.257000000000000000e+03 1.825099999999999909e+03 5.000000000000000000e+00 3.365000000000000000e+03
9.790000000000000000e+03 9.280000000000000000e+03 1.825099999999999909e+03 5.599999999999999645e+00 3.273000000000000000e+03
9.795000000000000000e+03 9.267000000000000000e+03 1.730900000000000091e+03 5.000000000000000000e+00 3.208000000000000000e+03
9.821000000000000000e+03 9.266000000000000000e+03 1.674799999999999955e+03 5.099999999999999645e+00 3.306000000000000000e+03
9.794000000000000000e+03 9.302000000000000000e+03 1.825099999999999909e+03 5.099999999999999645e+00 3.333000000000000000e+03
9.800000000000000000e+03 9.249000000000000000e+03 1.432299999999999955e+03 5.000000000000000000e+00 3.286000000000000000e+03
9.826000000000000000e+03 9.257000000000000000e+03 1.825099999999999909e+03 5.200000000000000178e+00 3.249000000000000000e+03
9.804000000000000000e+03 9.269000000000000000e+03 1.773200000000000045e+03 5.000000000000000000e+00 3.343000000000000000e+03
9.792000000000000000e+03 9.304000000000000000e+03 1.825099999999999909e+03 5.000000000000000000e+00 3.289000000000000000e+03
9.803000000000000000e+03 9.295000000000000000e+03 1.637099999999999909e+03 5.200000000000000178e+00 3.203000000000000000e+03
9.819000000000000000e+03 9.307000000000000000e+03 1.815299999999999955e+03 5.000000000000000000e+00 3.370000000000000000e+03
9.835000000000000000e+03 9.246000000000000000e+03 1.825099999999999909e+03 5.400000000000000355e+00 3.262000000000000000e+03
9.786000000000000000e+03 9.272000000000000000e+03 1.621299999999999955e+03 5.000000000000000000e+00 3.357000000000000000e+03
9.811000000000000000e+03 9.345000000000000000e+03 1.509200000000000045e+03 5.000000000000000000e+00 3.291000000000000000e+03
9.806000000000000000e+03 9.252000000000000000e+03 1.540700000000000045e+03 5.299999999999999822e+00 3.208000000000000000e+03
9.791000000000000000e+03 9.278000000000000000e+03 1.825099999999999909e+03 5.000000000000000000e+00 3.365000000000000000e+03
9.810000000000000000e+03 9.272000000000000000e+03 1.805900000000000091e+03 5.000000000000000000e+00 3.299000000000000000e+03
9.786000000000000000e+03 9.271000000000000000e+03 1.560900000000000091e+03 5.000000000000000000e+00 3.372000000000000000e+03
9.799000000000000000e+03 9.252000000000000000e+03 1.825099999999999909e+03 5.000000000000000000e+00 3.331000000000000000e+03
9.808000000000000000e+03 9.214000000000000000e+03 1.825099999999999909e+03 5.500000000000000000e+00 3.221000000000000000e+03
9.809000000000000000e+03 9.289000000000000000e+03 1.825099999999999909e+03 5.000000000000000000e+00 3.262000000000000000e+03
9.816000000000000000e+03 9.257000000000000000e+03 1.825099999999999909e+03 5.000000000000000000e+00 3.270000000000000000e+03
9.832000000000000000e+03 9.305000000000000000e+03 1.825099999999999909e+03 5.000000000000000000e+00 3.317000000000000000e+03
9.801000000000000000e+03 9.207000000000000000e+03 1.581799999999999955e+03 5.400000000000000355e+00 3.301000000000000000e+03
9.806000000000000000e+03 9.286000000000000000e+03 1.556200000000000045e+03 5.000000000000000000e+00 3.332000000000000000e+03
9.818000000000000000e+03 9.282000000000000000e+03 1.825099999999999909e+03 5.000000000000000000e+00 3.271000000000000000e+03
9.803000000000000000e+03 9.265000000000000000e+03 1.734599999999999909e+03 5.000000000000000000e+00 3.260000000000000000e+03
9.816000000000000000e+03 9.299000000000000000e+03 1.825099999999999909e+03 5.000000000000000000e+00 3.310000000000000000e+03
9.804000000000000000e+03 9.232000000000000000e+03 1.825099999999999909e+03 5.000000000000000000e+00 3.302000000000000000e+03
9.831000000000000000e+03 9.309000000000000000e+03 1.825099999999999909e+03 5.000000000000000000e+00 3.370000000000000000e+03
9.806000000000000000e+03 9.322000000000000000e+03 1.737500000000000000e+03 5.000000000000000000e+00 3.262000000000000000e+03
9.782000000000000000e+03 9.212000000000000000e+03 1.667000000000000000e+03 5.099999999999999645e+00 3.329000000000000000e+03
9.819000000000000000e+03 9.273000000000000000e+03 1.825099999999999909e+03 5.000000000000000000e+00 3.337000000000000000e+03
9.824000000000000000e+03 9.282000000000000000e+03 1.825099999999999909e+03 5.000000000000000000e+00 3.324000000000000000e+03
9.802000000000000000e+03 9.277000000000000000e+03 1.825099999999999909e+03 5.000000000000000000e+00 3.332000000000000000e+03
9.798000000000000000e+03 9.266000000000000000e+03 1.535200000000000045e+03 5.000000000000000000e+00 3.318000000000000000e+03
9.826000000000000000e+03 9.281000000000000000e+03 1.825099999999999909e+03 5.400000000000000355e+00 3.321000000000000000e+03
9.792000000000000000e+03 9.240000000000000000e+03 1.825099999999999909e+03 5.200000000000000178e+00 3.336000000000000000e+03
9.791000000000000000e+03 9.216000000000000000e+03 1.825099999999999909e+03 5.000000000000000000e+00 3.291000000000000000e+03
9.786000000000000000e+03 9.306000000000000000e+03 1.541500000000000000e+03 5.000000000000000000e+00 3.236000000000000000e+03
9.816000000000000000e+03 9.302000000000000000e+03 1.781799999999999955e+03 5.000000000000000000e+00 3.294000000000000000e+03
9.816000000000000000e+03 9.244000000000000000e+03 1.764099999999999909e+03 5.400000000000000355e+00 3.344000000000000000e+03
9.804000000000000000e+03 9.292000000000000000e+03 1.800900000000000091e+03 5.400000000000000355e+00 3.270000000000000000e+03
9.804000000000000000e+03 9.319000000000000000e+03 1.825099999999999909e+03 5.000000000000000000e+00 3.293000000000000000e+03
9.803000000000000000e+03 9.220000000000000000e+03 1.652200000000000045e+03 5.500000000000000000e+00 3.310000000000000000e+03
9.810000000000000000e+03 9.277000000000000000e+03 1.781599999999999909e+03 5.000000000000000000e+00 3.353000000000000000e+03
9.808000000000000000e+03 9.268000000000000000e+03 1.825099999999999909e+03 5.000000000000000000e+00 3.279000000000000000e+03
9.833000000000000000e+03 9.328000000000000000e+03 1.825099999999999909e+03 5.000000000000000000e+00 3.266000000000000000e+03
9.805000000000000000e+03 9.243000000000000000e+03 1.825099999999999909e+03 5.400000000000000355e+00 3.289000000000000000e+03
9.803000000000000000e+03 9.217000000000000000e+03 1.825099999999999909e+03 5.400000000000000355e+00 3.301000000000000000e+03
9.818000000000000000e+03 9.250000000000000000e+03 1.696099999999999909e+03 5.000000000000000000e+00 3.281000000000000000e+03
9.808000000000000000e+03 9.288000000000000000e+03 1.716099999999999909e+03 5.000000000000000000e+00 3.281000000000000000e+03
9.831000000000000000e+03 9.268000000000000000e+03 1.825099999999999909e+03 5.000000000000000000e+00 3.310000000000000000e+03
9.804000000000000000e+03 9.295000000000000000e+03 1.762000000000000000e+03 5.000000000000000000e+00 3.266000000000000000e+03
9.821000000000000000e+03 9.286000000000000000e+03 1.678000000000000000e+03 5.099999999999999645e+00 3.362000000000000000e+03
9.778000000000000000e+03 9.303000000000000000e+03 1.600700000000000045e+03 5.200000000000000178e+00 3.300000000000000000e+03
9.796000000000000000e+03 9.318000000000000000e+03 1.518099999999999909e+03 5.000000000000000000e+00 3.245000000000000000e+03
9.807000000000000000e+03 9.265000000000000000e+03 1.741700000000000045e+03 5.000000000000000000e+00 3.331000000000000000e+03
9.789000000000000000e+03 9.334000000000000000e+03 1.825099999999999909e+03 5.000000000000000000e+00 3.396000000000000000e+03
9.807000000000000000e+03 9.361000000000000000e+03 1.659000000000000000e+03 5.000000000000000000e+00 3.249000000000000000e+03
9.827000000000000000e+03 9.256000000000000000e+03 1.825099999999999909e+03 5.000000000000000000e+00 3.305000000000000000e+03
9.818000000000000000e+03 9.315000000000000000e+03 1.688799999999999955e+03 5.000000000000000000e+00 3.294000000000000000e+03
9.810000000000000000e+03 9.282000000000000000e+03 1.825099999999999909e+03 5.000000000000000000e+00 3.290000000000000000e+03
9.804000000000000000e+03 9.233000000000000000e+03 1.775299999999999955e+03 5.400000000000000355e+00 3.277000000000000000e+03
9.800000000000000000e+03 9.210000000000000000e+03 1.825099999999999909e+03 5.200000000000000178e+00 3.225000000000000000e+03
9.793000000000000000e+03 9.292000000000000000e+03 1.481200000000000045e+03 5.000000000000000000e+00 3.330000000000000000e+03
9.814000000000000000e+03 9.273000000000000000e+03 1.825099999999999909e+03 5.000000000000000000e+00 3.261000000000000000e+03
9.808000000000000000e+03 9.275000000000000000e+03 1.825099999999999909e+03 5.000000000000000000e+00 3.202000000000000000e+03
9.819000000000000000e+03 9.194000000000000000e+03 1.825099999999999909e+03 5.099999999999999645e+00 3.339000000000000000e+03
9.813000000000000000e+03 9.227000000000000000e+03 1.825099999999999909e+03 5.299999999999999822e+00 3.296000000000000000e+03
9.826000000000000000e+03 9.197000000000000000e+03 1.727000000000000000e+03 6.000000000000000000e+00 3.331000000000000000e+03
9.790000000000000000e+03 9.283000000000000000e+03 1.712200000000000045e+03 5.099999999999999645e+00 3.340000000000000000e+03
9.820000000000000000e+03 9.289000000000000000e+03 1.805299999999999955e+03 5.000000000000000000e+00 3.316000000000000000e+03
9.806000000000000000e+03 9.289000000000000000e+03 1.825099999999999909e+03 5.099999999999999645e+00 3.280000000000000000e+03
9.820000000000000000e+03 9.237000000000000000e+03 1.825099999999999909e+03 5.000000000000000000e+00 3.319000000000000000e+03
9.796000000000000000e+03 9.265000000000000000e+03 1.580400000000000091e+03 5.000000000000000000e+00 3.290000000000000000e+03
9.815000000000000000e+03 9.290000000000000000e+03 1.825099999999999909e+03 5.000000000000000000e+00 3.289000000000000000e+03
9.820000000000000000e+03 9.246000000000000000e+03 1.825099999999999909e+03 5.000000000000000000e+00 3.238000000000000000e+03
9.828000000000000000e+03 9.285000000000000000e+03 1.820400000000000091e+03 5.000000000000000000e+00 3.262000000000000000e+03
9.815000000000000000e+03 9.270000000000000000e+03 1.721400000000000091e+03 5.099999999999999645e+00 3.325000000000000000e+03
9.783000000000000000e+03 9.260000000000000000e+03 1.396599999999999909e+03 5.400000000000000355e+00 3.285000000000000000e+03
9.802000000000000000e+03 9.257000000000000000e+03 1.825099999999999909e+03 5.099999999999999645e+00 3.310000000000000000e+03
9.808000000000000000e+03 9.271000000000000000e+03 1.825099999999999909e+03 5.000000000000000000e+00 3.340000000000000000e+03
9.803000000000000000e+03 9.231000000000000000e+03 1.434599999999999909e+03 5.299999999999999822e+00 3.359000000000000000e+03
9.812000000000000000e+03 9.272000000000000000e+03 1.825099999999999909e+03 5.000000000000000000e+00 3.282000000000000000e+03
9.825000000000000000e+03 9.276000000000000000e+03 1.705099999999999909e+03 5.099999999999999645e+00 3.290000000000000000e+03
9.801000000000000000e+03 9.280000000000000000e+03 1.748500000000000000e+03 5.099999999999999645e+00 3.326000000000000000e+03
9.828000000000000000e+03 9.295000000000000000e+03 1.825099999999999909e+03 5.200000000000000178e+00 3.378000000000000000e+03
9.809000000000000000e+03 9.271000000000000000e+03 1.825099999999999909e+03 5.000000000000000000e+00 3.267000000000000000e+03
9.838000000000000000e+03 9.247000000000000000e+03 1.825099999999999909e+03 5.200000000000000178e+00 3.284000000000000000e+03
9.830000000000000000e+03 9.283000000000000000e+03 1.825099999999999909e+03 5.400000000000000355e+00 3.268000000000000000e+03
9.814000000000000000e+03 9.323000000000000000e+03 1.755099999999999909e+03 5.000000000000000000e+00 3.294000000000000000e+03
