8.804000000000000000e+03 3.557000000000000000e+03 1.373000000000000114e+02 4.750000000000000000e+01 9.980000000000000000e+02
8.747000000000000000e+03 3.552000000000000000e+03 1.355000000000000000e+02 4.300000000000000000e+01 1.097000000000000000e+03
8.842000000000000000e+03 3.651000000000000000e+03 1.590999999999999943e+02 3.910000000000000142e+01 9.960000000000000000e+02
8.810000000000000000e+03 3.754000000000000000e+03 1.358000000000000114e+02 4.250000000000000000e+01 9.980000000000000000e+02
8.878000000000000000e+03 3.671000000000000000e+03 1.544000000000000057e+02 4.400000000000000000e+01 9.790000000000000000e+02
8.811000000000000000e+03 3.627000000000000000e+03 1.350999999999999943e+02 3.920000000000000284e+01 1.047000000000000000e+03
8.847000000000000000e+03 3.555000000000000000e+03 1.383000000000000114e+02 4.510000000000000142e+01 9.870000000000000000e+02
8.795000000000000000e+03 3.587000000000000000e+03 1.255000000000000000e+02 3.910000000000000142e+01 1.036000000000000000e+03
8.853000000000000000e+03 3.622000000000000000e+03 1.620999999999999943e+02 4.850000000000000000e+01 1.017000000000000000e+03
8.808000000000000000e+03 3.631000000000000000e+03 1.456999999999999886e+02 4.220000000000000284e+01 1.059000000000000000e+03
8.760000000000000000e+03 3.545000000000000000e+03 1.421999999999999886e+02 4.320000000000000284e+01 1.036000000000000000e+03
8.786000000000000000e+03 3.558000000000000000e+03 1.500999999999999943e+02 4.120000000000000284e+01 1.033000000000000000e+03
8.809000000000000000e+03 3.474000000000000000e+03 1.645000000000000000e+02 3.960000000000000142e+01 1.013000000000000000e+03
8.801000000000000000e+03 3.464000000000000000e+03 1.503000000000000114e+02 4.260000000000000142e+01 1.022000000000000000e+03
8.769000000000000000e+03 3.600000000000000000e+03 1.217999999999999972e+02 4.139999999999999858e+01 1.045000000000000000e+03
8.884000000000000000e+03 3.742000000000000000e+03 1.250999999999999943e+02 4.039999999999999858e+01 9.910000000000000000e+02
8.814000000000000000e+03 3.497000000000000000e+03 1.410999999999999943e+02 4.400000000000000000e+01 9.870000000000000000e+02
8.819000000000000000e+03 3.511000000000000000e+03 1.289000000000000057e+02 4.300000000000000000e+01 9.930000000000000000e+02
8.802000000000000000e+03 3.687000000000000000e+03 1.501999999999999886e+02 4.200000000000000000e+01 1.044000000000000000e+03
8.772000000000000000e+03 3.589000000000000000e+03 1.376999999999999886e+02 4.229999999999999716e+01 1.053000000000000000e+03
8.744000000000000000e+03 3.414000000000000000e+03 1.354000000000000057e+02 4.100000000000000000e+01 1.055000000000000000e+03
8.870000000000000000e+03 3.819000000000000000e+03 1.325000000000000000e+02 4.000000000000000000e+01 9.660000000000000000e+02
8.797000000000000000e+03 3.840000000000000000e+03 1.260000000000000000e+02 4.570000000000000284e+01 1.023000000000000000e+03
8.829000000000000000e+03 3.571000000000000000e+03 1.778000000000000114e+02 6.129999999999999716e+01 9.920000000000000000e+02
8.793000000000000000e+03 3.590000000000000000e+03 1.535999999999999943e+02 4.250000000000000000e+01 1.025000000000000000e+03
8.772000000000000000e+03 3.601000000000000000e+03 1.350999999999999943e+02 3.850000000000000000e+01 1.047000000000000000e+03
8.798000000000000000e+03 3.541000000000000000e+03 1.550999999999999943e+02 3.970000000000000284e+01 1.043000000000000000e+03
8.849000000000000000e+03 3.632000000000000000e+03 1.250999999999999943e+02 4.410000000000000142e+01 1.027000000000000000e+03
8.810000000000000000e+03 3.621000000000000000e+03 1.410999999999999943e+02 4.229999999999999716e+01 1.023000000000000000e+03
8.801000000000000000e+03 3.592000000000000000e+03 1.435000000000000000e+02 4.110000000000000142e+01 1.013000000000000000e+03
8.762000000000000000e+03 3.645000000000000000e+03 1.288000000000000114e+02 4.100000000000000000e+01 1.040000000000000000e+03
8.781000000000000000e+03 3.544000000000000000e+03 1.553000000000000114e+02 4.910000000000000142e+01 1.074000000000000000e+03
8.727000000000000000e+03 3.449000000000000000e+03 1.400999999999999943e+02 4.350000000000000000e+01 1.078000000000000000e+03
8.751000000000000000e+03 3.620000000000000000e+03 1.520999999999999943e+02 4.700000000000000000e+01 1.035000000000000000e+03
8.857000000000000000e+03 3.566000000000000000e+03 1.359000000000000057e+02 4.229999999999999716e+01 9.990000000000000000e+02
8.833000000000000000e+03 3.505000000000000000e+03 1.495999999999999943e+02 4.229999999999999716e+01 9.950000000000000000e+02
8.802000000000000000e+03 3.673000000000000000e+03 1.494000000000000057e+02 4.600000000000000000e+01 1.024000000000000000e+03
8.825000000000000000e+03 3.527000000000000000e+03 1.634000000000000057e+02 4.139999999999999858e+01 1.003000000000000000e+03
8.831000000000000000e+03 3.543000000000000000e+03 1.791999999999999886e+02 4.500000000000000000e+01 9.830000000000000000e+02
8.838000000000000000e+03 3.560000000000000000e+03 1.434000000000000057e+02 4.500000000000000000e+01 9.590000000000000000e+02
8.786000000000000000e+03 3.599000000000000000e+03 1.585000000000000000e+02 4.500000000000000000e+01 1.055000000000000000e+03
8.786000000000000000e+03 3.674000000000000000e+03 1.491999999999999886e+02 4.579999999999999716e+01 1.025000000000000000e+03
8.786000000000000000e+03 3.504000000000000000e+03 1.318000000000000114e+02 4.210000000000000142e+01 1.069000000000000000e+03
8.810000000000000000e+03 3.581000000000000000e+03 1.275999999999999943e+02 4.320000000000000284e+01 1.033000000000000000e+03
8.878000000000000000e+03 3.781000000000000000e+03 1.558000000000000114e+02 3.910000000000000142e+01 9.930000000000000000e+02
8.880000000000000000e+03 3.540000000000000000e+03 1.565000000000000000e+02 4.150000000000000000e+01 9.530000000000000000e+02
8.818000000000000000e+03 3.543000000000000000e+03 1.579000000000000057e+02 4.210000000000000142e+01 1.045000000000000000e+03
8.804000000000000000e+03 3.573000000000000000e+03 1.325999999999999943e+02 4.029999999999999716e+01 1.017000000000000000e+03
8.885000000000000000e+03 3.674000000000000000e+03 1.385999999999999943e+02 3.710000000000000142e+01 9.890000000000000000e+02
8.801000000000000000e+03 3.749000000000000000e+03 1.376999999999999886e+02 3.660000000000000142e+01 1.057000000000000000e+03
8.844000000000000000e+03 3.611000000000000000e+03 1.380999999999999943e+02 4.139999999999999858e+01 1.023000000000000000e+03
8.801000000000000000e+03 3.519000000000000000e+03 1.361999999999999886e+02 4.820000000000000284e+01 9.980000000000000000e+02
8.798000000000000000e+03 3.676000000000000000e+03 1.468000000000000114e+02 4.300000000000000000e+01 9.960000000000000000e+02
8.835000000000000000e+03 3.567000000000000000e+03 1.333000000000000114e+02 4.339999999999999858e+01 9.720000000000000000e+02
8.772000000000000000e+03 3.619000000000000000e+03 1.455999999999999943e+02 4.329999999999999716e+01 1.078000000000000000e+03
8.844000000000000000e+03 3.713000000000000000e+03 1.535000000000000000e+02 4.020000000000000284e+01 9.960000000000000000e+02
8.817000000000000000e+03 3.713000000000000000e+03 1.368000000000000114e+02 4.400000000000000000e+01 9.940000000000000000e+02
8.793000000000000000e+03 3.639000000000000000e+03 1.555000000000000000e+02 4.110000000000000142e+01 1.047000000000000000e+03
8.787000000000000000e+03 3.572000000000000000e+03 1.294000000000000057e+02 3.970000000000000284e+01 9.980000000000000000e+02
8.847000000000000000e+03 3.478000000000000000e+03 1.426999999999999886e+02 4.289999999999999858e+01 9.630000000000000000e+02
8.740000000000000000e+03 3.552000000000000000e+03 1.628000000000000114e+02 4.679999999999999716e+01 1.030000000000000000e+03
8.842000000000000000e+03 3.549000000000000000e+03 1.353000000000000114e+02 4.170000000000000284e+01 9.910000000000000000e+02
8.824000000000000000e+03 3.616000000000000000e+03 1.321999999999999886e+02 4.110000000000000142e+01 9.870000000000000000e+02
8.844000000000000000e+03 3.509000000000000000e+03 1.286999999999999886e+02 4.550000000000000000e+01 1.007000000000000000e+03
8.837000000000000000e+03 3.544000000000000000e+03 1.376999999999999886e+02 4.050000000000000000e+01 1.001000000000000000e+03
8.873000000000000000e+03 3.527000000000000000e+03 1.475999999999999943e+02 4.129999999999999716e+01 9.610000000000000000e+02
8.815000000000000000e+03 3.517000000000000000e+03 1.414000000000000057e+02 4.660000000000000142e+01 1.016000000000000000e+03
8.730000000000000000e+03 3.580000000000000000e+03 1.613000000000000114e+02 4.400000000000000000e+01 1.072000000000000000e+03
8.775000000000000000e+03 3.673000000000000000e+03 1.430000000000000000e+02 4.010000000000000142e+01 1.040000000000000000e+03
8.851000000000000000e+03 3.822000000000000000e+03 1.430999999999999943e+02 4.710000000000000142e+01 1.003000000000000000e+03
8.850000000000000000e+03 3.704000000000000000e+03 1.625999999999999943e+02 4.200000000000000000e+01 9.950000000000000000e+02
8.809000000000000000e+03 3.503000000000000000e+03 1.590999999999999943e+02 4.510000000000000142e+01 1.012000000000000000e+03
8.830000000000000000e+03 3.646000000000000000e+03 1.416999999999999886e+02 3.929999999999999716e+01 9.940000000000000000e+02
8.850000000000000000e+03 3.601000000000000000e+03 1.465000000000000000e+02 4.420000000000000284e+01 9.850000000000000000e+02
8.779000000000000000e+03 3.602000000000000000e+03 1.379000000000000057e+02 4.650000000000000000e+01 1.064000000000000000e+03
8.816000000000000000e+03 3.565000000000000000e+03 1.420000000000000000e+02 3.910000000000000142e+01 1.028000000000000000e+03
8.791000000000000000e+03 3.501000000000000000e+03 1.454000000000000057e+02 4.510000000000000142e+01 1.022000000000000000e+03
8.850000000000000000e+03 3.547000000000000000e+03 1.464000000000000057e+02 4.200000000000000000e+01 1.001000000000000000e+03
8.767000000000000000e+03 3.538000000000000000e+03 1.291999999999999886e+02 3.970000000000000284e+01 1.031000000000000000e+03
8.790000000000000000e+03 3.574000000000000000e+03 1.454000000000000057e+02 4.339999999999999858e+01 1.054000000000000000e+03
8.761000000000000000e+03 3.668000000000000000e+03 1.384000000000000057e+02 4.210000000000000142e+01 1.032000000000000000e+03
8.890000000000000000e+03 3.530000000000000000e+03 1.429000000000000057e+02 4.300000000000000000e+01 9.520000000000000000e+02
8.830000000000000000e+03 3.622000000000000000e+03 1.511999999999999886e+02 4.000000000000000000e+01 1.020000000000000000e+03
8.851000000000000000e+03 3.595000000000000000e+03 1.636999999999999886e+02 4.939999999999999858e+01 9.720000000000000000e+02
8.815000000000000000e+03 3.570000000000000000e+03 1.641999999999999886e+02 3.879999999999999716e+01 9.960000000000000000e+02
8.799000000000000000e+03 3.520000000000000000e+03 1.321999999999999886e+02 4.489999999999999858e+01 1.010000000000000000e+03
8.816000000000000000e+03 3.593000000000000000e+03 1.293000000000000114e+02 4.050000000000000000e+01 1.016000000000000000e+03
8.819000000000000000e+03 3.658000000000000000e+03 1.267000000000000028e+02 3.700000000000000000e+01 9.940000000000000000e+02
8.792000000000000000e+03 3.782000000000000000e+03 1.641999999999999886e+02 5.000000000000000000e+01 1.034000000000000000e+03
8.774000000000000000e+03 3.779000000000000000e+03 1.615999999999999943e+02 4.739999999999999858e+01 1.064000000000000000e+03
8.898000000000000000e+03 3.726000000000000000e+03 1.389000000000000057e+02 3.729999999999999716e+01 9.460000000000000000e+02
8.871000000000000000e+03 3.679000000000000000e+03 1.409000000000000057e+02 3.960000000000000142e+01 9.780000000000000000e+02
8.767000000000000000e+03 3.495000000000000000e+03 1.430000000000000000e+02 4.410000000000000142e+01 1.031000000000000000e+03
8.765000000000000000e+03 3.451000000000000000e+03 1.465000000000000000e+02 3.979999999999999716e+01 1.040000000000000000e+03
8.885000000000000000e+03 3.666000000000000000e+03 1.254000000000000057e+02 4.400000000000000000e+01 9.540000000000000000e+02
8.775000000000000000e+03 3.695000000000000000e+03 1.393000000000000114e+02 4.100000000000000000e+01 1.043000000000000000e+03
8.827000000000000000e+03 3.563000000000000000e+03 1.409000000000000057e+02 4.879999999999999716e+01 9.660000000000000000e+02
8.723000000000000000e+03 3.780000000000000000e+03 1.195000000000000000e+02 4.020000000000000284e+01 1.079000000000000000e+03
8.821000000000000000e+03 3.739000000000000000e+03 1.601999999999999886e+02 4.479999999999999716e+01 1.017000000000000000e+03
8.833000000000000000e+03 3.599000000000000000e+03 1.197999999999999972e+02 3.900000000000000000e+01 9.720000000000000000e+02
8.850000000000000000e+03 3.698000000000000000e+03 1.375999999999999943e+02 4.900000000000000000e+01 9.680000000000000000e+02
8.797000000000000000e+03 3.413000000000000000e+03 1.429000000000000057e+02 3.920000000000000284e+01 1.019000000000000000e+03
8.819000000000000000e+03 3.481000000000000000e+03 1.655000000000000000e+02 4.100000000000000000e+01 1.018000000000000000e+03
8.865000000000000000e+03 3.642000000000000000e+03 1.709000000000000057e+02 3.900000000000000000e+01 9.970000000000000000e+02
8.770000000000000000e+03 3.817000000000000000e+03 1.438000000000000114e+02 4.129999999999999716e+01 1.075000000000000000e+03
8.747000000000000000e+03 3.630000000000000000e+03 1.314000000000000057e+02 3.850000000000000000e+01 1.054000000000000000e+03
8.791000000000000000e+03 3.716000000000000000e+03 1.546999999999999886e+02 4.700000000000000000e+01 1.036000000000000000e+03
8.796000000000000000e+03 3.665000000000000000e+03 1.318000000000000114e+02 4.910000000000000142e+01 1.032000000000000000e+03
8.842000000000000000e+03 3.481000000000000000e+03 1.304000000000000057e+02 4.000000000000000000e+01 1.025000000000000000e+03
8.769000000000000000e+03 3.476000000000000000e+03 1.506999999999999886e+02 4.910000000000000142e+01 1.051000000000000000e+03
8.833000000000000000e+03 3.589000000000000000e+03 1.355000000000000000e+02 4.339999999999999858e+01 1.022000000000000000e+03
8.803000000000000000e+03 3.507000000000000000e+03 1.480000000000000000e+02 3.900000000000000000e+01 1.024000000000000000e+03
8.771000000000000000e+03 3.716000000000000000e+03 1.474000000000000057e+02 4.120000000000000284e+01 1.059000000000000000e+03
8.900000000000000000e+03 3.848000000000000000e+03 1.784000000000000057e+02 4.010000000000000142e+01 9.500000000000000000e+02
8.835000000000000000e+03 3.408000000000000000e+03 1.471999999999999886e+02 4.400000000000000000e+01 9.880000000000000000e+02
8.840000000000000000e+03 3.544000000000000000e+03 1.995000000000000000e+02 4.479999999999999716e+01 1.039000000000000000e+03
8.882000000000000000e+03 3.393000000000000000e+03 1.400999999999999943e+02 4.100000000000000000e+01 9.740000000000000000e+02
8.830000000000000000e+03 3.601000000000000000e+03 1.385000000000000000e+02 4.329999999999999716e+01 1.021000000000000000e+03
8.837000000000000000e+03 3.787000000000000000e+03 1.277000000000000028e+02 4.010000000000000142e+01 1.010000000000000000e+03
8.847000000000000000e+03 3.639000000000000000e+03 1.311999999999999886e+02 4.400000000000000000e+01 1.004000000000000000e+03
8.804000000000000000e+03 3.590000000000000000e+03 1.530999999999999943e+02 4.910000000000000142e+01 9.990000000000000000e+02
8.751000000000000000e+03 3.651000000000000000e+03 1.370999999999999943e+02 4.210000000000000142e+01 1.071000000000000000e+03
8.783000000000000000e+03 3.578000000000000000e+03 1.541999999999999886e+02 3.720000000000000284e+01 1.036000000000000000e+03
8.845000000000000000e+03 3.547000000000000000e+03 1.385999999999999943e+02 4.320000000000000284e+01 9.980000000000000000e+02
8.831000000000000000e+03 3.630000000000000000e+03 1.443000000000000114e+02 4.160000000000000142e+01 1.008000000000000000e+03
8.794000000000000000e+03 3.650000000000000000e+03 1.330000000000000000e+02 3.900000000000000000e+01 1.031000000000000000e+03
8.831000000000000000e+03 3.639000000000000000e+03 1.404000000000000057e+02 4.720000000000000284e+01 1.038000000000000000e+03
8.764000000000000000e+03 3.370000000000000000e+03 1.616999999999999886e+02 4.620000000000000284e+01 1.059000000000000000e+03
8.715000000000000000e+03 3.539000000000000000e+03 1.534000000000000057e+02 3.920000000000000284e+01 1.089000000000000000e+03
8.886000000000000000e+03 3.620000000000000000e+03 1.363000000000000114e+02 4.500000000000000000e+01 9.610000000000000000e+02
8.910000000000000000e+03 3.605000000000000000e+03 1.489000000000000057e+02 4.360000000000000142e+01 9.500000000000000000e+02
8.910000000000000000e+03 3.584000000000000000e+03 1.378000000000000114e+02 4.200000000000000000e+01 9.290000000000000000e+02
8.867000000000000000e+03 3.544000000000000000e+03 1.508000000000000114e+02 4.220000000000000284e+01 9.830000000000000000e+02
8.863000000000000000e+03 3.623000000000000000e+03 1.621999999999999886e+02 4.639999999999999858e+01 9.830000000000000000e+02
8.790000000000000000e+03 3.526000000000000000e+03 1.400999999999999943e+02 3.900000000000000000e+01 1.037000000000000000e+03
8.795000000000000000e+03 3.562000000000000000e+03 1.466999999999999886e+02 5.000000000000000000e+01 1.061000000000000000e+03
8.828000000000000000e+03 3.584000000000000000e+03 1.408000000000000114e+02 4.310000000000000142e+01 1.000000000000000000e+03
8.831000000000000000e+03 3.593000000000000000e+03 1.308000000000000114e+02 4.129999999999999716e+01 9.960000000000000000e+02
8.804000000000000000e+03 3.611000000000000000e+03 1.329000000000000057e+02 4.529999999999999716e+01 1.050000000000000000e+03
8.825000000000000000e+03 3.582000000000000000e+03 1.260000000000000000e+02 3.839999999999999858e+01 1.043000000000000000e+03
8.755000000000000000e+03 3.610000000000000000e+03 1.388000000000000114e+02 3.739999999999999858e+01 1.041000000000000000e+03
8.758000000000000000e+03 3.627000000000000000e+03 1.429000000000000057e+02 3.800000000000000000e+01 1.063000000000000000e+03
8.800000000000000000e+03 3.854000000000000000e+03 1.515999999999999943e+02 4.329999999999999716e+01 1.040000000000000000e+03
8.793000000000000000e+03 3.671000000000000000e+03 1.272999999999999972e+02 4.239999999999999858e+01 1.047000000000000000e+03
8.844000000000000000e+03 3.691000000000000000e+03 1.381999999999999886e+02 4.379999999999999716e+01 9.950000000000000000e+02
8.790000000000000000e+03 3.535000000000000000e+03 1.257000000000000028e+02 4.220000000000000284e+01 1.048000000000000000e+03
8.819000000000000000e+03 3.759000000000000000e+03 1.339000000000000057e+02 3.910000000000000142e+01 1.008000000000000000e+03
8.735000000000000000e+03 3.574000000000000000e+03 1.269000000000000057e+02 3.800000000000000000e+01 1.084000000000000000e+03
8.806000000000000000e+03 3.441000000000000000e+03 1.329000000000000057e+02 4.639999999999999858e+01 1.006000000000000000e+03
8.847000000000000000e+03 3.547000000000000000e+03 1.421999999999999886e+02 4.439999999999999858e+01 9.910000000000000000e+02
8.789000000000000000e+03 3.576000000000000000e+03 1.374000000000000057e+02 4.220000000000000284e+01 1.041000000000000000e+03
8.864000000000000000e+03 3.675000000000000000e+03 1.609000000000000057e+02 4.110000000000000142e+01 9.630000000000000000e+02
8.769000000000000000e+03 3.431000000000000000e+03 1.376999999999999886e+02 4.200000000000000000e+01 1.070000000000000000e+03
8.790000000000000000e+03 3.502000000000000000e+03 1.528000000000000114e+02 4.139999999999999858e+01 1.036000000000000000e+03
8.799000000000000000e+03 3.524000000000000000e+03 1.476999999999999886e+02 4.139999999999999858e+01 1.053000000000000000e+03
8.822000000000000000e+03 3.591000000000000000e+03 1.439000000000000057e+02 4.800000000000000000e+01 9.990000000000000000e+02
8.825000000000000000e+03 3.654000000000000000e+03 1.300000000000000000e+02 4.239999999999999858e+01 9.960000000000000000e+02
8.787000000000000000e+03 3.655000000000000000e+03 1.423000000000000114e+02 4.160000000000000142e+01 1.011000000000000000e+03
8.804000000000000000e+03 3.728000000000000000e+03 1.210000000000000000e+02 3.550000000000000000e+01 1.039000000000000000e+03
8.820000000000000000e+03 3.562000000000000000e+03 1.451999999999999886e+02 4.020000000000000284e+01 1.025000000000000000e+03
8.876000000000000000e+03 3.644000000000000000e+03 1.458000000000000114e+02 4.020000000000000284e+01 9.860000000000000000e+02
8.796000000000000000e+03 3.692000000000000000e+03 1.591999999999999886e+02 4.220000000000000284e+01 1.050000000000000000e+03
8.836000000000000000e+03 3.657000000000000000e+03 1.237000000000000028e+02 3.979999999999999716e+01 9.920000000000000000e+02
8.769000000000000000e+03 3.511000000000000000e+03 1.245000000000000000e+02 4.200000000000000000e+01 1.042000000000000000e+03
8.823000000000000000e+03 3.814000000000000000e+03 1.355999999999999943e+02 4.610000000000000142e+01 9.970000000000000000e+02
8.817000000000000000e+03 3.668000000000000000e+03 1.541999999999999886e+02 4.850000000000000000e+01 1.018000000000000000e+03
8.750000000000000000e+03 3.555000000000000000e+03 1.700000000000000000e+02 4.600000000000000000e+01 1.047000000000000000e+03
8.810000000000000000e+03 3.611000000000000000e+03 1.429000000000000057e+02 4.120000000000000284e+01 1.026000000000000000e+03
8.783000000000000000e+03 3.759000000000000000e+03 1.429000000000000057e+02 3.870000000000000284e+01 1.042000000000000000e+03
8.821000000000000000e+03 3.727000000000000000e+03 1.378000000000000114e+02 4.310000000000000142e+01 1.010000000000000000e+03
8.852000000000000000e+03 3.667000000000000000e+03 1.310000000000000000e+02 3.720000000000000284e+01 9.950000000000000000e+02
8.813000000000000000e+03 3.725000000000000000e+03 1.591999999999999886e+02 5.700000000000000000e+01 1.054000000000000000e+03
8.814000000000000000e+03 3.761000000000000000e+03 1.495999999999999943e+02 4.300000000000000000e+01 1.014000000000000000e+03
8.791000000000000000e+03 3.657000000000000000e+03 1.524000000000000057e+02 4.110000000000000142e+01 1.055000000000000000e+03
8.828000000000000000e+03 3.776000000000000000e+03 1.465000000000000000e+02 4.900000000000000000e+01 1.028000000000000000e+03
8.790000000000000000e+03 3.496000000000000000e+03 1.430000000000000000e+02 5.029999999999999716e+01 1.034000000000000000e+03
2.000000000000000000e+00 3.000000000000000000e+00 1.109999999999999964e+01 0.000000000000000000e+00 2.000000000000000000e+00
8.723000000000000000e+03 3.473000000000000000e+03 1.445999999999999943e+02 4.220000000000000284e+01 1.074000000000000000e+03
8.760000000000000000e+03 3.761000000000000000e+03 1.313000000000000114e+02 4.900000000000000000e+01 1.062000000000000000e+03
8.782000000000000000e+03 3.744000000000000000e+03 1.318000000000000114e+02 3.820000000000000284e+01 1.028000000000000000e+03
8.862000000000000000e+03 3.679000000000000000e+03 1.405999999999999943e+02 4.610000000000000142e+01 9.940000000000000000e+02
8.850000000000000000e+03 3.687000000000000000e+03 1.345999999999999943e+02 3.810000000000000142e+01 1.051000000000000000e+03
8.818000000000000000e+03 3.553000000000000000e+03 1.418000000000000114e+02 4.200000000000000000e+01 1.039000000000000000e+03
8.811000000000000000e+03 3.684000000000000000e+03 1.499000000000000057e+02 4.300000000000000000e+01 1.020000000000000000e+03
8.832000000000000000e+03 3.595000000000000000e+03 1.595000000000000000e+02 4.500000000000000000e+01 1.026000000000000000e+03
8.811000000000000000e+03 3.831000000000000000e+03 1.230000000000000000e+02 4.050000000000000000e+01 1.032000000000000000e+03
8.845000000000000000e+03 3.794000000000000000e+03 1.344000000000000057e+02 4.070000000000000284e+01 1.008000000000000000e+03
8.824000000000000000e+03 3.580000000000000000e+03 1.449000000000000057e+02 4.070000000000000284e+01 1.013000000000000000e+03
8.806000000000000000e+03 3.573000000000000000e+03 1.545999999999999943e+02 4.100000000000000000e+01 1.000000000000000000e+03
8.786000000000000000e+03 3.790000000000000000e+03 1.323000000000000114e+02 4.220000000000000284e+01 1.002000000000000000e+03
8.752000000000000000e+03 3.475000000000000000e+03 1.343000000000000114e+02 4.170000000000000284e+01 1.060000000000000000e+03
8.830000000000000000e+03 3.799000000000000000e+03 1.421999999999999886e+02 4.650000000000000000e+01 1.001000000000000000e+03
8.792000000000000000e+03 3.727000000000000000e+03 1.478000000000000114e+02 4.570000000000000284e+01 1.045000000000000000e+03
8.801000000000000000e+03 3.604000000000000000e+03 1.533000000000000114e+02 4.100000000000000000e+01 1.029000000000000000e+03
8.784000000000000000e+03 3.605000000000000000e+03 1.454000000000000057e+02 4.200000000000000000e+01 1.062000000000000000e+03
8.878000000000000000e+03 3.570000000000000000e+03 1.303000000000000114e+02 5.020000000000000284e+01 9.500000000000000000e+02
8.811000000000000000e+03 3.803000000000000000e+03 1.618000000000000114e+02 4.260000000000000142e+01 1.011000000000000000e+03
8.800000000000000000e+03 3.503000000000000000e+03 1.461999999999999886e+02 4.700000000000000000e+01 1.028000000000000000e+03
8.749000000000000000e+03 3.600000000000000000e+03 1.398000000000000114e+02 3.920000000000000284e+01 1.069000000000000000e+03
8.836000000000000000e+03 3.740000000000000000e+03 1.556999999999999886e+02 4.379999999999999716e+01 1.033000000000000000e+03
8.777000000000000000e+03 3.636000000000000000e+03 1.431999999999999886e+02 4.050000000000000000e+01 1.028000000000000000e+03
8.825000000000000000e+03 3.552000000000000000e+03 1.475999999999999943e+02 4.460000000000000142e+01 1.015000000000000000e+03
8.799000000000000000e+03 3.600000000000000000e+03 1.519000000000000057e+02 4.720000000000000284e+01 1.033000000000000000e+03
8.811000000000000000e+03 3.550000000000000000e+03 1.431999999999999886e+02 4.810000000000000142e+01 1.030000000000000000e+03
8.786000000000000000e+03 3.635000000000000000e+03 1.453000000000000114e+02 4.210000000000000142e+01 1.048000000000000000e+03
8.834000000000000000e+03 3.553000000000000000e+03 1.466999999999999886e+02 4.429999999999999716e+01 9.940000000000000000e+02
8.779000000000000000e+03 3.608000000000000000e+03 1.341999999999999886e+02 4.010000000000000142e+01 1.039000000000000000e+03
8.804000000000000000e+03 3.573000000000000000e+03 1.280000000000000000e+02 4.100000000000000000e+01 1.038000000000000000e+03
8.781000000000000000e+03 3.530000000000000000e+03 1.508000000000000114e+02 4.650000000000000000e+01 1.041000000000000000e+03
8.790000000000000000e+03 3.620000000000000000e+03 1.499000000000000057e+02 3.920000000000000284e+01 1.021000000000000000e+03
8.803000000000000000e+03 3.680000000000000000e+03 1.385999999999999943e+02 4.179999999999999716e+01 1.031000000000000000e+03
8.905000000000000000e+03 3.668000000000000000e+03 1.870999999999999943e+02 4.229999999999999716e+01 9.670000000000000000e+02
8.829000000000000000e+03 3.545000000000000000e+03 1.529000000000000057e+02 4.420000000000000284e+01 9.900000000000000000e+02
8.786000000000000000e+03 3.699000000000000000e+03 1.529000000000000057e+02 4.000000000000000000e+01 1.019000000000000000e+03
8.777000000000000000e+03 3.684000000000000000e+03 1.319000000000000057e+02 4.429999999999999716e+01 1.017000000000000000e+03
8.832000000000000000e+03 3.587000000000000000e+03 1.640000000000000000e+02 4.100000000000000000e+01 1.008000000000000000e+03
8.826000000000000000e+03 3.667000000000000000e+03 1.421999999999999886e+02 4.370000000000000284e+01 1.030000000000000000e+03
8.827000000000000000e+03 3.756000000000000000e+03 1.286999999999999886e+02 4.020000000000000284e+01 9.890000000000000000e+02
8.831000000000000000e+03 3.527000000000000000e+03 1.284000000000000057e+02 4.020000000000000284e+01 1.011000000000000000e+03
8.820000000000000000e+03 3.555000000000000000e+03 1.441999999999999886e+02 5.150000000000000000e+01 1.021000000000000000e+03
8.824000000000000000e+03 3.525000000000000000e+03 1.494000000000000057e+02 4.050000000000000000e+01 9.880000000000000000e+02
8.801000000000000000e+03 3.700000000000000000e+03 1.595999999999999943e+02 4.120000000000000284e+01 1.034000000000000000e+03
8.767000000000000000e+03 3.610000000000000000e+03 1.533000000000000114e+02 3.829999999999999716e+01 1.056000000000000000e+03
8.848000000000000000e+03 3.736000000000000000e+03 1.468000000000000114e+02 4.129999999999999716e+01 9.870000000000000000e+02
8.789000000000000000e+03 3.518000000000000000e+03 1.400000000000000000e+02 4.910000000000000142e+01 1.008000000000000000e+03
8.768000000000000000e+03 3.653000000000000000e+03 1.244000000000000057e+02 3.739999999999999858e+01 1.052000000000000000e+03
8.821000000000000000e+03 3.600000000000000000e+03 1.615999999999999943e+02 4.360000000000000142e+01 1.014000000000000000e+03
8.829000000000000000e+03 3.492000000000000000e+03 1.513000000000000114e+02 4.350000000000000000e+01 1.013000000000000000e+03
8.809000000000000000e+03 3.575000000000000000e+03 1.446999999999999886e+02 3.610000000000000142e+01 1.008000000000000000e+03
8.865000000000000000e+03 3.805000000000000000e+03 1.479000000000000057e+02 4.139999999999999858e+01 9.950000000000000000e+02
8.822000000000000000e+03 3.604000000000000000e+03 1.401999999999999886e+02 4.010000000000000142e+01 9.740000000000000000e+02
8.770000000000000000e+03 3.612000000000000000e+03 1.444000000000000057e+02 4.410000000000000142e+01 1.061000000000000000e+03
8.788000000000000000e+03 3.415000000000000000e+03 1.240000000000000000e+02 4.000000000000000000e+01 1.047000000000000000e+03
8.785000000000000000e+03 3.717000000000000000e+03 1.536999999999999886e+02 4.150000000000000000e+01 1.043000000000000000e+03
8.848000000000000000e+03 3.593000000000000000e+03 1.285000000000000000e+02 4.229999999999999716e+01 1.001000000000000000e+03
8.767000000000000000e+03 3.472000000000000000e+03 1.242000000000000028e+02 4.629999999999999716e+01 1.087000000000000000e+03
8.797000000000000000e+03 3.597000000000000000e+03 1.262000000000000028e+02 4.270000000000000284e+01 1.020000000000000000e+03
8.846000000000000000e+03 3.707000000000000000e+03 1.331999999999999886e+02 4.729999999999999716e+01 9.830000000000000000e+02
8.783000000000000000e+03 3.720000000000000000e+03 1.396999999999999886e+02 3.920000000000000284e+01 1.026000000000000000e+03
8.773000000000000000e+03 3.732000000000000000e+03 1.350999999999999943e+02 4.089999999999999858e+01 1.026000000000000000e+03
8.795000000000000000e+03 3.618000000000000000e+03 1.250000000000000000e+02 4.210000000000000142e+01 1.051000000000000000e+03
8.813000000000000000e+03 3.648000000000000000e+03 1.495999999999999943e+02 3.920000000000000284e+01 1.011000000000000000e+03
8.847000000000000000e+03 3.569000000000000000e+03 1.385000000000000000e+02 4.150000000000000000e+01 1.000000000000000000e+03
8.855000000000000000e+03 3.608000000000000000e+03 1.499000000000000057e+02 4.329999999999999716e+01 9.960000000000000000e+02
8.804000000000000000e+03 3.599000000000000000e+03 1.469000000000000057e+02 4.200000000000000000e+01 1.022000000000000000e+03
8.795000000000000000e+03 3.724000000000000000e+03 1.335999999999999943e+02 4.210000000000000142e+01 1.022000000000000000e+03
8.816000000000000000e+03 3.620000000000000000e+03 1.480000000000000000e+02 4.320000000000000284e+01 1.006000000000000000e+03
8.839000000000000000e+03 3.716000000000000000e+03 1.365999999999999943e+02 4.470000000000000284e+01 9.910000000000000000e+02
8.791000000000000000e+03 3.658000000000000000e+03 1.506999999999999886e+02 4.129999999999999716e+01 1.002000000000000000e+03
8.856000000000000000e+03 3.779000000000000000e+03 1.491999999999999886e+02 4.339999999999999858e+01 9.700000000000000000e+02
