9.653000000000000000e+03 7.071000000000000000e+03 1.708000000000000114e+02 1.269999999999999929e+01 3.130000000000000000e+02
9.653000000000000000e+03 6.766000000000000000e+03 1.860999999999999943e+02 1.540000000000000036e+01 2.980000000000000000e+02
9.689000000000000000e+03 6.702000000000000000e+03 1.295000000000000000e+02 1.250000000000000000e+01 2.880000000000000000e+02
9.674000000000000000e+03 6.952000000000000000e+03 1.277000000000000028e+02 1.219999999999999929e+01 2.980000000000000000e+02
9.670000000000000000e+03 7.070000000000000000e+03 1.321999999999999886e+02 1.119999999999999929e+01 2.960000000000000000e+02
9.683000000000000000e+03 7.099000000000000000e+03 1.249000000000000057e+02 1.240000000000000036e+01 3.090000000000000000e+02
9.630000000000000000e+03 6.905000000000000000e+03 1.454000000000000057e+02 1.350000000000000000e+01 3.150000000000000000e+02
9.679000000000000000e+03 6.797000000000000000e+03 1.205000000000000000e+02 1.269999999999999929e+01 3.030000000000000000e+02
9.663000000000000000e+03 6.850000000000000000e+03 1.205000000000000000e+02 1.340000000000000036e+01 3.090000000000000000e+02
9.657000000000000000e+03 6.967000000000000000e+03 1.184000000000000057e+02 1.230000000000000071e+01 3.040000000000000000e+02
9.657000000000000000e+03 6.925000000000000000e+03 1.481999999999999886e+02 1.459999999999999964e+01 3.330000000000000000e+02
9.669000000000000000e+03 6.804000000000000000e+03 1.540999999999999943e+02 1.230000000000000071e+01 3.160000000000000000e+02
9.662000000000000000e+03 6.962000000000000000e+03 1.560999999999999943e+02 1.300000000000000000e+01 3.210000000000000000e+02
9.658000000000000000e+03 7.092000000000000000e+03 1.445999999999999943e+02 1.240000000000000036e+01 3.160000000000000000e+02
9.653000000000000000e+03 6.912000000000000000e+03 1.235999999999999943e+02 1.269999999999999929e+01 3.050000000000000000e+02
9.656000000000000000e+03 6.857000000000000000e+03 1.209000000000000057e+02 1.469999999999999929e+01 2.990000000000000000e+02
9.684000000000000000e+03 6.651000000000000000e+03 1.185999999999999943e+02 1.250000000000000000e+01 2.960000000000000000e+02
9.659000000000000000e+03 6.939000000000000000e+03 1.249000000000000057e+02 1.230000000000000071e+01 3.120000000000000000e+02
9.646000000000000000e+03 6.858000000000000000e+03 1.237000000000000028e+02 1.369999999999999929e+01 3.020000000000000000e+02
9.654000000000000000e+03 7.005000000000000000e+03 1.074000000000000057e+02 1.400000000000000000e+01 2.710000000000000000e+02
9.691000000000000000e+03 6.857000000000000000e+03 1.115999999999999943e+02 1.280000000000000071e+01 3.030000000000000000e+02
9.685000000000000000e+03 6.999000000000000000e+03 1.245000000000000000e+02 1.340000000000000036e+01 3.160000000000000000e+02
9.643000000000000000e+03 6.895000000000000000e+03 1.272000000000000028e+02 1.169999999999999929e+01 3.220000000000000000e+02
9.676000000000000000e+03 6.614000000000000000e+03 1.197000000000000028e+02 1.509999999999999964e+01 3.000000000000000000e+02
9.647000000000000000e+03 6.997000000000000000e+03 1.160000000000000000e+02 1.309999999999999964e+01 2.930000000000000000e+02
9.651000000000000000e+03 6.918000000000000000e+03 1.179000000000000057e+02 1.280000000000000071e+01 3.190000000000000000e+02
9.655000000000000000e+03 6.866000000000000000e+03 1.645999999999999943e+02 1.259999999999999964e+01 2.920000000000000000e+02
9.634000000000000000e+03 6.741000000000000000e+03 1.369000000000000057e+02 1.330000000000000071e+01 2.930000000000000000e+02
9.691000000000000000e+03 6.788000000000000000e+03 1.350000000000000000e+02 1.280000000000000071e+01 3.010000000000000000e+02
9.664000000000000000e+03 6.887000000000000000e+03 1.390000000000000000e+02 1.180000000000000071e+01 2.920000000000000000e+02
9.703000000000000000e+03 6.803000000000000000e+03 1.169000000000000057e+02 1.230000000000000071e+01 2.940000000000000000e+02
9.640000000000000000e+03 6.846000000000000000e+03 1.715999999999999943e+02 1.309999999999999964e+01 2.850000000000000000e+02
9.672000000000000000e+03 6.934000000000000000e+03 1.100999999999999943e+02 1.300000000000000000e+01 2.950000000000000000e+02
9.655000000000000000e+03 6.878000000000000000e+03 1.355999999999999943e+02 1.319999999999999929e+01 3.200000000000000000e+02
9.666000000000000000e+03 6.883000000000000000e+03 1.020000000000000000e+02 1.269999999999999929e+01 3.150000000000000000e+02
9.674000000000000000e+03 6.956000000000000000e+03 1.551999999999999886e+02 1.280000000000000071e+01 2.880000000000000000e+02
9.679000000000000000e+03 7.035000000000000000e+03 1.414000000000000057e+02 1.259999999999999964e+01 2.910000000000000000e+02
9.659000000000000000e+03 6.891000000000000000e+03 1.288000000000000114e+02 1.330000000000000071e+01 3.160000000000000000e+02
9.672000000000000000e+03 6.633000000000000000e+03 1.265000000000000000e+02 1.250000000000000000e+01 2.960000000000000000e+02
9.642000000000000000e+03 6.897000000000000000e+03 1.175000000000000000e+02 1.230000000000000071e+01 3.240000000000000000e+02
9.677000000000000000e+03 6.974000000000000000e+03 1.460999999999999943e+02 1.319999999999999929e+01 2.850000000000000000e+02
9.674000000000000000e+03 6.989000000000000000e+03 1.295999999999999943e+02 1.219999999999999929e+01 2.980000000000000000e+02
9.639000000000000000e+03 6.849000000000000000e+03 1.898000000000000114e+02 1.219999999999999929e+01 2.970000000000000000e+02
9.687000000000000000e+03 6.881000000000000000e+03 1.291999999999999886e+02 1.300000000000000000e+01 3.150000000000000000e+02
9.630000000000000000e+03 6.892000000000000000e+03 1.308000000000000114e+02 1.390000000000000036e+01 3.050000000000000000e+02
9.682000000000000000e+03 6.842000000000000000e+03 1.145999999999999943e+02 1.180000000000000071e+01 3.070000000000000000e+02
9.656000000000000000e+03 6.925000000000000000e+03 1.172000000000000028e+02 1.319999999999999929e+01 2.920000000000000000e+02
9.694000000000000000e+03 6.963000000000000000e+03 1.140000000000000000e+02 1.169999999999999929e+01 3.020000000000000000e+02
9.643000000000000000e+03 7.121000000000000000e+03 1.137000000000000028e+02 1.280000000000000071e+01 3.010000000000000000e+02
9.670000000000000000e+03 6.954000000000000000e+03 1.458000000000000114e+02 1.419999999999999929e+01 3.210000000000000000e+02
9.678000000000000000e+03 6.892000000000000000e+03 1.215000000000000000e+02 1.230000000000000071e+01 2.980000000000000000e+02
9.665000000000000000e+03 6.912000000000000000e+03 1.230000000000000000e+02 1.240000000000000036e+01 3.040000000000000000e+02
9.650000000000000000e+03 6.822000000000000000e+03 1.252000000000000028e+02 1.250000000000000000e+01 3.100000000000000000e+02
9.654000000000000000e+03 6.776000000000000000e+03 1.185999999999999943e+02 1.259999999999999964e+01 2.990000000000000000e+02
9.662000000000000000e+03 7.079000000000000000e+03 1.400999999999999943e+02 1.219999999999999929e+01 3.210000000000000000e+02
9.664000000000000000e+03 6.619000000000000000e+03 1.245000000000000000e+02 1.359999999999999964e+01 2.940000000000000000e+02
9.628000000000000000e+03 6.986000000000000000e+03 1.473000000000000114e+02 1.259999999999999964e+01 3.130000000000000000e+02
9.652000000000000000e+03 6.951000000000000000e+03 1.579000000000000057e+02 1.240000000000000036e+01 3.120000000000000000e+02
9.670000000000000000e+03 6.946000000000000000e+03 1.187999999999999972e+02 1.300000000000000000e+01 3.080000000000000000e+02
9.656000000000000000e+03 6.882000000000000000e+03 1.435000000000000000e+02 1.300000000000000000e+01 3.050000000000000000e+02
9.696000000000000000e+03 7.041000000000000000e+03 1.664000000000000057e+02 1.319999999999999929e+01 2.960000000000000000e+02
9.666000000000000000e+03 6.924000000000000000e+03 1.170999999999999943e+02 1.280000000000000071e+01 3.030000000000000000e+02
9.635000000000000000e+03 6.784000000000000000e+03 1.570000000000000000e+02 1.259999999999999964e+01 3.370000000000000000e+02
9.671000000000000000e+03 6.944000000000000000e+03 1.313000000000000114e+02 1.269999999999999929e+01 3.100000000000000000e+02
9.635000000000000000e+03 6.847000000000000000e+03 1.430000000000000000e+02 1.250000000000000000e+01 3.260000000000000000e+02
9.646000000000000000e+03 6.930000000000000000e+03 1.491999999999999886e+02 1.330000000000000071e+01 2.900000000000000000e+02
9.662000000000000000e+03 6.906000000000000000e+03 1.286999999999999886e+02 1.269999999999999929e+01 3.320000000000000000e+02
9.692000000000000000e+03 7.071000000000000000e+03 1.391999999999999886e+02 1.250000000000000000e+01 3.340000000000000000e+02
9.628000000000000000e+03 6.965000000000000000e+03 1.067000000000000028e+02 1.280000000000000071e+01 3.030000000000000000e+02
9.660000000000000000e+03 7.032000000000000000e+03 1.257000000000000028e+02 1.150000000000000000e+01 3.080000000000000000e+02
9.666000000000000000e+03 7.000000000000000000e+03 1.132000000000000028e+02 1.280000000000000071e+01 3.160000000000000000e+02
9.635000000000000000e+03 6.905000000000000000e+03 1.110999999999999943e+02 1.219999999999999929e+01 3.020000000000000000e+02
9.665000000000000000e+03 6.908000000000000000e+03 1.232000000000000028e+02 1.209999999999999964e+01 2.950000000000000000e+02
9.667000000000000000e+03 6.833000000000000000e+03 1.354000000000000057e+02 1.200000000000000000e+01 3.100000000000000000e+02
9.662000000000000000e+03 6.952000000000000000e+03 1.135999999999999943e+02 1.240000000000000036e+01 2.690000000000000000e+02
9.646000000000000000e+03 6.747000000000000000e+03 1.260000000000000000e+02 1.259999999999999964e+01 2.860000000000000000e+02
9.669000000000000000e+03 6.964000000000000000e+03 1.358000000000000114e+02 1.250000000000000000e+01 3.080000000000000000e+02
9.672000000000000000e+03 6.812000000000000000e+03 1.480999999999999943e+02 1.369999999999999929e+01 2.740000000000000000e+02
9.658000000000000000e+03 6.820000000000000000e+03 1.067000000000000028e+02 1.259999999999999964e+01 3.070000000000000000e+02
9.685000000000000000e+03 7.028000000000000000e+03 1.801999999999999886e+02 1.319999999999999929e+01 3.130000000000000000e+02
9.715000000000000000e+03 6.879000000000000000e+03 1.415000000000000000e+02 1.330000000000000071e+01 2.950000000000000000e+02
9.656000000000000000e+03 6.932000000000000000e+03 1.316999999999999886e+02 1.340000000000000036e+01 3.240000000000000000e+02
9.665000000000000000e+03 6.566000000000000000e+03 1.105000000000000000e+02 1.280000000000000071e+01 2.890000000000000000e+02
9.666000000000000000e+03 7.088000000000000000e+03 1.791999999999999886e+02 1.269999999999999929e+01 3.160000000000000000e+02
9.670000000000000000e+03 6.863000000000000000e+03 1.425000000000000000e+02 1.340000000000000036e+01 3.150000000000000000e+02
9.658000000000000000e+03 7.125000000000000000e+03 1.135999999999999943e+02 1.190000000000000036e+01 3.180000000000000000e+02
9.661000000000000000e+03 7.038000000000000000e+03 1.164000000000000057e+02 1.280000000000000071e+01 3.120000000000000000e+02
9.643000000000000000e+03 7.253000000000000000e+03 1.260999999999999943e+02 1.280000000000000071e+01 3.260000000000000000e+02
9.659000000000000000e+03 6.674000000000000000e+03 1.830999999999999943e+02 1.269999999999999929e+01 3.080000000000000000e+02
9.670000000000000000e+03 6.687000000000000000e+03 1.516999999999999886e+02 1.350000000000000000e+01 2.930000000000000000e+02
9.651000000000000000e+03 6.770000000000000000e+03 1.409000000000000057e+02 1.250000000000000000e+01 2.950000000000000000e+02
9.636000000000000000e+03 6.978000000000000000e+03 1.310000000000000000e+02 1.200000000000000000e+01 3.000000000000000000e+02
9.645000000000000000e+03 6.876000000000000000e+03 1.280000000000000000e+02 1.269999999999999929e+01 3.050000000000000000e+02
9.664000000000000000e+03 6.966000000000000000e+03 1.210000000000000000e+02 1.309999999999999964e+01 2.820000000000000000e+02
9.662000000000000000e+03 6.879000000000000000e+03 1.167000000000000028e+02 1.190000000000000036e+01 3.240000000000000000e+02
9.671000000000000000e+03 6.822000000000000000e+03 1.456999999999999886e+02 1.350000000000000000e+01 3.140000000000000000e+02
9.681000000000000000e+03 6.982000000000000000e+03 1.480999999999999943e+02 1.259999999999999964e+01 3.110000000000000000e+02
9.664000000000000000e+03 6.814000000000000000e+03 1.314000000000000057e+02 1.240000000000000036e+01 3.020000000000000000e+02
9.674000000000000000e+03 6.726000000000000000e+03 1.491999999999999886e+02 1.440000000000000036e+01 3.160000000000000000e+02
9.687000000000000000e+03 6.768000000000000000e+03 1.400999999999999943e+02 1.219999999999999929e+01 3.160000000000000000e+02
9.658000000000000000e+03 6.713000000000000000e+03 1.331999999999999886e+02 1.300000000000000000e+01 3.030000000000000000e+02
9.720000000000000000e+03 7.121000000000000000e+03 1.484000000000000057e+02 1.200000000000000000e+01 2.780000000000000000e+02
9.678000000000000000e+03 6.780000000000000000e+03 1.434000000000000057e+02 1.259999999999999964e+01 2.990000000000000000e+02
9.649000000000000000e+03 6.963000000000000000e+03 1.311999999999999886e+02 1.219999999999999929e+01 3.140000000000000000e+02
9.680000000000000000e+03 6.800000000000000000e+03 1.380999999999999943e+02 1.280000000000000071e+01 3.070000000000000000e+02
9.674000000000000000e+03 6.995000000000000000e+03 1.606999999999999886e+02 1.100000000000000000e+01 2.960000000000000000e+02
9.686000000000000000e+03 6.909000000000000000e+03 1.426999999999999886e+02 1.219999999999999929e+01 3.040000000000000000e+02
9.669000000000000000e+03 6.971000000000000000e+03 1.590999999999999943e+02 1.190000000000000036e+01 3.160000000000000000e+02
9.659000000000000000e+03 6.779000000000000000e+03 1.155000000000000000e+02 1.330000000000000071e+01 2.870000000000000000e+02
9.674000000000000000e+03 6.857000000000000000e+03 1.286999999999999886e+02 1.290000000000000036e+01 2.800000000000000000e+02
9.674000000000000000e+03 7.053000000000000000e+03 1.099000000000000057e+02 1.269999999999999929e+01 3.140000000000000000e+02
9.674000000000000000e+03 7.048000000000000000e+03 1.319000000000000057e+02 1.269999999999999929e+01 2.900000000000000000e+02
9.670000000000000000e+03 6.817000000000000000e+03 1.456999999999999886e+02 1.300000000000000000e+01 3.130000000000000000e+02
9.666000000000000000e+03 7.027000000000000000e+03 1.850000000000000000e+02 1.259999999999999964e+01 3.360000000000000000e+02
9.664000000000000000e+03 7.030000000000000000e+03 1.410999999999999943e+02 1.250000000000000000e+01 3.010000000000000000e+02
9.644000000000000000e+03 7.121000000000000000e+03 1.365000000000000000e+02 1.290000000000000036e+01 3.000000000000000000e+02
9.685000000000000000e+03 7.008000000000000000e+03 1.180999999999999943e+02 1.309999999999999964e+01 3.040000000000000000e+02
9.706000000000000000e+03 6.848000000000000000e+03 1.222000000000000028e+02 1.340000000000000036e+01 3.210000000000000000e+02
3.000000000000000000e+00 3.000000000000000000e+00 2.999999999999999889e-01 0.000000000000000000e+00 0.000000000000000000e+00
9.655000000000000000e+03 6.813000000000000000e+03 1.590000000000000000e+02 1.369999999999999929e+01 3.020000000000000000e+02
9.655000000000000000e+03 7.048000000000000000e+03 9.870000000000000284e+01 1.240000000000000036e+01 3.280000000000000000e+02
9.660000000000000000e+03 6.830000000000000000e+03 1.443000000000000114e+02 1.380000000000000071e+01 2.980000000000000000e+02
9.655000000000000000e+03 6.883000000000000000e+03 1.172000000000000028e+02 1.209999999999999964e+01 2.860000000000000000e+02
9.667000000000000000e+03 6.943000000000000000e+03 2.115000000000000000e+02 1.209999999999999964e+01 3.000000000000000000e+02
9.685000000000000000e+03 7.026000000000000000e+03 1.244000000000000057e+02 1.259999999999999964e+01 3.060000000000000000e+02
9.643000000000000000e+03 6.980000000000000000e+03 1.461999999999999886e+02 1.259999999999999964e+01 3.040000000000000000e+02
9.635000000000000000e+03 6.795000000000000000e+03 1.139000000000000057e+02 1.309999999999999964e+01 3.050000000000000000e+02
9.687000000000000000e+03 6.899000000000000000e+03 1.285000000000000000e+02 1.259999999999999964e+01 3.090000000000000000e+02
9.664000000000000000e+03 7.038000000000000000e+03 1.219000000000000057e+02 1.430000000000000071e+01 2.950000000000000000e+02
9.653000000000000000e+03 6.732000000000000000e+03 1.654000000000000057e+02 1.340000000000000036e+01 3.100000000000000000e+02
9.649000000000000000e+03 6.855000000000000000e+03 1.508000000000000114e+02 1.190000000000000036e+01 2.990000000000000000e+02
9.691000000000000000e+03 7.055000000000000000e+03 1.145000000000000000e+02 1.200000000000000000e+01 3.010000000000000000e+02
9.675000000000000000e+03 7.152000000000000000e+03 1.157999999999999972e+02 1.159999999999999964e+01 3.110000000000000000e+02
9.677000000000000000e+03 6.985000000000000000e+03 1.275999999999999943e+02 1.230000000000000071e+01 3.090000000000000000e+02
9.654000000000000000e+03 6.869000000000000000e+03 1.566999999999999886e+02 1.269999999999999929e+01 3.220000000000000000e+02
9.667000000000000000e+03 6.954000000000000000e+03 1.411999999999999886e+02 1.250000000000000000e+01 2.940000000000000000e+02
9.681000000000000000e+03 6.900000000000000000e+03 1.335000000000000000e+02 1.269999999999999929e+01 3.060000000000000000e+02
9.660000000000000000e+03 6.925000000000000000e+03 1.107000000000000028e+02 1.240000000000000036e+01 2.940000000000000000e+02
9.664000000000000000e+03 6.845000000000000000e+03 1.411999999999999886e+02 1.300000000000000000e+01 2.690000000000000000e+02
9.677000000000000000e+03 6.985000000000000000e+03 1.395999999999999943e+02 1.140000000000000036e+01 3.180000000000000000e+02
9.658000000000000000e+03 6.992000000000000000e+03 1.390000000000000000e+02 1.240000000000000036e+01 2.880000000000000000e+02
9.698000000000000000e+03 6.578000000000000000e+03 1.320999999999999943e+02 1.350000000000000000e+01 2.950000000000000000e+02
9.652000000000000000e+03 6.838000000000000000e+03 1.374000000000000057e+02 1.240000000000000036e+01 3.040000000000000000e+02
9.681000000000000000e+03 7.100000000000000000e+03 1.476999999999999886e+02 1.169999999999999929e+01 3.040000000000000000e+02
9.655000000000000000e+03 6.888000000000000000e+03 1.220000000000000000e+02 1.259999999999999964e+01 3.170000000000000000e+02
9.680000000000000000e+03 6.779000000000000000e+03 1.264000000000000057e+02 1.319999999999999929e+01 2.960000000000000000e+02
9.691000000000000000e+03 6.973000000000000000e+03 1.354000000000000057e+02 1.280000000000000071e+01 3.020000000000000000e+02
9.672000000000000000e+03 6.894000000000000000e+03 1.373000000000000114e+02 1.169999999999999929e+01 2.970000000000000000e+02
9.685000000000000000e+03 7.071000000000000000e+03 1.172999999999999972e+02 1.250000000000000000e+01 3.260000000000000000e+02
9.687000000000000000e+03 6.928000000000000000e+03 1.154000000000000057e+02 1.330000000000000071e+01 3.040000000000000000e+02
9.697000000000000000e+03 6.930000000000000000e+03 1.323000000000000114e+02 1.259999999999999964e+01 3.090000000000000000e+02
9.660000000000000000e+03 6.865000000000000000e+03 1.390999999999999943e+02 1.250000000000000000e+01 3.320000000000000000e+02
9.649000000000000000e+03 6.707000000000000000e+03 1.538000000000000114e+02 1.419999999999999929e+01 2.960000000000000000e+02
9.668000000000000000e+03 7.013000000000000000e+03 1.185000000000000000e+02 1.280000000000000071e+01 3.180000000000000000e+02
9.670000000000000000e+03 6.829000000000000000e+03 1.202999999999999972e+02 1.259999999999999964e+01 3.040000000000000000e+02
9.633000000000000000e+03 7.009000000000000000e+03 1.315000000000000000e+02 1.280000000000000071e+01 3.170000000000000000e+02
9.655000000000000000e+03 6.840000000000000000e+03 1.401999999999999886e+02 1.319999999999999929e+01 2.930000000000000000e+02
9.622000000000000000e+03 7.016000000000000000e+03 1.177999999999999972e+02 1.130000000000000071e+01 3.050000000000000000e+02
9.674000000000000000e+03 7.082000000000000000e+03 1.269000000000000057e+02 1.209999999999999964e+01 3.150000000000000000e+02
9.658000000000000000e+03 6.824000000000000000e+03 1.649000000000000057e+02 1.300000000000000000e+01 3.130000000000000000e+02
9.665000000000000000e+03 6.884000000000000000e+03 1.534000000000000057e+02 1.269999999999999929e+01 2.870000000000000000e+02
9.634000000000000000e+03 6.897000000000000000e+03 1.340999999999999943e+02 1.400000000000000000e+01 3.070000000000000000e+02
9.639000000000000000e+03 6.954000000000000000e+03 1.363000000000000114e+02 1.340000000000000036e+01 2.950000000000000000e+02
9.634000000000000000e+03 6.946000000000000000e+03 1.360999999999999943e+02 1.290000000000000036e+01 3.260000000000000000e+02
9.671000000000000000e+03 6.932000000000000000e+03 1.378000000000000114e+02 1.190000000000000036e+01 3.140000000000000000e+02
9.654000000000000000e+03 6.872000000000000000e+03 1.515000000000000000e+02 1.350000000000000000e+01 3.290000000000000000e+02
9.665000000000000000e+03 6.851000000000000000e+03 1.339000000000000057e+02 1.250000000000000000e+01 3.080000000000000000e+02
9.682000000000000000e+03 7.044000000000000000e+03 1.015999999999999943e+02 1.219999999999999929e+01 2.820000000000000000e+02
9.648000000000000000e+03 6.804000000000000000e+03 1.498000000000000114e+02 1.309999999999999964e+01 3.140000000000000000e+02
9.657000000000000000e+03 6.894000000000000000e+03 1.330000000000000000e+02 1.269999999999999929e+01 3.070000000000000000e+02
9.655000000000000000e+03 6.932000000000000000e+03 1.165999999999999943e+02 1.350000000000000000e+01 2.960000000000000000e+02
9.702000000000000000e+03 6.698000000000000000e+03 1.140999999999999943e+02 1.350000000000000000e+01 2.970000000000000000e+02
9.656000000000000000e+03 7.011000000000000000e+03 1.316999999999999886e+02 1.269999999999999929e+01 3.150000000000000000e+02
9.635000000000000000e+03 7.100000000000000000e+03 1.147999999999999972e+02 1.340000000000000036e+01 3.000000000000000000e+02
9.661000000000000000e+03 7.054000000000000000e+03 1.379000000000000057e+02 1.269999999999999929e+01 3.130000000000000000e+02
9.658000000000000000e+03 6.902000000000000000e+03 1.285999999999999943e+02 1.190000000000000036e+01 2.790000000000000000e+02
9.683000000000000000e+03 6.959000000000000000e+03 1.049000000000000057e+02 1.409999999999999964e+01 2.960000000000000000e+02
9.667000000000000000e+03 6.904000000000000000e+03 1.202999999999999972e+02 1.259999999999999964e+01 3.100000000000000000e+02
9.672000000000000000e+03 6.766000000000000000e+03 1.247999999999999972e+02 1.309999999999999964e+01 2.870000000000000000e+02
9.720000000000000000e+03 6.899000000000000000e+03 1.240999999999999943e+02 1.309999999999999964e+01 3.050000000000000000e+02
9.644000000000000000e+03 6.838000000000000000e+03 1.311999999999999886e+02 1.259999999999999964e+01 3.080000000000000000e+02
9.678000000000000000e+03 6.828000000000000000e+03 1.187000000000000028e+02 1.300000000000000000e+01 2.990000000000000000e+02
9.681000000000000000e+03 6.802000000000000000e+03 1.763000000000000114e+02 1.250000000000000000e+01 2.970000000000000000e+02
9.613000000000000000e+03 6.869000000000000000e+03 1.084000000000000057e+02 1.419999999999999929e+01 2.920000000000000000e+02
9.629000000000000000e+03 7.003000000000000000e+03 1.212000000000000028e+02 1.159999999999999964e+01 3.080000000000000000e+02
9.689000000000000000e+03 6.950000000000000000e+03 1.435999999999999943e+02 1.250000000000000000e+01 3.000000000000000000e+02
9.660000000000000000e+03 6.756000000000000000e+03 1.269000000000000057e+02 1.330000000000000071e+01 3.220000000000000000e+02
9.670000000000000000e+03 6.659000000000000000e+03 1.210999999999999943e+02 1.230000000000000071e+01 2.970000000000000000e+02
9.652000000000000000e+03 6.897000000000000000e+03 1.135999999999999943e+02 1.309999999999999964e+01 3.180000000000000000e+02
9.663000000000000000e+03 6.985000000000000000e+03 1.310999999999999943e+02 1.250000000000000000e+01 2.990000000000000000e+02
9.627000000000000000e+03 6.959000000000000000e+03 1.349000000000000057e+02 1.200000000000000000e+01 3.100000000000000000e+02
9.665000000000000000e+03 6.819000000000000000e+03 1.580000000000000000e+02 1.290000000000000036e+01 3.040000000000000000e+02
9.670000000000000000e+03 6.796000000000000000e+03 1.418000000000000114e+02 1.230000000000000071e+01 2.950000000000000000e+02
9.648000000000000000e+03 6.911000000000000000e+03 1.230000000000000000e+02 1.330000000000000071e+01 3.030000000000000000e+02
9.669000000000000000e+03 6.913000000000000000e+03 1.478000000000000114e+02 1.230000000000000071e+01 3.080000000000000000e+02
9.697000000000000000e+03 6.741000000000000000e+03 1.571999999999999886e+02 1.330000000000000071e+01 2.810000000000000000e+02
9.634000000000000000e+03 7.136000000000000000e+03 1.267000000000000028e+02 1.200000000000000000e+01 2.890000000000000000e+02
9.649000000000000000e+03 7.082000000000000000e+03 1.247999999999999972e+02 1.430000000000000071e+01 3.040000000000000000e+02
9.675000000000000000e+03 7.010000000000000000e+03 1.450999999999999943e+02 1.240000000000000036e+01 2.890000000000000000e+02
9.609000000000000000e+03 6.951000000000000000e+03 1.419000000000000057e+02 1.340000000000000036e+01 2.850000000000000000e+02
9.657000000000000000e+03 6.865000000000000000e+03 1.868000000000000114e+02 1.250000000000000000e+01 3.150000000000000000e+02
9.660000000000000000e+03 6.992000000000000000e+03 1.476999999999999886e+02 1.219999999999999929e+01 3.130000000000000000e+02
9.685000000000000000e+03 7.032000000000000000e+03 1.390999999999999943e+02 1.150000000000000000e+01 3.260000000000000000e+02
9.641000000000000000e+03 7.091000000000000000e+03 1.855999999999999943e+02 1.309999999999999964e+01 2.980000000000000000e+02
9.640000000000000000e+03 7.008000000000000000e+03 1.272999999999999972e+02 1.180000000000000071e+01 3.180000000000000000e+02
9.680000000000000000e+03 6.934000000000000000e+03 1.182999999999999972e+02 1.230000000000000071e+01 2.930000000000000000e+02
9.669000000000000000e+03 6.845000000000000000e+03 1.369000000000000057e+02 1.319999999999999929e+01 2.870000000000000000e+02
9.655000000000000000e+03 6.806000000000000000e+03 1.112000000000000028e+02 1.409999999999999964e+01 3.240000000000000000e+02
9.668000000000000000e+03 7.090000000000000000e+03 1.294000000000000057e+02 1.200000000000000000e+01 3.160000000000000000e+02
9.676000000000000000e+03 6.970000000000000000e+03 1.140000000000000000e+02 1.259999999999999964e+01 2.880000000000000000e+02
9.669000000000000000e+03 6.882000000000000000e+03 1.410999999999999943e+02 1.230000000000000071e+01 2.920000000000000000e+02
9.646000000000000000e+03 6.885000000000000000e+03 1.386999999999999886e+02 1.269999999999999929e+01 2.990000000000000000e+02
9.639000000000000000e+03 6.879000000000000000e+03 1.503000000000000114e+02 1.219999999999999929e+01 3.140000000000000000e+02
9.679000000000000000e+03 6.977000000000000000e+03 1.105999999999999943e+02 1.140000000000000036e+01 2.940000000000000000e+02
9.666000000000000000e+03 6.897000000000000000e+03 1.445999999999999943e+02 1.319999999999999929e+01 3.100000000000000000e+02
9.679000000000000000e+03 6.932000000000000000e+03 1.368000000000000114e+02 1.219999999999999929e+01 2.860000000000000000e+02
9.674000000000000000e+03 7.078000000000000000e+03 1.335999999999999943e+02 1.250000000000000000e+01 3.060000000000000000e+02
9.676000000000000000e+03 6.776000000000000000e+03 1.225999999999999943e+02 1.309999999999999964e+01 3.160000000000000000e+02
9.644000000000000000e+03 6.764000000000000000e+03 1.526999999999999886e+02 1.300000000000000000e+01 2.880000000000000000e+02
9.649000000000000000e+03 6.876000000000000000e+03 1.129000000000000057e+02 1.230000000000000071e+01 3.070000000000000000e+02
9.645000000000000000e+03 7.005000000000000000e+03 1.575999999999999943e+02 1.250000000000000000e+01 2.900000000000000000e+02
9.691000000000000000e+03 6.888000000000000000e+03 1.175000000000000000e+02 1.230000000000000071e+01 2.800000000000000000e+02
9.647000000000000000e+03 6.802000000000000000e+03 1.225999999999999943e+02 1.230000000000000071e+01 3.290000000000000000e+02
9.669000000000000000e+03 6.753000000000000000e+03 1.200999999999999943e+02 1.259999999999999964e+01 3.100000000000000000e+02
9.679000000000000000e+03 6.990000000000000000e+03 1.518000000000000114e+02 1.280000000000000071e+01 2.880000000000000000e+02
9.676000000000000000e+03 6.856000000000000000e+03 1.340000000000000000e+02 1.400000000000000000e+01 2.970000000000000000e+02
9.642000000000000000e+03 6.933000000000000000e+03 1.330000000000000000e+02 1.309999999999999964e+01 3.270000000000000000e+02
9.654000000000000000e+03 7.009000000000000000e+03 1.395999999999999943e+02 1.319999999999999929e+01 3.030000000000000000e+02
9.650000000000000000e+03 6.894000000000000000e+03 1.488000000000000114e+02 1.300000000000000000e+01 2.960000000000000000e+02
9.668000000000000000e+03 6.915000000000000000e+03 1.415000000000000000e+02 1.259999999999999964e+01 2.780000000000000000e+02
9.661000000000000000e+03 6.772000000000000000e+03 1.370000000000000000e+02 1.240000000000000036e+01 3.230000000000000000e+02
9.674000000000000000e+03 6.727000000000000000e+03 1.249000000000000057e+02 1.319999999999999929e+01 2.750000000000000000e+02
9.649000000000000000e+03 6.928000000000000000e+03 1.255999999999999943e+02 1.300000000000000000e+01 3.200000000000000000e+02
9.692000000000000000e+03 6.750000000000000000e+03 1.272000000000000028e+02 1.340000000000000036e+01 3.080000000000000000e+02
9.669000000000000000e+03 6.864000000000000000e+03 1.122000000000000028e+02 1.280000000000000071e+01 3.110000000000000000e+02
9.659000000000000000e+03 6.813000000000000000e+03 1.209000000000000057e+02 1.250000000000000000e+01 2.950000000000000000e+02
9.688000000000000000e+03 6.950000000000000000e+03 1.255999999999999943e+02 1.219999999999999929e+01 3.040000000000000000e+02
9.658000000000000000e+03 6.733000000000000000e+03 1.304000000000000057e+02 1.380000000000000071e+01 2.610000000000000000e+02
9.673000000000000000e+03 7.222000000000000000e+03 1.154000000000000057e+02 1.250000000000000000e+01 2.960000000000000000e+02
9.654000000000000000e+03 6.818000000000000000e+03 1.283000000000000114e+02 1.359999999999999964e+01 2.950000000000000000e+02
9.647000000000000000e+03 6.880000000000000000e+03 1.385999999999999943e+02 1.250000000000000000e+01 2.980000000000000000e+02
9.635000000000000000e+03 6.873000000000000000e+03 1.242000000000000028e+02 1.250000000000000000e+01 3.080000000000000000e+02
9.659000000000000000e+03 6.733000000000000000e+03 1.147999999999999972e+02 1.330000000000000071e+01 2.970000000000000000e+02
9.653000000000000000e+03 6.847000000000000000e+03 1.416999999999999886e+02 1.400000000000000000e+01 2.880000000000000000e+02
9.669000000000000000e+03 6.915000000000000000e+03 1.177999999999999972e+02 1.230000000000000071e+01 2.980000000000000000e+02
9.617000000000000000e+03 6.689000000000000000e+03 1.262999999999999972e+02 1.250000000000000000e+01 3.070000000000000000e+02
9.679000000000000000e+03 6.854000000000000000e+03 1.425999999999999943e+02 1.269999999999999929e+01 3.140000000000000000e+02
9.632000000000000000e+03 6.999000000000000000e+03 1.165000000000000000e+02 1.330000000000000071e+01 3.280000000000000000e+02
9.637000000000000000e+03 6.936000000000000000e+03 1.374000000000000057e+02 1.240000000000000036e+01 2.950000000000000000e+02
9.674000000000000000e+03 6.865000000000000000e+03 1.205000000000000000e+02 1.369999999999999929e+01 2.980000000000000000e+02
