8.349000000000000000e+03 2.492000000000000000e+03 1.234000000000000057e+02 4.279999999999999716e+01 3.790000000000000000e+02
8.370000000000000000e+03 2.519000000000000000e+03 1.247999999999999972e+02 3.929999999999999716e+01 3.800000000000000000e+02
8.378000000000000000e+03 2.518000000000000000e+03 1.868000000000000114e+02 4.239999999999999858e+01 3.800000000000000000e+02
8.348000000000000000e+03 2.376000000000000000e+03 1.534000000000000057e+02 5.100000000000000000e+01 3.530000000000000000e+02
8.383000000000000000e+03 2.457000000000000000e+03 1.495000000000000000e+02 4.229999999999999716e+01 3.800000000000000000e+02
8.387000000000000000e+03 2.339000000000000000e+03 1.538000000000000114e+02 4.279999999999999716e+01 3.160000000000000000e+02
8.407000000000000000e+03 2.752000000000000000e+03 1.330999999999999943e+02 4.079999999999999716e+01 4.040000000000000000e+02
8.347000000000000000e+03 2.365000000000000000e+03 1.611999999999999886e+02 4.510000000000000142e+01 3.670000000000000000e+02
8.449000000000000000e+03 2.470000000000000000e+03 1.573000000000000114e+02 4.510000000000000142e+01 3.910000000000000000e+02
8.363000000000000000e+03 2.452000000000000000e+03 1.439000000000000057e+02 3.900000000000000000e+01 3.560000000000000000e+02
8.409000000000000000e+03 2.208000000000000000e+03 1.454000000000000057e+02 4.800000000000000000e+01 3.490000000000000000e+02
8.329000000000000000e+03 2.348000000000000000e+03 1.336999999999999886e+02 4.550000000000000000e+01 3.810000000000000000e+02
8.331000000000000000e+03 2.378000000000000000e+03 1.493000000000000114e+02 4.450000000000000000e+01 3.710000000000000000e+02
8.400000000000000000e+03 2.543000000000000000e+03 1.265999999999999943e+02 3.789999999999999858e+01 3.710000000000000000e+02
8.267000000000000000e+03 2.280000000000000000e+03 1.456999999999999886e+02 4.650000000000000000e+01 3.660000000000000000e+02
8.389000000000000000e+03 2.494000000000000000e+03 1.461999999999999886e+02 4.720000000000000284e+01 3.920000000000000000e+02
8.358000000000000000e+03 2.155000000000000000e+03 1.681999999999999886e+02 4.110000000000000142e+01 3.490000000000000000e+02
8.366000000000000000e+03 2.698000000000000000e+03 1.310999999999999943e+02 4.479999999999999716e+01 4.100000000000000000e+02
8.345000000000000000e+03 2.547000000000000000e+03 1.616999999999999886e+02 4.300000000000000000e+01 3.690000000000000000e+02
8.352000000000000000e+03 2.545000000000000000e+03 1.326999999999999886e+02 4.220000000000000284e+01 3.790000000000000000e+02
8.360000000000000000e+03 2.495000000000000000e+03 1.295999999999999943e+02 4.289999999999999858e+01 3.610000000000000000e+02
8.401000000000000000e+03 2.451000000000000000e+03 1.460999999999999943e+02 5.639999999999999858e+01 3.550000000000000000e+02
8.288000000000000000e+03 2.489000000000000000e+03 1.220999999999999943e+02 3.879999999999999716e+01 3.820000000000000000e+02
8.334000000000000000e+03 2.747000000000000000e+03 1.418000000000000114e+02 3.860000000000000142e+01 4.070000000000000000e+02
8.405000000000000000e+03 2.626000000000000000e+03 1.746999999999999886e+02 4.000000000000000000e+01 3.710000000000000000e+02
8.377000000000000000e+03 2.662000000000000000e+03 1.220999999999999943e+02 3.939999999999999858e+01 4.040000000000000000e+02
8.343000000000000000e+03 2.288000000000000000e+03 1.594000000000000057e+02 4.739999999999999858e+01 3.360000000000000000e+02
8.397000000000000000e+03 2.515000000000000000e+03 1.455999999999999943e+02 4.350000000000000000e+01 3.740000000000000000e+02
8.368000000000000000e+03 2.643000000000000000e+03 1.478000000000000114e+02 6.379999999999999716e+01 4.070000000000000000e+02
8.335000000000000000e+03 2.586000000000000000e+03 1.202000000000000028e+02 4.289999999999999858e+01 4.040000000000000000e+02
8.469000000000000000e+03 2.366000000000000000e+03 1.296999999999999886e+02 4.310000000000000142e+01 3.690000000000000000e+02
8.253000000000000000e+03 2.441000000000000000e+03 1.351999999999999886e+02 6.620000000000000284e+01 3.600000000000000000e+02
8.296000000000000000e+03 2.323000000000000000e+03 1.360999999999999943e+02 4.150000000000000000e+01 3.730000000000000000e+02
8.367000000000000000e+03 2.554000000000000000e+03 1.142999999999999972e+02 4.720000000000000284e+01 3.890000000000000000e+02
8.414000000000000000e+03 2.531000000000000000e+03 1.187000000000000028e+02 4.560000000000000142e+01 3.730000000000000000e+02
8.385000000000000000e+03 2.588000000000000000e+03 1.860999999999999943e+02 3.770000000000000284e+01 4.100000000000000000e+02
8.329000000000000000e+03 2.576000000000000000e+03 1.285000000000000000e+02 3.970000000000000284e+01 4.150000000000000000e+02
8.357000000000000000e+03 2.239000000000000000e+03 1.554000000000000057e+02 4.710000000000000142e+01 3.190000000000000000e+02
8.356000000000000000e+03 2.657000000000000000e+03 1.269000000000000057e+02 3.929999999999999716e+01 3.960000000000000000e+02
8.351000000000000000e+03 2.531000000000000000e+03 1.590999999999999943e+02 4.710000000000000142e+01 3.830000000000000000e+02
8.364000000000000000e+03 2.621000000000000000e+03 1.227000000000000028e+02 4.710000000000000142e+01 3.750000000000000000e+02
8.364000000000000000e+03 2.483000000000000000e+03 1.590999999999999943e+02 4.189999999999999858e+01 3.770000000000000000e+02
8.410000000000000000e+03 2.495000000000000000e+03 1.264000000000000057e+02 4.700000000000000000e+01 3.660000000000000000e+02
8.424000000000000000e+03 2.382000000000000000e+03 1.405000000000000000e+02 4.060000000000000142e+01 3.570000000000000000e+02
8.365000000000000000e+03 2.762000000000000000e+03 1.300000000000000000e+02 4.270000000000000284e+01 4.060000000000000000e+02
8.413000000000000000e+03 2.491000000000000000e+03 1.140000000000000000e+02 4.120000000000000284e+01 3.880000000000000000e+02
8.304000000000000000e+03 2.689000000000000000e+03 1.655999999999999943e+02 3.820000000000000284e+01 3.980000000000000000e+02
8.355000000000000000e+03 2.495000000000000000e+03 1.408000000000000114e+02 4.139999999999999858e+01 3.810000000000000000e+02
8.385000000000000000e+03 2.501000000000000000e+03 1.471999999999999886e+02 3.900000000000000000e+01 3.660000000000000000e+02
8.442000000000000000e+03 2.508000000000000000e+03 1.207999999999999972e+02 4.079999999999999716e+01 4.020000000000000000e+02
8.332000000000000000e+03 2.630000000000000000e+03 1.505000000000000000e+02 4.260000000000000142e+01 3.870000000000000000e+02
8.311000000000000000e+03 2.439000000000000000e+03 1.240999999999999943e+02 4.520000000000000284e+01 3.770000000000000000e+02
8.297000000000000000e+03 2.370000000000000000e+03 1.260000000000000000e+02 4.439999999999999858e+01 3.670000000000000000e+02
8.437000000000000000e+03 2.570000000000000000e+03 1.630000000000000000e+02 4.700000000000000000e+01 4.100000000000000000e+02
8.358000000000000000e+03 2.543000000000000000e+03 1.300000000000000000e+02 3.700000000000000000e+01 3.720000000000000000e+02
8.245000000000000000e+03 2.570000000000000000e+03 1.104000000000000057e+02 4.000000000000000000e+01 3.980000000000000000e+02
8.416000000000000000e+03 2.580000000000000000e+03 1.252999999999999972e+02 4.379999999999999716e+01 3.820000000000000000e+02
8.410000000000000000e+03 2.416000000000000000e+03 1.304000000000000057e+02 4.550000000000000000e+01 3.800000000000000000e+02
8.332000000000000000e+03 2.654000000000000000e+03 1.376999999999999886e+02 3.839999999999999858e+01 4.040000000000000000e+02
8.346000000000000000e+03 2.522000000000000000e+03 1.331999999999999886e+02 4.829999999999999716e+01 3.780000000000000000e+02
8.340000000000000000e+03 2.442000000000000000e+03 1.458000000000000114e+02 6.310000000000000142e+01 3.580000000000000000e+02
8.415000000000000000e+03 2.734000000000000000e+03 1.152999999999999972e+02 3.929999999999999716e+01 4.040000000000000000e+02
8.427000000000000000e+03 2.651000000000000000e+03 1.145000000000000000e+02 3.900000000000000000e+01 4.360000000000000000e+02
8.246000000000000000e+03 2.289000000000000000e+03 1.137999999999999972e+02 4.479999999999999716e+01 3.390000000000000000e+02
8.333000000000000000e+03 2.353000000000000000e+03 1.222000000000000028e+02 4.570000000000000284e+01 3.490000000000000000e+02
8.403000000000000000e+03 2.273000000000000000e+03 1.496999999999999886e+02 4.910000000000000142e+01 3.490000000000000000e+02
8.365000000000000000e+03 2.515000000000000000e+03 1.192000000000000028e+02 4.160000000000000142e+01 3.750000000000000000e+02
8.336000000000000000e+03 2.530000000000000000e+03 1.433000000000000114e+02 4.000000000000000000e+01 3.640000000000000000e+02
8.277000000000000000e+03 2.290000000000000000e+03 1.369000000000000057e+02 4.639999999999999858e+01 3.650000000000000000e+02
8.348000000000000000e+03 2.530000000000000000e+03 1.310000000000000000e+02 4.220000000000000284e+01 3.700000000000000000e+02
8.284000000000000000e+03 2.419000000000000000e+03 1.336999999999999886e+02 4.310000000000000142e+01 3.840000000000000000e+02
8.301000000000000000e+03 2.590000000000000000e+03 1.237000000000000028e+02 4.329999999999999716e+01 3.850000000000000000e+02
8.324000000000000000e+03 2.592000000000000000e+03 1.538000000000000114e+02 4.239999999999999858e+01 3.850000000000000000e+02
8.309000000000000000e+03 2.161000000000000000e+03 1.328000000000000114e+02 4.160000000000000142e+01 3.300000000000000000e+02
8.342000000000000000e+03 2.507000000000000000e+03 1.199000000000000057e+02 3.929999999999999716e+01 3.730000000000000000e+02
8.317000000000000000e+03 2.514000000000000000e+03 1.575000000000000000e+02 4.529999999999999716e+01 3.620000000000000000e+02
8.355000000000000000e+03 2.549000000000000000e+03 1.503000000000000114e+02 5.050000000000000000e+01 3.820000000000000000e+02
8.301000000000000000e+03 2.295000000000000000e+03 1.400000000000000000e+02 4.360000000000000142e+01 3.400000000000000000e+02
8.434000000000000000e+03 2.752000000000000000e+03 1.345000000000000000e+02 4.260000000000000142e+01 4.150000000000000000e+02
8.423000000000000000e+03 2.530000000000000000e+03 1.356999999999999886e+02 4.270000000000000284e+01 4.050000000000000000e+02
8.345000000000000000e+03 2.483000000000000000e+03 1.395999999999999943e+02 4.720000000000000284e+01 3.770000000000000000e+02
8.319000000000000000e+03 2.385000000000000000e+03 1.871999999999999886e+02 4.560000000000000142e+01 3.880000000000000000e+02
8.422000000000000000e+03 2.606000000000000000e+03 1.493000000000000114e+02 4.229999999999999716e+01 3.570000000000000000e+02
8.322000000000000000e+03 2.676000000000000000e+03 1.265999999999999943e+02 3.779999999999999716e+01 4.140000000000000000e+02
8.296000000000000000e+03 2.300000000000000000e+03 1.310000000000000000e+02 4.350000000000000000e+01 3.570000000000000000e+02
8.339000000000000000e+03 2.650000000000000000e+03 1.162999999999999972e+02 3.860000000000000142e+01 4.230000000000000000e+02
8.395000000000000000e+03 2.477000000000000000e+03 1.708000000000000114e+02 4.439999999999999858e+01 3.630000000000000000e+02
8.370000000000000000e+03 2.678000000000000000e+03 1.394000000000000057e+02 4.560000000000000142e+01 4.100000000000000000e+02
8.370000000000000000e+03 2.440000000000000000e+03 1.280999999999999943e+02 4.779999999999999716e+01 3.720000000000000000e+02
8.379000000000000000e+03 2.316000000000000000e+03 1.272000000000000028e+02 4.200000000000000000e+01 3.770000000000000000e+02
8.311000000000000000e+03 2.585000000000000000e+03 1.334000000000000057e+02 3.979999999999999716e+01 4.080000000000000000e+02
8.276000000000000000e+03 2.467000000000000000e+03 1.696999999999999886e+02 4.250000000000000000e+01 3.740000000000000000e+02
8.185000000000000000e+03 2.583000000000000000e+03 1.750999999999999943e+02 4.370000000000000284e+01 4.010000000000000000e+02
8.363000000000000000e+03 2.464000000000000000e+03 1.371999999999999886e+02 4.629999999999999716e+01 3.850000000000000000e+02
8.360000000000000000e+03 2.535000000000000000e+03 1.270999999999999943e+02 4.120000000000000284e+01 3.740000000000000000e+02
8.307000000000000000e+03 2.634000000000000000e+03 1.262000000000000028e+02 3.760000000000000142e+01 4.040000000000000000e+02
8.434000000000000000e+03 2.496000000000000000e+03 1.808000000000000114e+02 4.860000000000000142e+01 3.820000000000000000e+02
8.403000000000000000e+03 2.509000000000000000e+03 1.319000000000000057e+02 4.450000000000000000e+01 3.720000000000000000e+02
8.347000000000000000e+03 2.273000000000000000e+03 1.295999999999999943e+02 4.020000000000000284e+01 3.590000000000000000e+02
8.338000000000000000e+03 2.392000000000000000e+03 1.308000000000000114e+02 5.589999999999999858e+01 3.560000000000000000e+02
8.342000000000000000e+03 2.589000000000000000e+03 1.590000000000000000e+02 4.200000000000000000e+01 3.900000000000000000e+02
8.330000000000000000e+03 2.633000000000000000e+03 1.137999999999999972e+02 4.189999999999999858e+01 4.290000000000000000e+02
8.321000000000000000e+03 2.625000000000000000e+03 1.445000000000000000e+02 4.310000000000000142e+01 3.900000000000000000e+02
8.346000000000000000e+03 2.447000000000000000e+03 1.450000000000000000e+02 5.260000000000000142e+01 3.440000000000000000e+02
8.400000000000000000e+03 2.539000000000000000e+03 1.291999999999999886e+02 4.279999999999999716e+01 3.780000000000000000e+02
8.259000000000000000e+03 2.517000000000000000e+03 1.586999999999999886e+02 4.960000000000000142e+01 3.850000000000000000e+02
8.381000000000000000e+03 2.457000000000000000e+03 1.207000000000000028e+02 4.539999999999999858e+01 3.760000000000000000e+02
8.336000000000000000e+03 2.566000000000000000e+03 1.470000000000000000e+02 3.379999999999999716e+01 3.770000000000000000e+02
8.282000000000000000e+03 2.384000000000000000e+03 1.921999999999999886e+02 5.220000000000000284e+01 3.690000000000000000e+02
8.429000000000000000e+03 2.476000000000000000e+03 1.315000000000000000e+02 3.970000000000000284e+01 3.990000000000000000e+02
8.393000000000000000e+03 2.582000000000000000e+03 1.220000000000000000e+02 3.570000000000000284e+01 3.970000000000000000e+02
8.342000000000000000e+03 2.542000000000000000e+03 1.318000000000000114e+02 3.710000000000000142e+01 3.670000000000000000e+02
8.351000000000000000e+03 2.728000000000000000e+03 1.386999999999999886e+02 4.360000000000000142e+01 4.000000000000000000e+02
8.314000000000000000e+03 2.624000000000000000e+03 1.433000000000000114e+02 3.820000000000000284e+01 4.100000000000000000e+02
8.316000000000000000e+03 2.270000000000000000e+03 1.162999999999999972e+02 4.300000000000000000e+01 3.470000000000000000e+02
8.381000000000000000e+03 2.684000000000000000e+03 1.415999999999999943e+02 3.650000000000000000e+01 4.170000000000000000e+02
8.339000000000000000e+03 2.411000000000000000e+03 1.361999999999999886e+02 4.150000000000000000e+01 3.480000000000000000e+02
8.358000000000000000e+03 2.445000000000000000e+03 1.379000000000000057e+02 4.500000000000000000e+01 3.580000000000000000e+02
8.328000000000000000e+03 2.456000000000000000e+03 1.570999999999999943e+02 4.570000000000000284e+01 3.900000000000000000e+02
8.374000000000000000e+03 2.391000000000000000e+03 1.247999999999999972e+02 5.300000000000000000e+01 3.780000000000000000e+02
8.388000000000000000e+03 2.358000000000000000e+03 1.355999999999999943e+02 4.510000000000000142e+01 3.470000000000000000e+02
8.436000000000000000e+03 2.440000000000000000e+03 1.306999999999999886e+02 4.129999999999999716e+01 3.660000000000000000e+02
8.333000000000000000e+03 2.528000000000000000e+03 1.475999999999999943e+02 4.179999999999999716e+01 4.030000000000000000e+02
8.339000000000000000e+03 2.462000000000000000e+03 1.303000000000000114e+02 4.289999999999999858e+01 3.690000000000000000e+02
8.364000000000000000e+03 2.655000000000000000e+03 1.311999999999999886e+02 4.760000000000000142e+01 4.150000000000000000e+02
8.413000000000000000e+03 2.433000000000000000e+03 1.304000000000000057e+02 4.329999999999999716e+01 3.690000000000000000e+02
8.334000000000000000e+03 2.490000000000000000e+03 1.471999999999999886e+02 4.200000000000000000e+01 3.880000000000000000e+02
8.267000000000000000e+03 2.346000000000000000e+03 1.478000000000000114e+02 4.360000000000000142e+01 3.780000000000000000e+02
8.377000000000000000e+03 2.580000000000000000e+03 1.906999999999999886e+02 4.829999999999999716e+01 3.800000000000000000e+02
8.365000000000000000e+03 2.611000000000000000e+03 1.481999999999999886e+02 4.210000000000000142e+01 3.840000000000000000e+02
8.318000000000000000e+03 2.496000000000000000e+03 1.350999999999999943e+02 4.589999999999999858e+01 4.070000000000000000e+02
8.404000000000000000e+03 2.523000000000000000e+03 1.270000000000000000e+02 4.710000000000000142e+01 3.790000000000000000e+02
8.304000000000000000e+03 2.540000000000000000e+03 1.285999999999999943e+02 4.300000000000000000e+01 4.330000000000000000e+02
8.335000000000000000e+03 2.474000000000000000e+03 1.540000000000000000e+02 4.400000000000000000e+01 3.580000000000000000e+02
8.361000000000000000e+03 2.522000000000000000e+03 1.265999999999999943e+02 3.970000000000000284e+01 3.840000000000000000e+02
8.331000000000000000e+03 2.809000000000000000e+03 1.283000000000000114e+02 3.770000000000000284e+01 4.280000000000000000e+02
8.323000000000000000e+03 2.448000000000000000e+03 1.319000000000000057e+02 5.750000000000000000e+01 3.580000000000000000e+02
8.371000000000000000e+03 2.465000000000000000e+03 1.380999999999999943e+02 4.610000000000000142e+01 3.780000000000000000e+02
8.290000000000000000e+03 2.449000000000000000e+03 1.330000000000000000e+02 4.910000000000000142e+01 3.930000000000000000e+02
8.431000000000000000e+03 2.331000000000000000e+03 1.358000000000000114e+02 4.770000000000000284e+01 3.430000000000000000e+02
8.363000000000000000e+03 2.534000000000000000e+03 1.544000000000000057e+02 3.950000000000000000e+01 4.010000000000000000e+02
8.388000000000000000e+03 2.539000000000000000e+03 1.205999999999999943e+02 3.970000000000000284e+01 4.000000000000000000e+02
8.370000000000000000e+03 2.118000000000000000e+03 1.756999999999999886e+02 4.600000000000000000e+01 3.170000000000000000e+02
8.335000000000000000e+03 2.473000000000000000e+03 1.351999999999999886e+02 3.850000000000000000e+01 3.740000000000000000e+02
8.367000000000000000e+03 2.618000000000000000e+03 1.549000000000000057e+02 5.900000000000000000e+01 4.020000000000000000e+02
8.312000000000000000e+03 2.547000000000000000e+03 1.270000000000000000e+02 4.600000000000000000e+01 3.790000000000000000e+02
8.250000000000000000e+03 2.457000000000000000e+03 1.553000000000000114e+02 4.520000000000000284e+01 3.760000000000000000e+02
8.337000000000000000e+03 2.421000000000000000e+03 1.239000000000000057e+02 4.100000000000000000e+01 3.810000000000000000e+02
8.381000000000000000e+03 2.378000000000000000e+03 1.315999999999999943e+02 4.900000000000000000e+01 3.860000000000000000e+02
8.391000000000000000e+03 2.833000000000000000e+03 1.384000000000000057e+02 3.700000000000000000e+01 4.610000000000000000e+02
8.304000000000000000e+03 2.357000000000000000e+03 1.235999999999999943e+02 5.079999999999999716e+01 3.550000000000000000e+02
8.346000000000000000e+03 2.279000000000000000e+03 1.277000000000000028e+02 4.750000000000000000e+01 3.510000000000000000e+02
8.366000000000000000e+03 2.443000000000000000e+03 1.299000000000000057e+02 4.350000000000000000e+01 3.740000000000000000e+02
8.369000000000000000e+03 2.661000000000000000e+03 1.272000000000000028e+02 4.229999999999999716e+01 4.150000000000000000e+02
8.361000000000000000e+03 2.452000000000000000e+03 1.376999999999999886e+02 4.320000000000000284e+01 3.540000000000000000e+02
8.362000000000000000e+03 2.457000000000000000e+03 1.430999999999999943e+02 4.120000000000000284e+01 3.760000000000000000e+02
8.339000000000000000e+03 2.540000000000000000e+03 1.172000000000000028e+02 4.200000000000000000e+01 4.020000000000000000e+02
8.418000000000000000e+03 2.387000000000000000e+03 1.217000000000000028e+02 4.460000000000000142e+01 3.560000000000000000e+02
8.370000000000000000e+03 2.556000000000000000e+03 1.920000000000000000e+02 4.600000000000000000e+01 4.070000000000000000e+02
8.312000000000000000e+03 2.549000000000000000e+03 1.202999999999999972e+02 3.420000000000000284e+01 4.020000000000000000e+02
8.334000000000000000e+03 2.571000000000000000e+03 1.353000000000000114e+02 5.070000000000000284e+01 3.960000000000000000e+02
8.347000000000000000e+03 2.530000000000000000e+03 1.393000000000000114e+02 4.529999999999999716e+01 3.740000000000000000e+02
8.395000000000000000e+03 2.508000000000000000e+03 1.330999999999999943e+02 3.920000000000000284e+01 3.860000000000000000e+02
8.378000000000000000e+03 2.658000000000000000e+03 1.345000000000000000e+02 4.339999999999999858e+01 4.060000000000000000e+02
8.275000000000000000e+03 2.645000000000000000e+03 1.469000000000000057e+02 3.850000000000000000e+01 3.960000000000000000e+02
8.354000000000000000e+03 2.483000000000000000e+03 1.240999999999999943e+02 4.270000000000000284e+01 3.970000000000000000e+02
8.369000000000000000e+03 2.524000000000000000e+03 1.456999999999999886e+02 4.120000000000000284e+01 3.610000000000000000e+02
8.348000000000000000e+03 2.501000000000000000e+03 1.886999999999999886e+02 4.829999999999999716e+01 3.800000000000000000e+02
8.344000000000000000e+03 2.760000000000000000e+03 1.345000000000000000e+02 4.460000000000000142e+01 3.970000000000000000e+02
8.338000000000000000e+03 2.251000000000000000e+03 1.620999999999999943e+02 4.920000000000000284e+01 3.450000000000000000e+02
8.305000000000000000e+03 2.463000000000000000e+03 1.270000000000000000e+02 4.360000000000000142e+01 3.270000000000000000e+02
8.384000000000000000e+03 2.532000000000000000e+03 1.140000000000000000e+02 4.089999999999999858e+01 3.950000000000000000e+02
8.332000000000000000e+03 2.751000000000000000e+03 1.280000000000000000e+02 4.270000000000000284e+01 3.930000000000000000e+02
8.459000000000000000e+03 2.597000000000000000e+03 1.653000000000000114e+02 3.910000000000000142e+01 3.870000000000000000e+02
8.386000000000000000e+03 2.529000000000000000e+03 1.514000000000000057e+02 4.000000000000000000e+01 3.730000000000000000e+02
8.362000000000000000e+03 2.593000000000000000e+03 1.262999999999999972e+02 3.810000000000000142e+01 3.900000000000000000e+02
8.322000000000000000e+03 2.673000000000000000e+03 1.217000000000000028e+02 4.500000000000000000e+01 3.860000000000000000e+02
8.331000000000000000e+03 2.326000000000000000e+03 1.290999999999999943e+02 4.550000000000000000e+01 3.770000000000000000e+02
8.357000000000000000e+03 2.449000000000000000e+03 2.138000000000000114e+02 5.260000000000000142e+01 3.750000000000000000e+02
8.263000000000000000e+03 2.541000000000000000e+03 1.262999999999999972e+02 4.279999999999999716e+01 4.210000000000000000e+02
8.367000000000000000e+03 2.625000000000000000e+03 1.060999999999999943e+02 3.770000000000000284e+01 4.020000000000000000e+02
8.284000000000000000e+03 2.322000000000000000e+03 1.277999999999999972e+02 4.370000000000000284e+01 3.730000000000000000e+02
8.455000000000000000e+03 2.426000000000000000e+03 1.813000000000000114e+02 4.260000000000000142e+01 3.800000000000000000e+02
8.392000000000000000e+03 2.583000000000000000e+03 1.294000000000000057e+02 4.310000000000000142e+01 3.890000000000000000e+02
8.366000000000000000e+03 2.409000000000000000e+03 1.320999999999999943e+02 3.939999999999999858e+01 3.680000000000000000e+02
8.329000000000000000e+03 2.684000000000000000e+03 1.343000000000000114e+02 4.170000000000000284e+01 4.220000000000000000e+02
8.267000000000000000e+03 2.541000000000000000e+03 1.224000000000000057e+02 3.130000000000000071e+01 4.050000000000000000e+02
8.320000000000000000e+03 2.465000000000000000e+03 1.390000000000000000e+02 4.750000000000000000e+01 3.640000000000000000e+02
8.366000000000000000e+03 2.391000000000000000e+03 1.340000000000000000e+02 4.579999999999999716e+01 3.760000000000000000e+02
8.287000000000000000e+03 2.384000000000000000e+03 1.434000000000000057e+02 4.310000000000000142e+01 3.800000000000000000e+02
8.326000000000000000e+03 2.794000000000000000e+03 1.525000000000000000e+02 4.270000000000000284e+01 4.030000000000000000e+02
8.328000000000000000e+03 2.602000000000000000e+03 1.301999999999999886e+02 5.229999999999999716e+01 3.750000000000000000e+02
8.386000000000000000e+03 2.423000000000000000e+03 1.628000000000000114e+02 6.220000000000000284e+01 3.770000000000000000e+02
8.319000000000000000e+03 2.587000000000000000e+03 1.192000000000000028e+02 3.820000000000000284e+01 4.270000000000000000e+02
8.304000000000000000e+03 2.217000000000000000e+03 1.569000000000000057e+02 4.400000000000000000e+01 3.400000000000000000e+02
8.321000000000000000e+03 2.718000000000000000e+03 1.220000000000000000e+02 3.500000000000000000e+01 4.280000000000000000e+02
8.292000000000000000e+03 2.491000000000000000e+03 1.705999999999999943e+02 4.239999999999999858e+01 3.870000000000000000e+02
8.374000000000000000e+03 2.503000000000000000e+03 1.360000000000000000e+02 4.479999999999999716e+01 3.890000000000000000e+02
8.421000000000000000e+03 2.412000000000000000e+03 1.519000000000000057e+02 4.460000000000000142e+01 3.640000000000000000e+02
8.373000000000000000e+03 2.382000000000000000e+03 1.285000000000000000e+02 4.679999999999999716e+01 3.810000000000000000e+02
8.330000000000000000e+03 2.545000000000000000e+03 1.225000000000000000e+02 4.260000000000000142e+01 3.780000000000000000e+02
8.378000000000000000e+03 2.560000000000000000e+03 1.310999999999999943e+02 3.950000000000000000e+01 3.880000000000000000e+02
8.399000000000000000e+03 2.285000000000000000e+03 1.584000000000000057e+02 4.670000000000000284e+01 3.530000000000000000e+02
8.348000000000000000e+03 2.484000000000000000e+03 1.345000000000000000e+02 4.689999999999999858e+01 3.770000000000000000e+02
8.387000000000000000e+03 2.460000000000000000e+03 1.375000000000000000e+02 4.900000000000000000e+01 4.090000000000000000e+02
8.323000000000000000e+03 2.626000000000000000e+03 1.355000000000000000e+02 3.670000000000000284e+01 4.190000000000000000e+02
8.256000000000000000e+03 2.590000000000000000e+03 1.338000000000000114e+02 4.420000000000000284e+01 4.100000000000000000e+02
8.369000000000000000e+03 2.639000000000000000e+03 1.225000000000000000e+02 3.900000000000000000e+01 3.880000000000000000e+02
8.401000000000000000e+03 2.553000000000000000e+03 1.277000000000000028e+02 4.360000000000000142e+01 3.840000000000000000e+02
8.294000000000000000e+03 2.583000000000000000e+03 1.609000000000000057e+02 3.970000000000000284e+01 3.940000000000000000e+02
8.342000000000000000e+03 2.530000000000000000e+03 1.555999999999999943e+02 4.700000000000000000e+01 3.700000000000000000e+02
8.312000000000000000e+03 2.519000000000000000e+03 1.974000000000000057e+02 4.010000000000000142e+01 3.990000000000000000e+02
8.361000000000000000e+03 2.372000000000000000e+03 1.257999999999999972e+02 4.479999999999999716e+01 3.820000000000000000e+02
8.337000000000000000e+03 2.402000000000000000e+03 1.585999999999999943e+02 5.960000000000000142e+01 3.670000000000000000e+02
8.322000000000000000e+03 2.464000000000000000e+03 1.405999999999999943e+02 4.150000000000000000e+01 3.810000000000000000e+02
8.359000000000000000e+03 2.642000000000000000e+03 1.575000000000000000e+02 4.510000000000000142e+01 3.950000000000000000e+02
8.277000000000000000e+03 2.601000000000000000e+03 1.185000000000000000e+02 4.629999999999999716e+01 3.860000000000000000e+02
8.309000000000000000e+03 2.272000000000000000e+03 1.583000000000000114e+02 5.310000000000000142e+01 3.790000000000000000e+02
8.338000000000000000e+03 2.497000000000000000e+03 1.137000000000000028e+02 4.370000000000000284e+01 3.640000000000000000e+02
8.402000000000000000e+03 2.586000000000000000e+03 1.496999999999999886e+02 3.760000000000000142e+01 3.620000000000000000e+02
8.351000000000000000e+03 2.595000000000000000e+03 1.222999999999999972e+02 4.020000000000000284e+01 4.120000000000000000e+02
8.289000000000000000e+03 2.524000000000000000e+03 1.656999999999999886e+02 4.689999999999999858e+01 3.880000000000000000e+02
8.345000000000000000e+03 2.433000000000000000e+03 1.345000000000000000e+02 4.589999999999999858e+01 3.640000000000000000e+02
8.333000000000000000e+03 2.522000000000000000e+03 1.250000000000000000e+02 3.810000000000000142e+01 3.840000000000000000e+02
8.294000000000000000e+03 2.542000000000000000e+03 1.365000000000000000e+02 5.010000000000000142e+01 3.810000000000000000e+02
8.344000000000000000e+03 2.525000000000000000e+03 1.418000000000000114e+02 4.079999999999999716e+01 3.790000000000000000e+02
8.296000000000000000e+03 2.334000000000000000e+03 1.270000000000000000e+02 3.800000000000000000e+01 3.600000000000000000e+02
8.292000000000000000e+03 2.520000000000000000e+03 1.505999999999999943e+02 3.970000000000000284e+01 4.080000000000000000e+02
8.354000000000000000e+03 2.413000000000000000e+03 1.450000000000000000e+02 4.720000000000000284e+01 3.610000000000000000e+02
8.422000000000000000e+03 2.542000000000000000e+03 1.478000000000000114e+02 4.350000000000000000e+01 3.790000000000000000e+02
8.360000000000000000e+03 2.477000000000000000e+03 1.167999999999999972e+02 4.210000000000000142e+01 3.670000000000000000e+02
8.252000000000000000e+03 2.643000000000000000e+03 1.360999999999999943e+02 3.850000000000000000e+01 4.080000000000000000e+02
8.328000000000000000e+03 2.599000000000000000e+03 1.280000000000000000e+02 4.800000000000000000e+01 4.170000000000000000e+02
8.343000000000000000e+03 2.454000000000000000e+03 1.209000000000000057e+02 4.279999999999999716e+01 3.730000000000000000e+02
8.289000000000000000e+03 2.526000000000000000e+03 1.225000000000000000e+02 4.970000000000000284e+01 3.770000000000000000e+02
8.407000000000000000e+03 2.619000000000000000e+03 1.489000000000000057e+02 5.110000000000000142e+01 3.790000000000000000e+02
8.282000000000000000e+03 2.628000000000000000e+03 1.260999999999999943e+02 4.250000000000000000e+01 3.790000000000000000e+02
8.332000000000000000e+03 2.585000000000000000e+03 1.147000000000000028e+02 3.529999999999999716e+01 3.920000000000000000e+02
8.292000000000000000e+03 2.235000000000000000e+03 1.460000000000000000e+02 5.800000000000000000e+01 3.670000000000000000e+02
8.370000000000000000e+03 2.298000000000000000e+03 1.585999999999999943e+02 4.679999999999999716e+01 3.810000000000000000e+02
8.373000000000000000e+03 2.483000000000000000e+03 1.264000000000000057e+02 4.300000000000000000e+01 3.610000000000000000e+02
8.277000000000000000e+03 2.543000000000000000e+03 1.489000000000000057e+02 4.110000000000000142e+01 3.860000000000000000e+02
8.387000000000000000e+03 2.546000000000000000e+03 1.137000000000000028e+02 4.639999999999999858e+01 3.760000000000000000e+02
8.388000000000000000e+03 2.707000000000000000e+03 1.154000000000000057e+02 4.910000000000000142e+01 4.020000000000000000e+02
8.400000000000000000e+03 2.665000000000000000e+03 1.209000000000000057e+02 3.960000000000000142e+01 4.020000000000000000e+02
8.314000000000000000e+03 2.394000000000000000e+03 1.180000000000000000e+02 4.700000000000000000e+01 3.480000000000000000e+02
8.400000000000000000e+03 2.442000000000000000e+03 1.686999999999999886e+02 3.939999999999999858e+01 3.660000000000000000e+02
8.385000000000000000e+03 2.500000000000000000e+03 1.554000000000000057e+02 4.789999999999999858e+01 3.850000000000000000e+02
8.335000000000000000e+03 2.423000000000000000e+03 1.520000000000000000e+02 5.100000000000000000e+01 3.640000000000000000e+02
8.372000000000000000e+03 2.225000000000000000e+03 1.558000000000000114e+02 4.260000000000000142e+01 3.410000000000000000e+02
