2.058000000000000000e+03 7.253000000000000000e+03 4.031999999999999886e+02 2.150000000000000000e+01 7.272000000000000000e+03
2.096000000000000000e+03 7.383000000000000000e+03 4.361000000000000227e+02 2.189999999999999858e+01 7.274000000000000000e+03
2.053000000000000000e+03 7.284000000000000000e+03 3.403999999999999773e+02 2.500000000000000000e+01 7.319000000000000000e+03
4.545000000000000000e+03 7.155000000000000000e+03 1.825099999999999909e+03 2.400000000000000000e+01 7.344000000000000000e+03
2.023000000000000000e+03 7.390000000000000000e+03 3.800000000000000000e+02 2.280000000000000071e+01 7.303000000000000000e+03
1.996000000000000000e+03 7.253000000000000000e+03 3.833000000000000114e+02 2.060000000000000142e+01 7.349000000000000000e+03
2.050000000000000000e+03 7.325000000000000000e+03 3.881999999999999886e+02 2.439999999999999858e+01 7.312000000000000000e+03
2.023000000000000000e+03 7.332000000000000000e+03 2.841000000000000227e+02 2.260000000000000142e+01 7.339000000000000000e+03
4.149000000000000000e+03 7.402000000000000000e+03 1.773000000000000000e+03 2.419999999999999929e+01 7.335000000000000000e+03
4.280000000000000000e+03 7.226000000000000000e+03 1.825099999999999909e+03 2.250000000000000000e+01 7.363000000000000000e+03
2.873000000000000000e+03 7.392000000000000000e+03 9.852000000000000455e+02 2.319999999999999929e+01 7.292000000000000000e+03
2.035000000000000000e+03 7.385000000000000000e+03 5.141000000000000227e+02 2.200000000000000000e+01 7.309000000000000000e+03
4.428000000000000000e+03 7.218000000000000000e+03 1.825099999999999909e+03 2.300000000000000000e+01 7.305000000000000000e+03
4.396000000000000000e+03 7.312000000000000000e+03 1.825099999999999909e+03 2.210000000000000142e+01 7.325000000000000000e+03
2.097000000000000000e+03 7.413000000000000000e+03 2.411999999999999886e+02 2.110000000000000142e+01 7.216000000000000000e+03
4.225000000000000000e+03 7.360000000000000000e+03 1.825099999999999909e+03 2.400000000000000000e+01 7.372000000000000000e+03
2.012000000000000000e+03 7.328000000000000000e+03 4.261999999999999886e+02 2.150000000000000000e+01 7.341000000000000000e+03
2.075000000000000000e+03 7.379000000000000000e+03 3.086000000000000227e+02 2.280000000000000071e+01 7.320000000000000000e+03
1.996000000000000000e+03 7.291000000000000000e+03 2.783999999999999773e+02 2.430000000000000071e+01 7.368000000000000000e+03
2.024000000000000000e+03 7.380000000000000000e+03 2.713999999999999773e+02 2.160000000000000142e+01 7.367000000000000000e+03
2.019000000000000000e+03 7.365000000000000000e+03 3.391000000000000227e+02 2.300000000000000000e+01 7.344000000000000000e+03
2.048000000000000000e+03 7.394000000000000000e+03 2.820000000000000000e+02 2.280000000000000071e+01 7.312000000000000000e+03
2.047000000000000000e+03 7.250000000000000000e+03 2.438000000000000114e+02 2.130000000000000071e+01 7.346000000000000000e+03
2.107000000000000000e+03 7.206000000000000000e+03 2.294000000000000057e+02 2.450000000000000000e+01 7.295000000000000000e+03
4.254000000000000000e+03 7.321000000000000000e+03 1.758900000000000091e+03 2.300000000000000000e+01 7.295000000000000000e+03
2.042000000000000000e+03 7.375000000000000000e+03 4.431000000000000227e+02 2.100000000000000000e+01 7.282000000000000000e+03
2.081000000000000000e+03 7.366000000000000000e+03 3.316000000000000227e+02 2.339999999999999858e+01 7.331000000000000000e+03
4.206000000000000000e+03 7.343000000000000000e+03 1.825099999999999909e+03 2.360000000000000142e+01 7.255000000000000000e+03
2.032000000000000000e+03 7.287000000000000000e+03 3.273999999999999773e+02 2.130000000000000071e+01 7.354000000000000000e+03
1.987000000000000000e+03 7.336000000000000000e+03 2.638999999999999773e+02 2.219999999999999929e+01 7.368000000000000000e+03
2.048000000000000000e+03 7.369000000000000000e+03 3.198999999999999773e+02 2.380000000000000071e+01 7.336000000000000000e+03
2.001000000000000000e+03 7.247000000000000000e+03 2.683999999999999773e+02 2.530000000000000071e+01 7.331000000000000000e+03
2.045000000000000000e+03 7.283000000000000000e+03 3.503999999999999773e+02 2.280000000000000071e+01 7.313000000000000000e+03
4.456000000000000000e+03 7.318000000000000000e+03 1.825099999999999909e+03 2.219999999999999929e+01 7.245000000000000000e+03
2.066000000000000000e+03 7.289000000000000000e+03 4.023000000000000114e+02 2.200000000000000000e+01 7.324000000000000000e+03
2.000000000000000000e+03 7.404000000000000000e+03 2.823999999999999773e+02 2.460000000000000142e+01 7.401000000000000000e+03
2.035000000000000000e+03 7.443000000000000000e+03 3.300000000000000000e+02 2.300000000000000000e+01 7.293000000000000000e+03
2.107000000000000000e+03 7.260000000000000000e+03 3.065000000000000000e+02 2.389999999999999858e+01 7.254000000000000000e+03
2.016000000000000000e+03 7.378000000000000000e+03 3.018999999999999773e+02 2.200000000000000000e+01 7.312000000000000000e+03
1.996000000000000000e+03 7.296000000000000000e+03 4.096000000000000227e+02 2.300000000000000000e+01 7.391000000000000000e+03
2.120000000000000000e+03 7.262000000000000000e+03 3.451999999999999886e+02 2.369999999999999929e+01 7.250000000000000000e+03
2.122000000000000000e+03 7.336000000000000000e+03 3.278000000000000114e+02 2.300000000000000000e+01 7.244000000000000000e+03
4.148000000000000000e+03 7.358000000000000000e+03 1.825099999999999909e+03 2.230000000000000071e+01 7.285000000000000000e+03
2.016000000000000000e+03 7.164000000000000000e+03 2.590000000000000000e+02 2.210000000000000142e+01 7.373000000000000000e+03
4.333000000000000000e+03 7.421000000000000000e+03 1.825099999999999909e+03 2.300000000000000000e+01 7.365000000000000000e+03
2.080000000000000000e+03 7.328000000000000000e+03 2.544000000000000057e+02 2.060000000000000142e+01 7.289000000000000000e+03
2.014000000000000000e+03 7.323000000000000000e+03 3.963000000000000114e+02 2.050000000000000000e+01 7.375000000000000000e+03
2.012000000000000000e+03 7.318000000000000000e+03 3.191000000000000227e+02 2.350000000000000000e+01 7.331000000000000000e+03
1.977000000000000000e+03 7.302000000000000000e+03 3.653000000000000114e+02 2.200000000000000000e+01 7.389000000000000000e+03
2.063000000000000000e+03 7.297000000000000000e+03 3.513000000000000114e+02 2.500000000000000000e+01 7.361000000000000000e+03
2.050000000000000000e+03 7.348000000000000000e+03 3.005000000000000000e+02 2.400000000000000000e+01 7.339000000000000000e+03
2.126000000000000000e+03 7.246000000000000000e+03 2.668999999999999773e+02 2.430000000000000071e+01 7.237000000000000000e+03
2.043000000000000000e+03 7.252000000000000000e+03 4.101000000000000227e+02 2.319999999999999929e+01 7.324000000000000000e+03
4.411000000000000000e+03 7.395000000000000000e+03 1.825099999999999909e+03 2.200000000000000000e+01 7.307000000000000000e+03
2.082000000000000000e+03 7.304000000000000000e+03 3.198000000000000114e+02 2.200000000000000000e+01 7.289000000000000000e+03
2.038000000000000000e+03 7.285000000000000000e+03 2.405000000000000000e+02 2.369999999999999929e+01 7.278000000000000000e+03
2.036000000000000000e+03 7.264000000000000000e+03 2.786999999999999886e+02 2.310000000000000142e+01 7.336000000000000000e+03
2.001000000000000000e+03 7.299000000000000000e+03 3.816000000000000227e+02 2.330000000000000071e+01 7.343000000000000000e+03
4.410000000000000000e+03 7.294000000000000000e+03 1.825099999999999909e+03 2.160000000000000142e+01 7.421000000000000000e+03
2.063000000000000000e+03 7.386000000000000000e+03 3.356999999999999886e+02 2.410000000000000142e+01 7.316000000000000000e+03
3.545000000000000000e+03 7.318000000000000000e+03 1.349000000000000000e+03 2.330000000000000071e+01 7.400000000000000000e+03
4.377000000000000000e+03 7.264000000000000000e+03 1.825099999999999909e+03 2.319999999999999929e+01 7.393000000000000000e+03
1.975000000000000000e+03 7.378000000000000000e+03 3.493000000000000114e+02 2.219999999999999929e+01 7.423000000000000000e+03
4.242000000000000000e+03 7.272000000000000000e+03 1.825099999999999909e+03 2.150000000000000000e+01 7.387000000000000000e+03
2.067000000000000000e+03 7.228000000000000000e+03 3.858000000000000114e+02 2.260000000000000142e+01 7.283000000000000000e+03
2.046000000000000000e+03 7.340000000000000000e+03 4.008999999999999773e+02 2.530000000000000071e+01 7.305000000000000000e+03
2.070000000000000000e+03 7.398000000000000000e+03 3.366999999999999886e+02 2.160000000000000142e+01 7.323000000000000000e+03
1.990000000000000000e+03 7.278000000000000000e+03 2.876000000000000227e+02 2.050000000000000000e+01 7.361000000000000000e+03
1.986000000000000000e+03 7.323000000000000000e+03 2.891000000000000227e+02 2.200000000000000000e+01 7.354000000000000000e+03
2.054000000000000000e+03 7.412000000000000000e+03 3.593999999999999773e+02 2.330000000000000071e+01 7.285000000000000000e+03
2.027000000000000000e+03 7.358000000000000000e+03 3.306999999999999886e+02 2.200000000000000000e+01 7.313000000000000000e+03
4.384000000000000000e+03 7.400000000000000000e+03 1.825099999999999909e+03 2.400000000000000000e+01 7.228000000000000000e+03
1.973000000000000000e+03 7.299000000000000000e+03 3.153000000000000114e+02 2.239999999999999858e+01 7.394000000000000000e+03
2.824000000000000000e+03 7.297000000000000000e+03 8.496000000000000227e+02 2.500000000000000000e+01 7.230000000000000000e+03
2.049000000000000000e+03 7.200000000000000000e+03 2.858000000000000114e+02 2.450000000000000000e+01 7.288000000000000000e+03
2.060000000000000000e+03 7.339000000000000000e+03 3.045000000000000000e+02 2.230000000000000071e+01 7.284000000000000000e+03
4.218000000000000000e+03 7.272000000000000000e+03 1.825099999999999909e+03 2.319999999999999929e+01 7.365000000000000000e+03
2.068000000000000000e+03 7.287000000000000000e+03 2.948000000000000114e+02 2.510000000000000142e+01 7.245000000000000000e+03
2.096000000000000000e+03 7.249000000000000000e+03 2.771999999999999886e+02 2.339999999999999858e+01 7.290000000000000000e+03
4.423000000000000000e+03 7.242000000000000000e+03 1.825099999999999909e+03 2.110000000000000142e+01 7.266000000000000000e+03
2.002000000000000000e+03 7.426000000000000000e+03 2.963000000000000114e+02 2.310000000000000142e+01 7.395000000000000000e+03
2.069000000000000000e+03 7.499000000000000000e+03 2.911000000000000227e+02 2.360000000000000142e+01 7.308000000000000000e+03
2.059000000000000000e+03 7.364000000000000000e+03 2.591999999999999886e+02 2.210000000000000142e+01 7.302000000000000000e+03
1.999000000000000000e+03 7.361000000000000000e+03 3.068000000000000114e+02 2.139999999999999858e+01 7.387000000000000000e+03
2.046000000000000000e+03 7.272000000000000000e+03 2.888000000000000114e+02 2.200000000000000000e+01 7.309000000000000000e+03
2.030000000000000000e+03 7.182000000000000000e+03 2.668999999999999773e+02 2.210000000000000142e+01 7.305000000000000000e+03
4.291000000000000000e+03 7.274000000000000000e+03 1.825099999999999909e+03 2.210000000000000142e+01 7.305000000000000000e+03
2.066000000000000000e+03 7.322000000000000000e+03 2.681000000000000227e+02 2.100000000000000000e+01 7.316000000000000000e+03
4.342000000000000000e+03 7.253000000000000000e+03 1.825099999999999909e+03 2.210000000000000142e+01 7.314000000000000000e+03
2.096000000000000000e+03 7.370000000000000000e+03 3.036000000000000227e+02 2.130000000000000071e+01 7.261000000000000000e+03
1.990000000000000000e+03 7.186000000000000000e+03 3.566000000000000227e+02 2.300000000000000000e+01 7.368000000000000000e+03
2.052000000000000000e+03 7.343000000000000000e+03 3.176999999999999886e+02 2.400000000000000000e+01 7.304000000000000000e+03
2.049000000000000000e+03 7.281000000000000000e+03 2.870000000000000000e+02 2.319999999999999929e+01 7.274000000000000000e+03
2.058000000000000000e+03 7.208000000000000000e+03 3.800000000000000000e+02 2.600000000000000000e+01 7.302000000000000000e+03
2.051000000000000000e+03 7.354000000000000000e+03 2.936999999999999886e+02 2.319999999999999929e+01 7.317000000000000000e+03
4.490000000000000000e+03 7.325000000000000000e+03 1.825099999999999909e+03 2.410000000000000142e+01 7.367000000000000000e+03
2.006000000000000000e+03 7.340000000000000000e+03 2.384000000000000057e+02 2.310000000000000142e+01 7.356000000000000000e+03
2.039000000000000000e+03 7.379000000000000000e+03 2.818999999999999773e+02 2.260000000000000142e+01 7.323000000000000000e+03
2.059000000000000000e+03 7.503000000000000000e+03 2.210000000000000000e+02 2.200000000000000000e+01 7.299000000000000000e+03
1.999000000000000000e+03 7.402000000000000000e+03 4.051999999999999886e+02 2.439999999999999858e+01 7.336000000000000000e+03
4.391000000000000000e+03 7.477000000000000000e+03 1.825099999999999909e+03 2.619999999999999929e+01 7.321000000000000000e+03
4.249000000000000000e+03 7.276000000000000000e+03 1.825099999999999909e+03 2.219999999999999929e+01 7.230000000000000000e+03
2.119000000000000000e+03 7.348000000000000000e+03 3.188999999999999773e+02 2.519999999999999929e+01 7.254000000000000000e+03
2.034000000000000000e+03 7.425000000000000000e+03 3.016000000000000227e+02 2.260000000000000142e+01 7.378000000000000000e+03
2.105000000000000000e+03 7.372000000000000000e+03 3.471999999999999886e+02 2.360000000000000142e+01 7.252000000000000000e+03
2.014000000000000000e+03 7.294000000000000000e+03 4.781000000000000227e+02 2.500000000000000000e+01 7.394000000000000000e+03
2.099000000000000000e+03 7.318000000000000000e+03 3.928000000000000114e+02 2.510000000000000142e+01 7.291000000000000000e+03
2.022000000000000000e+03 7.427000000000000000e+03 3.776000000000000227e+02 2.230000000000000071e+01 7.365000000000000000e+03
4.178000000000000000e+03 7.375000000000000000e+03 1.825099999999999909e+03 2.310000000000000142e+01 7.371000000000000000e+03
2.086000000000000000e+03 7.239000000000000000e+03 3.618999999999999773e+02 2.539999999999999858e+01 7.299000000000000000e+03
4.201000000000000000e+03 7.360000000000000000e+03 1.825099999999999909e+03 2.230000000000000071e+01 7.258000000000000000e+03
2.018000000000000000e+03 7.234000000000000000e+03 3.468999999999999773e+02 2.319999999999999929e+01 7.361000000000000000e+03
2.090000000000000000e+03 7.373000000000000000e+03 5.183999999999999773e+02 2.250000000000000000e+01 7.260000000000000000e+03
2.045000000000000000e+03 7.417000000000000000e+03 2.300000000000000000e+02 2.110000000000000142e+01 7.262000000000000000e+03
2.031000000000000000e+03 7.187000000000000000e+03 3.871000000000000227e+02 2.400000000000000000e+01 7.359000000000000000e+03
2.055000000000000000e+03 7.475000000000000000e+03 4.585000000000000000e+02 2.189999999999999858e+01 7.299000000000000000e+03
1.999000000000000000e+03 7.265000000000000000e+03 2.383000000000000114e+02 2.480000000000000071e+01 7.371000000000000000e+03
1.946000000000000000e+03 7.238000000000000000e+03 3.546000000000000227e+02 2.269999999999999929e+01 7.408000000000000000e+03
2.109000000000000000e+03 7.298000000000000000e+03 2.776999999999999886e+02 2.500000000000000000e+01 7.211000000000000000e+03
4.195000000000000000e+03 7.320000000000000000e+03 1.825099999999999909e+03 2.130000000000000071e+01 7.404000000000000000e+03
2.070000000000000000e+03 7.285000000000000000e+03 3.051999999999999886e+02 2.060000000000000142e+01 7.329000000000000000e+03
2.015000000000000000e+03 7.260000000000000000e+03 3.728999999999999773e+02 2.339999999999999858e+01 7.353000000000000000e+03
2.065000000000000000e+03 7.448000000000000000e+03 4.593999999999999773e+02 2.139999999999999858e+01 7.262000000000000000e+03
2.058000000000000000e+03 7.323000000000000000e+03 2.796000000000000227e+02 2.519999999999999929e+01 7.256000000000000000e+03
1.973000000000000000e+03 7.348000000000000000e+03 2.394000000000000057e+02 2.319999999999999929e+01 7.426000000000000000e+03
1.998000000000000000e+03 7.355000000000000000e+03 2.455999999999999943e+02 2.300000000000000000e+01 7.347000000000000000e+03
2.028000000000000000e+03 7.403000000000000000e+03 2.686999999999999886e+02 2.389999999999999858e+01 7.332000000000000000e+03
1.990000000000000000e+03 7.357000000000000000e+03 3.173999999999999773e+02 2.200000000000000000e+01 7.361000000000000000e+03
2.061000000000000000e+03 7.349000000000000000e+03 2.703000000000000114e+02 2.310000000000000142e+01 7.276000000000000000e+03
2.033000000000000000e+03 7.304000000000000000e+03 3.846000000000000227e+02 2.360000000000000142e+01 7.327000000000000000e+03
2.011000000000000000e+03 7.252000000000000000e+03 3.166000000000000227e+02 2.460000000000000142e+01 7.356000000000000000e+03
1.960000000000000000e+03 7.377000000000000000e+03 2.826999999999999886e+02 2.239999999999999858e+01 7.389000000000000000e+03
2.000000000000000000e+03 7.186000000000000000e+03 2.586000000000000227e+02 2.360000000000000142e+01 7.345000000000000000e+03
4.378000000000000000e+03 7.259000000000000000e+03 1.825099999999999909e+03 2.300000000000000000e+01 7.291000000000000000e+03
2.031000000000000000e+03 7.337000000000000000e+03 2.405999999999999943e+02 2.369999999999999929e+01 7.346000000000000000e+03
2.030000000000000000e+03 7.211000000000000000e+03 2.676999999999999886e+02 2.210000000000000142e+01 7.276000000000000000e+03
2.091000000000000000e+03 7.230000000000000000e+03 3.573999999999999773e+02 2.200000000000000000e+01 7.323000000000000000e+03
2.076000000000000000e+03 7.313000000000000000e+03 3.476999999999999886e+02 2.250000000000000000e+01 7.282000000000000000e+03
4.203000000000000000e+03 7.389000000000000000e+03 1.825099999999999909e+03 2.339999999999999858e+01 7.416000000000000000e+03
2.839000000000000000e+03 7.356000000000000000e+03 9.612000000000000455e+02 2.300000000000000000e+01 7.311000000000000000e+03
4.345000000000000000e+03 7.277000000000000000e+03 1.825099999999999909e+03 2.439999999999999858e+01 7.345000000000000000e+03
2.062000000000000000e+03 7.232000000000000000e+03 4.763999999999999773e+02 2.339999999999999858e+01 7.308000000000000000e+03
2.049000000000000000e+03 7.272000000000000000e+03 4.016999999999999886e+02 2.339999999999999858e+01 7.307000000000000000e+03
2.929000000000000000e+03 7.337000000000000000e+03 9.412999999999999545e+02 2.310000000000000142e+01 7.231000000000000000e+03
4.326000000000000000e+03 7.261000000000000000e+03 1.825099999999999909e+03 2.330000000000000071e+01 7.328000000000000000e+03
2.051000000000000000e+03 7.172000000000000000e+03 4.023000000000000114e+02 2.330000000000000071e+01 7.354000000000000000e+03
2.051000000000000000e+03 7.446000000000000000e+03 3.151999999999999886e+02 2.400000000000000000e+01 7.298000000000000000e+03
2.062000000000000000e+03 7.315000000000000000e+03 3.276999999999999886e+02 2.430000000000000071e+01 7.311000000000000000e+03
2.068000000000000000e+03 7.330000000000000000e+03 2.921000000000000227e+02 2.510000000000000142e+01 7.268000000000000000e+03
1.977000000000000000e+03 7.384000000000000000e+03 2.595000000000000000e+02 2.280000000000000071e+01 7.402000000000000000e+03
2.008000000000000000e+03 7.303000000000000000e+03 2.300999999999999943e+02 2.050000000000000000e+01 7.342000000000000000e+03
1.997000000000000000e+03 7.327000000000000000e+03 2.988000000000000114e+02 2.310000000000000142e+01 7.381000000000000000e+03
2.052000000000000000e+03 7.315000000000000000e+03 4.493000000000000114e+02 2.360000000000000142e+01 7.331000000000000000e+03
2.033000000000000000e+03 7.265000000000000000e+03 2.728000000000000114e+02 2.339999999999999858e+01 7.320000000000000000e+03
2.070000000000000000e+03 7.424000000000000000e+03 3.621000000000000227e+02 2.069999999999999929e+01 7.297000000000000000e+03
2.110000000000000000e+03 7.350000000000000000e+03 3.326000000000000227e+02 2.300000000000000000e+01 7.247000000000000000e+03
2.015000000000000000e+03 7.467000000000000000e+03 3.550000000000000000e+02 2.100000000000000000e+01 7.335000000000000000e+03
2.065000000000000000e+03 7.375000000000000000e+03 3.826999999999999886e+02 2.410000000000000142e+01 7.342000000000000000e+03
2.030000000000000000e+03 7.227000000000000000e+03 2.641999999999999886e+02 2.300000000000000000e+01 7.322000000000000000e+03
2.038000000000000000e+03 7.318000000000000000e+03 2.728999999999999773e+02 2.219999999999999929e+01 7.321000000000000000e+03
2.016000000000000000e+03 7.299000000000000000e+03 2.626999999999999886e+02 2.180000000000000071e+01 7.334000000000000000e+03
4.194000000000000000e+03 7.271000000000000000e+03 1.825099999999999909e+03 2.189999999999999858e+01 7.375000000000000000e+03
2.067000000000000000e+03 7.274000000000000000e+03 3.028000000000000114e+02 2.280000000000000071e+01 7.356000000000000000e+03
2.060000000000000000e+03 7.368000000000000000e+03 2.808999999999999773e+02 2.239999999999999858e+01 7.296000000000000000e+03
4.452000000000000000e+03 7.361000000000000000e+03 1.825099999999999909e+03 2.300000000000000000e+01 7.343000000000000000e+03
4.389000000000000000e+03 7.343000000000000000e+03 1.825099999999999909e+03 2.139999999999999858e+01 7.331000000000000000e+03
4.415000000000000000e+03 7.195000000000000000e+03 1.825099999999999909e+03 2.450000000000000000e+01 7.291000000000000000e+03
2.085000000000000000e+03 7.334000000000000000e+03 4.346000000000000227e+02 2.260000000000000142e+01 7.296000000000000000e+03
1.990000000000000000e+03 7.342000000000000000e+03 2.416999999999999886e+02 2.339999999999999858e+01 7.332000000000000000e+03
2.036000000000000000e+03 7.260000000000000000e+03 4.055000000000000000e+02 2.350000000000000000e+01 7.318000000000000000e+03
4.282000000000000000e+03 7.215000000000000000e+03 1.825099999999999909e+03 2.350000000000000000e+01 7.430000000000000000e+03
2.051000000000000000e+03 7.351000000000000000e+03 2.853999999999999773e+02 2.319999999999999929e+01 7.318000000000000000e+03
2.089000000000000000e+03 7.355000000000000000e+03 2.661000000000000227e+02 2.150000000000000000e+01 7.320000000000000000e+03
2.073000000000000000e+03 7.304000000000000000e+03 3.453999999999999773e+02 2.150000000000000000e+01 7.290000000000000000e+03
2.037000000000000000e+03 7.377000000000000000e+03 3.820000000000000000e+02 2.239999999999999858e+01 7.349000000000000000e+03
2.012000000000000000e+03 7.332000000000000000e+03 2.916000000000000227e+02 2.300000000000000000e+01 7.332000000000000000e+03
1.988000000000000000e+03 7.381000000000000000e+03 3.433999999999999773e+02 2.350000000000000000e+01 7.352000000000000000e+03
2.022000000000000000e+03 7.370000000000000000e+03 5.430000000000000000e+02 2.130000000000000071e+01 7.341000000000000000e+03
2.030000000000000000e+03 7.371000000000000000e+03 2.725000000000000000e+02 2.260000000000000142e+01 7.335000000000000000e+03
2.034000000000000000e+03 7.318000000000000000e+03 3.651999999999999886e+02 2.410000000000000142e+01 7.288000000000000000e+03
4.490000000000000000e+03 7.345000000000000000e+03 1.825099999999999909e+03 9.900000000000000355e+00 7.357000000000000000e+03
2.104000000000000000e+03 7.310000000000000000e+03 2.791999999999999886e+02 2.300000000000000000e+01 7.239000000000000000e+03
2.036000000000000000e+03 7.281000000000000000e+03 2.373000000000000114e+02 2.500000000000000000e+01 7.290000000000000000e+03
2.020000000000000000e+03 7.385000000000000000e+03 3.746999999999999886e+02 2.350000000000000000e+01 7.303000000000000000e+03
2.025000000000000000e+03 7.428000000000000000e+03 3.913000000000000114e+02 2.460000000000000142e+01 7.353000000000000000e+03
1.956000000000000000e+03 7.352000000000000000e+03 3.070000000000000000e+02 2.239999999999999858e+01 7.366000000000000000e+03
2.060000000000000000e+03 7.264000000000000000e+03 2.831000000000000227e+02 2.339999999999999858e+01 7.316000000000000000e+03
2.022000000000000000e+03 7.251000000000000000e+03 2.963000000000000114e+02 2.239999999999999858e+01 7.349000000000000000e+03
2.027000000000000000e+03 7.304000000000000000e+03 2.534000000000000057e+02 2.369999999999999929e+01 7.330000000000000000e+03
2.009000000000000000e+03 7.317000000000000000e+03 2.504000000000000057e+02 2.219999999999999929e+01 7.379000000000000000e+03
1.958000000000000000e+03 7.311000000000000000e+03 2.883000000000000114e+02 2.239999999999999858e+01 7.398000000000000000e+03
1.982000000000000000e+03 7.411000000000000000e+03 2.893000000000000114e+02 2.200000000000000000e+01 7.398000000000000000e+03
2.100000000000000000e+03 7.253000000000000000e+03 3.245000000000000000e+02 2.319999999999999929e+01 7.280000000000000000e+03
2.048000000000000000e+03 7.445000000000000000e+03 2.905000000000000000e+02 2.500000000000000000e+01 7.292000000000000000e+03
2.073000000000000000e+03 7.314000000000000000e+03 2.896000000000000227e+02 2.160000000000000142e+01 7.304000000000000000e+03
4.374000000000000000e+03 7.431000000000000000e+03 1.825099999999999909e+03 2.100000000000000000e+01 7.321000000000000000e+03
2.039000000000000000e+03 7.385000000000000000e+03 3.206000000000000227e+02 2.400000000000000000e+01 7.321000000000000000e+03
4.275000000000000000e+03 7.265000000000000000e+03 1.825099999999999909e+03 2.450000000000000000e+01 7.309000000000000000e+03
2.108000000000000000e+03 7.246000000000000000e+03 3.700000000000000000e+02 2.360000000000000142e+01 7.276000000000000000e+03
2.042000000000000000e+03 7.294000000000000000e+03 2.611000000000000227e+02 2.269999999999999929e+01 7.334000000000000000e+03
2.000000000000000000e+03 7.342000000000000000e+03 2.728000000000000114e+02 2.069999999999999929e+01 7.321000000000000000e+03
1.980000000000000000e+03 7.205000000000000000e+03 2.796000000000000227e+02 2.319999999999999929e+01 7.348000000000000000e+03
2.062000000000000000e+03 7.290000000000000000e+03 3.835000000000000000e+02 2.330000000000000071e+01 7.310000000000000000e+03
1.996000000000000000e+03 7.310000000000000000e+03 4.568999999999999773e+02 2.319999999999999929e+01 7.349000000000000000e+03
2.067000000000000000e+03 7.376000000000000000e+03 2.766999999999999886e+02 2.250000000000000000e+01 7.319000000000000000e+03
1.976000000000000000e+03 7.384000000000000000e+03 4.286999999999999886e+02 2.310000000000000142e+01 7.371000000000000000e+03
2.033000000000000000e+03 7.251000000000000000e+03 4.148000000000000114e+02 2.350000000000000000e+01 7.331000000000000000e+03
2.031000000000000000e+03 7.324000000000000000e+03 5.395000000000000000e+02 2.019999999999999929e+01 7.346000000000000000e+03
2.016000000000000000e+03 7.347000000000000000e+03 2.928999999999999773e+02 2.560000000000000142e+01 7.309000000000000000e+03
2.051000000000000000e+03 7.192000000000000000e+03 3.180000000000000000e+02 2.360000000000000142e+01 7.300000000000000000e+03
4.231000000000000000e+03 7.347000000000000000e+03 1.825099999999999909e+03 2.280000000000000071e+01 7.287000000000000000e+03
4.400000000000000000e+03 7.360000000000000000e+03 1.825099999999999909e+03 2.410000000000000142e+01 7.398000000000000000e+03
4.450000000000000000e+03 7.309000000000000000e+03 1.825099999999999909e+03 2.260000000000000142e+01 7.349000000000000000e+03
1.986000000000000000e+03 7.274000000000000000e+03 2.404000000000000057e+02 2.319999999999999929e+01 7.363000000000000000e+03
2.051000000000000000e+03 7.415000000000000000e+03 2.366999999999999886e+02 2.219999999999999929e+01 7.297000000000000000e+03
4.339000000000000000e+03 7.396000000000000000e+03 1.825099999999999909e+03 2.180000000000000071e+01 7.306000000000000000e+03
2.032000000000000000e+03 7.326000000000000000e+03 2.831000000000000227e+02 2.210000000000000142e+01 7.344000000000000000e+03
2.087000000000000000e+03 7.264000000000000000e+03 4.931999999999999886e+02 2.200000000000000000e+01 7.312000000000000000e+03
2.072000000000000000e+03 7.180000000000000000e+03 2.838000000000000114e+02 2.300000000000000000e+01 7.300000000000000000e+03
2.057000000000000000e+03 7.466000000000000000e+03 3.758999999999999773e+02 2.310000000000000142e+01 7.282000000000000000e+03
4.326000000000000000e+03 7.194000000000000000e+03 1.825099999999999909e+03 2.260000000000000142e+01 7.348000000000000000e+03
2.030000000000000000e+03 7.138000000000000000e+03 3.090000000000000000e+02 2.439999999999999858e+01 7.303000000000000000e+03
4.230000000000000000e+03 7.241000000000000000e+03 1.825099999999999909e+03 2.130000000000000071e+01 7.266000000000000000e+03
2.002000000000000000e+03 7.228000000000000000e+03 5.408999999999999773e+02 2.300000000000000000e+01 7.376000000000000000e+03
1.943000000000000000e+03 7.268000000000000000e+03 4.051000000000000227e+02 2.439999999999999858e+01 7.401000000000000000e+03
1.993000000000000000e+03 7.231000000000000000e+03 3.071999999999999886e+02 2.300000000000000000e+01 7.355000000000000000e+03
4.189000000000000000e+03 7.183000000000000000e+03 1.825099999999999909e+03 2.230000000000000071e+01 7.299000000000000000e+03
2.020000000000000000e+03 7.308000000000000000e+03 4.063999999999999773e+02 2.210000000000000142e+01 7.359000000000000000e+03
2.056000000000000000e+03 7.223000000000000000e+03 2.303000000000000114e+02 2.280000000000000071e+01 7.291000000000000000e+03
4.386000000000000000e+03 7.220000000000000000e+03 1.825099999999999909e+03 2.319999999999999929e+01 7.338000000000000000e+03
2.009000000000000000e+03 7.305000000000000000e+03 3.051000000000000227e+02 2.369999999999999929e+01 7.343000000000000000e+03
4.376000000000000000e+03 7.287000000000000000e+03 1.825099999999999909e+03 2.489999999999999858e+01 7.246000000000000000e+03
4.138000000000000000e+03 7.259000000000000000e+03 1.825099999999999909e+03 2.480000000000000071e+01 7.391000000000000000e+03
2.033000000000000000e+03 7.265000000000000000e+03 3.141999999999999886e+02 2.380000000000000071e+01 7.295000000000000000e+03
4.412000000000000000e+03 7.320000000000000000e+03 1.825099999999999909e+03 2.489999999999999858e+01 7.307000000000000000e+03
2.050000000000000000e+03 7.304000000000000000e+03 3.188000000000000114e+02 2.160000000000000142e+01 7.257000000000000000e+03
2.019000000000000000e+03 7.270000000000000000e+03 3.835000000000000000e+02 2.300000000000000000e+01 7.360000000000000000e+03
1.958000000000000000e+03 7.392000000000000000e+03 3.928000000000000114e+02 2.100000000000000000e+01 7.417000000000000000e+03
1.977000000000000000e+03 7.280000000000000000e+03 2.485000000000000000e+02 2.230000000000000071e+01 7.420000000000000000e+03
4.407000000000000000e+03 7.336000000000000000e+03 1.825099999999999909e+03 2.250000000000000000e+01 7.236000000000000000e+03
2.028000000000000000e+03 7.318000000000000000e+03 3.070000000000000000e+02 2.330000000000000071e+01 7.331000000000000000e+03
2.028000000000000000e+03 7.269000000000000000e+03 2.773999999999999773e+02 2.369999999999999929e+01 7.363000000000000000e+03
2.058000000000000000e+03 7.205000000000000000e+03 2.608999999999999773e+02 2.210000000000000142e+01 7.286000000000000000e+03
4.247000000000000000e+03 7.238000000000000000e+03 1.825099999999999909e+03 2.300000000000000000e+01 7.324000000000000000e+03
1.993000000000000000e+03 7.315000000000000000e+03 3.165000000000000000e+02 2.339999999999999858e+01 7.345000000000000000e+03
2.025000000000000000e+03 7.343000000000000000e+03 2.103000000000000114e+02 2.160000000000000142e+01 7.324000000000000000e+03
2.031000000000000000e+03 7.225000000000000000e+03 5.375000000000000000e+02 2.139999999999999858e+01 7.355000000000000000e+03
2.044000000000000000e+03 7.335000000000000000e+03 3.373999999999999773e+02 2.300000000000000000e+01 7.287000000000000000e+03
2.002000000000000000e+03 7.316000000000000000e+03 2.696999999999999886e+02 2.350000000000000000e+01 7.378000000000000000e+03
2.022000000000000000e+03 7.268000000000000000e+03 3.073999999999999773e+02 2.339999999999999858e+01 7.365000000000000000e+03
