9.700000000000000000e+03 8.460000000000000000e+03 3.263999999999999773e+02 1.209999999999999964e+01 6.500000000000000000e+01
9.692000000000000000e+03 8.413000000000000000e+03 3.198000000000000114e+02 1.180000000000000071e+01 6.600000000000000000e+01
9.703000000000000000e+03 8.498000000000000000e+03 3.703999999999999773e+02 1.059999999999999964e+01 7.800000000000000000e+01
9.677000000000000000e+03 8.456000000000000000e+03 3.043999999999999773e+02 1.140000000000000036e+01 6.700000000000000000e+01
9.658000000000000000e+03 8.494000000000000000e+03 3.236999999999999886e+02 1.159999999999999964e+01 5.900000000000000000e+01
9.683000000000000000e+03 8.620000000000000000e+03 4.031999999999999886e+02 1.059999999999999964e+01 6.900000000000000000e+01
9.677000000000000000e+03 8.477000000000000000e+03 3.363999999999999773e+02 1.090000000000000036e+01 6.100000000000000000e+01
9.643000000000000000e+03 8.254000000000000000e+03 3.846999999999999886e+02 1.130000000000000071e+01 6.400000000000000000e+01
9.673000000000000000e+03 8.630000000000000000e+03 3.518999999999999773e+02 1.159999999999999964e+01 6.400000000000000000e+01
9.691000000000000000e+03 8.548000000000000000e+03 2.886000000000000227e+02 1.119999999999999929e+01 6.500000000000000000e+01
9.691000000000000000e+03 8.342000000000000000e+03 3.386000000000000227e+02 1.230000000000000071e+01 7.100000000000000000e+01
9.662000000000000000e+03 8.272000000000000000e+03 2.800000000000000000e+02 1.219999999999999929e+01 5.900000000000000000e+01
9.643000000000000000e+03 8.610000000000000000e+03 2.880000000000000000e+02 1.190000000000000036e+01 7.100000000000000000e+01
9.657000000000000000e+03 8.520000000000000000e+03 2.750000000000000000e+02 1.130000000000000071e+01 6.200000000000000000e+01
9.636000000000000000e+03 8.464000000000000000e+03 3.841000000000000227e+02 1.100000000000000000e+01 6.600000000000000000e+01
9.665000000000000000e+03 8.367000000000000000e+03 3.263000000000000114e+02 1.150000000000000000e+01 6.800000000000000000e+01
9.683000000000000000e+03 8.657000000000000000e+03 2.956999999999999886e+02 1.090000000000000036e+01 6.400000000000000000e+01
9.684000000000000000e+03 7.993000000000000000e+03 3.895000000000000000e+02 1.419999999999999929e+01 6.200000000000000000e+01
9.683000000000000000e+03 8.596000000000000000e+03 3.125000000000000000e+02 1.180000000000000071e+01 6.600000000000000000e+01
9.670000000000000000e+03 8.635000000000000000e+03 3.496999999999999886e+02 1.030000000000000071e+01 6.300000000000000000e+01
9.690000000000000000e+03 8.397000000000000000e+03 3.226999999999999886e+02 1.180000000000000071e+01 6.900000000000000000e+01
9.693000000000000000e+03 8.369000000000000000e+03 4.791000000000000227e+02 1.119999999999999929e+01 6.000000000000000000e+01
9.657000000000000000e+03 8.243000000000000000e+03 3.183999999999999773e+02 1.230000000000000071e+01 6.900000000000000000e+01
9.686000000000000000e+03 8.514000000000000000e+03 3.093999999999999773e+02 1.150000000000000000e+01 6.500000000000000000e+01
9.681000000000000000e+03 8.611000000000000000e+03 3.173999999999999773e+02 1.059999999999999964e+01 7.000000000000000000e+01
9.638000000000000000e+03 8.454000000000000000e+03 2.951000000000000227e+02 1.100000000000000000e+01 7.100000000000000000e+01
9.636000000000000000e+03 8.429000000000000000e+03 2.953000000000000114e+02 1.109999999999999964e+01 6.300000000000000000e+01
9.654000000000000000e+03 8.473000000000000000e+03 3.270000000000000000e+02 1.159999999999999964e+01 7.200000000000000000e+01
9.681000000000000000e+03 8.258000000000000000e+03 4.026999999999999886e+02 1.159999999999999964e+01 7.300000000000000000e+01
9.680000000000000000e+03 8.381000000000000000e+03 2.920000000000000000e+02 1.190000000000000036e+01 7.500000000000000000e+01
9.680000000000000000e+03 8.481000000000000000e+03 3.413000000000000114e+02 1.169999999999999929e+01 7.600000000000000000e+01
9.639000000000000000e+03 8.420000000000000000e+03 3.173999999999999773e+02 1.169999999999999929e+01 6.600000000000000000e+01
9.693000000000000000e+03 8.551000000000000000e+03 3.188000000000000114e+02 1.090000000000000036e+01 7.200000000000000000e+01
9.654000000000000000e+03 8.558000000000000000e+03 2.988999999999999773e+02 1.169999999999999929e+01 6.600000000000000000e+01
9.683000000000000000e+03 8.694000000000000000e+03 3.113000000000000114e+02 1.169999999999999929e+01 7.000000000000000000e+01
9.678000000000000000e+03 8.361000000000000000e+03 2.471999999999999886e+02 1.240000000000000036e+01 6.500000000000000000e+01
9.658000000000000000e+03 8.486000000000000000e+03 3.863000000000000114e+02 1.209999999999999964e+01 6.500000000000000000e+01
9.661000000000000000e+03 8.448000000000000000e+03 3.056999999999999886e+02 1.219999999999999929e+01 6.600000000000000000e+01
9.653000000000000000e+03 8.545000000000000000e+03 3.536000000000000227e+02 1.269999999999999929e+01 7.400000000000000000e+01
9.650000000000000000e+03 8.536000000000000000e+03 4.903000000000000114e+02 1.180000000000000071e+01 6.800000000000000000e+01
9.709000000000000000e+03 8.397000000000000000e+03 3.438000000000000114e+02 1.080000000000000071e+01 7.800000000000000000e+01
9.696000000000000000e+03 8.536000000000000000e+03 3.078999999999999773e+02 1.190000000000000036e+01 6.600000000000000000e+01
9.685000000000000000e+03 8.404000000000000000e+03 2.815000000000000000e+02 1.119999999999999929e+01 6.300000000000000000e+01
9.665000000000000000e+03 8.452000000000000000e+03 3.211999999999999886e+02 1.159999999999999964e+01 6.100000000000000000e+01
9.693000000000000000e+03 8.427000000000000000e+03 3.596999999999999886e+02 1.230000000000000071e+01 7.000000000000000000e+01
9.704000000000000000e+03 8.361000000000000000e+03 2.998000000000000114e+02 1.269999999999999929e+01 6.300000000000000000e+01
9.684000000000000000e+03 8.655000000000000000e+03 3.818999999999999773e+02 1.090000000000000036e+01 6.700000000000000000e+01
9.666000000000000000e+03 8.574000000000000000e+03 3.141999999999999886e+02 1.150000000000000000e+01 6.500000000000000000e+01
9.683000000000000000e+03 8.611000000000000000e+03 2.953000000000000114e+02 1.090000000000000036e+01 6.900000000000000000e+01
9.671000000000000000e+03 8.631000000000000000e+03 3.271000000000000227e+02 1.130000000000000071e+01 6.700000000000000000e+01
9.648000000000000000e+03 8.496000000000000000e+03 3.165000000000000000e+02 1.090000000000000036e+01 7.200000000000000000e+01
9.695000000000000000e+03 8.571000000000000000e+03 3.200000000000000000e+02 1.230000000000000071e+01 6.700000000000000000e+01
9.674000000000000000e+03 8.506000000000000000e+03 3.290000000000000000e+02 1.090000000000000036e+01 7.300000000000000000e+01
9.665000000000000000e+03 8.612000000000000000e+03 5.036999999999999886e+02 1.150000000000000000e+01 6.400000000000000000e+01
9.645000000000000000e+03 8.482000000000000000e+03 3.616000000000000227e+02 1.150000000000000000e+01 7.200000000000000000e+01
9.631000000000000000e+03 8.594000000000000000e+03 2.686000000000000227e+02 9.800000000000000711e+00 6.400000000000000000e+01
9.664000000000000000e+03 8.480000000000000000e+03 3.143000000000000114e+02 1.119999999999999929e+01 7.200000000000000000e+01
9.661000000000000000e+03 8.467000000000000000e+03 3.581000000000000227e+02 1.119999999999999929e+01 6.600000000000000000e+01
9.655000000000000000e+03 8.583000000000000000e+03 3.731999999999999886e+02 1.109999999999999964e+01 6.900000000000000000e+01
9.656000000000000000e+03 8.487000000000000000e+03 3.100000000000000000e+02 1.240000000000000036e+01 6.500000000000000000e+01
9.676000000000000000e+03 8.374000000000000000e+03 2.865000000000000000e+02 1.200000000000000000e+01 7.900000000000000000e+01
9.660000000000000000e+03 8.788000000000000000e+03 3.481999999999999886e+02 1.100000000000000000e+01 6.700000000000000000e+01
9.644000000000000000e+03 8.524000000000000000e+03 3.006000000000000227e+02 1.169999999999999929e+01 7.300000000000000000e+01
9.664000000000000000e+03 8.361000000000000000e+03 3.091999999999999886e+02 1.150000000000000000e+01 6.500000000000000000e+01
9.673000000000000000e+03 8.503000000000000000e+03 2.588000000000000114e+02 1.219999999999999929e+01 6.300000000000000000e+01
9.674000000000000000e+03 8.535000000000000000e+03 3.416000000000000227e+02 1.230000000000000071e+01 6.300000000000000000e+01
9.651000000000000000e+03 8.303000000000000000e+03 3.450000000000000000e+02 1.469999999999999929e+01 6.900000000000000000e+01
9.672000000000000000e+03 8.375000000000000000e+03 3.611999999999999886e+02 1.140000000000000036e+01 6.900000000000000000e+01
9.659000000000000000e+03 8.433000000000000000e+03 3.556999999999999886e+02 1.209999999999999964e+01 6.400000000000000000e+01
9.672000000000000000e+03 8.521000000000000000e+03 3.768999999999999773e+02 1.169999999999999929e+01 6.800000000000000000e+01
9.679000000000000000e+03 8.536000000000000000e+03 4.730000000000000000e+02 1.319999999999999929e+01 7.300000000000000000e+01
9.653000000000000000e+03 8.540000000000000000e+03 3.646999999999999886e+02 1.159999999999999964e+01 6.700000000000000000e+01
9.654000000000000000e+03 8.554000000000000000e+03 2.703999999999999773e+02 1.059999999999999964e+01 6.600000000000000000e+01
9.656000000000000000e+03 8.348000000000000000e+03 3.183000000000000114e+02 1.180000000000000071e+01 7.000000000000000000e+01
9.681000000000000000e+03 8.564000000000000000e+03 3.151000000000000227e+02 1.150000000000000000e+01 7.300000000000000000e+01
9.660000000000000000e+03 8.550000000000000000e+03 3.786000000000000227e+02 1.250000000000000000e+01 6.500000000000000000e+01
9.670000000000000000e+03 8.533000000000000000e+03 3.215000000000000000e+02 1.150000000000000000e+01 6.100000000000000000e+01
9.656000000000000000e+03 8.577000000000000000e+03 3.005000000000000000e+02 1.140000000000000036e+01 6.300000000000000000e+01
9.698000000000000000e+03 8.477000000000000000e+03 3.340000000000000000e+02 1.290000000000000036e+01 6.400000000000000000e+01
9.660000000000000000e+03 8.395000000000000000e+03 4.403999999999999773e+02 1.090000000000000036e+01 6.900000000000000000e+01
9.657000000000000000e+03 8.518000000000000000e+03 3.081999999999999886e+02 1.159999999999999964e+01 7.800000000000000000e+01
9.663000000000000000e+03 8.666000000000000000e+03 3.143999999999999773e+02 1.050000000000000000e+01 7.000000000000000000e+01
9.670000000000000000e+03 8.478000000000000000e+03 3.133999999999999773e+02 1.130000000000000071e+01 6.800000000000000000e+01
9.702000000000000000e+03 8.508000000000000000e+03 3.795000000000000000e+02 1.169999999999999929e+01 7.000000000000000000e+01
9.671000000000000000e+03 8.405000000000000000e+03 4.151999999999999886e+02 1.240000000000000036e+01 6.700000000000000000e+01
9.684000000000000000e+03 8.481000000000000000e+03 3.706000000000000227e+02 1.190000000000000036e+01 7.000000000000000000e+01
9.646000000000000000e+03 8.429000000000000000e+03 4.106000000000000227e+02 1.140000000000000036e+01 6.000000000000000000e+01
9.678000000000000000e+03 8.569000000000000000e+03 2.623000000000000114e+02 1.130000000000000071e+01 8.400000000000000000e+01
9.701000000000000000e+03 8.435000000000000000e+03 4.300000000000000000e+02 1.180000000000000071e+01 6.300000000000000000e+01
9.695000000000000000e+03 8.589000000000000000e+03 2.545999999999999943e+02 1.119999999999999929e+01 6.200000000000000000e+01
9.688000000000000000e+03 8.410000000000000000e+03 3.891000000000000227e+02 1.119999999999999929e+01 6.700000000000000000e+01
9.674000000000000000e+03 8.712000000000000000e+03 3.743000000000000114e+02 1.180000000000000071e+01 7.200000000000000000e+01
9.660000000000000000e+03 8.447000000000000000e+03 3.451999999999999886e+02 1.150000000000000000e+01 6.400000000000000000e+01
9.649000000000000000e+03 8.556000000000000000e+03 3.138000000000000114e+02 1.109999999999999964e+01 6.400000000000000000e+01
9.675000000000000000e+03 8.505000000000000000e+03 4.848000000000000114e+02 1.280000000000000071e+01 7.200000000000000000e+01
9.671000000000000000e+03 8.537000000000000000e+03 3.578999999999999773e+02 1.159999999999999964e+01 6.900000000000000000e+01
9.659000000000000000e+03 8.549000000000000000e+03 3.063999999999999773e+02 1.130000000000000071e+01 6.500000000000000000e+01
9.654000000000000000e+03 8.386000000000000000e+03 3.378000000000000114e+02 1.190000000000000036e+01 6.600000000000000000e+01
9.679000000000000000e+03 8.477000000000000000e+03 3.243000000000000114e+02 1.259999999999999964e+01 6.900000000000000000e+01
9.689000000000000000e+03 8.649000000000000000e+03 2.873000000000000114e+02 1.059999999999999964e+01 6.000000000000000000e+01
9.685000000000000000e+03 8.285000000000000000e+03 2.750000000000000000e+02 1.319999999999999929e+01 7.300000000000000000e+01
9.662000000000000000e+03 8.547000000000000000e+03 3.136000000000000227e+02 1.209999999999999964e+01 6.300000000000000000e+01
9.685000000000000000e+03 8.582000000000000000e+03 3.368000000000000114e+02 1.040000000000000036e+01 6.600000000000000000e+01
9.708000000000000000e+03 8.469000000000000000e+03 3.703999999999999773e+02 1.100000000000000000e+01 6.400000000000000000e+01
9.681000000000000000e+03 8.382000000000000000e+03 3.448999999999999773e+02 1.030000000000000071e+01 5.900000000000000000e+01
9.666000000000000000e+03 8.580000000000000000e+03 4.181000000000000227e+02 1.130000000000000071e+01 6.900000000000000000e+01
9.649000000000000000e+03 8.607000000000000000e+03 3.688000000000000114e+02 1.090000000000000036e+01 6.600000000000000000e+01
9.674000000000000000e+03 8.514000000000000000e+03 3.628000000000000114e+02 1.100000000000000000e+01 5.800000000000000000e+01
9.686000000000000000e+03 8.516000000000000000e+03 3.893000000000000114e+02 1.119999999999999929e+01 6.600000000000000000e+01
9.685000000000000000e+03 8.658000000000000000e+03 2.830000000000000000e+02 1.050000000000000000e+01 6.600000000000000000e+01
9.683000000000000000e+03 8.357000000000000000e+03 4.406999999999999886e+02 1.119999999999999929e+01 6.900000000000000000e+01
9.653000000000000000e+03 8.459000000000000000e+03 3.060000000000000000e+02 1.269999999999999929e+01 6.200000000000000000e+01
9.672000000000000000e+03 8.464000000000000000e+03 5.247000000000000455e+02 1.150000000000000000e+01 6.700000000000000000e+01
9.686000000000000000e+03 8.459000000000000000e+03 3.516999999999999886e+02 1.180000000000000071e+01 7.300000000000000000e+01
9.695000000000000000e+03 8.469000000000000000e+03 3.831000000000000227e+02 1.169999999999999929e+01 6.500000000000000000e+01
9.677000000000000000e+03 8.470000000000000000e+03 4.328000000000000114e+02 1.140000000000000036e+01 7.000000000000000000e+01
9.662000000000000000e+03 8.537000000000000000e+03 3.493999999999999773e+02 1.130000000000000071e+01 7.600000000000000000e+01
9.658000000000000000e+03 8.481000000000000000e+03 3.341999999999999886e+02 1.100000000000000000e+01 6.200000000000000000e+01
9.675000000000000000e+03 8.456000000000000000e+03 3.311000000000000227e+02 1.130000000000000071e+01 7.100000000000000000e+01
9.697000000000000000e+03 8.708000000000000000e+03 3.533999999999999773e+02 1.180000000000000071e+01 7.200000000000000000e+01
9.690000000000000000e+03 8.470000000000000000e+03 3.746999999999999886e+02 1.080000000000000071e+01 6.900000000000000000e+01
9.683000000000000000e+03 8.791000000000000000e+03 3.718999999999999773e+02 1.000000000000000000e+01 6.900000000000000000e+01
9.646000000000000000e+03 8.567000000000000000e+03 3.683999999999999773e+02 1.130000000000000071e+01 7.000000000000000000e+01
9.707000000000000000e+03 8.461000000000000000e+03 2.831999999999999886e+02 1.130000000000000071e+01 6.300000000000000000e+01
9.664000000000000000e+03 8.332000000000000000e+03 4.231999999999999886e+02 1.200000000000000000e+01 7.000000000000000000e+01
9.661000000000000000e+03 8.475000000000000000e+03 3.916999999999999886e+02 1.190000000000000036e+01 7.200000000000000000e+01
9.651000000000000000e+03 8.691000000000000000e+03 3.298999999999999773e+02 9.400000000000000355e+00 7.000000000000000000e+01
9.673000000000000000e+03 8.561000000000000000e+03 3.298000000000000114e+02 1.109999999999999964e+01 6.300000000000000000e+01
9.677000000000000000e+03 8.282000000000000000e+03 3.813000000000000114e+02 1.230000000000000071e+01 6.600000000000000000e+01
9.673000000000000000e+03 8.450000000000000000e+03 3.315000000000000000e+02 1.180000000000000071e+01 6.300000000000000000e+01
9.682000000000000000e+03 8.260000000000000000e+03 4.541999999999999886e+02 1.169999999999999929e+01 7.300000000000000000e+01
9.646000000000000000e+03 8.397000000000000000e+03 3.495000000000000000e+02 1.109999999999999964e+01 7.000000000000000000e+01
9.686000000000000000e+03 8.439000000000000000e+03 3.208999999999999773e+02 1.169999999999999929e+01 6.200000000000000000e+01
9.677000000000000000e+03 8.507000000000000000e+03 3.151999999999999886e+02 1.209999999999999964e+01 5.900000000000000000e+01
9.682000000000000000e+03 8.439000000000000000e+03 3.766000000000000227e+02 1.250000000000000000e+01 6.500000000000000000e+01
9.675000000000000000e+03 8.525000000000000000e+03 3.541999999999999886e+02 1.040000000000000036e+01 6.800000000000000000e+01
9.662000000000000000e+03 8.642000000000000000e+03 2.720000000000000000e+02 1.059999999999999964e+01 7.200000000000000000e+01
9.656000000000000000e+03 8.245000000000000000e+03 3.833999999999999773e+02 1.140000000000000036e+01 6.400000000000000000e+01
9.656000000000000000e+03 8.622000000000000000e+03 3.965000000000000000e+02 1.130000000000000071e+01 5.900000000000000000e+01
9.680000000000000000e+03 8.202000000000000000e+03 3.623999999999999773e+02 1.190000000000000036e+01 7.000000000000000000e+01
9.680000000000000000e+03 8.636000000000000000e+03 3.098000000000000114e+02 1.169999999999999929e+01 6.800000000000000000e+01
9.650000000000000000e+03 8.504000000000000000e+03 2.938999999999999773e+02 1.090000000000000036e+01 6.400000000000000000e+01
9.677000000000000000e+03 8.538000000000000000e+03 3.785000000000000000e+02 1.190000000000000036e+01 7.600000000000000000e+01
9.685000000000000000e+03 8.436000000000000000e+03 4.393000000000000114e+02 1.150000000000000000e+01 7.000000000000000000e+01
9.696000000000000000e+03 8.247000000000000000e+03 4.011999999999999886e+02 1.119999999999999929e+01 6.500000000000000000e+01
9.679000000000000000e+03 8.377000000000000000e+03 4.236999999999999886e+02 1.140000000000000036e+01 6.400000000000000000e+01
9.685000000000000000e+03 8.255000000000000000e+03 3.356999999999999886e+02 1.169999999999999929e+01 7.400000000000000000e+01
9.699000000000000000e+03 8.611000000000000000e+03 3.528000000000000114e+02 1.119999999999999929e+01 7.100000000000000000e+01
9.655000000000000000e+03 8.608000000000000000e+03 3.320000000000000000e+02 1.159999999999999964e+01 6.700000000000000000e+01
9.653000000000000000e+03 8.373000000000000000e+03 2.675000000000000000e+02 1.259999999999999964e+01 7.100000000000000000e+01
9.668000000000000000e+03 8.596000000000000000e+03 3.263000000000000114e+02 1.059999999999999964e+01 6.800000000000000000e+01
9.689000000000000000e+03 8.442000000000000000e+03 3.496000000000000227e+02 9.900000000000000355e+00 6.700000000000000000e+01
9.680000000000000000e+03 8.436000000000000000e+03 3.345000000000000000e+02 1.130000000000000071e+01 6.900000000000000000e+01
9.674000000000000000e+03 8.348000000000000000e+03 3.028000000000000114e+02 1.269999999999999929e+01 6.600000000000000000e+01
9.676000000000000000e+03 8.437000000000000000e+03 3.006999999999999886e+02 1.159999999999999964e+01 6.500000000000000000e+01
9.646000000000000000e+03 8.543000000000000000e+03 2.776999999999999886e+02 1.090000000000000036e+01 6.500000000000000000e+01
9.694000000000000000e+03 8.212000000000000000e+03 4.498000000000000114e+02 1.259999999999999964e+01 6.600000000000000000e+01
9.654000000000000000e+03 8.445000000000000000e+03 3.406000000000000227e+02 1.140000000000000036e+01 7.600000000000000000e+01
9.654000000000000000e+03 8.342000000000000000e+03 2.603000000000000114e+02 1.190000000000000036e+01 7.200000000000000000e+01
9.640000000000000000e+03 8.545000000000000000e+03 3.910000000000000000e+02 1.169999999999999929e+01 7.300000000000000000e+01
9.676000000000000000e+03 8.587000000000000000e+03 3.310000000000000000e+02 1.130000000000000071e+01 6.800000000000000000e+01
9.687000000000000000e+03 8.043000000000000000e+03 4.078000000000000114e+02 1.340000000000000036e+01 7.400000000000000000e+01
9.657000000000000000e+03 8.716000000000000000e+03 4.063000000000000114e+02 1.009999999999999964e+01 6.600000000000000000e+01
9.672000000000000000e+03 8.708000000000000000e+03 3.658000000000000114e+02 1.100000000000000000e+01 6.800000000000000000e+01
9.674000000000000000e+03 8.792000000000000000e+03 3.140000000000000000e+02 1.050000000000000000e+01 7.200000000000000000e+01
9.630000000000000000e+03 8.423000000000000000e+03 2.963000000000000114e+02 1.209999999999999964e+01 6.100000000000000000e+01
9.680000000000000000e+03 8.509000000000000000e+03 2.556999999999999886e+02 1.080000000000000071e+01 7.000000000000000000e+01
9.650000000000000000e+03 8.518000000000000000e+03 2.938000000000000114e+02 1.109999999999999964e+01 6.500000000000000000e+01
9.667000000000000000e+03 8.433000000000000000e+03 2.841000000000000227e+02 1.069999999999999929e+01 6.400000000000000000e+01
9.693000000000000000e+03 8.088000000000000000e+03 2.981999999999999886e+02 1.200000000000000000e+01 6.300000000000000000e+01
9.675000000000000000e+03 8.544000000000000000e+03 3.153000000000000114e+02 1.119999999999999929e+01 7.100000000000000000e+01
9.664000000000000000e+03 8.551000000000000000e+03 2.773000000000000114e+02 1.190000000000000036e+01 7.300000000000000000e+01
9.677000000000000000e+03 8.606000000000000000e+03 3.441999999999999886e+02 1.140000000000000036e+01 6.800000000000000000e+01
9.682000000000000000e+03 8.191000000000000000e+03 4.835000000000000000e+02 1.269999999999999929e+01 5.900000000000000000e+01
9.680000000000000000e+03 8.318000000000000000e+03 3.901999999999999886e+02 1.209999999999999964e+01 7.700000000000000000e+01
9.700000000000000000e+03 8.436000000000000000e+03 3.043000000000000114e+02 1.359999999999999964e+01 6.000000000000000000e+01
9.660000000000000000e+03 8.516000000000000000e+03 4.001999999999999886e+02 1.140000000000000036e+01 6.500000000000000000e+01
9.673000000000000000e+03 8.589000000000000000e+03 3.245000000000000000e+02 1.109999999999999964e+01 6.800000000000000000e+01
9.668000000000000000e+03 8.643000000000000000e+03 2.750000000000000000e+02 1.069999999999999929e+01 6.900000000000000000e+01
9.686000000000000000e+03 8.604000000000000000e+03 3.020000000000000000e+02 1.219999999999999929e+01 6.000000000000000000e+01
9.684000000000000000e+03 8.613000000000000000e+03 2.600000000000000000e+02 1.169999999999999929e+01 7.500000000000000000e+01
9.666000000000000000e+03 8.565000000000000000e+03 3.093999999999999773e+02 1.100000000000000000e+01 7.000000000000000000e+01
9.674000000000000000e+03 8.612000000000000000e+03 2.901000000000000227e+02 1.040000000000000036e+01 6.900000000000000000e+01
9.659000000000000000e+03 8.448000000000000000e+03 3.141000000000000227e+02 1.159999999999999964e+01 5.500000000000000000e+01
9.661000000000000000e+03 8.709000000000000000e+03 3.133999999999999773e+02 1.030000000000000071e+01 6.600000000000000000e+01
9.674000000000000000e+03 8.413000000000000000e+03 3.551999999999999886e+02 1.250000000000000000e+01 6.700000000000000000e+01
9.652000000000000000e+03 8.423000000000000000e+03 3.340000000000000000e+02 1.200000000000000000e+01 6.800000000000000000e+01
9.684000000000000000e+03 8.539000000000000000e+03 3.225000000000000000e+02 1.159999999999999964e+01 6.400000000000000000e+01
9.653000000000000000e+03 8.398000000000000000e+03 4.048999999999999773e+02 1.209999999999999964e+01 7.100000000000000000e+01
9.675000000000000000e+03 8.415000000000000000e+03 3.216999999999999886e+02 1.219999999999999929e+01 6.500000000000000000e+01
9.686000000000000000e+03 8.360000000000000000e+03 2.911999999999999886e+02 1.240000000000000036e+01 6.900000000000000000e+01
9.696000000000000000e+03 8.464000000000000000e+03 3.231000000000000227e+02 1.090000000000000036e+01 7.500000000000000000e+01
9.712000000000000000e+03 8.411000000000000000e+03 2.410999999999999943e+02 1.130000000000000071e+01 7.600000000000000000e+01
9.656000000000000000e+03 8.200000000000000000e+03 4.091000000000000227e+02 1.140000000000000036e+01 6.600000000000000000e+01
9.649000000000000000e+03 8.397000000000000000e+03 3.841999999999999886e+02 1.300000000000000000e+01 6.900000000000000000e+01
9.673000000000000000e+03 8.523000000000000000e+03 2.876999999999999886e+02 1.169999999999999929e+01 6.700000000000000000e+01
9.646000000000000000e+03 8.577000000000000000e+03 2.896999999999999886e+02 1.150000000000000000e+01 6.200000000000000000e+01
9.662000000000000000e+03 8.400000000000000000e+03 3.305000000000000000e+02 1.219999999999999929e+01 7.000000000000000000e+01
9.687000000000000000e+03 8.516000000000000000e+03 2.766999999999999886e+02 1.180000000000000071e+01 5.900000000000000000e+01
9.645000000000000000e+03 8.414000000000000000e+03 3.018999999999999773e+02 1.200000000000000000e+01 6.800000000000000000e+01
9.656000000000000000e+03 8.388000000000000000e+03 4.071000000000000227e+02 1.030000000000000071e+01 6.900000000000000000e+01
9.683000000000000000e+03 8.195000000000000000e+03 3.208000000000000114e+02 1.240000000000000036e+01 5.900000000000000000e+01
9.661000000000000000e+03 8.681000000000000000e+03 3.691000000000000227e+02 1.159999999999999964e+01 7.300000000000000000e+01
9.662000000000000000e+03 8.143000000000000000e+03 3.795000000000000000e+02 1.309999999999999964e+01 6.100000000000000000e+01
9.682000000000000000e+03 8.707000000000000000e+03 3.178999999999999773e+02 1.100000000000000000e+01 7.400000000000000000e+01
9.677000000000000000e+03 8.387000000000000000e+03 3.983000000000000114e+02 1.230000000000000071e+01 6.700000000000000000e+01
9.661000000000000000e+03 8.358000000000000000e+03 3.608000000000000114e+02 1.080000000000000071e+01 6.800000000000000000e+01
9.659000000000000000e+03 8.455000000000000000e+03 3.753000000000000114e+02 1.269999999999999929e+01 6.500000000000000000e+01
9.653000000000000000e+03 8.583000000000000000e+03 3.550000000000000000e+02 1.090000000000000036e+01 6.700000000000000000e+01
9.663000000000000000e+03 8.644000000000000000e+03 3.603999999999999773e+02 1.040000000000000036e+01 6.400000000000000000e+01
9.651000000000000000e+03 8.435000000000000000e+03 3.698999999999999773e+02 1.280000000000000071e+01 6.900000000000000000e+01
9.627000000000000000e+03 8.603000000000000000e+03 2.733000000000000114e+02 1.200000000000000000e+01 7.400000000000000000e+01
9.682000000000000000e+03 8.499000000000000000e+03 3.128000000000000114e+02 1.040000000000000036e+01 7.600000000000000000e+01
9.680000000000000000e+03 8.528000000000000000e+03 2.861000000000000227e+02 1.169999999999999929e+01 6.800000000000000000e+01
9.696000000000000000e+03 8.494000000000000000e+03 3.061999999999999886e+02 1.190000000000000036e+01 6.200000000000000000e+01
9.672000000000000000e+03 8.416000000000000000e+03 2.883999999999999773e+02 1.109999999999999964e+01 6.500000000000000000e+01
9.635000000000000000e+03 8.273000000000000000e+03 3.251999999999999886e+02 1.209999999999999964e+01 6.300000000000000000e+01
9.668000000000000000e+03 8.449000000000000000e+03 3.841999999999999886e+02 1.100000000000000000e+01 6.000000000000000000e+01
9.685000000000000000e+03 8.492000000000000000e+03 3.740000000000000000e+02 1.169999999999999929e+01 6.700000000000000000e+01
9.664000000000000000e+03 8.339000000000000000e+03 2.985000000000000000e+02 1.119999999999999929e+01 6.400000000000000000e+01
9.643000000000000000e+03 8.374000000000000000e+03 3.598999999999999773e+02 1.209999999999999964e+01 5.800000000000000000e+01
9.678000000000000000e+03 8.200000000000000000e+03 3.275000000000000000e+02 1.230000000000000071e+01 7.400000000000000000e+01
9.682000000000000000e+03 8.496000000000000000e+03 3.976000000000000227e+02 1.169999999999999929e+01 7.400000000000000000e+01
9.668000000000000000e+03 8.533000000000000000e+03 2.933000000000000114e+02 1.190000000000000036e+01 6.400000000000000000e+01
9.663000000000000000e+03 8.508000000000000000e+03 3.021999999999999886e+02 1.159999999999999964e+01 7.000000000000000000e+01
9.660000000000000000e+03 8.458000000000000000e+03 3.601000000000000227e+02 1.190000000000000036e+01 6.000000000000000000e+01
9.693000000000000000e+03 8.475000000000000000e+03 3.286000000000000227e+02 1.100000000000000000e+01 7.000000000000000000e+01
9.701000000000000000e+03 8.474000000000000000e+03 3.606000000000000227e+02 1.050000000000000000e+01 6.500000000000000000e+01
9.651000000000000000e+03 8.560000000000000000e+03 3.846999999999999886e+02 1.059999999999999964e+01 6.800000000000000000e+01
9.642000000000000000e+03 8.300000000000000000e+03 4.798000000000000114e+02 1.219999999999999929e+01 6.600000000000000000e+01
9.668000000000000000e+03 8.544000000000000000e+03 3.828000000000000114e+02 1.219999999999999929e+01 7.000000000000000000e+01
9.669000000000000000e+03 8.391000000000000000e+03 3.975000000000000000e+02 1.230000000000000071e+01 6.500000000000000000e+01
9.666000000000000000e+03 8.537000000000000000e+03 3.151000000000000227e+02 1.159999999999999964e+01 6.300000000000000000e+01
9.647000000000000000e+03 8.022000000000000000e+03 2.918000000000000114e+02 1.290000000000000036e+01 6.300000000000000000e+01
9.663000000000000000e+03 8.563000000000000000e+03 3.086000000000000227e+02 1.069999999999999929e+01 6.800000000000000000e+01
9.672000000000000000e+03 8.322000000000000000e+03 3.418999999999999773e+02 1.450000000000000000e+01 6.400000000000000000e+01
9.660000000000000000e+03 8.449000000000000000e+03 2.826999999999999886e+02 1.109999999999999964e+01 6.700000000000000000e+01
9.659000000000000000e+03 8.568000000000000000e+03 2.978000000000000114e+02 1.350000000000000000e+01 7.100000000000000000e+01
9.678000000000000000e+03 8.328000000000000000e+03 2.911000000000000227e+02 1.140000000000000036e+01 7.100000000000000000e+01
9.675000000000000000e+03 8.403000000000000000e+03 3.483000000000000114e+02 1.290000000000000036e+01 6.000000000000000000e+01
9.653000000000000000e+03 8.771000000000000000e+03 3.171999999999999886e+02 1.059999999999999964e+01 6.700000000000000000e+01
9.689000000000000000e+03 8.505000000000000000e+03 3.953999999999999773e+02 1.109999999999999964e+01 6.500000000000000000e+01
9.657000000000000000e+03 8.592000000000000000e+03 2.956000000000000227e+02 1.100000000000000000e+01 6.800000000000000000e+01
9.696000000000000000e+03 8.414000000000000000e+03 3.108999999999999773e+02 1.280000000000000071e+01 7.200000000000000000e+01
9.686000000000000000e+03 8.337000000000000000e+03 3.096000000000000227e+02 1.230000000000000071e+01 6.500000000000000000e+01
9.675000000000000000e+03 8.628000000000000000e+03 4.318999999999999773e+02 1.140000000000000036e+01 6.500000000000000000e+01
9.694000000000000000e+03 8.381000000000000000e+03 3.226999999999999886e+02 1.230000000000000071e+01 6.100000000000000000e+01
9.687000000000000000e+03 8.458000000000000000e+03 3.373999999999999773e+02 1.190000000000000036e+01 5.900000000000000000e+01
9.670000000000000000e+03 8.505000000000000000e+03 5.195000000000000000e+02 1.169999999999999929e+01 6.800000000000000000e+01
9.664000000000000000e+03 8.478000000000000000e+03 3.956999999999999886e+02 1.080000000000000071e+01 6.200000000000000000e+01
