8.868000000000000000e+03 8.985000000000000000e+03 1.309099999999999909e+03 1.100000000000000000e+01 1.300000000000000000e+02
8.822000000000000000e+03 8.949000000000000000e+03 1.382799999999999955e+03 1.130000000000000071e+01 1.250000000000000000e+02
8.844000000000000000e+03 8.924000000000000000e+03 1.557599999999999909e+03 1.130000000000000071e+01 1.260000000000000000e+02
8.867000000000000000e+03 8.926000000000000000e+03 1.656900000000000091e+03 1.059999999999999964e+01 1.330000000000000000e+02
8.843000000000000000e+03 8.972000000000000000e+03 1.129799999999999955e+03 1.080000000000000071e+01 1.270000000000000000e+02
8.892000000000000000e+03 8.959000000000000000e+03 1.174400000000000091e+03 1.040000000000000036e+01 1.240000000000000000e+02
8.911000000000000000e+03 9.005000000000000000e+03 1.493700000000000045e+03 1.109999999999999964e+01 1.210000000000000000e+02
8.924000000000000000e+03 9.025000000000000000e+03 1.513900000000000091e+03 1.100000000000000000e+01 1.300000000000000000e+02
8.865000000000000000e+03 8.949000000000000000e+03 1.554799999999999955e+03 1.200000000000000000e+01 1.280000000000000000e+02
8.855000000000000000e+03 8.934000000000000000e+03 1.107599999999999909e+03 1.150000000000000000e+01 1.180000000000000000e+02
8.873000000000000000e+03 8.952000000000000000e+03 1.260900000000000091e+03 1.200000000000000000e+01 1.230000000000000000e+02
8.860000000000000000e+03 8.954000000000000000e+03 1.603000000000000000e+03 1.180000000000000071e+01 1.220000000000000000e+02
8.900000000000000000e+03 8.961000000000000000e+03 1.182900000000000091e+03 1.100000000000000000e+01 1.140000000000000000e+02
8.886000000000000000e+03 8.943000000000000000e+03 1.713000000000000000e+03 1.119999999999999929e+01 1.260000000000000000e+02
8.901000000000000000e+03 8.987000000000000000e+03 1.593900000000000091e+03 1.000000000000000000e+01 1.240000000000000000e+02
8.897000000000000000e+03 8.930000000000000000e+03 1.261400000000000091e+03 1.109999999999999964e+01 1.150000000000000000e+02
8.887000000000000000e+03 8.893000000000000000e+03 1.077200000000000045e+03 1.100000000000000000e+01 1.210000000000000000e+02
8.865000000000000000e+03 8.947000000000000000e+03 1.557400000000000091e+03 1.100000000000000000e+01 1.260000000000000000e+02
8.848000000000000000e+03 8.946000000000000000e+03 1.102000000000000000e+03 1.080000000000000071e+01 1.260000000000000000e+02
8.885000000000000000e+03 8.895000000000000000e+03 1.574500000000000000e+03 1.140000000000000036e+01 1.260000000000000000e+02
8.857000000000000000e+03 8.983000000000000000e+03 1.364200000000000045e+03 1.200000000000000000e+01 1.210000000000000000e+02
8.835000000000000000e+03 8.960000000000000000e+03 1.215599999999999909e+03 1.109999999999999964e+01 1.210000000000000000e+02
8.857000000000000000e+03 8.950000000000000000e+03 1.710400000000000091e+03 1.119999999999999929e+01 1.290000000000000000e+02
8.858000000000000000e+03 8.938000000000000000e+03 1.702200000000000045e+03 1.200000000000000000e+01 1.250000000000000000e+02
8.840000000000000000e+03 8.951000000000000000e+03 8.435000000000000000e+02 1.050000000000000000e+01 1.250000000000000000e+02
8.861000000000000000e+03 8.939000000000000000e+03 1.411099999999999909e+03 1.100000000000000000e+01 1.280000000000000000e+02
8.883000000000000000e+03 9.016000000000000000e+03 1.692000000000000000e+03 1.100000000000000000e+01 1.200000000000000000e+02
8.881000000000000000e+03 9.001000000000000000e+03 1.129299999999999955e+03 1.069999999999999929e+01 1.270000000000000000e+02
8.887000000000000000e+03 8.976000000000000000e+03 1.825099999999999909e+03 1.119999999999999929e+01 1.220000000000000000e+02
8.852000000000000000e+03 8.971000000000000000e+03 1.084000000000000000e+03 1.080000000000000071e+01 1.240000000000000000e+02
8.842000000000000000e+03 8.995000000000000000e+03 1.341599999999999909e+03 1.030000000000000071e+01 1.230000000000000000e+02
8.850000000000000000e+03 8.910000000000000000e+03 1.527700000000000045e+03 1.200000000000000000e+01 1.230000000000000000e+02
8.844000000000000000e+03 8.941000000000000000e+03 1.146700000000000045e+03 1.180000000000000071e+01 1.310000000000000000e+02
8.853000000000000000e+03 8.939000000000000000e+03 1.370099999999999909e+03 1.200000000000000000e+01 1.300000000000000000e+02
8.842000000000000000e+03 8.894000000000000000e+03 1.807200000000000045e+03 1.169999999999999929e+01 1.210000000000000000e+02
8.937000000000000000e+03 8.982000000000000000e+03 1.358299999999999955e+03 1.100000000000000000e+01 1.210000000000000000e+02
8.872000000000000000e+03 8.948000000000000000e+03 1.175200000000000045e+03 1.080000000000000071e+01 1.260000000000000000e+02
8.852000000000000000e+03 8.947000000000000000e+03 1.409400000000000091e+03 1.109999999999999964e+01 1.310000000000000000e+02
8.896000000000000000e+03 8.976000000000000000e+03 9.771000000000000227e+02 1.100000000000000000e+01 1.260000000000000000e+02
8.935000000000000000e+03 8.997000000000000000e+03 1.762099999999999909e+03 1.159999999999999964e+01 1.220000000000000000e+02
8.872000000000000000e+03 8.897000000000000000e+03 1.825099999999999909e+03 1.200000000000000000e+01 1.280000000000000000e+02
8.843000000000000000e+03 9.017000000000000000e+03 1.112099999999999909e+03 1.109999999999999964e+01 1.210000000000000000e+02
8.905000000000000000e+03 8.961000000000000000e+03 1.343000000000000000e+03 1.200000000000000000e+01 1.260000000000000000e+02
8.864000000000000000e+03 8.934000000000000000e+03 1.176599999999999909e+03 1.109999999999999964e+01 1.290000000000000000e+02
8.842000000000000000e+03 8.989000000000000000e+03 1.320500000000000000e+03 1.109999999999999964e+01 1.270000000000000000e+02
8.874000000000000000e+03 8.904000000000000000e+03 1.009000000000000000e+03 1.109999999999999964e+01 1.250000000000000000e+02
8.830000000000000000e+03 8.949000000000000000e+03 1.090500000000000000e+03 1.150000000000000000e+01 1.260000000000000000e+02
8.862000000000000000e+03 8.948000000000000000e+03 1.329900000000000091e+03 1.200000000000000000e+01 1.230000000000000000e+02
8.848000000000000000e+03 8.980000000000000000e+03 9.550000000000000000e+02 1.200000000000000000e+01 1.370000000000000000e+02
8.842000000000000000e+03 8.991000000000000000e+03 1.262900000000000091e+03 1.130000000000000071e+01 1.240000000000000000e+02
8.867000000000000000e+03 8.956000000000000000e+03 1.299599999999999909e+03 1.109999999999999964e+01 1.300000000000000000e+02
8.901000000000000000e+03 8.947000000000000000e+03 1.403900000000000091e+03 1.050000000000000000e+01 1.190000000000000000e+02
8.879000000000000000e+03 8.991000000000000000e+03 1.034700000000000045e+03 9.599999999999999645e+00 1.170000000000000000e+02
8.908000000000000000e+03 8.985000000000000000e+03 1.200500000000000000e+03 1.130000000000000071e+01 1.380000000000000000e+02
8.873000000000000000e+03 8.902000000000000000e+03 1.032700000000000045e+03 1.169999999999999929e+01 1.280000000000000000e+02
8.849000000000000000e+03 8.936000000000000000e+03 1.114200000000000045e+03 1.130000000000000071e+01 1.250000000000000000e+02
8.840000000000000000e+03 8.937000000000000000e+03 1.341200000000000045e+03 1.040000000000000036e+01 1.230000000000000000e+02
8.864000000000000000e+03 8.976000000000000000e+03 1.817000000000000000e+03 1.109999999999999964e+01 1.240000000000000000e+02
8.865000000000000000e+03 8.946000000000000000e+03 1.027500000000000000e+03 1.059999999999999964e+01 1.220000000000000000e+02
8.888000000000000000e+03 8.951000000000000000e+03 9.217000000000000455e+02 1.100000000000000000e+01 1.230000000000000000e+02
8.843000000000000000e+03 8.953000000000000000e+03 9.967000000000000455e+02 1.119999999999999929e+01 1.340000000000000000e+02
8.835000000000000000e+03 8.956000000000000000e+03 1.048000000000000000e+03 1.000000000000000000e+01 1.250000000000000000e+02
8.859000000000000000e+03 8.936000000000000000e+03 1.477200000000000045e+03 1.200000000000000000e+01 1.220000000000000000e+02
8.858000000000000000e+03 8.947000000000000000e+03 1.073700000000000045e+03 1.109999999999999964e+01 1.240000000000000000e+02
8.882000000000000000e+03 8.942000000000000000e+03 1.177000000000000000e+03 1.040000000000000036e+01 1.220000000000000000e+02
8.865000000000000000e+03 8.993000000000000000e+03 1.694599999999999909e+03 1.219999999999999929e+01 1.410000000000000000e+02
8.879000000000000000e+03 8.922000000000000000e+03 1.280700000000000045e+03 1.000000000000000000e+01 1.300000000000000000e+02
8.837000000000000000e+03 9.001000000000000000e+03 1.037799999999999955e+03 1.030000000000000071e+01 1.260000000000000000e+02
8.906000000000000000e+03 8.984000000000000000e+03 1.341299999999999955e+03 1.100000000000000000e+01 1.280000000000000000e+02
8.854000000000000000e+03 8.992000000000000000e+03 1.133200000000000045e+03 1.209999999999999964e+01 1.230000000000000000e+02
8.874000000000000000e+03 8.987000000000000000e+03 1.487099999999999909e+03 1.109999999999999964e+01 1.200000000000000000e+02
8.863000000000000000e+03 8.916000000000000000e+03 1.825099999999999909e+03 1.159999999999999964e+01 1.360000000000000000e+02
8.866000000000000000e+03 8.914000000000000000e+03 1.123500000000000000e+03 1.119999999999999929e+01 1.250000000000000000e+02
8.907000000000000000e+03 8.961000000000000000e+03 1.157900000000000091e+03 1.059999999999999964e+01 1.310000000000000000e+02
8.876000000000000000e+03 8.971000000000000000e+03 1.020799999999999955e+03 1.100000000000000000e+01 1.220000000000000000e+02
8.857000000000000000e+03 8.940000000000000000e+03 1.825099999999999909e+03 1.100000000000000000e+01 1.450000000000000000e+02
8.883000000000000000e+03 9.000000000000000000e+03 1.589200000000000045e+03 1.080000000000000071e+01 1.250000000000000000e+02
8.901000000000000000e+03 8.988000000000000000e+03 1.569599999999999909e+03 1.069999999999999929e+01 1.270000000000000000e+02
8.904000000000000000e+03 8.961000000000000000e+03 1.359400000000000091e+03 1.150000000000000000e+01 1.160000000000000000e+02
8.879000000000000000e+03 8.957000000000000000e+03 1.207000000000000000e+03 1.100000000000000000e+01 1.230000000000000000e+02
8.878000000000000000e+03 8.940000000000000000e+03 1.076299999999999955e+03 1.180000000000000071e+01 1.190000000000000000e+02
8.892000000000000000e+03 8.981000000000000000e+03 1.304099999999999909e+03 1.119999999999999929e+01 1.180000000000000000e+02
8.834000000000000000e+03 8.937000000000000000e+03 1.065700000000000045e+03 1.109999999999999964e+01 1.220000000000000000e+02
8.871000000000000000e+03 8.929000000000000000e+03 1.538500000000000000e+03 1.050000000000000000e+01 1.290000000000000000e+02
8.904000000000000000e+03 8.998000000000000000e+03 1.263900000000000091e+03 1.100000000000000000e+01 1.220000000000000000e+02
8.885000000000000000e+03 8.995000000000000000e+03 1.534599999999999909e+03 1.100000000000000000e+01 1.300000000000000000e+02
8.899000000000000000e+03 8.919000000000000000e+03 1.321500000000000000e+03 1.200000000000000000e+01 1.320000000000000000e+02
8.884000000000000000e+03 9.022000000000000000e+03 1.123500000000000000e+03 1.100000000000000000e+01 1.230000000000000000e+02
8.852000000000000000e+03 8.979000000000000000e+03 1.351200000000000045e+03 1.159999999999999964e+01 1.170000000000000000e+02
8.897000000000000000e+03 8.961000000000000000e+03 1.142000000000000000e+03 1.019999999999999929e+01 1.240000000000000000e+02
8.910000000000000000e+03 8.954000000000000000e+03 1.354700000000000045e+03 1.119999999999999929e+01 1.270000000000000000e+02
8.863000000000000000e+03 8.957000000000000000e+03 1.393099999999999909e+03 1.100000000000000000e+01 1.240000000000000000e+02
8.883000000000000000e+03 9.016000000000000000e+03 1.503400000000000091e+03 9.599999999999999645e+00 1.300000000000000000e+02
8.897000000000000000e+03 8.985000000000000000e+03 1.011799999999999955e+03 1.000000000000000000e+01 1.190000000000000000e+02
8.903000000000000000e+03 8.972000000000000000e+03 1.274000000000000000e+03 1.119999999999999929e+01 1.210000000000000000e+02
8.861000000000000000e+03 8.991000000000000000e+03 1.284200000000000045e+03 1.100000000000000000e+01 1.300000000000000000e+02
8.873000000000000000e+03 9.033000000000000000e+03 1.559099999999999909e+03 1.090000000000000036e+01 1.160000000000000000e+02
8.873000000000000000e+03 8.961000000000000000e+03 1.189900000000000091e+03 1.119999999999999929e+01 1.190000000000000000e+02
8.870000000000000000e+03 9.015000000000000000e+03 1.074799999999999955e+03 1.100000000000000000e+01 1.430000000000000000e+02
8.867000000000000000e+03 9.010000000000000000e+03 1.010299999999999955e+03 1.069999999999999929e+01 1.310000000000000000e+02
8.924000000000000000e+03 8.894000000000000000e+03 1.294900000000000091e+03 1.130000000000000071e+01 1.280000000000000000e+02
8.893000000000000000e+03 8.914000000000000000e+03 1.114599999999999909e+03 1.030000000000000071e+01 1.210000000000000000e+02
8.898000000000000000e+03 8.930000000000000000e+03 1.679200000000000045e+03 1.059999999999999964e+01 1.250000000000000000e+02
8.914000000000000000e+03 9.027000000000000000e+03 1.306799999999999955e+03 1.019999999999999929e+01 1.280000000000000000e+02
8.886000000000000000e+03 8.987000000000000000e+03 1.067200000000000045e+03 1.090000000000000036e+01 1.230000000000000000e+02
8.929000000000000000e+03 8.929000000000000000e+03 1.245799999999999955e+03 1.100000000000000000e+01 1.190000000000000000e+02
8.925000000000000000e+03 8.965000000000000000e+03 1.118200000000000045e+03 1.050000000000000000e+01 1.210000000000000000e+02
8.902000000000000000e+03 8.987000000000000000e+03 1.511400000000000091e+03 1.030000000000000071e+01 1.210000000000000000e+02
8.868000000000000000e+03 9.040000000000000000e+03 1.366500000000000000e+03 1.130000000000000071e+01 1.240000000000000000e+02
8.882000000000000000e+03 8.968000000000000000e+03 1.491799999999999955e+03 1.019999999999999929e+01 1.190000000000000000e+02
8.874000000000000000e+03 8.927000000000000000e+03 1.154799999999999955e+03 1.140000000000000036e+01 1.230000000000000000e+02
8.860000000000000000e+03 8.916000000000000000e+03 1.825099999999999909e+03 1.130000000000000071e+01 1.270000000000000000e+02
8.907000000000000000e+03 8.937000000000000000e+03 1.175099999999999909e+03 1.200000000000000000e+01 1.260000000000000000e+02
8.909000000000000000e+03 8.916000000000000000e+03 1.244000000000000000e+03 1.140000000000000036e+01 1.210000000000000000e+02
8.874000000000000000e+03 8.977000000000000000e+03 1.154900000000000091e+03 1.000000000000000000e+01 1.270000000000000000e+02
8.881000000000000000e+03 9.044000000000000000e+03 1.338099999999999909e+03 1.100000000000000000e+01 1.260000000000000000e+02
8.878000000000000000e+03 8.989000000000000000e+03 1.529700000000000045e+03 1.100000000000000000e+01 1.260000000000000000e+02
8.865000000000000000e+03 8.976000000000000000e+03 1.323700000000000045e+03 1.100000000000000000e+01 1.200000000000000000e+02
8.837000000000000000e+03 8.926000000000000000e+03 1.042700000000000045e+03 1.100000000000000000e+01 1.310000000000000000e+02
8.930000000000000000e+03 9.003000000000000000e+03 1.825099999999999909e+03 1.030000000000000071e+01 1.340000000000000000e+02
8.856000000000000000e+03 8.951000000000000000e+03 1.076200000000000045e+03 1.109999999999999964e+01 1.230000000000000000e+02
8.873000000000000000e+03 8.965000000000000000e+03 1.079799999999999955e+03 1.130000000000000071e+01 1.280000000000000000e+02
8.892000000000000000e+03 8.997000000000000000e+03 1.162000000000000000e+03 1.100000000000000000e+01 1.240000000000000000e+02
8.865000000000000000e+03 8.996000000000000000e+03 1.125200000000000045e+03 1.209999999999999964e+01 1.320000000000000000e+02
8.891000000000000000e+03 8.947000000000000000e+03 1.248400000000000091e+03 1.050000000000000000e+01 1.210000000000000000e+02
8.843000000000000000e+03 8.899000000000000000e+03 1.174000000000000000e+03 1.130000000000000071e+01 1.210000000000000000e+02
8.869000000000000000e+03 8.944000000000000000e+03 1.056099999999999909e+03 1.119999999999999929e+01 1.250000000000000000e+02
8.850000000000000000e+03 9.017000000000000000e+03 1.406700000000000045e+03 1.000000000000000000e+01 1.270000000000000000e+02
8.884000000000000000e+03 8.892000000000000000e+03 1.049200000000000045e+03 1.119999999999999929e+01 1.320000000000000000e+02
8.869000000000000000e+03 8.964000000000000000e+03 1.452799999999999955e+03 1.100000000000000000e+01 1.320000000000000000e+02
8.871000000000000000e+03 8.952000000000000000e+03 1.191200000000000045e+03 1.200000000000000000e+01 1.210000000000000000e+02
8.882000000000000000e+03 8.953000000000000000e+03 1.106299999999999955e+03 1.059999999999999964e+01 1.240000000000000000e+02
8.883000000000000000e+03 8.989000000000000000e+03 9.061000000000000227e+02 1.159999999999999964e+01 1.190000000000000000e+02
8.871000000000000000e+03 8.954000000000000000e+03 1.165599999999999909e+03 1.119999999999999929e+01 1.260000000000000000e+02
8.889000000000000000e+03 8.947000000000000000e+03 1.825099999999999909e+03 1.050000000000000000e+01 1.280000000000000000e+02
8.925000000000000000e+03 8.992000000000000000e+03 1.096299999999999955e+03 1.190000000000000036e+01 1.270000000000000000e+02
8.828000000000000000e+03 8.939000000000000000e+03 1.107799999999999955e+03 1.109999999999999964e+01 1.330000000000000000e+02
8.856000000000000000e+03 8.930000000000000000e+03 1.218299999999999955e+03 1.159999999999999964e+01 1.250000000000000000e+02
8.889000000000000000e+03 8.932000000000000000e+03 1.154799999999999955e+03 1.059999999999999964e+01 1.270000000000000000e+02
8.856000000000000000e+03 8.958000000000000000e+03 1.233700000000000045e+03 1.059999999999999964e+01 1.290000000000000000e+02
8.850000000000000000e+03 8.900000000000000000e+03 9.500000000000000000e+02 1.100000000000000000e+01 1.200000000000000000e+02
8.837000000000000000e+03 8.905000000000000000e+03 1.226099999999999909e+03 1.100000000000000000e+01 1.250000000000000000e+02
8.912000000000000000e+03 8.958000000000000000e+03 9.995000000000000000e+02 1.000000000000000000e+01 1.220000000000000000e+02
8.886000000000000000e+03 8.998000000000000000e+03 1.455299999999999955e+03 1.200000000000000000e+01 1.340000000000000000e+02
8.857000000000000000e+03 8.934000000000000000e+03 1.017399999999999977e+03 1.100000000000000000e+01 1.380000000000000000e+02
8.913000000000000000e+03 9.029000000000000000e+03 1.180799999999999955e+03 1.200000000000000000e+01 1.140000000000000000e+02
8.894000000000000000e+03 8.964000000000000000e+03 1.825099999999999909e+03 1.069999999999999929e+01 1.280000000000000000e+02
8.863000000000000000e+03 8.952000000000000000e+03 1.514700000000000045e+03 1.130000000000000071e+01 1.260000000000000000e+02
8.891000000000000000e+03 8.968000000000000000e+03 1.222400000000000091e+03 1.040000000000000036e+01 1.210000000000000000e+02
8.848000000000000000e+03 8.958000000000000000e+03 1.398200000000000045e+03 1.100000000000000000e+01 1.290000000000000000e+02
8.910000000000000000e+03 8.978000000000000000e+03 1.117200000000000045e+03 1.100000000000000000e+01 1.240000000000000000e+02
8.862000000000000000e+03 8.973000000000000000e+03 1.226000000000000000e+03 1.030000000000000071e+01 1.280000000000000000e+02
8.869000000000000000e+03 8.984000000000000000e+03 1.048400000000000091e+03 1.109999999999999964e+01 1.270000000000000000e+02
8.881000000000000000e+03 8.957000000000000000e+03 1.825099999999999909e+03 1.150000000000000000e+01 1.180000000000000000e+02
8.895000000000000000e+03 8.993000000000000000e+03 1.241500000000000000e+03 1.109999999999999964e+01 1.210000000000000000e+02
8.894000000000000000e+03 8.923000000000000000e+03 1.405000000000000000e+03 1.059999999999999964e+01 1.230000000000000000e+02
8.904000000000000000e+03 8.855000000000000000e+03 1.498400000000000091e+03 1.100000000000000000e+01 1.300000000000000000e+02
8.878000000000000000e+03 8.989000000000000000e+03 1.022000000000000000e+03 1.150000000000000000e+01 1.260000000000000000e+02
8.848000000000000000e+03 8.908000000000000000e+03 1.380099999999999909e+03 1.100000000000000000e+01 1.210000000000000000e+02
8.932000000000000000e+03 8.879000000000000000e+03 1.825099999999999909e+03 1.130000000000000071e+01 1.290000000000000000e+02
8.886000000000000000e+03 8.984000000000000000e+03 1.033700000000000045e+03 1.040000000000000036e+01 1.210000000000000000e+02
8.846000000000000000e+03 8.892000000000000000e+03 1.302200000000000045e+03 1.119999999999999929e+01 1.260000000000000000e+02
8.814000000000000000e+03 8.956000000000000000e+03 1.151299999999999955e+03 1.140000000000000036e+01 1.130000000000000000e+02
8.872000000000000000e+03 8.958000000000000000e+03 1.132400000000000091e+03 1.080000000000000071e+01 1.220000000000000000e+02
8.860000000000000000e+03 8.929000000000000000e+03 1.631000000000000000e+03 1.100000000000000000e+01 1.330000000000000000e+02
8.894000000000000000e+03 8.904000000000000000e+03 1.377900000000000091e+03 1.109999999999999964e+01 1.240000000000000000e+02
8.908000000000000000e+03 9.011000000000000000e+03 1.463099999999999909e+03 1.119999999999999929e+01 1.320000000000000000e+02
8.883000000000000000e+03 8.918000000000000000e+03 9.991000000000000227e+02 1.100000000000000000e+01 1.270000000000000000e+02
8.863000000000000000e+03 9.011000000000000000e+03 1.270900000000000091e+03 1.069999999999999929e+01 1.250000000000000000e+02
8.870000000000000000e+03 8.959000000000000000e+03 1.044000000000000000e+03 1.069999999999999929e+01 1.270000000000000000e+02
8.869000000000000000e+03 8.961000000000000000e+03 9.357999999999999545e+02 1.019999999999999929e+01 1.230000000000000000e+02
8.900000000000000000e+03 8.963000000000000000e+03 1.407400000000000091e+03 1.159999999999999964e+01 1.250000000000000000e+02
8.871000000000000000e+03 8.955000000000000000e+03 1.325900000000000091e+03 1.109999999999999964e+01 1.220000000000000000e+02
8.935000000000000000e+03 8.983000000000000000e+03 1.559200000000000045e+03 1.069999999999999929e+01 1.290000000000000000e+02
8.905000000000000000e+03 8.955000000000000000e+03 1.585200000000000045e+03 1.140000000000000036e+01 1.250000000000000000e+02
8.887000000000000000e+03 8.999000000000000000e+03 1.204700000000000045e+03 1.050000000000000000e+01 1.230000000000000000e+02
8.886000000000000000e+03 8.948000000000000000e+03 1.313799999999999955e+03 1.140000000000000036e+01 1.230000000000000000e+02
8.883000000000000000e+03 8.960000000000000000e+03 1.227900000000000091e+03 1.159999999999999964e+01 1.290000000000000000e+02
8.892000000000000000e+03 8.995000000000000000e+03 1.332200000000000045e+03 1.250000000000000000e+01 1.260000000000000000e+02
8.871000000000000000e+03 8.894000000000000000e+03 1.184599999999999909e+03 1.030000000000000071e+01 1.220000000000000000e+02
8.890000000000000000e+03 8.936000000000000000e+03 1.413400000000000091e+03 1.150000000000000000e+01 1.250000000000000000e+02
8.884000000000000000e+03 9.002000000000000000e+03 1.159000000000000000e+03 1.069999999999999929e+01 1.290000000000000000e+02
8.896000000000000000e+03 9.000000000000000000e+03 1.563400000000000091e+03 1.069999999999999929e+01 1.250000000000000000e+02
8.868000000000000000e+03 8.883000000000000000e+03 1.209799999999999955e+03 1.100000000000000000e+01 1.240000000000000000e+02
8.872000000000000000e+03 8.951000000000000000e+03 1.000399999999999977e+03 1.080000000000000071e+01 1.320000000000000000e+02
8.868000000000000000e+03 8.986000000000000000e+03 8.542999999999999545e+02 1.109999999999999964e+01 1.270000000000000000e+02
8.868000000000000000e+03 8.928000000000000000e+03 1.020799999999999955e+03 1.009999999999999964e+01 1.240000000000000000e+02
8.838000000000000000e+03 8.948000000000000000e+03 9.391000000000000227e+02 1.130000000000000071e+01 1.230000000000000000e+02
8.895000000000000000e+03 8.955000000000000000e+03 1.708400000000000091e+03 1.080000000000000071e+01 1.340000000000000000e+02
8.915000000000000000e+03 9.000000000000000000e+03 1.763900000000000091e+03 1.069999999999999929e+01 1.270000000000000000e+02
8.892000000000000000e+03 8.965000000000000000e+03 1.011200000000000045e+03 1.119999999999999929e+01 1.290000000000000000e+02
8.884000000000000000e+03 8.954000000000000000e+03 1.013799999999999955e+03 1.109999999999999964e+01 1.220000000000000000e+02
8.902000000000000000e+03 9.012000000000000000e+03 1.045099999999999909e+03 1.100000000000000000e+01 1.300000000000000000e+02
8.824000000000000000e+03 8.872000000000000000e+03 9.788999999999999773e+02 1.130000000000000071e+01 1.340000000000000000e+02
8.842000000000000000e+03 8.956000000000000000e+03 1.825099999999999909e+03 1.130000000000000071e+01 1.300000000000000000e+02
8.870000000000000000e+03 9.010000000000000000e+03 1.825099999999999909e+03 1.100000000000000000e+01 1.260000000000000000e+02
8.864000000000000000e+03 8.937000000000000000e+03 1.009000000000000000e+03 1.109999999999999964e+01 1.250000000000000000e+02
8.863000000000000000e+03 8.981000000000000000e+03 1.302700000000000045e+03 1.119999999999999929e+01 1.220000000000000000e+02
8.870000000000000000e+03 8.942000000000000000e+03 1.263299999999999955e+03 1.069999999999999929e+01 1.210000000000000000e+02
8.866000000000000000e+03 9.000000000000000000e+03 1.137000000000000000e+03 1.100000000000000000e+01 1.220000000000000000e+02
8.901000000000000000e+03 8.887000000000000000e+03 1.366799999999999955e+03 1.100000000000000000e+01 1.250000000000000000e+02
8.872000000000000000e+03 8.959000000000000000e+03 1.434200000000000045e+03 1.200000000000000000e+01 1.280000000000000000e+02
8.883000000000000000e+03 8.979000000000000000e+03 1.218000000000000000e+03 1.100000000000000000e+01 1.270000000000000000e+02
8.880000000000000000e+03 8.950000000000000000e+03 1.180299999999999955e+03 1.200000000000000000e+01 1.190000000000000000e+02
8.896000000000000000e+03 8.955000000000000000e+03 1.280599999999999909e+03 1.159999999999999964e+01 1.230000000000000000e+02
8.820000000000000000e+03 8.976000000000000000e+03 1.174900000000000091e+03 1.040000000000000036e+01 1.320000000000000000e+02
8.858000000000000000e+03 8.904000000000000000e+03 9.568999999999999773e+02 1.100000000000000000e+01 1.290000000000000000e+02
8.870000000000000000e+03 8.951000000000000000e+03 1.365500000000000000e+03 1.130000000000000071e+01 1.210000000000000000e+02
8.868000000000000000e+03 8.871000000000000000e+03 1.107500000000000000e+03 1.190000000000000036e+01 1.200000000000000000e+02
8.903000000000000000e+03 8.980000000000000000e+03 1.006200000000000045e+03 1.200000000000000000e+01 1.220000000000000000e+02
8.863000000000000000e+03 8.986000000000000000e+03 1.034599999999999909e+03 1.100000000000000000e+01 1.180000000000000000e+02
8.890000000000000000e+03 8.939000000000000000e+03 1.136200000000000045e+03 1.109999999999999964e+01 1.260000000000000000e+02
8.902000000000000000e+03 8.920000000000000000e+03 1.319200000000000045e+03 1.240000000000000036e+01 1.240000000000000000e+02
8.872000000000000000e+03 8.972000000000000000e+03 1.246599999999999909e+03 1.100000000000000000e+01 1.300000000000000000e+02
8.853000000000000000e+03 8.917000000000000000e+03 9.762000000000000455e+02 1.130000000000000071e+01 1.280000000000000000e+02
8.834000000000000000e+03 8.950000000000000000e+03 1.010700000000000045e+03 1.169999999999999929e+01 1.350000000000000000e+02
8.884000000000000000e+03 8.980000000000000000e+03 1.086400000000000091e+03 1.200000000000000000e+01 1.210000000000000000e+02
8.915000000000000000e+03 8.944000000000000000e+03 8.131000000000000227e+02 1.100000000000000000e+01 1.300000000000000000e+02
8.854000000000000000e+03 8.951000000000000000e+03 1.504400000000000091e+03 1.100000000000000000e+01 1.320000000000000000e+02
8.880000000000000000e+03 8.976000000000000000e+03 1.289200000000000045e+03 1.140000000000000036e+01 1.290000000000000000e+02
8.872000000000000000e+03 8.890000000000000000e+03 1.530299999999999955e+03 1.080000000000000071e+01 1.250000000000000000e+02
8.855000000000000000e+03 8.969000000000000000e+03 1.007700000000000045e+03 1.100000000000000000e+01 1.280000000000000000e+02
8.857000000000000000e+03 9.021000000000000000e+03 1.538200000000000045e+03 1.109999999999999964e+01 1.380000000000000000e+02
8.849000000000000000e+03 8.976000000000000000e+03 9.910000000000000000e+02 1.200000000000000000e+01 1.200000000000000000e+02
8.863000000000000000e+03 8.985000000000000000e+03 1.145000000000000000e+03 1.040000000000000036e+01 1.200000000000000000e+02
8.906000000000000000e+03 8.991000000000000000e+03 1.025700000000000045e+03 1.069999999999999929e+01 1.230000000000000000e+02
8.876000000000000000e+03 8.991000000000000000e+03 1.093299999999999955e+03 1.100000000000000000e+01 1.350000000000000000e+02
8.880000000000000000e+03 8.967000000000000000e+03 1.076200000000000045e+03 1.130000000000000071e+01 1.270000000000000000e+02
8.865000000000000000e+03 8.953000000000000000e+03 1.485599999999999909e+03 1.050000000000000000e+01 1.380000000000000000e+02
8.851000000000000000e+03 8.987000000000000000e+03 1.235400000000000091e+03 1.100000000000000000e+01 1.270000000000000000e+02
8.869000000000000000e+03 8.973000000000000000e+03 1.447700000000000045e+03 1.100000000000000000e+01 1.240000000000000000e+02
8.875000000000000000e+03 8.942000000000000000e+03 9.755000000000000000e+02 1.119999999999999929e+01 1.170000000000000000e+02
8.860000000000000000e+03 8.974000000000000000e+03 1.235599999999999909e+03 1.109999999999999964e+01 1.310000000000000000e+02
8.893000000000000000e+03 8.911000000000000000e+03 1.332400000000000091e+03 1.140000000000000036e+01 1.300000000000000000e+02
8.873000000000000000e+03 8.926000000000000000e+03 1.114900000000000091e+03 1.100000000000000000e+01 1.220000000000000000e+02
8.894000000000000000e+03 8.921000000000000000e+03 1.525599999999999909e+03 1.040000000000000036e+01 1.200000000000000000e+02
8.909000000000000000e+03 8.955000000000000000e+03 1.825099999999999909e+03 1.119999999999999929e+01 1.220000000000000000e+02
8.925000000000000000e+03 8.961000000000000000e+03 1.778400000000000091e+03 1.040000000000000036e+01 1.220000000000000000e+02
8.914000000000000000e+03 9.026000000000000000e+03 1.042599999999999909e+03 1.209999999999999964e+01 1.250000000000000000e+02
8.836000000000000000e+03 8.917000000000000000e+03 1.154299999999999955e+03 1.069999999999999929e+01 1.230000000000000000e+02
8.840000000000000000e+03 8.972000000000000000e+03 1.062099999999999909e+03 1.100000000000000000e+01 1.320000000000000000e+02
8.863000000000000000e+03 8.900000000000000000e+03 1.825099999999999909e+03 1.040000000000000036e+01 1.270000000000000000e+02
8.885000000000000000e+03 8.934000000000000000e+03 1.034500000000000000e+03 1.100000000000000000e+01 1.260000000000000000e+02
8.874000000000000000e+03 8.966000000000000000e+03 9.085000000000000000e+02 1.130000000000000071e+01 1.310000000000000000e+02
8.912000000000000000e+03 8.929000000000000000e+03 1.825099999999999909e+03 1.100000000000000000e+01 1.230000000000000000e+02
8.848000000000000000e+03 8.964000000000000000e+03 1.198200000000000045e+03 1.119999999999999929e+01 1.260000000000000000e+02
8.901000000000000000e+03 8.940000000000000000e+03 1.793400000000000091e+03 1.119999999999999929e+01 1.290000000000000000e+02
8.820000000000000000e+03 8.936000000000000000e+03 1.142400000000000091e+03 1.140000000000000036e+01 1.260000000000000000e+02
8.834000000000000000e+03 8.966000000000000000e+03 1.290299999999999955e+03 1.119999999999999929e+01 1.250000000000000000e+02
8.858000000000000000e+03 8.975000000000000000e+03 1.227400000000000091e+03 1.119999999999999929e+01 1.250000000000000000e+02
