7.900000000000000000e+03 5.917000000000000000e+03 7.005000000000000000e+02 3.560000000000000142e+01 2.151000000000000000e+03
7.905000000000000000e+03 5.827000000000000000e+03 7.988999999999999773e+02 3.970000000000000284e+01 2.151000000000000000e+03
7.916000000000000000e+03 5.977000000000000000e+03 7.133999999999999773e+02 3.970000000000000284e+01 2.258000000000000000e+03
7.905000000000000000e+03 5.976000000000000000e+03 8.357999999999999545e+02 3.739999999999999858e+01 2.205000000000000000e+03
7.995000000000000000e+03 6.139000000000000000e+03 1.005799999999999955e+03 3.800000000000000000e+01 2.161000000000000000e+03
7.850000000000000000e+03 5.737000000000000000e+03 6.662999999999999545e+02 3.479999999999999716e+01 2.200000000000000000e+03
7.935000000000000000e+03 6.005000000000000000e+03 8.677999999999999545e+02 3.520000000000000284e+01 2.209000000000000000e+03
7.879000000000000000e+03 5.927000000000000000e+03 8.276000000000000227e+02 3.629999999999999716e+01 2.217000000000000000e+03
7.827000000000000000e+03 6.058000000000000000e+03 6.948999999999999773e+02 3.470000000000000284e+01 2.227000000000000000e+03
7.927000000000000000e+03 5.978000000000000000e+03 6.630000000000000000e+02 3.570000000000000284e+01 2.228000000000000000e+03
7.841000000000000000e+03 5.853000000000000000e+03 6.892999999999999545e+02 3.639999999999999858e+01 2.205000000000000000e+03
7.978000000000000000e+03 5.731000000000000000e+03 8.618999999999999773e+02 3.629999999999999716e+01 2.184000000000000000e+03
7.892000000000000000e+03 5.779000000000000000e+03 7.968999999999999773e+02 3.339999999999999858e+01 2.168000000000000000e+03
7.923000000000000000e+03 6.113000000000000000e+03 6.690000000000000000e+02 3.739999999999999858e+01 2.188000000000000000e+03
7.972000000000000000e+03 5.759000000000000000e+03 6.825000000000000000e+02 3.650000000000000000e+01 2.189000000000000000e+03
7.941000000000000000e+03 5.805000000000000000e+03 7.942999999999999545e+02 3.589999999999999858e+01 2.230000000000000000e+03
7.901000000000000000e+03 5.930000000000000000e+03 1.109099999999999909e+03 3.439999999999999858e+01 2.231000000000000000e+03
7.869000000000000000e+03 6.015000000000000000e+03 7.033999999999999773e+02 3.660000000000000142e+01 2.223000000000000000e+03
7.913000000000000000e+03 6.216000000000000000e+03 8.490000000000000000e+02 3.060000000000000142e+01 2.209000000000000000e+03
7.897000000000000000e+03 5.972000000000000000e+03 6.432000000000000455e+02 3.379999999999999716e+01 2.167000000000000000e+03
7.878000000000000000e+03 5.932000000000000000e+03 6.071000000000000227e+02 3.520000000000000284e+01 2.233000000000000000e+03
7.869000000000000000e+03 5.727000000000000000e+03 6.272999999999999545e+02 3.810000000000000142e+01 2.187000000000000000e+03
7.903000000000000000e+03 6.164000000000000000e+03 7.295000000000000000e+02 3.379999999999999716e+01 2.249000000000000000e+03
7.876000000000000000e+03 5.893000000000000000e+03 5.787999999999999545e+02 4.489999999999999858e+01 2.190000000000000000e+03
7.847000000000000000e+03 6.134000000000000000e+03 5.987999999999999545e+02 3.439999999999999858e+01 2.233000000000000000e+03
7.853000000000000000e+03 6.083000000000000000e+03 6.660000000000000000e+02 3.689999999999999858e+01 2.237000000000000000e+03
7.905000000000000000e+03 6.196000000000000000e+03 6.998999999999999773e+02 3.479999999999999716e+01 2.216000000000000000e+03
7.925000000000000000e+03 5.815000000000000000e+03 1.013399999999999977e+03 4.150000000000000000e+01 2.262000000000000000e+03
7.883000000000000000e+03 6.154000000000000000e+03 6.575000000000000000e+02 4.060000000000000142e+01 2.231000000000000000e+03
7.866000000000000000e+03 6.076000000000000000e+03 7.386000000000000227e+02 4.000000000000000000e+01 2.249000000000000000e+03
7.948000000000000000e+03 6.203000000000000000e+03 9.982999999999999545e+02 3.550000000000000000e+01 2.220000000000000000e+03
7.877000000000000000e+03 5.234000000000000000e+03 6.540000000000000000e+02 4.320000000000000284e+01 2.077000000000000000e+03
7.935000000000000000e+03 6.042000000000000000e+03 6.638999999999999773e+02 3.860000000000000142e+01 2.228000000000000000e+03
7.920000000000000000e+03 5.967000000000000000e+03 1.054099999999999909e+03 3.400000000000000000e+01 2.131000000000000000e+03
7.851000000000000000e+03 6.004000000000000000e+03 6.737000000000000455e+02 3.429999999999999716e+01 2.263000000000000000e+03
7.964000000000000000e+03 5.885000000000000000e+03 8.047000000000000455e+02 3.529999999999999716e+01 2.225000000000000000e+03
7.916000000000000000e+03 5.940000000000000000e+03 6.098999999999999773e+02 3.650000000000000000e+01 2.193000000000000000e+03
7.881000000000000000e+03 5.907000000000000000e+03 1.067299999999999955e+03 3.800000000000000000e+01 2.184000000000000000e+03
7.880000000000000000e+03 5.857000000000000000e+03 5.732999999999999545e+02 3.679999999999999716e+01 2.182000000000000000e+03
7.872000000000000000e+03 5.710000000000000000e+03 8.018999999999999773e+02 4.529999999999999716e+01 2.131000000000000000e+03
7.919000000000000000e+03 6.239000000000000000e+03 6.307000000000000455e+02 3.700000000000000000e+01 2.248000000000000000e+03
7.941000000000000000e+03 6.261000000000000000e+03 7.746000000000000227e+02 3.310000000000000142e+01 2.224000000000000000e+03
7.900000000000000000e+03 6.186000000000000000e+03 8.200000000000000000e+02 3.210000000000000142e+01 2.320000000000000000e+03
7.961000000000000000e+03 5.614000000000000000e+03 6.418999999999999773e+02 4.379999999999999716e+01 2.118000000000000000e+03
7.872000000000000000e+03 5.956000000000000000e+03 7.360000000000000000e+02 4.029999999999999716e+01 2.236000000000000000e+03
7.909000000000000000e+03 5.972000000000000000e+03 8.797999999999999545e+02 3.429999999999999716e+01 2.193000000000000000e+03
7.933000000000000000e+03 6.211000000000000000e+03 7.583999999999999773e+02 3.180000000000000071e+01 2.244000000000000000e+03
7.905000000000000000e+03 5.623000000000000000e+03 7.357000000000000455e+02 4.039999999999999858e+01 2.147000000000000000e+03
7.848000000000000000e+03 5.933000000000000000e+03 5.798999999999999773e+02 3.520000000000000284e+01 2.201000000000000000e+03
7.885000000000000000e+03 6.020000000000000000e+03 6.357000000000000455e+02 3.670000000000000284e+01 2.259000000000000000e+03
7.908000000000000000e+03 6.068000000000000000e+03 5.850000000000000000e+02 3.589999999999999858e+01 2.207000000000000000e+03
7.929000000000000000e+03 6.018000000000000000e+03 9.611000000000000227e+02 3.800000000000000000e+01 2.162000000000000000e+03
7.883000000000000000e+03 5.663000000000000000e+03 6.088999999999999773e+02 4.289999999999999858e+01 2.175000000000000000e+03
7.980000000000000000e+03 6.134000000000000000e+03 7.522000000000000455e+02 3.539999999999999858e+01 2.212000000000000000e+03
7.911000000000000000e+03 6.070000000000000000e+03 9.396000000000000227e+02 3.500000000000000000e+01 2.209000000000000000e+03
7.969000000000000000e+03 5.966000000000000000e+03 5.752999999999999545e+02 3.860000000000000142e+01 2.229000000000000000e+03
7.949000000000000000e+03 5.990000000000000000e+03 9.170000000000000000e+02 3.439999999999999858e+01 2.226000000000000000e+03
7.877000000000000000e+03 6.182000000000000000e+03 8.247000000000000455e+02 3.710000000000000142e+01 2.174000000000000000e+03
7.888000000000000000e+03 5.935000000000000000e+03 7.152000000000000455e+02 3.550000000000000000e+01 2.153000000000000000e+03
7.901000000000000000e+03 6.039000000000000000e+03 5.971000000000000227e+02 4.010000000000000142e+01 2.180000000000000000e+03
7.875000000000000000e+03 5.672000000000000000e+03 8.347999999999999545e+02 3.820000000000000284e+01 2.159000000000000000e+03
7.902000000000000000e+03 6.229000000000000000e+03 5.602000000000000455e+02 3.479999999999999716e+01 2.277000000000000000e+03
7.935000000000000000e+03 5.751000000000000000e+03 7.131000000000000227e+02 3.939999999999999858e+01 2.089000000000000000e+03
7.882000000000000000e+03 5.953000000000000000e+03 7.537999999999999545e+02 4.079999999999999716e+01 2.237000000000000000e+03
7.893000000000000000e+03 5.569000000000000000e+03 6.660000000000000000e+02 3.410000000000000142e+01 2.193000000000000000e+03
7.882000000000000000e+03 5.946000000000000000e+03 7.557000000000000455e+02 3.760000000000000142e+01 2.236000000000000000e+03
7.947000000000000000e+03 6.241000000000000000e+03 7.363999999999999773e+02 3.679999999999999716e+01 2.223000000000000000e+03
7.904000000000000000e+03 5.969000000000000000e+03 6.258999999999999773e+02 3.429999999999999716e+01 2.164000000000000000e+03
7.952000000000000000e+03 6.396000000000000000e+03 6.351000000000000227e+02 3.479999999999999716e+01 2.241000000000000000e+03
7.964000000000000000e+03 6.091000000000000000e+03 8.855000000000000000e+02 3.600000000000000000e+01 2.265000000000000000e+03
7.915000000000000000e+03 5.979000000000000000e+03 8.177999999999999545e+02 3.789999999999999858e+01 2.248000000000000000e+03
7.894000000000000000e+03 5.885000000000000000e+03 6.621000000000000227e+02 4.200000000000000000e+01 2.223000000000000000e+03
7.968000000000000000e+03 6.201000000000000000e+03 7.970000000000000000e+02 3.560000000000000142e+01 2.247000000000000000e+03
7.915000000000000000e+03 6.126000000000000000e+03 8.255000000000000000e+02 3.560000000000000142e+01 2.182000000000000000e+03
7.859000000000000000e+03 6.131000000000000000e+03 7.297999999999999545e+02 3.450000000000000000e+01 2.157000000000000000e+03
7.944000000000000000e+03 5.966000000000000000e+03 6.361000000000000227e+02 4.089999999999999858e+01 2.220000000000000000e+03
7.915000000000000000e+03 5.878000000000000000e+03 7.058999999999999773e+02 4.060000000000000142e+01 2.170000000000000000e+03
7.929000000000000000e+03 6.036000000000000000e+03 5.760000000000000000e+02 3.529999999999999716e+01 2.225000000000000000e+03
7.909000000000000000e+03 5.918000000000000000e+03 7.593999999999999773e+02 3.650000000000000000e+01 2.143000000000000000e+03
7.954000000000000000e+03 5.785000000000000000e+03 7.382000000000000455e+02 3.850000000000000000e+01 2.240000000000000000e+03
7.936000000000000000e+03 5.910000000000000000e+03 6.871000000000000227e+02 3.610000000000000142e+01 2.254000000000000000e+03
7.888000000000000000e+03 5.962000000000000000e+03 7.842999999999999545e+02 3.900000000000000000e+01 2.248000000000000000e+03
7.898000000000000000e+03 5.803000000000000000e+03 6.648999999999999773e+02 4.070000000000000284e+01 2.189000000000000000e+03
7.831000000000000000e+03 5.865000000000000000e+03 7.100000000000000000e+02 4.170000000000000284e+01 2.141000000000000000e+03
7.926000000000000000e+03 5.752000000000000000e+03 1.119099999999999909e+03 3.910000000000000142e+01 2.142000000000000000e+03
7.883000000000000000e+03 6.222000000000000000e+03 9.717999999999999545e+02 3.489999999999999858e+01 2.178000000000000000e+03
7.924000000000000000e+03 5.944000000000000000e+03 6.697999999999999545e+02 3.460000000000000142e+01 2.173000000000000000e+03
7.957000000000000000e+03 6.142000000000000000e+03 8.442999999999999545e+02 3.760000000000000142e+01 2.180000000000000000e+03
7.888000000000000000e+03 6.223000000000000000e+03 6.863999999999999773e+02 3.470000000000000284e+01 2.229000000000000000e+03
7.928000000000000000e+03 6.029000000000000000e+03 6.127999999999999545e+02 3.260000000000000142e+01 2.216000000000000000e+03
7.942000000000000000e+03 6.117000000000000000e+03 1.106099999999999909e+03 3.200000000000000000e+01 2.188000000000000000e+03
7.957000000000000000e+03 6.139000000000000000e+03 7.932999999999999545e+02 3.539999999999999858e+01 2.265000000000000000e+03
7.855000000000000000e+03 6.100000000000000000e+03 6.427999999999999545e+02 3.429999999999999716e+01 2.244000000000000000e+03
7.939000000000000000e+03 6.231000000000000000e+03 7.137999999999999545e+02 3.570000000000000284e+01 2.330000000000000000e+03
7.901000000000000000e+03 5.858000000000000000e+03 5.780000000000000000e+02 3.579999999999999716e+01 2.239000000000000000e+03
7.932000000000000000e+03 5.847000000000000000e+03 6.668999999999999773e+02 3.410000000000000142e+01 2.187000000000000000e+03
7.889000000000000000e+03 5.727000000000000000e+03 7.673999999999999773e+02 3.600000000000000000e+01 2.195000000000000000e+03
7.900000000000000000e+03 5.605000000000000000e+03 7.822000000000000455e+02 4.579999999999999716e+01 2.095000000000000000e+03
7.913000000000000000e+03 5.920000000000000000e+03 7.011000000000000227e+02 3.689999999999999858e+01 2.195000000000000000e+03
7.901000000000000000e+03 6.086000000000000000e+03 7.537999999999999545e+02 3.610000000000000142e+01 2.193000000000000000e+03
7.935000000000000000e+03 5.833000000000000000e+03 8.878999999999999773e+02 3.910000000000000142e+01 2.192000000000000000e+03
7.893000000000000000e+03 5.754000000000000000e+03 5.538999999999999773e+02 3.739999999999999858e+01 2.200000000000000000e+03
7.936000000000000000e+03 5.915000000000000000e+03 1.036299999999999955e+03 3.529999999999999716e+01 2.272000000000000000e+03
7.906000000000000000e+03 5.785000000000000000e+03 6.995000000000000000e+02 3.679999999999999716e+01 2.216000000000000000e+03
7.869000000000000000e+03 5.805000000000000000e+03 6.582000000000000455e+02 3.750000000000000000e+01 2.199000000000000000e+03
7.846000000000000000e+03 5.682000000000000000e+03 7.265000000000000000e+02 3.879999999999999716e+01 2.149000000000000000e+03
7.866000000000000000e+03 6.435000000000000000e+03 5.781000000000000227e+02 3.270000000000000284e+01 2.283000000000000000e+03
7.884000000000000000e+03 5.890000000000000000e+03 6.841000000000000227e+02 3.350000000000000000e+01 2.219000000000000000e+03
7.861000000000000000e+03 6.090000000000000000e+03 6.840000000000000000e+02 3.670000000000000284e+01 2.243000000000000000e+03
7.888000000000000000e+03 6.112000000000000000e+03 7.433999999999999773e+02 3.279999999999999716e+01 2.285000000000000000e+03
7.832000000000000000e+03 5.770000000000000000e+03 7.930000000000000000e+02 3.670000000000000284e+01 2.237000000000000000e+03
7.868000000000000000e+03 5.648000000000000000e+03 8.627000000000000455e+02 3.760000000000000142e+01 2.189000000000000000e+03
7.847000000000000000e+03 6.077000000000000000e+03 1.121599999999999909e+03 4.100000000000000000e+01 2.174000000000000000e+03
7.862000000000000000e+03 6.031000000000000000e+03 6.646000000000000227e+02 3.570000000000000284e+01 2.246000000000000000e+03
7.907000000000000000e+03 6.099000000000000000e+03 7.205000000000000000e+02 3.279999999999999716e+01 2.203000000000000000e+03
7.789000000000000000e+03 5.835000000000000000e+03 6.767999999999999545e+02 4.050000000000000000e+01 2.270000000000000000e+03
7.897000000000000000e+03 6.004000000000000000e+03 6.447999999999999545e+02 3.610000000000000142e+01 2.213000000000000000e+03
7.914000000000000000e+03 5.812000000000000000e+03 5.851000000000000227e+02 3.700000000000000000e+01 2.173000000000000000e+03
7.916000000000000000e+03 6.286000000000000000e+03 5.863999999999999773e+02 3.329999999999999716e+01 2.303000000000000000e+03
7.885000000000000000e+03 6.289000000000000000e+03 9.035000000000000000e+02 3.689999999999999858e+01 2.230000000000000000e+03
7.861000000000000000e+03 5.929000000000000000e+03 8.317000000000000455e+02 3.979999999999999716e+01 2.152000000000000000e+03
7.925000000000000000e+03 6.040000000000000000e+03 8.361000000000000227e+02 3.789999999999999858e+01 2.254000000000000000e+03
7.909000000000000000e+03 6.196000000000000000e+03 7.257999999999999545e+02 3.400000000000000000e+01 2.206000000000000000e+03
7.936000000000000000e+03 5.537000000000000000e+03 8.960000000000000000e+02 3.750000000000000000e+01 2.139000000000000000e+03
7.984000000000000000e+03 5.933000000000000000e+03 7.241000000000000227e+02 3.529999999999999716e+01 2.220000000000000000e+03
7.928000000000000000e+03 5.990000000000000000e+03 6.656000000000000227e+02 3.760000000000000142e+01 2.221000000000000000e+03
7.893000000000000000e+03 5.843000000000000000e+03 7.032999999999999545e+02 3.479999999999999716e+01 2.217000000000000000e+03
7.935000000000000000e+03 5.946000000000000000e+03 1.552599999999999909e+03 3.529999999999999716e+01 2.219000000000000000e+03
7.869000000000000000e+03 5.918000000000000000e+03 8.021000000000000227e+02 3.870000000000000284e+01 2.165000000000000000e+03
7.910000000000000000e+03 5.740000000000000000e+03 6.443999999999999773e+02 4.239999999999999858e+01 2.221000000000000000e+03
7.911000000000000000e+03 5.941000000000000000e+03 8.490000000000000000e+02 3.850000000000000000e+01 2.181000000000000000e+03
7.929000000000000000e+03 5.845000000000000000e+03 1.031400000000000091e+03 4.020000000000000284e+01 2.215000000000000000e+03
7.888000000000000000e+03 6.146000000000000000e+03 6.397000000000000455e+02 3.660000000000000142e+01 2.255000000000000000e+03
7.909000000000000000e+03 5.957000000000000000e+03 6.896000000000000227e+02 3.589999999999999858e+01 2.212000000000000000e+03
7.991000000000000000e+03 6.010000000000000000e+03 6.261000000000000227e+02 3.810000000000000142e+01 2.234000000000000000e+03
7.882000000000000000e+03 6.163000000000000000e+03 6.640000000000000000e+02 3.789999999999999858e+01 2.225000000000000000e+03
7.905000000000000000e+03 5.978000000000000000e+03 7.078999999999999773e+02 3.360000000000000142e+01 2.260000000000000000e+03
7.900000000000000000e+03 5.924000000000000000e+03 6.467999999999999545e+02 3.339999999999999858e+01 2.255000000000000000e+03
7.951000000000000000e+03 5.997000000000000000e+03 7.538999999999999773e+02 3.470000000000000284e+01 2.122000000000000000e+03
7.995000000000000000e+03 6.052000000000000000e+03 8.462000000000000455e+02 3.479999999999999716e+01 2.215000000000000000e+03
7.904000000000000000e+03 5.995000000000000000e+03 7.098999999999999773e+02 3.610000000000000142e+01 2.182000000000000000e+03
7.926000000000000000e+03 6.148000000000000000e+03 6.112999999999999545e+02 4.000000000000000000e+01 2.273000000000000000e+03
7.983000000000000000e+03 5.570000000000000000e+03 7.070000000000000000e+02 3.850000000000000000e+01 2.143000000000000000e+03
7.905000000000000000e+03 6.045000000000000000e+03 7.816000000000000227e+02 3.639999999999999858e+01 2.203000000000000000e+03
7.909000000000000000e+03 5.913000000000000000e+03 6.416000000000000227e+02 3.750000000000000000e+01 2.171000000000000000e+03
7.875000000000000000e+03 5.939000000000000000e+03 6.222000000000000455e+02 3.060000000000000142e+01 2.196000000000000000e+03
7.958000000000000000e+03 5.967000000000000000e+03 9.342000000000000455e+02 3.620000000000000284e+01 2.144000000000000000e+03
7.867000000000000000e+03 6.253000000000000000e+03 5.557999999999999545e+02 3.939999999999999858e+01 2.279000000000000000e+03
7.987000000000000000e+03 6.154000000000000000e+03 7.222000000000000455e+02 3.850000000000000000e+01 2.241000000000000000e+03
7.908000000000000000e+03 5.947000000000000000e+03 1.310000000000000000e+03 3.479999999999999716e+01 2.173000000000000000e+03
7.897000000000000000e+03 5.920000000000000000e+03 7.208999999999999773e+02 3.850000000000000000e+01 2.203000000000000000e+03
7.923000000000000000e+03 6.117000000000000000e+03 7.027999999999999545e+02 3.770000000000000284e+01 2.209000000000000000e+03
7.903000000000000000e+03 6.004000000000000000e+03 8.247999999999999545e+02 3.400000000000000000e+01 2.225000000000000000e+03
7.875000000000000000e+03 5.888000000000000000e+03 6.542000000000000455e+02 3.339999999999999858e+01 2.230000000000000000e+03
7.875000000000000000e+03 6.203000000000000000e+03 9.193999999999999773e+02 3.760000000000000142e+01 2.215000000000000000e+03
7.989000000000000000e+03 6.177000000000000000e+03 7.211000000000000227e+02 3.570000000000000284e+01 2.151000000000000000e+03
7.873000000000000000e+03 5.831000000000000000e+03 6.975000000000000000e+02 4.060000000000000142e+01 2.199000000000000000e+03
7.899000000000000000e+03 5.884000000000000000e+03 7.756000000000000227e+02 3.410000000000000142e+01 2.216000000000000000e+03
7.844000000000000000e+03 5.990000000000000000e+03 5.136000000000000227e+02 3.400000000000000000e+01 2.219000000000000000e+03
7.837000000000000000e+03 5.808000000000000000e+03 5.992999999999999545e+02 3.479999999999999716e+01 2.172000000000000000e+03
7.902000000000000000e+03 6.204000000000000000e+03 7.491000000000000227e+02 3.150000000000000000e+01 2.227000000000000000e+03
7.950000000000000000e+03 6.094000000000000000e+03 8.756000000000000227e+02 4.039999999999999858e+01 2.250000000000000000e+03
7.916000000000000000e+03 5.759000000000000000e+03 1.080500000000000000e+03 3.910000000000000142e+01 2.165000000000000000e+03
7.998000000000000000e+03 5.725000000000000000e+03 8.802000000000000455e+02 4.020000000000000284e+01 2.130000000000000000e+03
7.948000000000000000e+03 5.970000000000000000e+03 7.013999999999999773e+02 3.800000000000000000e+01 2.140000000000000000e+03
7.926000000000000000e+03 5.928000000000000000e+03 6.022000000000000455e+02 3.629999999999999716e+01 2.110000000000000000e+03
7.889000000000000000e+03 5.423000000000000000e+03 7.355000000000000000e+02 3.429999999999999716e+01 2.165000000000000000e+03
7.838000000000000000e+03 5.976000000000000000e+03 6.613999999999999773e+02 3.500000000000000000e+01 2.271000000000000000e+03
7.928000000000000000e+03 5.985000000000000000e+03 7.157000000000000455e+02 3.539999999999999858e+01 2.249000000000000000e+03
7.883000000000000000e+03 5.811000000000000000e+03 1.127400000000000091e+03 4.179999999999999716e+01 2.144000000000000000e+03
7.873000000000000000e+03 5.955000000000000000e+03 7.240000000000000000e+02 3.870000000000000284e+01 2.295000000000000000e+03
7.894000000000000000e+03 5.779000000000000000e+03 6.372999999999999545e+02 3.760000000000000142e+01 2.198000000000000000e+03
7.870000000000000000e+03 6.104000000000000000e+03 8.277000000000000455e+02 3.779999999999999716e+01 2.227000000000000000e+03
7.961000000000000000e+03 6.024000000000000000e+03 6.860000000000000000e+02 3.300000000000000000e+01 2.212000000000000000e+03
7.929000000000000000e+03 5.658000000000000000e+03 7.573999999999999773e+02 4.000000000000000000e+01 2.213000000000000000e+03
7.874000000000000000e+03 6.027000000000000000e+03 7.303999999999999773e+02 3.900000000000000000e+01 2.194000000000000000e+03
7.986000000000000000e+03 5.801000000000000000e+03 7.331000000000000227e+02 4.120000000000000284e+01 2.213000000000000000e+03
7.906000000000000000e+03 6.192000000000000000e+03 8.512999999999999545e+02 3.520000000000000284e+01 2.176000000000000000e+03
7.893000000000000000e+03 5.879000000000000000e+03 6.736000000000000227e+02 3.689999999999999858e+01 2.179000000000000000e+03
7.944000000000000000e+03 5.936000000000000000e+03 5.931000000000000227e+02 3.550000000000000000e+01 2.108000000000000000e+03
7.928000000000000000e+03 6.083000000000000000e+03 6.272000000000000455e+02 3.870000000000000284e+01 2.224000000000000000e+03
7.848000000000000000e+03 5.927000000000000000e+03 6.735000000000000000e+02 3.729999999999999716e+01 2.296000000000000000e+03
7.911000000000000000e+03 6.159000000000000000e+03 7.527000000000000455e+02 3.360000000000000142e+01 2.195000000000000000e+03
7.860000000000000000e+03 6.258000000000000000e+03 6.292000000000000455e+02 3.479999999999999716e+01 2.271000000000000000e+03
7.950000000000000000e+03 5.716000000000000000e+03 7.053999999999999773e+02 3.770000000000000284e+01 2.172000000000000000e+03
7.874000000000000000e+03 6.143000000000000000e+03 7.362000000000000455e+02 3.310000000000000142e+01 2.188000000000000000e+03
7.903000000000000000e+03 5.805000000000000000e+03 5.607000000000000455e+02 3.860000000000000142e+01 2.186000000000000000e+03
7.841000000000000000e+03 5.532000000000000000e+03 8.067000000000000455e+02 3.939999999999999858e+01 2.156000000000000000e+03
7.968000000000000000e+03 6.289000000000000000e+03 5.911000000000000227e+02 3.529999999999999716e+01 2.177000000000000000e+03
7.899000000000000000e+03 5.818000000000000000e+03 7.230000000000000000e+02 3.879999999999999716e+01 2.162000000000000000e+03
7.922000000000000000e+03 5.852000000000000000e+03 5.915000000000000000e+02 3.789999999999999858e+01 2.177000000000000000e+03
7.883000000000000000e+03 6.022000000000000000e+03 7.725000000000000000e+02 3.479999999999999716e+01 2.218000000000000000e+03
7.938000000000000000e+03 6.066000000000000000e+03 7.246000000000000227e+02 3.210000000000000142e+01 2.317000000000000000e+03
7.883000000000000000e+03 5.865000000000000000e+03 6.877999999999999545e+02 3.689999999999999858e+01 2.221000000000000000e+03
7.906000000000000000e+03 6.101000000000000000e+03 7.178999999999999773e+02 3.979999999999999716e+01 2.213000000000000000e+03
7.878000000000000000e+03 6.213000000000000000e+03 1.124099999999999909e+03 3.520000000000000284e+01 2.244000000000000000e+03
7.917000000000000000e+03 6.050000000000000000e+03 6.852999999999999545e+02 4.300000000000000000e+01 2.222000000000000000e+03
7.920000000000000000e+03 5.673000000000000000e+03 6.642999999999999545e+02 4.350000000000000000e+01 2.223000000000000000e+03
7.898000000000000000e+03 6.009000000000000000e+03 1.035400000000000091e+03 3.529999999999999716e+01 2.210000000000000000e+03
7.912000000000000000e+03 5.892000000000000000e+03 6.485000000000000000e+02 3.460000000000000142e+01 2.207000000000000000e+03
7.933000000000000000e+03 6.194000000000000000e+03 1.289799999999999955e+03 3.539999999999999858e+01 2.245000000000000000e+03
7.895000000000000000e+03 5.980000000000000000e+03 6.407999999999999545e+02 3.639999999999999858e+01 2.156000000000000000e+03
7.974000000000000000e+03 6.061000000000000000e+03 1.091500000000000000e+03 3.300000000000000000e+01 2.170000000000000000e+03
7.909000000000000000e+03 5.913000000000000000e+03 7.035000000000000000e+02 3.460000000000000142e+01 2.218000000000000000e+03
7.900000000000000000e+03 5.998000000000000000e+03 9.123999999999999773e+02 3.400000000000000000e+01 2.234000000000000000e+03
7.935000000000000000e+03 6.147000000000000000e+03 8.291000000000000227e+02 3.389999999999999858e+01 2.172000000000000000e+03
7.843000000000000000e+03 6.067000000000000000e+03 6.853999999999999773e+02 3.839999999999999858e+01 2.265000000000000000e+03
7.921000000000000000e+03 6.157000000000000000e+03 9.182999999999999545e+02 3.470000000000000284e+01 2.271000000000000000e+03
7.853000000000000000e+03 5.987000000000000000e+03 1.015299999999999955e+03 3.450000000000000000e+01 2.177000000000000000e+03
7.875000000000000000e+03 5.785000000000000000e+03 9.103999999999999773e+02 3.600000000000000000e+01 2.167000000000000000e+03
7.898000000000000000e+03 5.904000000000000000e+03 8.025000000000000000e+02 4.050000000000000000e+01 2.216000000000000000e+03
7.904000000000000000e+03 5.770000000000000000e+03 6.773999999999999773e+02 3.839999999999999858e+01 2.228000000000000000e+03
7.885000000000000000e+03 5.943000000000000000e+03 7.028999999999999773e+02 3.410000000000000142e+01 2.205000000000000000e+03
7.974000000000000000e+03 6.009000000000000000e+03 7.292999999999999545e+02 3.439999999999999858e+01 2.298000000000000000e+03
7.924000000000000000e+03 5.981000000000000000e+03 9.981000000000000227e+02 3.550000000000000000e+01 2.248000000000000000e+03
7.820000000000000000e+03 6.092000000000000000e+03 7.432000000000000455e+02 4.229999999999999716e+01 2.251000000000000000e+03
7.821000000000000000e+03 6.060000000000000000e+03 1.033400000000000091e+03 3.239999999999999858e+01 2.197000000000000000e+03
7.872000000000000000e+03 6.078000000000000000e+03 6.231000000000000227e+02 3.610000000000000142e+01 2.249000000000000000e+03
7.913000000000000000e+03 6.108000000000000000e+03 7.986000000000000227e+02 3.250000000000000000e+01 2.193000000000000000e+03
7.945000000000000000e+03 5.502000000000000000e+03 6.860000000000000000e+02 4.260000000000000142e+01 2.153000000000000000e+03
7.892000000000000000e+03 5.774000000000000000e+03 7.103999999999999773e+02 3.720000000000000284e+01 2.207000000000000000e+03
7.856000000000000000e+03 6.045000000000000000e+03 7.841000000000000227e+02 3.979999999999999716e+01 2.214000000000000000e+03
7.934000000000000000e+03 5.915000000000000000e+03 7.181000000000000227e+02 3.979999999999999716e+01 2.197000000000000000e+03
7.857000000000000000e+03 6.152000000000000000e+03 7.055000000000000000e+02 3.439999999999999858e+01 2.228000000000000000e+03
7.888000000000000000e+03 6.168000000000000000e+03 1.195900000000000091e+03 3.450000000000000000e+01 2.304000000000000000e+03
7.914000000000000000e+03 6.096000000000000000e+03 7.167999999999999545e+02 3.770000000000000284e+01 2.281000000000000000e+03
7.883000000000000000e+03 5.922000000000000000e+03 8.693999999999999773e+02 3.850000000000000000e+01 2.173000000000000000e+03
7.924000000000000000e+03 5.901000000000000000e+03 1.118000000000000000e+03 3.220000000000000284e+01 2.121000000000000000e+03
7.889000000000000000e+03 5.925000000000000000e+03 9.878999999999999773e+02 3.650000000000000000e+01 2.155000000000000000e+03
7.948000000000000000e+03 5.932000000000000000e+03 8.282999999999999545e+02 3.200000000000000000e+01 2.245000000000000000e+03
7.887000000000000000e+03 5.817000000000000000e+03 6.307000000000000455e+02 3.839999999999999858e+01 2.231000000000000000e+03
7.891000000000000000e+03 5.962000000000000000e+03 7.772000000000000455e+02 4.229999999999999716e+01 2.212000000000000000e+03
7.914000000000000000e+03 6.000000000000000000e+03 7.122999999999999545e+02 3.520000000000000284e+01 2.224000000000000000e+03
7.869000000000000000e+03 6.120000000000000000e+03 6.408999999999999773e+02 3.470000000000000284e+01 2.217000000000000000e+03
7.954000000000000000e+03 6.080000000000000000e+03 8.308999999999999773e+02 3.620000000000000284e+01 2.202000000000000000e+03
7.898000000000000000e+03 6.118000000000000000e+03 7.508999999999999773e+02 3.529999999999999716e+01 2.253000000000000000e+03
7.946000000000000000e+03 5.621000000000000000e+03 6.567000000000000455e+02 3.770000000000000284e+01 2.202000000000000000e+03
7.895000000000000000e+03 5.759000000000000000e+03 9.845000000000000000e+02 3.960000000000000142e+01 2.213000000000000000e+03
7.895000000000000000e+03 6.082000000000000000e+03 7.547999999999999545e+02 3.650000000000000000e+01 2.275000000000000000e+03
7.923000000000000000e+03 5.760000000000000000e+03 9.957999999999999545e+02 4.150000000000000000e+01 2.145000000000000000e+03
7.881000000000000000e+03 5.913000000000000000e+03 5.865000000000000000e+02 3.350000000000000000e+01 2.231000000000000000e+03
7.905000000000000000e+03 5.976000000000000000e+03 8.266000000000000227e+02 3.689999999999999858e+01 2.258000000000000000e+03
7.917000000000000000e+03 6.110000000000000000e+03 6.682000000000000455e+02 3.310000000000000142e+01 2.259000000000000000e+03
7.941000000000000000e+03 5.694000000000000000e+03 7.388999999999999773e+02 3.720000000000000284e+01 2.136000000000000000e+03
7.898000000000000000e+03 5.866000000000000000e+03 7.236000000000000227e+02 3.570000000000000284e+01 2.221000000000000000e+03
7.918000000000000000e+03 5.988000000000000000e+03 6.731000000000000227e+02 3.400000000000000000e+01 2.200000000000000000e+03
7.877000000000000000e+03 5.781000000000000000e+03 6.858999999999999773e+02 4.100000000000000000e+01 2.187000000000000000e+03
7.885000000000000000e+03 6.074000000000000000e+03 8.432000000000000455e+02 3.920000000000000284e+01 2.085000000000000000e+03
7.963000000000000000e+03 5.993000000000000000e+03 5.930000000000000000e+02 3.570000000000000284e+01 2.270000000000000000e+03
7.940000000000000000e+03 6.068000000000000000e+03 8.182000000000000455e+02 3.500000000000000000e+01 2.231000000000000000e+03
