9.276000000000000000e+03 7.963000000000000000e+03 2.015999999999999943e+02 1.069999999999999929e+01 8.080000000000000000e+02
9.318000000000000000e+03 7.996000000000000000e+03 1.888000000000000114e+02 1.159999999999999964e+01 7.850000000000000000e+02
9.305000000000000000e+03 7.954000000000000000e+03 2.690000000000000000e+02 1.059999999999999964e+01 7.810000000000000000e+02
9.325000000000000000e+03 7.909000000000000000e+03 1.785999999999999943e+02 1.200000000000000000e+01 7.950000000000000000e+02
9.261000000000000000e+03 8.020000000000000000e+03 2.074000000000000057e+02 1.100000000000000000e+01 8.200000000000000000e+02
9.305000000000000000e+03 7.818000000000000000e+03 2.228000000000000114e+02 1.090000000000000036e+01 8.040000000000000000e+02
9.319000000000000000e+03 7.988000000000000000e+03 1.811999999999999886e+02 1.150000000000000000e+01 7.650000000000000000e+02
9.309000000000000000e+03 7.867000000000000000e+03 2.219000000000000057e+02 1.080000000000000071e+01 8.020000000000000000e+02
9.315000000000000000e+03 7.926000000000000000e+03 1.895999999999999943e+02 1.090000000000000036e+01 7.610000000000000000e+02
9.291000000000000000e+03 7.937000000000000000e+03 2.005999999999999943e+02 1.030000000000000071e+01 8.300000000000000000e+02
9.304000000000000000e+03 7.788000000000000000e+03 1.901999999999999886e+02 1.230000000000000071e+01 7.670000000000000000e+02
9.320000000000000000e+03 7.845000000000000000e+03 2.856999999999999886e+02 1.159999999999999964e+01 7.760000000000000000e+02
9.341000000000000000e+03 7.907000000000000000e+03 2.268000000000000114e+02 1.109999999999999964e+01 7.690000000000000000e+02
9.271000000000000000e+03 7.931000000000000000e+03 2.176999999999999886e+02 1.119999999999999929e+01 7.620000000000000000e+02
9.308000000000000000e+03 7.871000000000000000e+03 2.410999999999999943e+02 1.169999999999999929e+01 8.120000000000000000e+02
9.340000000000000000e+03 7.825000000000000000e+03 2.026999999999999886e+02 1.100000000000000000e+01 7.570000000000000000e+02
9.307000000000000000e+03 7.943000000000000000e+03 2.043000000000000114e+02 1.050000000000000000e+01 7.890000000000000000e+02
9.308000000000000000e+03 7.960000000000000000e+03 2.170999999999999943e+02 1.130000000000000071e+01 7.660000000000000000e+02
9.288000000000000000e+03 8.019000000000000000e+03 2.119000000000000057e+02 1.080000000000000071e+01 7.940000000000000000e+02
9.304000000000000000e+03 7.833000000000000000e+03 2.200999999999999943e+02 1.109999999999999964e+01 7.760000000000000000e+02
9.307000000000000000e+03 7.882000000000000000e+03 2.383000000000000114e+02 1.080000000000000071e+01 8.210000000000000000e+02
9.323000000000000000e+03 7.915000000000000000e+03 2.631000000000000227e+02 1.059999999999999964e+01 7.980000000000000000e+02
9.320000000000000000e+03 7.872000000000000000e+03 2.828000000000000114e+02 1.159999999999999964e+01 8.010000000000000000e+02
9.278000000000000000e+03 7.928000000000000000e+03 2.015999999999999943e+02 1.069999999999999929e+01 7.970000000000000000e+02
9.213000000000000000e+03 8.030000000000000000e+03 2.663000000000000114e+02 1.109999999999999964e+01 7.690000000000000000e+02
9.259000000000000000e+03 7.981000000000000000e+03 1.690000000000000000e+02 1.050000000000000000e+01 7.880000000000000000e+02
9.281000000000000000e+03 7.955000000000000000e+03 2.081999999999999886e+02 1.130000000000000071e+01 7.660000000000000000e+02
9.310000000000000000e+03 7.957000000000000000e+03 2.101999999999999886e+02 1.159999999999999964e+01 7.950000000000000000e+02
9.279000000000000000e+03 7.865000000000000000e+03 2.384000000000000057e+02 1.059999999999999964e+01 7.840000000000000000e+02
9.300000000000000000e+03 8.043000000000000000e+03 1.855999999999999943e+02 1.069999999999999929e+01 8.200000000000000000e+02
9.234000000000000000e+03 7.913000000000000000e+03 2.625000000000000000e+02 1.119999999999999929e+01 8.150000000000000000e+02
9.267000000000000000e+03 7.925000000000000000e+03 2.003000000000000114e+02 1.250000000000000000e+01 8.050000000000000000e+02
9.240000000000000000e+03 7.796000000000000000e+03 2.124000000000000057e+02 1.150000000000000000e+01 7.670000000000000000e+02
9.323000000000000000e+03 7.993000000000000000e+03 2.591999999999999886e+02 1.150000000000000000e+01 8.320000000000000000e+02
9.333000000000000000e+03 8.015000000000000000e+03 2.250999999999999943e+02 1.040000000000000036e+01 8.000000000000000000e+02
9.304000000000000000e+03 7.854000000000000000e+03 2.703000000000000114e+02 1.119999999999999929e+01 7.940000000000000000e+02
9.312000000000000000e+03 7.930000000000000000e+03 1.845000000000000000e+02 1.140000000000000036e+01 8.060000000000000000e+02
9.284000000000000000e+03 7.903000000000000000e+03 1.698000000000000114e+02 1.059999999999999964e+01 7.910000000000000000e+02
9.294000000000000000e+03 7.990000000000000000e+03 2.255000000000000000e+02 1.100000000000000000e+01 8.080000000000000000e+02
9.300000000000000000e+03 7.910000000000000000e+03 2.349000000000000057e+02 1.080000000000000071e+01 8.060000000000000000e+02
9.302000000000000000e+03 7.946000000000000000e+03 2.360000000000000000e+02 1.090000000000000036e+01 8.230000000000000000e+02
9.324000000000000000e+03 7.829000000000000000e+03 2.273000000000000114e+02 1.150000000000000000e+01 7.560000000000000000e+02
9.289000000000000000e+03 7.944000000000000000e+03 2.115000000000000000e+02 1.069999999999999929e+01 8.080000000000000000e+02
9.306000000000000000e+03 7.920000000000000000e+03 2.320000000000000000e+02 1.209999999999999964e+01 8.280000000000000000e+02
9.331000000000000000e+03 7.927000000000000000e+03 2.505999999999999943e+02 1.119999999999999929e+01 8.010000000000000000e+02
9.297000000000000000e+03 7.887000000000000000e+03 2.079000000000000057e+02 1.050000000000000000e+01 7.970000000000000000e+02
9.272000000000000000e+03 7.854000000000000000e+03 2.681999999999999886e+02 1.140000000000000036e+01 7.830000000000000000e+02
9.294000000000000000e+03 7.845000000000000000e+03 1.853000000000000114e+02 1.169999999999999929e+01 7.950000000000000000e+02
9.301000000000000000e+03 7.880000000000000000e+03 2.124000000000000057e+02 1.109999999999999964e+01 8.310000000000000000e+02
9.317000000000000000e+03 7.825000000000000000e+03 2.355000000000000000e+02 1.150000000000000000e+01 8.080000000000000000e+02
9.258000000000000000e+03 8.005000000000000000e+03 2.119000000000000057e+02 1.059999999999999964e+01 7.760000000000000000e+02
9.320000000000000000e+03 7.985000000000000000e+03 1.913000000000000114e+02 1.109999999999999964e+01 7.830000000000000000e+02
9.268000000000000000e+03 7.956000000000000000e+03 2.131999999999999886e+02 1.259999999999999964e+01 7.800000000000000000e+02
9.298000000000000000e+03 7.913000000000000000e+03 2.289000000000000057e+02 1.209999999999999964e+01 7.740000000000000000e+02
9.311000000000000000e+03 7.909000000000000000e+03 2.168000000000000114e+02 1.069999999999999929e+01 7.700000000000000000e+02
9.257000000000000000e+03 7.858000000000000000e+03 1.901999999999999886e+02 1.059999999999999964e+01 7.970000000000000000e+02
9.284000000000000000e+03 7.947000000000000000e+03 2.030999999999999943e+02 1.109999999999999964e+01 7.730000000000000000e+02
9.322000000000000000e+03 7.880000000000000000e+03 2.208000000000000114e+02 1.150000000000000000e+01 7.870000000000000000e+02
9.324000000000000000e+03 7.744000000000000000e+03 1.819000000000000057e+02 1.109999999999999964e+01 8.190000000000000000e+02
9.294000000000000000e+03 7.993000000000000000e+03 1.875999999999999943e+02 1.030000000000000071e+01 7.700000000000000000e+02
9.309000000000000000e+03 7.817000000000000000e+03 2.498000000000000114e+02 1.090000000000000036e+01 7.630000000000000000e+02
9.284000000000000000e+03 7.957000000000000000e+03 1.915000000000000000e+02 1.119999999999999929e+01 7.810000000000000000e+02
9.294000000000000000e+03 7.925000000000000000e+03 2.778000000000000114e+02 1.040000000000000036e+01 8.010000000000000000e+02
9.265000000000000000e+03 7.964000000000000000e+03 3.331999999999999886e+02 1.169999999999999929e+01 8.140000000000000000e+02
9.319000000000000000e+03 7.906000000000000000e+03 2.273000000000000114e+02 1.100000000000000000e+01 8.080000000000000000e+02
9.342000000000000000e+03 8.015000000000000000e+03 2.034000000000000057e+02 1.019999999999999929e+01 7.690000000000000000e+02
9.311000000000000000e+03 7.893000000000000000e+03 1.979000000000000057e+02 1.090000000000000036e+01 7.760000000000000000e+02
9.278000000000000000e+03 7.875000000000000000e+03 2.488000000000000114e+02 1.109999999999999964e+01 8.400000000000000000e+02
9.305000000000000000e+03 7.827000000000000000e+03 2.203000000000000114e+02 1.019999999999999929e+01 7.500000000000000000e+02
9.310000000000000000e+03 7.884000000000000000e+03 1.781999999999999886e+02 1.140000000000000036e+01 8.150000000000000000e+02
9.285000000000000000e+03 8.040000000000000000e+03 2.099000000000000057e+02 1.100000000000000000e+01 7.770000000000000000e+02
9.276000000000000000e+03 7.862000000000000000e+03 2.696000000000000227e+02 1.019999999999999929e+01 8.030000000000000000e+02
9.299000000000000000e+03 7.887000000000000000e+03 2.103000000000000114e+02 9.800000000000000711e+00 7.470000000000000000e+02
9.291000000000000000e+03 7.888000000000000000e+03 1.604000000000000057e+02 1.109999999999999964e+01 7.990000000000000000e+02
9.312000000000000000e+03 7.778000000000000000e+03 1.976999999999999886e+02 1.109999999999999964e+01 7.340000000000000000e+02
9.301000000000000000e+03 7.803000000000000000e+03 2.025999999999999943e+02 1.140000000000000036e+01 8.190000000000000000e+02
9.227000000000000000e+03 7.978000000000000000e+03 2.025000000000000000e+02 1.119999999999999929e+01 7.990000000000000000e+02
9.298000000000000000e+03 7.935000000000000000e+03 2.001999999999999886e+02 1.140000000000000036e+01 7.430000000000000000e+02
9.285000000000000000e+03 7.956000000000000000e+03 1.963000000000000114e+02 1.050000000000000000e+01 8.080000000000000000e+02
9.301000000000000000e+03 7.865000000000000000e+03 1.720000000000000000e+02 1.080000000000000071e+01 8.620000000000000000e+02
9.318000000000000000e+03 7.961000000000000000e+03 2.701999999999999886e+02 1.030000000000000071e+01 7.930000000000000000e+02
9.307000000000000000e+03 7.962000000000000000e+03 2.861999999999999886e+02 1.030000000000000071e+01 7.700000000000000000e+02
9.263000000000000000e+03 7.924000000000000000e+03 2.765000000000000000e+02 1.100000000000000000e+01 8.140000000000000000e+02
9.303000000000000000e+03 7.988000000000000000e+03 1.954000000000000057e+02 1.069999999999999929e+01 7.880000000000000000e+02
9.297000000000000000e+03 7.877000000000000000e+03 1.938000000000000114e+02 1.109999999999999964e+01 7.690000000000000000e+02
9.285000000000000000e+03 7.933000000000000000e+03 1.915000000000000000e+02 1.040000000000000036e+01 7.830000000000000000e+02
9.324000000000000000e+03 7.840000000000000000e+03 2.420000000000000000e+02 1.069999999999999929e+01 7.480000000000000000e+02
9.323000000000000000e+03 7.906000000000000000e+03 2.160999999999999943e+02 1.150000000000000000e+01 8.270000000000000000e+02
9.323000000000000000e+03 7.777000000000000000e+03 2.050000000000000000e+02 1.150000000000000000e+01 7.920000000000000000e+02
9.292000000000000000e+03 7.860000000000000000e+03 2.931000000000000227e+02 1.059999999999999964e+01 7.880000000000000000e+02
9.306000000000000000e+03 7.909000000000000000e+03 2.255000000000000000e+02 1.050000000000000000e+01 8.270000000000000000e+02
9.259000000000000000e+03 7.837000000000000000e+03 1.998000000000000114e+02 1.109999999999999964e+01 8.020000000000000000e+02
9.319000000000000000e+03 7.875000000000000000e+03 1.950999999999999943e+02 1.100000000000000000e+01 7.710000000000000000e+02
9.314000000000000000e+03 7.908000000000000000e+03 2.379000000000000057e+02 1.159999999999999964e+01 7.820000000000000000e+02
9.262000000000000000e+03 7.963000000000000000e+03 2.231999999999999886e+02 1.030000000000000071e+01 7.920000000000000000e+02
9.320000000000000000e+03 7.823000000000000000e+03 2.389000000000000057e+02 1.109999999999999964e+01 7.870000000000000000e+02
9.286000000000000000e+03 8.007000000000000000e+03 1.749000000000000057e+02 1.069999999999999929e+01 7.760000000000000000e+02
9.264000000000000000e+03 7.936000000000000000e+03 2.134000000000000057e+02 1.109999999999999964e+01 8.140000000000000000e+02
9.293000000000000000e+03 7.912000000000000000e+03 2.289000000000000057e+02 1.059999999999999964e+01 7.690000000000000000e+02
9.358000000000000000e+03 7.879000000000000000e+03 1.690999999999999943e+02 1.180000000000000071e+01 7.370000000000000000e+02
9.309000000000000000e+03 7.851000000000000000e+03 2.180999999999999943e+02 1.030000000000000071e+01 7.740000000000000000e+02
9.288000000000000000e+03 7.943000000000000000e+03 2.153000000000000114e+02 1.109999999999999964e+01 8.100000000000000000e+02
9.280000000000000000e+03 7.932000000000000000e+03 2.216999999999999886e+02 1.109999999999999964e+01 7.610000000000000000e+02
9.294000000000000000e+03 7.876000000000000000e+03 2.300999999999999943e+02 1.069999999999999929e+01 8.390000000000000000e+02
9.286000000000000000e+03 7.885000000000000000e+03 2.618000000000000114e+02 1.119999999999999929e+01 8.200000000000000000e+02
9.282000000000000000e+03 7.968000000000000000e+03 2.680000000000000000e+02 1.100000000000000000e+01 7.990000000000000000e+02
9.332000000000000000e+03 7.967000000000000000e+03 2.180000000000000000e+02 1.090000000000000036e+01 7.400000000000000000e+02
9.286000000000000000e+03 7.930000000000000000e+03 2.405000000000000000e+02 1.169999999999999929e+01 8.240000000000000000e+02
9.297000000000000000e+03 7.898000000000000000e+03 1.990999999999999943e+02 1.119999999999999929e+01 7.720000000000000000e+02
9.265000000000000000e+03 7.851000000000000000e+03 1.915000000000000000e+02 1.119999999999999929e+01 7.900000000000000000e+02
9.290000000000000000e+03 7.946000000000000000e+03 1.965999999999999943e+02 1.109999999999999964e+01 7.960000000000000000e+02
9.338000000000000000e+03 7.940000000000000000e+03 1.943000000000000114e+02 1.130000000000000071e+01 8.200000000000000000e+02
9.274000000000000000e+03 7.916000000000000000e+03 2.004000000000000057e+02 1.100000000000000000e+01 7.880000000000000000e+02
9.290000000000000000e+03 7.966000000000000000e+03 3.176000000000000227e+02 1.119999999999999929e+01 7.770000000000000000e+02
9.287000000000000000e+03 8.027000000000000000e+03 1.794000000000000057e+02 1.080000000000000071e+01 8.300000000000000000e+02
9.332000000000000000e+03 7.897000000000000000e+03 2.811999999999999886e+02 1.100000000000000000e+01 7.710000000000000000e+02
9.357000000000000000e+03 7.939000000000000000e+03 1.969000000000000057e+02 1.140000000000000036e+01 7.560000000000000000e+02
9.286000000000000000e+03 7.789000000000000000e+03 2.384000000000000057e+02 1.219999999999999929e+01 7.740000000000000000e+02
9.300000000000000000e+03 7.852000000000000000e+03 2.561999999999999886e+02 1.050000000000000000e+01 7.910000000000000000e+02
9.292000000000000000e+03 7.943000000000000000e+03 1.963000000000000114e+02 1.150000000000000000e+01 7.600000000000000000e+02
9.311000000000000000e+03 7.918000000000000000e+03 1.860000000000000000e+02 1.150000000000000000e+01 7.790000000000000000e+02
9.314000000000000000e+03 7.922000000000000000e+03 1.884000000000000057e+02 1.040000000000000036e+01 7.740000000000000000e+02
9.342000000000000000e+03 7.802000000000000000e+03 2.468000000000000114e+02 1.169999999999999929e+01 8.290000000000000000e+02
9.317000000000000000e+03 7.941000000000000000e+03 2.425000000000000000e+02 1.069999999999999929e+01 7.760000000000000000e+02
9.285000000000000000e+03 7.902000000000000000e+03 1.773000000000000114e+02 1.059999999999999964e+01 7.950000000000000000e+02
9.285000000000000000e+03 7.907000000000000000e+03 2.095000000000000000e+02 1.109999999999999964e+01 8.190000000000000000e+02
9.282000000000000000e+03 7.968000000000000000e+03 1.935999999999999943e+02 1.050000000000000000e+01 7.740000000000000000e+02
9.290000000000000000e+03 7.945000000000000000e+03 1.925999999999999943e+02 1.159999999999999964e+01 7.780000000000000000e+02
9.318000000000000000e+03 7.951000000000000000e+03 2.448000000000000114e+02 1.100000000000000000e+01 7.900000000000000000e+02
9.260000000000000000e+03 8.094000000000000000e+03 1.834000000000000057e+02 1.030000000000000071e+01 7.930000000000000000e+02
9.297000000000000000e+03 7.948000000000000000e+03 1.935999999999999943e+02 1.100000000000000000e+01 8.180000000000000000e+02
9.319000000000000000e+03 7.848000000000000000e+03 2.513000000000000114e+02 1.109999999999999964e+01 7.340000000000000000e+02
9.330000000000000000e+03 7.915000000000000000e+03 2.210999999999999943e+02 1.119999999999999929e+01 8.320000000000000000e+02
9.268000000000000000e+03 7.845000000000000000e+03 2.200000000000000000e+02 1.180000000000000071e+01 7.710000000000000000e+02
9.274000000000000000e+03 7.800000000000000000e+03 2.345000000000000000e+02 1.069999999999999929e+01 8.290000000000000000e+02
9.298000000000000000e+03 7.887000000000000000e+03 2.515999999999999943e+02 1.130000000000000071e+01 7.900000000000000000e+02
9.341000000000000000e+03 7.910000000000000000e+03 2.465999999999999943e+02 1.100000000000000000e+01 7.890000000000000000e+02
9.293000000000000000e+03 7.908000000000000000e+03 2.303000000000000114e+02 1.080000000000000071e+01 7.810000000000000000e+02
9.318000000000000000e+03 7.896000000000000000e+03 2.030999999999999943e+02 1.119999999999999929e+01 7.600000000000000000e+02
9.342000000000000000e+03 7.936000000000000000e+03 2.160000000000000000e+02 1.119999999999999929e+01 7.840000000000000000e+02
9.315000000000000000e+03 7.938000000000000000e+03 2.178000000000000114e+02 1.059999999999999964e+01 7.870000000000000000e+02
9.305000000000000000e+03 7.837000000000000000e+03 2.130000000000000000e+02 1.109999999999999964e+01 7.980000000000000000e+02
9.292000000000000000e+03 7.787000000000000000e+03 2.566999999999999886e+02 1.069999999999999929e+01 8.090000000000000000e+02
9.282000000000000000e+03 7.825000000000000000e+03 3.721000000000000227e+02 1.140000000000000036e+01 8.200000000000000000e+02
9.301000000000000000e+03 7.903000000000000000e+03 1.789000000000000057e+02 1.100000000000000000e+01 7.920000000000000000e+02
9.253000000000000000e+03 7.985000000000000000e+03 2.459000000000000057e+02 1.100000000000000000e+01 8.130000000000000000e+02
9.313000000000000000e+03 7.899000000000000000e+03 2.345999999999999943e+02 1.069999999999999929e+01 7.850000000000000000e+02
9.298000000000000000e+03 7.987000000000000000e+03 1.720000000000000000e+02 1.180000000000000071e+01 8.250000000000000000e+02
9.301000000000000000e+03 7.910000000000000000e+03 2.400000000000000000e+02 1.100000000000000000e+01 7.600000000000000000e+02
9.302000000000000000e+03 7.873000000000000000e+03 2.196999999999999886e+02 1.200000000000000000e+01 7.910000000000000000e+02
9.292000000000000000e+03 7.805000000000000000e+03 1.890999999999999943e+02 1.169999999999999929e+01 7.610000000000000000e+02
9.301000000000000000e+03 7.912000000000000000e+03 1.800000000000000000e+02 1.119999999999999929e+01 8.120000000000000000e+02
9.303000000000000000e+03 7.864000000000000000e+03 2.306999999999999886e+02 1.069999999999999929e+01 7.960000000000000000e+02
9.303000000000000000e+03 7.835000000000000000e+03 2.650000000000000000e+02 1.180000000000000071e+01 7.860000000000000000e+02
9.325000000000000000e+03 7.825000000000000000e+03 3.113999999999999773e+02 1.109999999999999964e+01 8.330000000000000000e+02
9.317000000000000000e+03 7.882000000000000000e+03 2.144000000000000057e+02 1.100000000000000000e+01 8.020000000000000000e+02
9.285000000000000000e+03 7.973000000000000000e+03 2.304000000000000057e+02 1.119999999999999929e+01 7.600000000000000000e+02
9.276000000000000000e+03 7.975000000000000000e+03 2.071999999999999886e+02 1.069999999999999929e+01 8.050000000000000000e+02
9.277000000000000000e+03 7.867000000000000000e+03 1.928000000000000114e+02 1.130000000000000071e+01 8.000000000000000000e+02
9.357000000000000000e+03 7.828000000000000000e+03 2.174000000000000057e+02 1.109999999999999964e+01 7.760000000000000000e+02
9.323000000000000000e+03 7.898000000000000000e+03 2.169000000000000057e+02 1.040000000000000036e+01 7.840000000000000000e+02
9.295000000000000000e+03 7.865000000000000000e+03 1.831999999999999886e+02 1.040000000000000036e+01 8.010000000000000000e+02
9.297000000000000000e+03 7.858000000000000000e+03 2.216999999999999886e+02 1.109999999999999964e+01 7.900000000000000000e+02
9.319000000000000000e+03 7.878000000000000000e+03 1.928000000000000114e+02 1.209999999999999964e+01 8.030000000000000000e+02
9.308000000000000000e+03 7.961000000000000000e+03 1.690999999999999943e+02 1.090000000000000036e+01 7.890000000000000000e+02
9.346000000000000000e+03 7.971000000000000000e+03 2.283000000000000114e+02 1.100000000000000000e+01 7.940000000000000000e+02
9.274000000000000000e+03 7.883000000000000000e+03 1.900000000000000000e+02 1.080000000000000071e+01 8.070000000000000000e+02
9.308000000000000000e+03 7.913000000000000000e+03 2.135000000000000000e+02 1.040000000000000036e+01 8.120000000000000000e+02
9.256000000000000000e+03 7.958000000000000000e+03 1.883000000000000114e+02 1.100000000000000000e+01 8.490000000000000000e+02
9.261000000000000000e+03 7.907000000000000000e+03 2.050999999999999943e+02 1.040000000000000036e+01 8.610000000000000000e+02
9.297000000000000000e+03 7.990000000000000000e+03 1.759000000000000057e+02 1.100000000000000000e+01 8.260000000000000000e+02
9.324000000000000000e+03 7.986000000000000000e+03 2.550000000000000000e+02 1.159999999999999964e+01 7.740000000000000000e+02
9.337000000000000000e+03 7.927000000000000000e+03 1.959000000000000057e+02 1.140000000000000036e+01 8.030000000000000000e+02
9.300000000000000000e+03 7.771000000000000000e+03 2.228000000000000114e+02 1.059999999999999964e+01 7.910000000000000000e+02
9.356000000000000000e+03 7.882000000000000000e+03 2.243000000000000114e+02 1.100000000000000000e+01 8.240000000000000000e+02
9.292000000000000000e+03 7.915000000000000000e+03 2.345000000000000000e+02 1.000000000000000000e+01 7.680000000000000000e+02
9.297000000000000000e+03 7.925000000000000000e+03 1.955000000000000000e+02 1.019999999999999929e+01 8.310000000000000000e+02
9.267000000000000000e+03 7.984000000000000000e+03 2.065999999999999943e+02 1.140000000000000036e+01 8.290000000000000000e+02
9.271000000000000000e+03 7.932000000000000000e+03 1.915000000000000000e+02 1.130000000000000071e+01 8.310000000000000000e+02
9.306000000000000000e+03 7.810000000000000000e+03 2.268000000000000114e+02 1.100000000000000000e+01 7.750000000000000000e+02
9.305000000000000000e+03 7.862000000000000000e+03 1.916999999999999886e+02 1.200000000000000000e+01 8.270000000000000000e+02
9.352000000000000000e+03 7.904000000000000000e+03 2.075999999999999943e+02 1.130000000000000071e+01 7.590000000000000000e+02
9.303000000000000000e+03 7.849000000000000000e+03 2.055000000000000000e+02 1.140000000000000036e+01 7.740000000000000000e+02
9.325000000000000000e+03 7.871000000000000000e+03 2.174000000000000057e+02 1.159999999999999964e+01 7.890000000000000000e+02
9.308000000000000000e+03 7.859000000000000000e+03 1.955000000000000000e+02 1.150000000000000000e+01 7.940000000000000000e+02
9.341000000000000000e+03 7.961000000000000000e+03 2.281999999999999886e+02 1.109999999999999964e+01 7.850000000000000000e+02
9.271000000000000000e+03 7.966000000000000000e+03 1.664000000000000057e+02 1.019999999999999929e+01 7.690000000000000000e+02
9.276000000000000000e+03 7.956000000000000000e+03 1.924000000000000057e+02 1.119999999999999929e+01 8.120000000000000000e+02
9.285000000000000000e+03 7.845000000000000000e+03 2.115999999999999943e+02 1.040000000000000036e+01 8.220000000000000000e+02
9.287000000000000000e+03 7.929000000000000000e+03 1.880999999999999943e+02 1.100000000000000000e+01 8.110000000000000000e+02
9.299000000000000000e+03 7.816000000000000000e+03 2.021999999999999886e+02 1.130000000000000071e+01 7.540000000000000000e+02
9.247000000000000000e+03 7.915000000000000000e+03 2.180000000000000000e+02 1.080000000000000071e+01 8.270000000000000000e+02
9.296000000000000000e+03 7.893000000000000000e+03 2.018000000000000114e+02 1.069999999999999929e+01 8.220000000000000000e+02
9.268000000000000000e+03 7.786000000000000000e+03 2.194000000000000057e+02 1.069999999999999929e+01 7.880000000000000000e+02
9.289000000000000000e+03 7.856000000000000000e+03 1.721999999999999886e+02 1.130000000000000071e+01 7.820000000000000000e+02
9.291000000000000000e+03 7.893000000000000000e+03 2.474000000000000057e+02 1.080000000000000071e+01 8.010000000000000000e+02
9.302000000000000000e+03 7.989000000000000000e+03 1.984000000000000057e+02 1.100000000000000000e+01 8.010000000000000000e+02
9.304000000000000000e+03 7.891000000000000000e+03 1.905999999999999943e+02 1.109999999999999964e+01 8.010000000000000000e+02
9.298000000000000000e+03 7.838000000000000000e+03 2.015999999999999943e+02 1.100000000000000000e+01 7.980000000000000000e+02
9.265000000000000000e+03 7.935000000000000000e+03 2.611000000000000227e+02 1.109999999999999964e+01 8.070000000000000000e+02
9.297000000000000000e+03 7.930000000000000000e+03 2.034000000000000057e+02 1.100000000000000000e+01 8.210000000000000000e+02
9.285000000000000000e+03 7.968000000000000000e+03 2.245999999999999943e+02 1.119999999999999929e+01 7.830000000000000000e+02
9.318000000000000000e+03 7.670000000000000000e+03 2.381999999999999886e+02 1.109999999999999964e+01 8.250000000000000000e+02
9.295000000000000000e+03 7.908000000000000000e+03 2.354000000000000057e+02 1.069999999999999929e+01 7.880000000000000000e+02
9.242000000000000000e+03 7.804000000000000000e+03 2.095000000000000000e+02 1.169999999999999929e+01 7.970000000000000000e+02
9.302000000000000000e+03 7.859000000000000000e+03 1.949000000000000057e+02 1.109999999999999964e+01 7.670000000000000000e+02
9.317000000000000000e+03 7.898000000000000000e+03 2.341999999999999886e+02 1.209999999999999964e+01 7.930000000000000000e+02
9.347000000000000000e+03 7.944000000000000000e+03 2.475000000000000000e+02 1.150000000000000000e+01 7.850000000000000000e+02
9.329000000000000000e+03 7.905000000000000000e+03 2.215999999999999943e+02 1.040000000000000036e+01 8.270000000000000000e+02
9.290000000000000000e+03 8.022000000000000000e+03 2.555000000000000000e+02 1.080000000000000071e+01 7.790000000000000000e+02
9.311000000000000000e+03 7.843000000000000000e+03 1.999000000000000057e+02 1.159999999999999964e+01 8.010000000000000000e+02
9.296000000000000000e+03 7.912000000000000000e+03 2.120999999999999943e+02 1.100000000000000000e+01 8.020000000000000000e+02
9.307000000000000000e+03 7.900000000000000000e+03 2.438000000000000114e+02 1.100000000000000000e+01 7.970000000000000000e+02
9.301000000000000000e+03 7.894000000000000000e+03 2.304000000000000057e+02 1.119999999999999929e+01 8.210000000000000000e+02
9.320000000000000000e+03 8.031000000000000000e+03 1.800999999999999943e+02 1.100000000000000000e+01 7.700000000000000000e+02
9.330000000000000000e+03 7.939000000000000000e+03 2.479000000000000057e+02 1.080000000000000071e+01 7.420000000000000000e+02
9.328000000000000000e+03 7.835000000000000000e+03 3.243000000000000114e+02 1.100000000000000000e+01 8.000000000000000000e+02
9.262000000000000000e+03 7.951000000000000000e+03 3.288000000000000114e+02 1.180000000000000071e+01 7.580000000000000000e+02
9.305000000000000000e+03 7.845000000000000000e+03 1.700999999999999943e+02 1.259999999999999964e+01 8.300000000000000000e+02
9.325000000000000000e+03 7.915000000000000000e+03 2.311999999999999886e+02 1.050000000000000000e+01 7.690000000000000000e+02
9.283000000000000000e+03 7.864000000000000000e+03 2.358000000000000114e+02 1.090000000000000036e+01 7.900000000000000000e+02
9.261000000000000000e+03 7.851000000000000000e+03 1.835000000000000000e+02 1.219999999999999929e+01 7.880000000000000000e+02
9.288000000000000000e+03 7.934000000000000000e+03 2.525999999999999943e+02 1.150000000000000000e+01 7.640000000000000000e+02
9.266000000000000000e+03 7.843000000000000000e+03 2.648999999999999773e+02 1.109999999999999964e+01 7.560000000000000000e+02
9.312000000000000000e+03 7.885000000000000000e+03 2.278000000000000114e+02 1.100000000000000000e+01 7.620000000000000000e+02
9.326000000000000000e+03 7.992000000000000000e+03 1.939000000000000057e+02 1.069999999999999929e+01 7.490000000000000000e+02
9.329000000000000000e+03 7.842000000000000000e+03 2.019000000000000057e+02 1.119999999999999929e+01 7.360000000000000000e+02
9.311000000000000000e+03 7.854000000000000000e+03 2.771000000000000227e+02 1.119999999999999929e+01 7.950000000000000000e+02
9.299000000000000000e+03 7.841000000000000000e+03 2.365999999999999943e+02 1.080000000000000071e+01 7.570000000000000000e+02
9.325000000000000000e+03 7.866000000000000000e+03 2.075000000000000000e+02 1.119999999999999929e+01 8.060000000000000000e+02
9.230000000000000000e+03 7.887000000000000000e+03 2.326999999999999886e+02 1.109999999999999964e+01 7.990000000000000000e+02
9.305000000000000000e+03 7.910000000000000000e+03 3.006000000000000227e+02 1.100000000000000000e+01 7.960000000000000000e+02
9.301000000000000000e+03 7.750000000000000000e+03 1.656999999999999886e+02 1.080000000000000071e+01 7.770000000000000000e+02
9.287000000000000000e+03 7.906000000000000000e+03 2.196999999999999886e+02 1.240000000000000036e+01 7.930000000000000000e+02
9.286000000000000000e+03 7.801000000000000000e+03 2.030999999999999943e+02 1.100000000000000000e+01 7.740000000000000000e+02
9.346000000000000000e+03 7.921000000000000000e+03 2.235999999999999943e+02 1.219999999999999929e+01 7.810000000000000000e+02
9.306000000000000000e+03 7.948000000000000000e+03 2.568000000000000114e+02 1.100000000000000000e+01 7.670000000000000000e+02
9.287000000000000000e+03 7.978000000000000000e+03 2.726999999999999886e+02 1.040000000000000036e+01 8.310000000000000000e+02
9.291000000000000000e+03 7.767000000000000000e+03 3.095000000000000000e+02 1.219999999999999929e+01 8.460000000000000000e+02
9.331000000000000000e+03 7.963000000000000000e+03 1.953000000000000114e+02 1.000000000000000000e+01 7.990000000000000000e+02
9.333000000000000000e+03 7.856000000000000000e+03 2.174000000000000057e+02 1.080000000000000071e+01 7.850000000000000000e+02
9.281000000000000000e+03 7.995000000000000000e+03 2.606999999999999886e+02 1.150000000000000000e+01 8.210000000000000000e+02
9.291000000000000000e+03 7.804000000000000000e+03 2.060000000000000000e+02 1.140000000000000036e+01 8.190000000000000000e+02
9.295000000000000000e+03 7.799000000000000000e+03 2.433000000000000114e+02 1.069999999999999929e+01 7.710000000000000000e+02
9.299000000000000000e+03 7.963000000000000000e+03 1.929000000000000057e+02 1.069999999999999929e+01 8.240000000000000000e+02
9.274000000000000000e+03 8.030000000000000000e+03 1.894000000000000057e+02 1.080000000000000071e+01 8.020000000000000000e+02
9.346000000000000000e+03 7.702000000000000000e+03 2.623999999999999773e+02 1.100000000000000000e+01 7.740000000000000000e+02
9.301000000000000000e+03 7.909000000000000000e+03 1.800999999999999943e+02 1.150000000000000000e+01 7.860000000000000000e+02
9.295000000000000000e+03 7.878000000000000000e+03 1.974000000000000057e+02 1.050000000000000000e+01 7.400000000000000000e+02
9.293000000000000000e+03 7.948000000000000000e+03 1.683000000000000114e+02 1.050000000000000000e+01 7.530000000000000000e+02
