9.660000000000000000e+02 6.777000000000000000e+03 9.220000000000000284e+01 1.040000000000000036e+01 8.880000000000000000e+03
1.034000000000000000e+03 7.004000000000000000e+03 9.620000000000000284e+01 1.069999999999999929e+01 8.802000000000000000e+03
9.890000000000000000e+02 6.589000000000000000e+03 1.107999999999999972e+02 1.240000000000000036e+01 8.851000000000000000e+03
9.540000000000000000e+02 6.735000000000000000e+03 1.090000000000000000e+02 1.040000000000000036e+01 8.907000000000000000e+03
1.002000000000000000e+03 6.731000000000000000e+03 1.190999999999999943e+02 1.000000000000000000e+01 8.846000000000000000e+03
9.330000000000000000e+02 6.283000000000000000e+03 1.137000000000000028e+02 1.209999999999999964e+01 8.937000000000000000e+03
1.034000000000000000e+03 6.577000000000000000e+03 9.109999999999999432e+01 1.130000000000000071e+01 8.821000000000000000e+03
1.002000000000000000e+03 6.488000000000000000e+03 1.022000000000000028e+02 1.209999999999999964e+01 8.858000000000000000e+03
9.560000000000000000e+02 6.650000000000000000e+03 1.020000000000000000e+02 1.090000000000000036e+01 8.892000000000000000e+03
9.580000000000000000e+02 6.474000000000000000e+03 9.429999999999999716e+01 1.180000000000000071e+01 8.906000000000000000e+03
9.910000000000000000e+02 6.747000000000000000e+03 1.305000000000000000e+02 1.140000000000000036e+01 8.842000000000000000e+03
9.390000000000000000e+02 6.674000000000000000e+03 1.050000000000000000e+02 1.119999999999999929e+01 8.896000000000000000e+03
9.970000000000000000e+02 6.831000000000000000e+03 1.110000000000000000e+02 1.180000000000000071e+01 8.874000000000000000e+03
9.470000000000000000e+02 6.799000000000000000e+03 8.890000000000000568e+01 9.900000000000000355e+00 8.921000000000000000e+03
1.006000000000000000e+03 6.650000000000000000e+03 1.019000000000000057e+02 1.030000000000000071e+01 8.847000000000000000e+03
1.036000000000000000e+03 6.978000000000000000e+03 9.600000000000000000e+01 1.019999999999999929e+01 8.821000000000000000e+03
1.006000000000000000e+03 6.537000000000000000e+03 9.479999999999999716e+01 1.019999999999999929e+01 8.849000000000000000e+03
1.035000000000000000e+03 6.447000000000000000e+03 1.015999999999999943e+02 1.259999999999999964e+01 8.803000000000000000e+03
1.054000000000000000e+03 6.609000000000000000e+03 1.169000000000000057e+02 1.040000000000000036e+01 8.798000000000000000e+03
1.007000000000000000e+03 6.644000000000000000e+03 1.025999999999999943e+02 1.090000000000000036e+01 8.857000000000000000e+03
9.700000000000000000e+02 6.489000000000000000e+03 1.250999999999999943e+02 1.180000000000000071e+01 8.881000000000000000e+03
1.013000000000000000e+03 6.739000000000000000e+03 1.195999999999999943e+02 1.119999999999999929e+01 8.843000000000000000e+03
9.710000000000000000e+02 6.590000000000000000e+03 9.129999999999999716e+01 1.040000000000000036e+01 8.862000000000000000e+03
9.170000000000000000e+02 6.708000000000000000e+03 1.134000000000000057e+02 1.100000000000000000e+01 8.907000000000000000e+03
1.025000000000000000e+03 6.538000000000000000e+03 1.333000000000000114e+02 1.069999999999999929e+01 8.840000000000000000e+03
9.590000000000000000e+02 6.423000000000000000e+03 1.152000000000000028e+02 1.109999999999999964e+01 8.896000000000000000e+03
1.017000000000000000e+03 6.791000000000000000e+03 1.025000000000000000e+02 1.130000000000000071e+01 8.828000000000000000e+03
9.640000000000000000e+02 6.739000000000000000e+03 1.135000000000000000e+02 1.119999999999999929e+01 8.874000000000000000e+03
1.036000000000000000e+03 6.740000000000000000e+03 1.000999999999999943e+02 1.180000000000000071e+01 8.790000000000000000e+03
9.980000000000000000e+02 6.757000000000000000e+03 9.490000000000000568e+01 1.190000000000000036e+01 8.838000000000000000e+03
1.029000000000000000e+03 6.649000000000000000e+03 1.035999999999999943e+02 1.230000000000000071e+01 8.804000000000000000e+03
9.500000000000000000e+02 6.632000000000000000e+03 9.729999999999999716e+01 1.109999999999999964e+01 8.884000000000000000e+03
9.610000000000000000e+02 6.614000000000000000e+03 1.079000000000000057e+02 1.069999999999999929e+01 8.881000000000000000e+03
9.880000000000000000e+02 6.896000000000000000e+03 9.529999999999999716e+01 1.169999999999999929e+01 8.861000000000000000e+03
9.650000000000000000e+02 6.572000000000000000e+03 1.217999999999999972e+02 1.050000000000000000e+01 8.879000000000000000e+03
1.005000000000000000e+03 6.904000000000000000e+03 1.039000000000000057e+02 1.069999999999999929e+01 8.848000000000000000e+03
9.840000000000000000e+02 6.868000000000000000e+03 8.700000000000000000e+01 1.090000000000000036e+01 8.885000000000000000e+03
1.031000000000000000e+03 6.683000000000000000e+03 9.920000000000000284e+01 1.169999999999999929e+01 8.811000000000000000e+03
9.920000000000000000e+02 6.334000000000000000e+03 8.520000000000000284e+01 1.130000000000000071e+01 8.854000000000000000e+03
1.036000000000000000e+03 6.418000000000000000e+03 1.115999999999999943e+02 1.250000000000000000e+01 8.811000000000000000e+03
9.400000000000000000e+02 6.696000000000000000e+03 1.135000000000000000e+02 1.169999999999999929e+01 8.920000000000000000e+03
1.014000000000000000e+03 6.999000000000000000e+03 9.159999999999999432e+01 9.500000000000000000e+00 8.827000000000000000e+03
1.002000000000000000e+03 6.423000000000000000e+03 1.177999999999999972e+02 1.190000000000000036e+01 8.846000000000000000e+03
1.001000000000000000e+03 6.552000000000000000e+03 1.069000000000000057e+02 1.169999999999999929e+01 8.824000000000000000e+03
1.014000000000000000e+03 6.742000000000000000e+03 1.170000000000000000e+02 1.040000000000000036e+01 8.858000000000000000e+03
9.590000000000000000e+02 6.763000000000000000e+03 1.007000000000000028e+02 1.100000000000000000e+01 8.895000000000000000e+03
1.017000000000000000e+03 6.808000000000000000e+03 1.044000000000000057e+02 1.050000000000000000e+01 8.831000000000000000e+03
9.860000000000000000e+02 6.111000000000000000e+03 1.160999999999999943e+02 1.200000000000000000e+01 8.869000000000000000e+03
1.029000000000000000e+03 6.410000000000000000e+03 1.290000000000000000e+02 1.250000000000000000e+01 8.813000000000000000e+03
9.840000000000000000e+02 6.928000000000000000e+03 9.240000000000000568e+01 1.040000000000000036e+01 8.845000000000000000e+03
1.029000000000000000e+03 6.857000000000000000e+03 1.039000000000000057e+02 1.059999999999999964e+01 8.818000000000000000e+03
9.660000000000000000e+02 6.950000000000000000e+03 1.040999999999999943e+02 1.219999999999999929e+01 8.886000000000000000e+03
1.004000000000000000e+03 6.687000000000000000e+03 1.142000000000000028e+02 1.019999999999999929e+01 8.837000000000000000e+03
9.880000000000000000e+02 7.189000000000000000e+03 8.570000000000000284e+01 9.199999999999999289e+00 8.871000000000000000e+03
9.460000000000000000e+02 6.607000000000000000e+03 1.117999999999999972e+02 1.240000000000000036e+01 8.897000000000000000e+03
1.004000000000000000e+03 6.739000000000000000e+03 1.120000000000000000e+02 1.100000000000000000e+01 8.840000000000000000e+03
9.750000000000000000e+02 6.811000000000000000e+03 1.460000000000000000e+02 1.209999999999999964e+01 8.892000000000000000e+03
9.570000000000000000e+02 6.570000000000000000e+03 1.012999999999999972e+02 1.080000000000000071e+01 8.901000000000000000e+03
9.760000000000000000e+02 6.832000000000000000e+03 1.047000000000000028e+02 1.050000000000000000e+01 8.868000000000000000e+03
1.037000000000000000e+03 6.523000000000000000e+03 1.085000000000000000e+02 1.159999999999999964e+01 8.809000000000000000e+03
1.033000000000000000e+03 6.875000000000000000e+03 9.690000000000000568e+01 1.140000000000000036e+01 8.794000000000000000e+03
1.043000000000000000e+03 6.856000000000000000e+03 1.170000000000000000e+02 1.140000000000000036e+01 8.798000000000000000e+03
9.440000000000000000e+02 7.029000000000000000e+03 1.281999999999999886e+02 1.040000000000000036e+01 8.914000000000000000e+03
9.840000000000000000e+02 6.960000000000000000e+03 9.040000000000000568e+01 9.800000000000000711e+00 8.871000000000000000e+03
1.011000000000000000e+03 6.620000000000000000e+03 8.790000000000000568e+01 1.219999999999999929e+01 8.834000000000000000e+03
1.034000000000000000e+03 6.793000000000000000e+03 1.272999999999999972e+02 1.050000000000000000e+01 8.800000000000000000e+03
9.570000000000000000e+02 6.631000000000000000e+03 9.740000000000000568e+01 1.109999999999999964e+01 8.885000000000000000e+03
9.820000000000000000e+02 6.997000000000000000e+03 1.104000000000000057e+02 1.030000000000000071e+01 8.869000000000000000e+03
9.270000000000000000e+02 6.668000000000000000e+03 9.759999999999999432e+01 1.100000000000000000e+01 8.915000000000000000e+03
1.023000000000000000e+03 6.784000000000000000e+03 1.122000000000000028e+02 1.119999999999999929e+01 8.835000000000000000e+03
9.570000000000000000e+02 6.855000000000000000e+03 1.393000000000000114e+02 1.009999999999999964e+01 8.888000000000000000e+03
1.000000000000000000e+03 6.472000000000000000e+03 1.035999999999999943e+02 1.209999999999999964e+01 8.850000000000000000e+03
9.760000000000000000e+02 6.862000000000000000e+03 1.421999999999999886e+02 1.040000000000000036e+01 8.884000000000000000e+03
9.910000000000000000e+02 7.150000000000000000e+03 1.295999999999999943e+02 9.900000000000000355e+00 8.846000000000000000e+03
1.029000000000000000e+03 6.878000000000000000e+03 9.770000000000000284e+01 1.040000000000000036e+01 8.825000000000000000e+03
1.033000000000000000e+03 6.419000000000000000e+03 9.740000000000000568e+01 1.090000000000000036e+01 8.815000000000000000e+03
9.660000000000000000e+02 6.854000000000000000e+03 1.150999999999999943e+02 1.040000000000000036e+01 8.875000000000000000e+03
9.800000000000000000e+02 6.775000000000000000e+03 1.055999999999999943e+02 1.130000000000000071e+01 8.857000000000000000e+03
1.034000000000000000e+03 6.986000000000000000e+03 1.040000000000000000e+02 1.030000000000000071e+01 8.818000000000000000e+03
9.920000000000000000e+02 6.737000000000000000e+03 9.590000000000000568e+01 1.119999999999999929e+01 8.880000000000000000e+03
1.053000000000000000e+03 6.920000000000000000e+03 1.205000000000000000e+02 1.080000000000000071e+01 8.801000000000000000e+03
1.020000000000000000e+03 6.634000000000000000e+03 1.159000000000000057e+02 1.069999999999999929e+01 8.849000000000000000e+03
9.390000000000000000e+02 6.503000000000000000e+03 1.100000000000000000e+02 1.180000000000000071e+01 8.915000000000000000e+03
1.016000000000000000e+03 7.048000000000000000e+03 1.122999999999999972e+02 9.800000000000000711e+00 8.845000000000000000e+03
9.690000000000000000e+02 6.467000000000000000e+03 1.172999999999999972e+02 1.330000000000000071e+01 8.880000000000000000e+03
1.016000000000000000e+03 6.306000000000000000e+03 1.187999999999999972e+02 1.209999999999999964e+01 8.811000000000000000e+03
9.970000000000000000e+02 6.922000000000000000e+03 1.110999999999999943e+02 1.019999999999999929e+01 8.859000000000000000e+03
9.960000000000000000e+02 6.678000000000000000e+03 1.070000000000000000e+02 1.090000000000000036e+01 8.849000000000000000e+03
1.027000000000000000e+03 6.798000000000000000e+03 1.107999999999999972e+02 1.180000000000000071e+01 8.823000000000000000e+03
9.870000000000000000e+02 7.070000000000000000e+03 9.659999999999999432e+01 1.059999999999999964e+01 8.845000000000000000e+03
9.740000000000000000e+02 6.548000000000000000e+03 1.184000000000000057e+02 1.090000000000000036e+01 8.872000000000000000e+03
1.043000000000000000e+03 6.519000000000000000e+03 9.650000000000000000e+01 1.159999999999999964e+01 8.829000000000000000e+03
1.013000000000000000e+03 6.810000000000000000e+03 1.110999999999999943e+02 1.090000000000000036e+01 8.843000000000000000e+03
9.730000000000000000e+02 6.818000000000000000e+03 1.035000000000000000e+02 1.000000000000000000e+01 8.861000000000000000e+03
9.590000000000000000e+02 6.354000000000000000e+03 1.065999999999999943e+02 1.059999999999999964e+01 8.879000000000000000e+03
1.001000000000000000e+03 6.441000000000000000e+03 1.888000000000000114e+02 1.050000000000000000e+01 8.860000000000000000e+03
1.017000000000000000e+03 6.664000000000000000e+03 1.110000000000000000e+02 9.900000000000000355e+00 8.840000000000000000e+03
9.960000000000000000e+02 6.768000000000000000e+03 1.072999999999999972e+02 1.109999999999999964e+01 8.855000000000000000e+03
9.770000000000000000e+02 6.740000000000000000e+03 1.105999999999999943e+02 9.900000000000000355e+00 8.859000000000000000e+03
1.051000000000000000e+03 7.068000000000000000e+03 1.217999999999999972e+02 1.019999999999999929e+01 8.795000000000000000e+03
1.021000000000000000e+03 6.354000000000000000e+03 1.160999999999999943e+02 1.109999999999999964e+01 8.813000000000000000e+03
1.015000000000000000e+03 6.466000000000000000e+03 9.229999999999999716e+01 1.269999999999999929e+01 8.840000000000000000e+03
1.004000000000000000e+03 6.663000000000000000e+03 1.022999999999999972e+02 1.169999999999999929e+01 8.841000000000000000e+03
9.830000000000000000e+02 6.952000000000000000e+03 1.099000000000000057e+02 1.150000000000000000e+01 8.868000000000000000e+03
9.920000000000000000e+02 6.931000000000000000e+03 9.609999999999999432e+01 1.050000000000000000e+01 8.859000000000000000e+03
9.850000000000000000e+02 6.630000000000000000e+03 1.015000000000000000e+02 1.090000000000000036e+01 8.877000000000000000e+03
9.910000000000000000e+02 6.387000000000000000e+03 9.759999999999999432e+01 1.140000000000000036e+01 8.844000000000000000e+03
9.900000000000000000e+02 6.774000000000000000e+03 1.152000000000000028e+02 1.159999999999999964e+01 8.841000000000000000e+03
9.980000000000000000e+02 6.670000000000000000e+03 1.045999999999999943e+02 1.130000000000000071e+01 8.853000000000000000e+03
9.870000000000000000e+02 6.661000000000000000e+03 9.470000000000000284e+01 1.090000000000000036e+01 8.858000000000000000e+03
9.420000000000000000e+02 7.085000000000000000e+03 1.062999999999999972e+02 1.069999999999999929e+01 8.905000000000000000e+03
1.057000000000000000e+03 6.540000000000000000e+03 1.069000000000000057e+02 1.090000000000000036e+01 8.790000000000000000e+03
9.580000000000000000e+02 6.327000000000000000e+03 1.135999999999999943e+02 1.240000000000000036e+01 8.895000000000000000e+03
1.067000000000000000e+03 6.286000000000000000e+03 9.459999999999999432e+01 1.109999999999999964e+01 8.775000000000000000e+03
9.990000000000000000e+02 6.600000000000000000e+03 1.139000000000000057e+02 1.100000000000000000e+01 8.859000000000000000e+03
9.950000000000000000e+02 6.770000000000000000e+03 1.100000000000000000e+02 1.069999999999999929e+01 8.859000000000000000e+03
1.002000000000000000e+03 7.247000000000000000e+03 1.235999999999999943e+02 9.900000000000000355e+00 8.856000000000000000e+03
9.910000000000000000e+02 6.957000000000000000e+03 1.541999999999999886e+02 1.109999999999999964e+01 8.853000000000000000e+03
1.013000000000000000e+03 7.012000000000000000e+03 1.129000000000000057e+02 1.090000000000000036e+01 8.838000000000000000e+03
1.012000000000000000e+03 6.756000000000000000e+03 1.034000000000000057e+02 1.209999999999999964e+01 8.834000000000000000e+03
9.990000000000000000e+02 6.897000000000000000e+03 1.127999999999999972e+02 1.090000000000000036e+01 8.849000000000000000e+03
1.008000000000000000e+03 6.391000000000000000e+03 9.190000000000000568e+01 1.119999999999999929e+01 8.833000000000000000e+03
9.250000000000000000e+02 6.974000000000000000e+03 1.324000000000000057e+02 1.109999999999999964e+01 8.908000000000000000e+03
9.860000000000000000e+02 6.745000000000000000e+03 1.010999999999999943e+02 1.069999999999999929e+01 8.870000000000000000e+03
1.052000000000000000e+03 6.781000000000000000e+03 1.050999999999999943e+02 1.109999999999999964e+01 8.792000000000000000e+03
9.860000000000000000e+02 7.126000000000000000e+03 9.890000000000000568e+01 1.019999999999999929e+01 8.874000000000000000e+03
1.043000000000000000e+03 6.776000000000000000e+03 1.047999999999999972e+02 1.009999999999999964e+01 8.789000000000000000e+03
1.017000000000000000e+03 6.922000000000000000e+03 1.127999999999999972e+02 9.900000000000000355e+00 8.839000000000000000e+03
1.002000000000000000e+03 6.924000000000000000e+03 1.089000000000000057e+02 9.800000000000000711e+00 8.842000000000000000e+03
1.018000000000000000e+03 6.368000000000000000e+03 1.125999999999999943e+02 1.180000000000000071e+01 8.828000000000000000e+03
1.042000000000000000e+03 6.657000000000000000e+03 9.320000000000000284e+01 1.100000000000000000e+01 8.806000000000000000e+03
1.108000000000000000e+03 6.937000000000000000e+03 1.004000000000000057e+02 1.050000000000000000e+01 8.744000000000000000e+03
9.930000000000000000e+02 6.732000000000000000e+03 1.062000000000000028e+02 1.059999999999999964e+01 8.863000000000000000e+03
9.970000000000000000e+02 6.506000000000000000e+03 1.214000000000000057e+02 1.109999999999999964e+01 8.873000000000000000e+03
1.011000000000000000e+03 6.726000000000000000e+03 9.870000000000000284e+01 1.209999999999999964e+01 8.823000000000000000e+03
9.800000000000000000e+02 6.931000000000000000e+03 1.049000000000000057e+02 1.069999999999999929e+01 8.862000000000000000e+03
1.016000000000000000e+03 6.948000000000000000e+03 1.219000000000000057e+02 1.040000000000000036e+01 8.837000000000000000e+03
9.910000000000000000e+02 6.941000000000000000e+03 1.267999999999999972e+02 1.200000000000000000e+01 8.874000000000000000e+03
9.900000000000000000e+02 6.302000000000000000e+03 1.162999999999999972e+02 1.169999999999999929e+01 8.860000000000000000e+03
1.004000000000000000e+03 6.655000000000000000e+03 1.067999999999999972e+02 1.190000000000000036e+01 8.871000000000000000e+03
1.015000000000000000e+03 6.627000000000000000e+03 1.110000000000000000e+02 9.800000000000000711e+00 8.843000000000000000e+03
9.590000000000000000e+02 6.659000000000000000e+03 1.202000000000000028e+02 1.090000000000000036e+01 8.898000000000000000e+03
1.004000000000000000e+03 6.669000000000000000e+03 1.571999999999999886e+02 1.030000000000000071e+01 8.858000000000000000e+03
9.730000000000000000e+02 6.466000000000000000e+03 8.609999999999999432e+01 1.169999999999999929e+01 8.854000000000000000e+03
9.860000000000000000e+02 6.820000000000000000e+03 1.097000000000000028e+02 1.180000000000000071e+01 8.886000000000000000e+03
9.720000000000000000e+02 6.642000000000000000e+03 1.313000000000000114e+02 1.219999999999999929e+01 8.887000000000000000e+03
9.860000000000000000e+02 6.728000000000000000e+03 1.077000000000000028e+02 1.100000000000000000e+01 8.828000000000000000e+03
1.034000000000000000e+03 7.037000000000000000e+03 1.082000000000000028e+02 1.169999999999999929e+01 8.820000000000000000e+03
9.890000000000000000e+02 6.544000000000000000e+03 1.244000000000000057e+02 1.109999999999999964e+01 8.862000000000000000e+03
9.720000000000000000e+02 6.411000000000000000e+03 1.139000000000000057e+02 1.109999999999999964e+01 8.878000000000000000e+03
1.025000000000000000e+03 6.693000000000000000e+03 1.169000000000000057e+02 1.050000000000000000e+01 8.837000000000000000e+03
1.018000000000000000e+03 6.767000000000000000e+03 1.154000000000000057e+02 1.050000000000000000e+01 8.847000000000000000e+03
1.029000000000000000e+03 6.773000000000000000e+03 1.042999999999999972e+02 1.080000000000000071e+01 8.818000000000000000e+03
9.490000000000000000e+02 6.923000000000000000e+03 9.990000000000000568e+01 1.040000000000000036e+01 8.885000000000000000e+03
1.042000000000000000e+03 6.957000000000000000e+03 1.120999999999999943e+02 1.019999999999999929e+01 8.802000000000000000e+03
1.043000000000000000e+03 6.766000000000000000e+03 1.220999999999999943e+02 1.150000000000000000e+01 8.797000000000000000e+03
9.960000000000000000e+02 6.384000000000000000e+03 1.197000000000000028e+02 1.259999999999999964e+01 8.840000000000000000e+03
1.018000000000000000e+03 6.275000000000000000e+03 1.270000000000000000e+02 1.150000000000000000e+01 8.845000000000000000e+03
9.840000000000000000e+02 6.591000000000000000e+03 1.055999999999999943e+02 1.180000000000000071e+01 8.865000000000000000e+03
9.390000000000000000e+02 6.977000000000000000e+03 1.045999999999999943e+02 1.109999999999999964e+01 8.917000000000000000e+03
9.830000000000000000e+02 6.737000000000000000e+03 1.040999999999999943e+02 1.309999999999999964e+01 8.855000000000000000e+03
9.940000000000000000e+02 6.770000000000000000e+03 1.177999999999999972e+02 1.109999999999999964e+01 8.856000000000000000e+03
1.028000000000000000e+03 6.648000000000000000e+03 1.257000000000000028e+02 1.019999999999999929e+01 8.829000000000000000e+03
9.930000000000000000e+02 7.133000000000000000e+03 8.940000000000000568e+01 9.800000000000000711e+00 8.841000000000000000e+03
1.020000000000000000e+03 6.710000000000000000e+03 1.309000000000000057e+02 1.130000000000000071e+01 8.824000000000000000e+03
1.005000000000000000e+03 6.905000000000000000e+03 1.399000000000000057e+02 1.109999999999999964e+01 8.854000000000000000e+03
9.940000000000000000e+02 6.724000000000000000e+03 1.044000000000000057e+02 9.199999999999999289e+00 8.862000000000000000e+03
1.001000000000000000e+03 6.685000000000000000e+03 1.012999999999999972e+02 1.069999999999999929e+01 8.865000000000000000e+03
9.890000000000000000e+02 6.836000000000000000e+03 1.200999999999999943e+02 1.090000000000000036e+01 8.839000000000000000e+03
1.017000000000000000e+03 6.656000000000000000e+03 1.293000000000000114e+02 1.109999999999999964e+01 8.849000000000000000e+03
1.034000000000000000e+03 6.256000000000000000e+03 1.045999999999999943e+02 1.100000000000000000e+01 8.818000000000000000e+03
9.880000000000000000e+02 6.648000000000000000e+03 1.269000000000000057e+02 1.100000000000000000e+01 8.869000000000000000e+03
9.680000000000000000e+02 6.538000000000000000e+03 1.244000000000000057e+02 1.300000000000000000e+01 8.870000000000000000e+03
1.023000000000000000e+03 6.680000000000000000e+03 1.202999999999999972e+02 1.109999999999999964e+01 8.844000000000000000e+03
1.056000000000000000e+03 6.634000000000000000e+03 9.920000000000000284e+01 1.190000000000000036e+01 8.803000000000000000e+03
9.560000000000000000e+02 6.710000000000000000e+03 1.144000000000000057e+02 1.159999999999999964e+01 8.882000000000000000e+03
9.880000000000000000e+02 6.799000000000000000e+03 9.829999999999999716e+01 1.119999999999999929e+01 8.861000000000000000e+03
1.027000000000000000e+03 6.781000000000000000e+03 1.062999999999999972e+02 1.090000000000000036e+01 8.827000000000000000e+03
1.020000000000000000e+03 6.849000000000000000e+03 1.142999999999999972e+02 1.040000000000000036e+01 8.851000000000000000e+03
1.036000000000000000e+03 7.142000000000000000e+03 9.959999999999999432e+01 9.400000000000000355e+00 8.815000000000000000e+03
9.390000000000000000e+02 6.787000000000000000e+03 1.015000000000000000e+02 1.159999999999999964e+01 8.913000000000000000e+03
1.005000000000000000e+03 6.364000000000000000e+03 1.265999999999999943e+02 1.309999999999999964e+01 8.842000000000000000e+03
9.720000000000000000e+02 6.880000000000000000e+03 2.218000000000000114e+02 9.800000000000000711e+00 8.881000000000000000e+03
9.790000000000000000e+02 6.996000000000000000e+03 1.190000000000000000e+02 1.019999999999999929e+01 8.872000000000000000e+03
9.780000000000000000e+02 6.900000000000000000e+03 1.480000000000000000e+02 1.119999999999999929e+01 8.867000000000000000e+03
1.012000000000000000e+03 6.629000000000000000e+03 1.000999999999999943e+02 1.159999999999999964e+01 8.840000000000000000e+03
9.920000000000000000e+02 6.849000000000000000e+03 1.180000000000000000e+02 1.300000000000000000e+01 8.850000000000000000e+03
9.670000000000000000e+02 6.622000000000000000e+03 1.005000000000000000e+02 1.030000000000000071e+01 8.877000000000000000e+03
1.040000000000000000e+03 6.791000000000000000e+03 1.022000000000000028e+02 1.090000000000000036e+01 8.811000000000000000e+03
1.070000000000000000e+03 6.712000000000000000e+03 1.032000000000000028e+02 1.100000000000000000e+01 8.789000000000000000e+03
1.007000000000000000e+03 6.785000000000000000e+03 9.029999999999999716e+01 1.109999999999999964e+01 8.846000000000000000e+03
1.046000000000000000e+03 6.561000000000000000e+03 8.800000000000000000e+01 1.209999999999999964e+01 8.800000000000000000e+03
1.018000000000000000e+03 6.706000000000000000e+03 1.100999999999999943e+02 1.069999999999999929e+01 8.839000000000000000e+03
1.016000000000000000e+03 6.985000000000000000e+03 1.052999999999999972e+02 1.069999999999999929e+01 8.812000000000000000e+03
9.700000000000000000e+02 6.972000000000000000e+03 1.037999999999999972e+02 1.019999999999999929e+01 8.881000000000000000e+03
9.430000000000000000e+02 6.791000000000000000e+03 9.900000000000000000e+01 1.050000000000000000e+01 8.901000000000000000e+03
9.930000000000000000e+02 6.792000000000000000e+03 9.640000000000000568e+01 1.080000000000000071e+01 8.863000000000000000e+03
1.032000000000000000e+03 6.817000000000000000e+03 9.900000000000000000e+01 1.030000000000000071e+01 8.809000000000000000e+03
9.910000000000000000e+02 6.334000000000000000e+03 1.222999999999999972e+02 1.200000000000000000e+01 8.852000000000000000e+03
9.810000000000000000e+02 6.823000000000000000e+03 9.709999999999999432e+01 1.100000000000000000e+01 8.881000000000000000e+03
9.830000000000000000e+02 6.524000000000000000e+03 9.559999999999999432e+01 1.140000000000000036e+01 8.866000000000000000e+03
9.870000000000000000e+02 6.425000000000000000e+03 1.072999999999999972e+02 1.219999999999999929e+01 8.858000000000000000e+03
9.750000000000000000e+02 7.117000000000000000e+03 1.035000000000000000e+02 9.599999999999999645e+00 8.873000000000000000e+03
9.670000000000000000e+02 6.551000000000000000e+03 1.449000000000000057e+02 1.040000000000000036e+01 8.883000000000000000e+03
9.800000000000000000e+02 6.522000000000000000e+03 1.175999999999999943e+02 1.190000000000000036e+01 8.871000000000000000e+03
1.021000000000000000e+03 6.978000000000000000e+03 1.386999999999999886e+02 1.080000000000000071e+01 8.832000000000000000e+03
1.026000000000000000e+03 6.854000000000000000e+03 9.609999999999999432e+01 1.090000000000000036e+01 8.823000000000000000e+03
1.039000000000000000e+03 6.840000000000000000e+03 1.049000000000000057e+02 1.080000000000000071e+01 8.811000000000000000e+03
1.041000000000000000e+03 6.678000000000000000e+03 1.182000000000000028e+02 1.090000000000000036e+01 8.811000000000000000e+03
1.030000000000000000e+03 6.851000000000000000e+03 1.100999999999999943e+02 1.150000000000000000e+01 8.829000000000000000e+03
9.730000000000000000e+02 6.626000000000000000e+03 9.729999999999999716e+01 1.190000000000000036e+01 8.882000000000000000e+03
1.019000000000000000e+03 6.599000000000000000e+03 1.107999999999999972e+02 1.169999999999999929e+01 8.821000000000000000e+03
9.680000000000000000e+02 6.790000000000000000e+03 1.112999999999999972e+02 1.050000000000000000e+01 8.857000000000000000e+03
9.830000000000000000e+02 6.617000000000000000e+03 1.127999999999999972e+02 1.030000000000000071e+01 8.846000000000000000e+03
9.770000000000000000e+02 6.527000000000000000e+03 1.705999999999999943e+02 1.150000000000000000e+01 8.862000000000000000e+03
9.890000000000000000e+02 6.797000000000000000e+03 1.187999999999999972e+02 1.080000000000000071e+01 8.864000000000000000e+03
1.044000000000000000e+03 6.669000000000000000e+03 1.192999999999999972e+02 1.040000000000000036e+01 8.801000000000000000e+03
9.600000000000000000e+02 6.698000000000000000e+03 1.009000000000000057e+02 1.140000000000000036e+01 8.907000000000000000e+03
9.920000000000000000e+02 6.602000000000000000e+03 9.459999999999999432e+01 1.090000000000000036e+01 8.831000000000000000e+03
1.020000000000000000e+03 6.948000000000000000e+03 8.829999999999999716e+01 1.030000000000000071e+01 8.813000000000000000e+03
9.980000000000000000e+02 6.651000000000000000e+03 1.215000000000000000e+02 1.109999999999999964e+01 8.850000000000000000e+03
1.019000000000000000e+03 6.343000000000000000e+03 1.625999999999999943e+02 1.190000000000000036e+01 8.844000000000000000e+03
1.015000000000000000e+03 6.755000000000000000e+03 1.032000000000000028e+02 1.159999999999999964e+01 8.838000000000000000e+03
9.940000000000000000e+02 6.861000000000000000e+03 1.019000000000000057e+02 1.040000000000000036e+01 8.857000000000000000e+03
9.850000000000000000e+02 6.766000000000000000e+03 9.650000000000000000e+01 1.030000000000000071e+01 8.860000000000000000e+03
1.023000000000000000e+03 6.941000000000000000e+03 1.398000000000000114e+02 9.599999999999999645e+00 8.835000000000000000e+03
1.021000000000000000e+03 6.879000000000000000e+03 1.047000000000000028e+02 1.030000000000000071e+01 8.821000000000000000e+03
1.006000000000000000e+03 6.863000000000000000e+03 9.279999999999999716e+01 1.059999999999999964e+01 8.841000000000000000e+03
9.470000000000000000e+02 6.817000000000000000e+03 1.112999999999999972e+02 1.069999999999999929e+01 8.914000000000000000e+03
9.570000000000000000e+02 6.510000000000000000e+03 9.970000000000000284e+01 1.090000000000000036e+01 8.892000000000000000e+03
9.360000000000000000e+02 6.945000000000000000e+03 1.295000000000000000e+02 1.140000000000000036e+01 8.908000000000000000e+03
1.002000000000000000e+03 6.881000000000000000e+03 1.165000000000000000e+02 1.030000000000000071e+01 8.841000000000000000e+03
9.190000000000000000e+02 6.769000000000000000e+03 1.235999999999999943e+02 1.159999999999999964e+01 8.938000000000000000e+03
9.640000000000000000e+02 6.519000000000000000e+03 1.195000000000000000e+02 1.190000000000000036e+01 8.876000000000000000e+03
9.990000000000000000e+02 6.757000000000000000e+03 1.055999999999999943e+02 1.150000000000000000e+01 8.848000000000000000e+03
9.390000000000000000e+02 6.950000000000000000e+03 9.579999999999999716e+01 1.059999999999999964e+01 8.920000000000000000e+03
1.015000000000000000e+03 6.716000000000000000e+03 1.371999999999999886e+02 1.100000000000000000e+01 8.838000000000000000e+03
1.083000000000000000e+03 6.335000000000000000e+03 1.130000000000000000e+02 1.080000000000000071e+01 8.772000000000000000e+03
9.420000000000000000e+02 6.670000000000000000e+03 9.179999999999999716e+01 1.140000000000000036e+01 8.920000000000000000e+03
1.067000000000000000e+03 6.415000000000000000e+03 1.314000000000000057e+02 1.190000000000000036e+01 8.787000000000000000e+03
9.840000000000000000e+02 6.278000000000000000e+03 1.177000000000000028e+02 1.169999999999999929e+01 8.867000000000000000e+03
1.028000000000000000e+03 6.493000000000000000e+03 1.040999999999999943e+02 1.150000000000000000e+01 8.834000000000000000e+03
1.029000000000000000e+03 6.692000000000000000e+03 9.240000000000000568e+01 1.190000000000000036e+01 8.828000000000000000e+03
1.010000000000000000e+03 6.448000000000000000e+03 1.150999999999999943e+02 1.090000000000000036e+01 8.817000000000000000e+03
9.790000000000000000e+02 6.703000000000000000e+03 1.144000000000000057e+02 1.109999999999999964e+01 8.878000000000000000e+03
1.052000000000000000e+03 6.627000000000000000e+03 9.970000000000000284e+01 1.240000000000000036e+01 8.807000000000000000e+03
1.006000000000000000e+03 6.697000000000000000e+03 9.090000000000000568e+01 1.130000000000000071e+01 8.839000000000000000e+03
9.490000000000000000e+02 6.840000000000000000e+03 1.580000000000000000e+02 1.030000000000000071e+01 8.910000000000000000e+03
1.038000000000000000e+03 6.960000000000000000e+03 9.720000000000000284e+01 1.109999999999999964e+01 8.833000000000000000e+03
1.038000000000000000e+03 7.043000000000000000e+03 1.323000000000000114e+02 9.800000000000000711e+00 8.787000000000000000e+03
