2.973000000000000000e+03 3.462000000000000000e+03 1.077000000000000028e+02 2.810000000000000142e+01 6.905000000000000000e+03
2.997000000000000000e+03 3.279000000000000000e+03 9.140000000000000568e+01 2.869999999999999929e+01 6.909000000000000000e+03
3.091000000000000000e+03 3.629000000000000000e+03 9.670000000000000284e+01 2.830000000000000071e+01 6.804000000000000000e+03
2.948000000000000000e+03 3.353000000000000000e+03 9.779999999999999716e+01 2.880000000000000071e+01 6.945000000000000000e+03
2.997000000000000000e+03 3.998000000000000000e+03 9.979999999999999716e+01 2.860000000000000142e+01 6.887000000000000000e+03
3.053000000000000000e+03 3.835000000000000000e+03 1.037999999999999972e+02 2.750000000000000000e+01 6.821000000000000000e+03
2.988000000000000000e+03 3.955000000000000000e+03 1.040000000000000000e+02 2.889999999999999858e+01 6.906000000000000000e+03
2.995000000000000000e+03 3.967000000000000000e+03 9.540000000000000568e+01 2.789999999999999858e+01 6.895000000000000000e+03
3.053000000000000000e+03 3.593000000000000000e+03 1.010000000000000000e+02 2.469999999999999929e+01 6.859000000000000000e+03
2.971000000000000000e+03 3.711000000000000000e+03 1.012999999999999972e+02 3.069999999999999929e+01 6.923000000000000000e+03
3.053000000000000000e+03 3.891000000000000000e+03 1.202999999999999972e+02 2.739999999999999858e+01 6.846000000000000000e+03
2.932000000000000000e+03 3.650000000000000000e+03 1.035999999999999943e+02 2.680000000000000071e+01 6.973000000000000000e+03
3.036000000000000000e+03 3.937000000000000000e+03 8.720000000000000284e+01 2.269999999999999929e+01 6.863000000000000000e+03
2.990000000000000000e+03 3.549000000000000000e+03 1.027000000000000028e+02 3.000000000000000000e+01 6.912000000000000000e+03
3.052000000000000000e+03 3.388000000000000000e+03 1.017000000000000028e+02 3.229999999999999716e+01 6.823000000000000000e+03
3.035000000000000000e+03 3.922000000000000000e+03 9.770000000000000284e+01 2.910000000000000142e+01 6.859000000000000000e+03
3.060000000000000000e+03 3.774000000000000000e+03 9.700000000000000000e+01 3.600000000000000000e+01 6.841000000000000000e+03
3.043000000000000000e+03 3.584000000000000000e+03 1.045000000000000000e+02 2.769999999999999929e+01 6.852000000000000000e+03
2.980000000000000000e+03 3.826000000000000000e+03 1.044000000000000057e+02 2.560000000000000142e+01 6.893000000000000000e+03
3.034000000000000000e+03 4.113000000000000000e+03 8.620000000000000284e+01 2.400000000000000000e+01 6.863000000000000000e+03
3.081000000000000000e+03 3.600000000000000000e+03 9.640000000000000568e+01 2.669999999999999929e+01 6.810000000000000000e+03
3.010000000000000000e+03 3.542000000000000000e+03 9.040000000000000568e+01 2.500000000000000000e+01 6.887000000000000000e+03
3.014000000000000000e+03 3.673000000000000000e+03 1.000999999999999943e+02 2.839999999999999858e+01 6.889000000000000000e+03
3.008000000000000000e+03 3.832000000000000000e+03 9.920000000000000284e+01 2.869999999999999929e+01 6.878000000000000000e+03
3.012000000000000000e+03 3.673000000000000000e+03 1.152999999999999972e+02 2.480000000000000071e+01 6.878000000000000000e+03
3.040000000000000000e+03 3.907000000000000000e+03 1.348000000000000114e+02 2.910000000000000142e+01 6.853000000000000000e+03
3.016000000000000000e+03 3.956000000000000000e+03 1.092000000000000028e+02 2.530000000000000071e+01 6.892000000000000000e+03
3.086000000000000000e+03 3.299000000000000000e+03 1.296999999999999886e+02 2.780000000000000071e+01 6.800000000000000000e+03
3.070000000000000000e+03 4.003000000000000000e+03 9.400000000000000000e+01 2.619999999999999929e+01 6.830000000000000000e+03
3.120000000000000000e+03 3.666000000000000000e+03 1.020999999999999943e+02 2.850000000000000000e+01 6.763000000000000000e+03
3.036000000000000000e+03 3.320000000000000000e+03 9.840000000000000568e+01 3.110000000000000142e+01 6.853000000000000000e+03
3.012000000000000000e+03 3.764000000000000000e+03 9.670000000000000284e+01 2.639999999999999858e+01 6.867000000000000000e+03
3.000000000000000000e+03 3.966000000000000000e+03 1.110999999999999943e+02 2.569999999999999929e+01 6.901000000000000000e+03
3.004000000000000000e+03 4.080000000000000000e+03 1.019000000000000057e+02 2.539999999999999858e+01 6.891000000000000000e+03
2.991000000000000000e+03 3.314000000000000000e+03 9.679999999999999716e+01 3.200000000000000000e+01 6.880000000000000000e+03
3.013000000000000000e+03 3.810000000000000000e+03 1.252999999999999972e+02 2.610000000000000142e+01 6.878000000000000000e+03
3.030000000000000000e+03 3.860000000000000000e+03 1.000999999999999943e+02 2.600000000000000000e+01 6.861000000000000000e+03
3.000000000000000000e+03 3.889000000000000000e+03 9.920000000000000284e+01 2.480000000000000071e+01 6.886000000000000000e+03
2.995000000000000000e+03 3.753000000000000000e+03 1.052999999999999972e+02 2.700000000000000000e+01 6.908000000000000000e+03
2.972000000000000000e+03 4.280000000000000000e+03 8.240000000000000568e+01 2.310000000000000142e+01 6.934000000000000000e+03
3.062000000000000000e+03 3.891000000000000000e+03 1.270000000000000000e+02 3.010000000000000142e+01 6.847000000000000000e+03
3.033000000000000000e+03 3.667000000000000000e+03 1.079000000000000057e+02 2.950000000000000000e+01 6.868000000000000000e+03
3.051000000000000000e+03 3.186000000000000000e+03 1.042000000000000028e+02 2.639999999999999858e+01 6.835000000000000000e+03
2.893000000000000000e+03 3.847000000000000000e+03 8.579999999999999716e+01 2.510000000000000142e+01 7.000000000000000000e+03
1.000000000000000000e+00 5.000000000000000000e+00 1.500000000000000000e+00 5.000000000000000000e-01 4.000000000000000000e+00
3.040000000000000000e+03 3.642000000000000000e+03 1.050999999999999943e+02 2.950000000000000000e+01 6.844000000000000000e+03
2.958000000000000000e+03 3.829000000000000000e+03 1.205000000000000000e+02 2.500000000000000000e+01 6.944000000000000000e+03
3.091000000000000000e+03 3.521000000000000000e+03 1.042000000000000028e+02 2.639999999999999858e+01 6.785000000000000000e+03
3.045000000000000000e+03 3.569000000000000000e+03 1.224000000000000057e+02 2.610000000000000142e+01 6.837000000000000000e+03
3.016000000000000000e+03 3.283000000000000000e+03 9.940000000000000568e+01 2.780000000000000071e+01 6.859000000000000000e+03
3.005000000000000000e+03 3.158000000000000000e+03 1.025999999999999943e+02 3.100000000000000000e+01 6.878000000000000000e+03
2.997000000000000000e+03 3.668000000000000000e+03 1.077000000000000028e+02 2.810000000000000142e+01 6.894000000000000000e+03
3.055000000000000000e+03 3.755000000000000000e+03 1.112999999999999972e+02 2.730000000000000071e+01 6.830000000000000000e+03
3.035000000000000000e+03 3.742000000000000000e+03 1.087000000000000028e+02 3.189999999999999858e+01 6.861000000000000000e+03
3.052000000000000000e+03 3.901000000000000000e+03 9.790000000000000568e+01 2.469999999999999929e+01 6.840000000000000000e+03
3.094000000000000000e+03 3.752000000000000000e+03 1.072000000000000028e+02 2.469999999999999929e+01 6.800000000000000000e+03
3.036000000000000000e+03 3.838000000000000000e+03 9.390000000000000568e+01 2.850000000000000000e+01 6.860000000000000000e+03
3.039000000000000000e+03 3.509000000000000000e+03 1.065000000000000000e+02 2.439999999999999858e+01 6.874000000000000000e+03
2.968000000000000000e+03 3.749000000000000000e+03 1.024000000000000057e+02 2.600000000000000000e+01 6.922000000000000000e+03
2.985000000000000000e+03 3.589000000000000000e+03 1.069000000000000057e+02 3.000000000000000000e+01 6.900000000000000000e+03
3.041000000000000000e+03 3.635000000000000000e+03 1.009000000000000057e+02 2.710000000000000142e+01 6.864000000000000000e+03
2.964000000000000000e+03 3.844000000000000000e+03 9.320000000000000284e+01 2.680000000000000071e+01 6.934000000000000000e+03
3.135000000000000000e+03 3.515000000000000000e+03 9.620000000000000284e+01 2.830000000000000071e+01 6.756000000000000000e+03
2.996000000000000000e+03 3.769000000000000000e+03 1.060000000000000000e+02 2.600000000000000000e+01 6.919000000000000000e+03
3.068000000000000000e+03 3.878000000000000000e+03 1.052000000000000028e+02 2.539999999999999858e+01 6.826000000000000000e+03
3.067000000000000000e+03 3.339000000000000000e+03 8.379999999999999716e+01 2.619999999999999929e+01 6.818000000000000000e+03
3.025000000000000000e+03 3.663000000000000000e+03 1.064000000000000057e+02 2.639999999999999858e+01 6.877000000000000000e+03
3.012000000000000000e+03 3.499000000000000000e+03 1.017000000000000028e+02 3.080000000000000071e+01 6.875000000000000000e+03
3.013000000000000000e+03 3.891000000000000000e+03 1.057999999999999972e+02 2.619999999999999929e+01 6.889000000000000000e+03
3.029000000000000000e+03 3.541000000000000000e+03 8.690000000000000568e+01 2.769999999999999929e+01 6.857000000000000000e+03
3.010000000000000000e+03 3.704000000000000000e+03 1.097000000000000028e+02 2.610000000000000142e+01 6.878000000000000000e+03
3.066000000000000000e+03 3.475000000000000000e+03 9.850000000000000000e+01 2.919999999999999929e+01 6.822000000000000000e+03
3.052000000000000000e+03 3.566000000000000000e+03 1.095999999999999943e+02 2.630000000000000071e+01 6.843000000000000000e+03
3.013000000000000000e+03 2.936000000000000000e+03 1.050000000000000000e+02 2.880000000000000071e+01 6.878000000000000000e+03
3.058000000000000000e+03 3.574000000000000000e+03 1.115000000000000000e+02 3.289999999999999858e+01 6.828000000000000000e+03
3.037000000000000000e+03 3.410000000000000000e+03 9.979999999999999716e+01 2.600000000000000000e+01 6.857000000000000000e+03
3.039000000000000000e+03 3.648000000000000000e+03 1.014000000000000057e+02 2.460000000000000142e+01 6.847000000000000000e+03
3.023000000000000000e+03 3.773000000000000000e+03 9.290000000000000568e+01 2.730000000000000071e+01 6.878000000000000000e+03
3.038000000000000000e+03 3.731000000000000000e+03 9.179999999999999716e+01 2.510000000000000142e+01 6.869000000000000000e+03
3.028000000000000000e+03 3.215000000000000000e+03 1.085999999999999943e+02 2.519999999999999929e+01 6.864000000000000000e+03
2.927000000000000000e+03 3.887000000000000000e+03 9.240000000000000568e+01 3.279999999999999716e+01 6.968000000000000000e+03
2.978000000000000000e+03 3.654000000000000000e+03 9.270000000000000284e+01 2.639999999999999858e+01 6.886000000000000000e+03
2.968000000000000000e+03 3.789000000000000000e+03 1.022000000000000028e+02 2.550000000000000000e+01 6.915000000000000000e+03
3.074000000000000000e+03 3.663000000000000000e+03 1.154000000000000057e+02 2.710000000000000142e+01 6.823000000000000000e+03
2.998000000000000000e+03 3.774000000000000000e+03 1.005999999999999943e+02 2.550000000000000000e+01 6.893000000000000000e+03
3.088000000000000000e+03 3.640000000000000000e+03 9.659999999999999432e+01 3.300000000000000000e+01 6.823000000000000000e+03
2.980000000000000000e+03 3.662000000000000000e+03 1.057999999999999972e+02 3.060000000000000142e+01 6.919000000000000000e+03
3.089000000000000000e+03 3.779000000000000000e+03 9.700000000000000000e+01 2.769999999999999929e+01 6.816000000000000000e+03
3.006000000000000000e+03 3.440000000000000000e+03 1.142000000000000028e+02 3.110000000000000142e+01 6.879000000000000000e+03
2.967000000000000000e+03 3.916000000000000000e+03 1.215999999999999943e+02 2.619999999999999929e+01 6.916000000000000000e+03
3.090000000000000000e+03 3.827000000000000000e+03 9.590000000000000568e+01 2.569999999999999929e+01 6.800000000000000000e+03
3.114000000000000000e+03 3.139000000000000000e+03 9.640000000000000568e+01 2.680000000000000071e+01 6.778000000000000000e+03
3.002000000000000000e+03 3.264000000000000000e+03 9.200000000000000000e+01 2.750000000000000000e+01 6.894000000000000000e+03
3.069000000000000000e+03 3.500000000000000000e+03 1.064000000000000057e+02 2.830000000000000071e+01 6.802000000000000000e+03
3.057000000000000000e+03 3.620000000000000000e+03 1.012000000000000028e+02 2.650000000000000000e+01 6.839000000000000000e+03
3.056000000000000000e+03 3.902000000000000000e+03 1.165999999999999943e+02 2.700000000000000000e+01 6.850000000000000000e+03
3.073000000000000000e+03 3.681000000000000000e+03 1.020000000000000000e+02 2.900000000000000000e+01 6.811000000000000000e+03
2.962000000000000000e+03 3.359000000000000000e+03 9.220000000000000284e+01 2.869999999999999929e+01 6.937000000000000000e+03
3.100000000000000000e+03 3.945000000000000000e+03 1.022999999999999972e+02 2.519999999999999929e+01 6.786000000000000000e+03
2.941000000000000000e+03 3.307000000000000000e+03 9.179999999999999716e+01 2.710000000000000142e+01 6.955000000000000000e+03
3.008000000000000000e+03 3.820000000000000000e+03 1.272999999999999972e+02 2.750000000000000000e+01 6.884000000000000000e+03
3.055000000000000000e+03 3.569000000000000000e+03 1.004000000000000057e+02 2.919999999999999929e+01 6.838000000000000000e+03
3.064000000000000000e+03 3.541000000000000000e+03 9.370000000000000284e+01 2.639999999999999858e+01 6.819000000000000000e+03
2.963000000000000000e+03 3.524000000000000000e+03 1.039000000000000057e+02 2.810000000000000142e+01 6.919000000000000000e+03
3.075000000000000000e+03 3.746000000000000000e+03 1.065000000000000000e+02 3.130000000000000071e+01 6.846000000000000000e+03
3.078000000000000000e+03 3.299000000000000000e+03 1.057999999999999972e+02 2.800000000000000000e+01 6.822000000000000000e+03
3.048000000000000000e+03 3.796000000000000000e+03 1.087999999999999972e+02 2.619999999999999929e+01 6.842000000000000000e+03
3.055000000000000000e+03 3.193000000000000000e+03 1.150000000000000000e+02 3.110000000000000142e+01 6.841000000000000000e+03
3.045000000000000000e+03 3.999000000000000000e+03 9.509999999999999432e+01 2.680000000000000071e+01 6.844000000000000000e+03
3.022000000000000000e+03 3.491000000000000000e+03 1.040000000000000000e+02 2.669999999999999929e+01 6.875000000000000000e+03
2.989000000000000000e+03 3.335000000000000000e+03 9.520000000000000284e+01 3.139999999999999858e+01 6.913000000000000000e+03
3.093000000000000000e+03 3.732000000000000000e+03 1.150000000000000000e+02 3.050000000000000000e+01 6.807000000000000000e+03
3.132000000000000000e+03 3.897000000000000000e+03 1.090999999999999943e+02 2.810000000000000142e+01 6.767000000000000000e+03
3.022000000000000000e+03 3.648000000000000000e+03 1.082999999999999972e+02 2.650000000000000000e+01 6.863000000000000000e+03
2.992000000000000000e+03 3.722000000000000000e+03 8.620000000000000284e+01 2.610000000000000142e+01 6.887000000000000000e+03
3.023000000000000000e+03 3.865000000000000000e+03 9.770000000000000284e+01 2.530000000000000071e+01 6.881000000000000000e+03
3.070000000000000000e+03 3.542000000000000000e+03 1.309000000000000057e+02 2.560000000000000142e+01 6.829000000000000000e+03
3.088000000000000000e+03 3.848000000000000000e+03 1.232999999999999972e+02 2.539999999999999858e+01 6.805000000000000000e+03
3.049000000000000000e+03 3.211000000000000000e+03 9.900000000000000000e+01 3.180000000000000071e+01 6.851000000000000000e+03
3.027000000000000000e+03 4.055000000000000000e+03 1.094000000000000057e+02 2.450000000000000000e+01 6.887000000000000000e+03
3.056000000000000000e+03 3.565000000000000000e+03 1.022000000000000028e+02 2.460000000000000142e+01 6.821000000000000000e+03
2.993000000000000000e+03 3.738000000000000000e+03 1.057999999999999972e+02 2.639999999999999858e+01 6.911000000000000000e+03
3.033000000000000000e+03 3.714000000000000000e+03 1.030999999999999943e+02 2.250000000000000000e+01 6.864000000000000000e+03
3.034000000000000000e+03 3.437000000000000000e+03 1.122000000000000028e+02 2.839999999999999858e+01 6.859000000000000000e+03
3.058000000000000000e+03 4.041000000000000000e+03 9.970000000000000284e+01 2.530000000000000071e+01 6.845000000000000000e+03
3.071000000000000000e+03 4.051000000000000000e+03 1.214000000000000057e+02 2.350000000000000000e+01 6.820000000000000000e+03
3.101000000000000000e+03 3.770000000000000000e+03 1.229000000000000057e+02 2.630000000000000071e+01 6.809000000000000000e+03
3.067000000000000000e+03 3.874000000000000000e+03 1.205999999999999943e+02 2.989999999999999858e+01 6.827000000000000000e+03
3.106000000000000000e+03 3.665000000000000000e+03 1.134000000000000057e+02 2.469999999999999929e+01 6.767000000000000000e+03
3.041000000000000000e+03 3.171000000000000000e+03 1.331999999999999886e+02 2.810000000000000142e+01 6.837000000000000000e+03
3.104000000000000000e+03 3.811000000000000000e+03 9.909999999999999432e+01 2.700000000000000000e+01 6.783000000000000000e+03
3.126000000000000000e+03 3.960000000000000000e+03 1.022999999999999972e+02 2.410000000000000142e+01 6.783000000000000000e+03
2.944000000000000000e+03 3.429000000000000000e+03 1.034000000000000057e+02 2.919999999999999929e+01 6.951000000000000000e+03
3.012000000000000000e+03 3.327000000000000000e+03 1.247000000000000028e+02 2.910000000000000142e+01 6.887000000000000000e+03
3.062000000000000000e+03 3.753000000000000000e+03 1.072000000000000028e+02 2.810000000000000142e+01 6.825000000000000000e+03
2.987000000000000000e+03 3.499000000000000000e+03 1.170999999999999943e+02 2.719999999999999929e+01 6.906000000000000000e+03
3.027000000000000000e+03 3.707000000000000000e+03 9.859999999999999432e+01 2.560000000000000142e+01 6.860000000000000000e+03
3.016000000000000000e+03 3.616000000000000000e+03 9.300000000000000000e+01 2.269999999999999929e+01 6.894000000000000000e+03
3.048000000000000000e+03 3.701000000000000000e+03 1.055000000000000000e+02 2.650000000000000000e+01 6.828000000000000000e+03
3.001000000000000000e+03 3.861000000000000000e+03 1.062999999999999972e+02 3.119999999999999929e+01 6.885000000000000000e+03
3.026000000000000000e+03 3.535000000000000000e+03 9.140000000000000568e+01 2.639999999999999858e+01 6.853000000000000000e+03
3.045000000000000000e+03 3.075000000000000000e+03 1.112999999999999972e+02 3.050000000000000000e+01 6.840000000000000000e+03
3.039000000000000000e+03 3.594000000000000000e+03 1.074000000000000057e+02 2.910000000000000142e+01 6.866000000000000000e+03
3.040000000000000000e+03 3.506000000000000000e+03 9.859999999999999432e+01 2.730000000000000071e+01 6.836000000000000000e+03
3.009000000000000000e+03 4.002000000000000000e+03 1.007999999999999972e+02 2.630000000000000071e+01 6.887000000000000000e+03
3.000000000000000000e+03 3.834000000000000000e+03 1.025999999999999943e+02 3.130000000000000071e+01 6.886000000000000000e+03
2.995000000000000000e+03 3.015000000000000000e+03 1.182000000000000028e+02 3.010000000000000142e+01 6.893000000000000000e+03
3.105000000000000000e+03 3.618000000000000000e+03 8.879999999999999716e+01 3.220000000000000284e+01 6.812000000000000000e+03
3.001000000000000000e+03 3.478000000000000000e+03 1.002000000000000028e+02 2.769999999999999929e+01 6.872000000000000000e+03
3.008000000000000000e+03 3.782000000000000000e+03 1.202000000000000028e+02 2.519999999999999929e+01 6.882000000000000000e+03
3.091000000000000000e+03 4.046000000000000000e+03 1.298000000000000114e+02 2.819999999999999929e+01 6.814000000000000000e+03
2.986000000000000000e+03 3.752000000000000000e+03 1.097000000000000028e+02 2.439999999999999858e+01 6.907000000000000000e+03
3.034000000000000000e+03 3.461000000000000000e+03 9.500000000000000000e+01 2.989999999999999858e+01 6.858000000000000000e+03
3.075000000000000000e+03 3.795000000000000000e+03 1.092000000000000028e+02 2.869999999999999929e+01 6.817000000000000000e+03
2.942000000000000000e+03 3.360000000000000000e+03 1.200999999999999943e+02 2.880000000000000071e+01 6.942000000000000000e+03
2.998000000000000000e+03 3.938000000000000000e+03 1.571999999999999886e+02 2.989999999999999858e+01 6.897000000000000000e+03
2.918000000000000000e+03 3.623000000000000000e+03 1.184000000000000057e+02 2.880000000000000071e+01 6.977000000000000000e+03
3.020000000000000000e+03 3.434000000000000000e+03 8.859999999999999432e+01 2.710000000000000142e+01 6.888000000000000000e+03
3.082000000000000000e+03 3.609000000000000000e+03 1.234000000000000057e+02 2.719999999999999929e+01 6.798000000000000000e+03
3.007000000000000000e+03 3.044000000000000000e+03 1.177999999999999972e+02 3.689999999999999858e+01 6.884000000000000000e+03
3.019000000000000000e+03 4.214000000000000000e+03 1.009000000000000057e+02 2.500000000000000000e+01 6.870000000000000000e+03
3.047000000000000000e+03 3.892000000000000000e+03 1.085000000000000000e+02 2.639999999999999858e+01 6.848000000000000000e+03
3.026000000000000000e+03 3.852000000000000000e+03 9.000000000000000000e+01 2.889999999999999858e+01 6.868000000000000000e+03
3.161000000000000000e+03 3.430000000000000000e+03 1.010000000000000000e+02 2.880000000000000071e+01 6.746000000000000000e+03
3.064000000000000000e+03 3.495000000000000000e+03 1.010999999999999943e+02 2.969999999999999929e+01 6.818000000000000000e+03
3.034000000000000000e+03 3.517000000000000000e+03 9.920000000000000284e+01 2.789999999999999858e+01 6.854000000000000000e+03
3.086000000000000000e+03 3.940000000000000000e+03 9.070000000000000284e+01 2.880000000000000071e+01 6.815000000000000000e+03
3.023000000000000000e+03 3.717000000000000000e+03 9.190000000000000568e+01 2.650000000000000000e+01 6.857000000000000000e+03
3.106000000000000000e+03 3.662000000000000000e+03 1.242999999999999972e+02 2.460000000000000142e+01 6.786000000000000000e+03
3.114000000000000000e+03 3.745000000000000000e+03 8.970000000000000284e+01 2.810000000000000142e+01 6.768000000000000000e+03
3.074000000000000000e+03 3.467000000000000000e+03 9.820000000000000284e+01 2.819999999999999929e+01 6.820000000000000000e+03
2.971000000000000000e+03 3.614000000000000000e+03 9.379999999999999716e+01 2.760000000000000142e+01 6.926000000000000000e+03
2.943000000000000000e+03 3.636000000000000000e+03 8.890000000000000568e+01 2.589999999999999858e+01 6.959000000000000000e+03
3.101000000000000000e+03 3.851000000000000000e+03 1.000999999999999943e+02 2.730000000000000071e+01 6.776000000000000000e+03
2.992000000000000000e+03 3.323000000000000000e+03 1.350000000000000000e+02 2.780000000000000071e+01 6.885000000000000000e+03
2.980000000000000000e+03 3.743000000000000000e+03 1.005999999999999943e+02 2.619999999999999929e+01 6.904000000000000000e+03
3.063000000000000000e+03 3.875000000000000000e+03 9.800000000000000000e+01 2.680000000000000071e+01 6.839000000000000000e+03
2.976000000000000000e+03 4.047000000000000000e+03 1.037999999999999972e+02 2.450000000000000000e+01 6.906000000000000000e+03
3.077000000000000000e+03 3.805000000000000000e+03 9.700000000000000000e+01 2.550000000000000000e+01 6.824000000000000000e+03
3.000000000000000000e+03 3.580000000000000000e+03 1.020000000000000000e+02 2.850000000000000000e+01 6.893000000000000000e+03
3.010000000000000000e+03 3.383000000000000000e+03 1.114000000000000057e+02 3.310000000000000142e+01 6.887000000000000000e+03
2.999000000000000000e+03 3.345000000000000000e+03 1.305999999999999943e+02 2.739999999999999858e+01 6.896000000000000000e+03
3.086000000000000000e+03 3.929000000000000000e+03 1.155999999999999943e+02 2.410000000000000142e+01 6.804000000000000000e+03
2.995000000000000000e+03 3.318000000000000000e+03 9.879999999999999716e+01 2.739999999999999858e+01 6.896000000000000000e+03
2.996000000000000000e+03 3.645000000000000000e+03 9.750000000000000000e+01 3.270000000000000284e+01 6.897000000000000000e+03
3.022000000000000000e+03 3.789000000000000000e+03 9.679999999999999716e+01 3.030000000000000071e+01 6.869000000000000000e+03
3.014000000000000000e+03 3.680000000000000000e+03 9.979999999999999716e+01 2.589999999999999858e+01 6.844000000000000000e+03
3.020000000000000000e+03 3.765000000000000000e+03 9.340000000000000568e+01 2.689999999999999858e+01 6.869000000000000000e+03
3.001000000000000000e+03 3.525000000000000000e+03 1.224000000000000057e+02 2.480000000000000071e+01 6.891000000000000000e+03
3.055000000000000000e+03 3.580000000000000000e+03 9.740000000000000568e+01 3.210000000000000142e+01 6.853000000000000000e+03
2.927000000000000000e+03 3.947000000000000000e+03 1.090000000000000000e+02 2.930000000000000071e+01 6.981000000000000000e+03
3.079000000000000000e+03 3.746000000000000000e+03 9.279999999999999716e+01 2.760000000000000142e+01 6.812000000000000000e+03
3.060000000000000000e+03 3.633000000000000000e+03 1.049000000000000057e+02 2.630000000000000071e+01 6.846000000000000000e+03
2.989000000000000000e+03 3.444000000000000000e+03 1.092999999999999972e+02 3.019999999999999929e+01 6.896000000000000000e+03
3.054000000000000000e+03 3.706000000000000000e+03 9.970000000000000284e+01 3.060000000000000142e+01 6.841000000000000000e+03
3.059000000000000000e+03 3.613000000000000000e+03 9.620000000000000284e+01 2.530000000000000071e+01 6.843000000000000000e+03
3.036000000000000000e+03 3.598000000000000000e+03 1.030999999999999943e+02 2.660000000000000142e+01 6.851000000000000000e+03
3.020000000000000000e+03 3.783000000000000000e+03 1.102000000000000028e+02 2.989999999999999858e+01 6.870000000000000000e+03
3.048000000000000000e+03 4.085000000000000000e+03 1.012000000000000028e+02 2.760000000000000142e+01 6.834000000000000000e+03
3.070000000000000000e+03 3.870000000000000000e+03 9.279999999999999716e+01 2.710000000000000142e+01 6.824000000000000000e+03
3.044000000000000000e+03 3.711000000000000000e+03 1.087999999999999972e+02 3.000000000000000000e+01 6.845000000000000000e+03
3.004000000000000000e+03 3.719000000000000000e+03 1.150999999999999943e+02 2.839999999999999858e+01 6.912000000000000000e+03
2.993000000000000000e+03 3.497000000000000000e+03 1.125000000000000000e+02 2.650000000000000000e+01 6.902000000000000000e+03
2.962000000000000000e+03 3.455000000000000000e+03 1.012999999999999972e+02 2.800000000000000000e+01 6.929000000000000000e+03
3.035000000000000000e+03 3.574000000000000000e+03 1.214000000000000057e+02 2.550000000000000000e+01 6.840000000000000000e+03
3.034000000000000000e+03 3.720000000000000000e+03 9.209999999999999432e+01 2.719999999999999929e+01 6.862000000000000000e+03
3.057000000000000000e+03 3.652000000000000000e+03 9.709999999999999432e+01 2.510000000000000142e+01 6.848000000000000000e+03
3.084000000000000000e+03 3.504000000000000000e+03 9.959999999999999432e+01 3.650000000000000000e+01 6.778000000000000000e+03
2.993000000000000000e+03 3.727000000000000000e+03 1.200999999999999943e+02 2.939999999999999858e+01 6.896000000000000000e+03
3.017000000000000000e+03 3.900000000000000000e+03 1.275999999999999943e+02 2.460000000000000142e+01 6.899000000000000000e+03
2.999000000000000000e+03 3.521000000000000000e+03 1.004000000000000057e+02 2.680000000000000071e+01 6.893000000000000000e+03
3.030000000000000000e+03 3.720000000000000000e+03 9.259999999999999432e+01 2.839999999999999858e+01 6.868000000000000000e+03
3.003000000000000000e+03 3.728000000000000000e+03 1.174000000000000057e+02 2.930000000000000071e+01 6.892000000000000000e+03
3.028000000000000000e+03 3.849000000000000000e+03 1.037999999999999972e+02 2.619999999999999929e+01 6.868000000000000000e+03
3.039000000000000000e+03 3.300000000000000000e+03 1.202999999999999972e+02 2.769999999999999929e+01 6.852000000000000000e+03
3.031000000000000000e+03 3.242000000000000000e+03 1.104000000000000057e+02 2.960000000000000142e+01 6.860000000000000000e+03
3.120000000000000000e+03 3.475000000000000000e+03 9.600000000000000000e+01 2.800000000000000000e+01 6.763000000000000000e+03
2.999000000000000000e+03 3.252000000000000000e+03 9.720000000000000284e+01 2.810000000000000142e+01 6.860000000000000000e+03
3.083000000000000000e+03 3.545000000000000000e+03 1.082999999999999972e+02 2.980000000000000071e+01 6.794000000000000000e+03
2.992000000000000000e+03 3.401000000000000000e+03 1.413000000000000114e+02 2.639999999999999858e+01 6.909000000000000000e+03
3.074000000000000000e+03 3.458000000000000000e+03 1.340999999999999943e+02 2.700000000000000000e+01 6.838000000000000000e+03
2.909000000000000000e+03 3.897000000000000000e+03 1.030999999999999943e+02 2.960000000000000142e+01 6.997000000000000000e+03
3.078000000000000000e+03 3.558000000000000000e+03 9.920000000000000284e+01 2.700000000000000000e+01 6.810000000000000000e+03
3.079000000000000000e+03 3.874000000000000000e+03 1.122999999999999972e+02 2.560000000000000142e+01 6.820000000000000000e+03
3.024000000000000000e+03 3.762000000000000000e+03 9.879999999999999716e+01 2.939999999999999858e+01 6.851000000000000000e+03
3.019000000000000000e+03 3.560000000000000000e+03 9.240000000000000568e+01 2.810000000000000142e+01 6.885000000000000000e+03
3.054000000000000000e+03 3.428000000000000000e+03 1.089000000000000057e+02 2.950000000000000000e+01 6.842000000000000000e+03
3.081000000000000000e+03 3.779000000000000000e+03 9.020000000000000284e+01 2.589999999999999858e+01 6.817000000000000000e+03
3.068000000000000000e+03 3.550000000000000000e+03 1.117999999999999972e+02 2.930000000000000071e+01 6.814000000000000000e+03
3.032000000000000000e+03 4.097000000000000000e+03 1.239000000000000057e+02 2.469999999999999929e+01 6.848000000000000000e+03
3.099000000000000000e+03 3.788000000000000000e+03 1.182000000000000028e+02 2.619999999999999929e+01 6.795000000000000000e+03
3.151000000000000000e+03 3.352000000000000000e+03 1.169000000000000057e+02 3.130000000000000071e+01 6.754000000000000000e+03
3.149000000000000000e+03 4.031000000000000000e+03 1.007999999999999972e+02 2.669999999999999929e+01 6.750000000000000000e+03
2.961000000000000000e+03 3.596000000000000000e+03 9.950000000000000000e+01 3.110000000000000142e+01 6.922000000000000000e+03
3.076000000000000000e+03 3.618000000000000000e+03 1.005999999999999943e+02 2.630000000000000071e+01 6.834000000000000000e+03
3.025000000000000000e+03 3.431000000000000000e+03 1.105000000000000000e+02 2.610000000000000142e+01 6.882000000000000000e+03
2.982000000000000000e+03 3.849000000000000000e+03 1.005000000000000000e+02 2.400000000000000000e+01 6.911000000000000000e+03
3.019000000000000000e+03 3.398000000000000000e+03 1.022000000000000028e+02 2.750000000000000000e+01 6.880000000000000000e+03
3.012000000000000000e+03 3.476000000000000000e+03 9.990000000000000568e+01 2.550000000000000000e+01 6.887000000000000000e+03
2.999000000000000000e+03 3.542000000000000000e+03 1.049000000000000057e+02 2.650000000000000000e+01 6.877000000000000000e+03
3.076000000000000000e+03 3.264000000000000000e+03 1.145999999999999943e+02 3.510000000000000142e+01 6.833000000000000000e+03
3.026000000000000000e+03 3.523000000000000000e+03 1.029000000000000057e+02 2.719999999999999929e+01 6.868000000000000000e+03
3.004000000000000000e+03 4.015000000000000000e+03 9.720000000000000284e+01 2.639999999999999858e+01 6.894000000000000000e+03
3.002000000000000000e+03 3.378000000000000000e+03 9.620000000000000284e+01 2.719999999999999929e+01 6.877000000000000000e+03
3.043000000000000000e+03 3.964000000000000000e+03 9.809999999999999432e+01 2.569999999999999929e+01 6.858000000000000000e+03
3.090000000000000000e+03 3.750000000000000000e+03 1.030999999999999943e+02 2.769999999999999929e+01 6.799000000000000000e+03
2.998000000000000000e+03 3.815000000000000000e+03 9.409999999999999432e+01 2.830000000000000071e+01 6.896000000000000000e+03
3.015000000000000000e+03 3.469000000000000000e+03 9.490000000000000568e+01 2.860000000000000142e+01 6.873000000000000000e+03
3.028000000000000000e+03 3.295000000000000000e+03 1.029000000000000057e+02 3.039999999999999858e+01 6.856000000000000000e+03
3.020000000000000000e+03 3.757000000000000000e+03 1.155999999999999943e+02 2.880000000000000071e+01 6.881000000000000000e+03
