9.445000000000000000e+03 8.342000000000000000e+03 6.120000000000000000e+02 1.500000000000000000e+01 3.700000000000000000e+01
9.437000000000000000e+03 8.463000000000000000e+03 3.650000000000000000e+02 1.480000000000000071e+01 3.900000000000000000e+01
9.477000000000000000e+03 8.228000000000000000e+03 5.506000000000000227e+02 1.540000000000000036e+01 4.000000000000000000e+01
9.429000000000000000e+03 8.387000000000000000e+03 4.410000000000000000e+02 1.600000000000000000e+01 3.900000000000000000e+01
9.446000000000000000e+03 8.479000000000000000e+03 3.995000000000000000e+02 1.540000000000000036e+01 4.200000000000000000e+01
9.431000000000000000e+03 8.536000000000000000e+03 4.471000000000000227e+02 1.440000000000000036e+01 3.900000000000000000e+01
9.409000000000000000e+03 8.434000000000000000e+03 5.372000000000000455e+02 1.540000000000000036e+01 3.800000000000000000e+01
9.429000000000000000e+03 8.267000000000000000e+03 4.468999999999999773e+02 1.530000000000000071e+01 3.900000000000000000e+01
9.440000000000000000e+03 8.355000000000000000e+03 4.398000000000000114e+02 1.569999999999999929e+01 4.200000000000000000e+01
9.430000000000000000e+03 8.593000000000000000e+03 5.065000000000000000e+02 1.300000000000000000e+01 3.400000000000000000e+01
9.431000000000000000e+03 8.540000000000000000e+03 3.751999999999999886e+02 1.400000000000000000e+01 3.800000000000000000e+01
9.419000000000000000e+03 8.442000000000000000e+03 4.975000000000000000e+02 1.540000000000000036e+01 3.900000000000000000e+01
9.402000000000000000e+03 8.500000000000000000e+03 3.898999999999999773e+02 1.400000000000000000e+01 3.700000000000000000e+01
9.474000000000000000e+03 8.623000000000000000e+03 4.743000000000000114e+02 1.419999999999999929e+01 3.800000000000000000e+01
9.408000000000000000e+03 8.401000000000000000e+03 4.073000000000000114e+02 1.550000000000000000e+01 3.700000000000000000e+01
9.416000000000000000e+03 8.296000000000000000e+03 4.478999999999999773e+02 1.650000000000000000e+01 3.600000000000000000e+01
9.434000000000000000e+03 8.484000000000000000e+03 4.073999999999999773e+02 1.469999999999999929e+01 4.000000000000000000e+01
9.437000000000000000e+03 8.514000000000000000e+03 3.596000000000000227e+02 1.380000000000000071e+01 3.900000000000000000e+01
9.421000000000000000e+03 8.437000000000000000e+03 5.040000000000000000e+02 1.550000000000000000e+01 4.400000000000000000e+01
9.438000000000000000e+03 8.488000000000000000e+03 5.217999999999999545e+02 1.459999999999999964e+01 4.300000000000000000e+01
9.426000000000000000e+03 8.495000000000000000e+03 3.391000000000000227e+02 1.469999999999999929e+01 4.000000000000000000e+01
9.443000000000000000e+03 8.402000000000000000e+03 4.236999999999999886e+02 1.500000000000000000e+01 4.100000000000000000e+01
9.420000000000000000e+03 8.369000000000000000e+03 4.188000000000000114e+02 1.400000000000000000e+01 3.900000000000000000e+01
9.436000000000000000e+03 8.461000000000000000e+03 3.610000000000000000e+02 1.500000000000000000e+01 3.900000000000000000e+01
9.443000000000000000e+03 8.423000000000000000e+03 4.596000000000000227e+02 1.760000000000000142e+01 3.900000000000000000e+01
9.432000000000000000e+03 8.388000000000000000e+03 3.773999999999999773e+02 1.569999999999999929e+01 4.000000000000000000e+01
9.430000000000000000e+03 8.325000000000000000e+03 5.552000000000000455e+02 1.669999999999999929e+01 3.700000000000000000e+01
9.449000000000000000e+03 8.536000000000000000e+03 4.213000000000000114e+02 1.440000000000000036e+01 4.200000000000000000e+01
9.404000000000000000e+03 8.482000000000000000e+03 4.276000000000000227e+02 1.610000000000000142e+01 4.200000000000000000e+01
9.465000000000000000e+03 8.439000000000000000e+03 4.781999999999999886e+02 1.569999999999999929e+01 3.700000000000000000e+01
9.412000000000000000e+03 8.416000000000000000e+03 4.835000000000000000e+02 1.459999999999999964e+01 4.100000000000000000e+01
9.446000000000000000e+03 8.533000000000000000e+03 3.858000000000000114e+02 1.630000000000000071e+01 3.700000000000000000e+01
9.453000000000000000e+03 8.397000000000000000e+03 4.446999999999999886e+02 1.519999999999999929e+01 3.600000000000000000e+01
9.429000000000000000e+03 8.452000000000000000e+03 4.133000000000000114e+02 1.469999999999999929e+01 3.800000000000000000e+01
9.481000000000000000e+03 8.490000000000000000e+03 4.461999999999999886e+02 1.400000000000000000e+01 4.100000000000000000e+01
9.417000000000000000e+03 8.463000000000000000e+03 4.538000000000000114e+02 1.509999999999999964e+01 4.000000000000000000e+01
9.470000000000000000e+03 8.408000000000000000e+03 4.950000000000000000e+02 1.450000000000000000e+01 4.000000000000000000e+01
9.448000000000000000e+03 8.616000000000000000e+03 3.771000000000000227e+02 1.350000000000000000e+01 4.100000000000000000e+01
9.466000000000000000e+03 8.522000000000000000e+03 5.626000000000000227e+02 1.290000000000000036e+01 4.000000000000000000e+01
9.443000000000000000e+03 8.552000000000000000e+03 4.118999999999999773e+02 1.580000000000000071e+01 3.700000000000000000e+01
9.438000000000000000e+03 8.625000000000000000e+03 4.998999999999999773e+02 1.359999999999999964e+01 4.200000000000000000e+01
9.441000000000000000e+03 8.164000000000000000e+03 4.241999999999999886e+02 1.569999999999999929e+01 4.400000000000000000e+01
9.421000000000000000e+03 8.371000000000000000e+03 5.046000000000000227e+02 1.380000000000000071e+01 3.600000000000000000e+01
9.403000000000000000e+03 8.245000000000000000e+03 4.445000000000000000e+02 1.540000000000000036e+01 3.700000000000000000e+01
9.430000000000000000e+03 8.367000000000000000e+03 4.398000000000000114e+02 1.469999999999999929e+01 4.000000000000000000e+01
9.410000000000000000e+03 8.423000000000000000e+03 4.333999999999999773e+02 1.459999999999999964e+01 3.900000000000000000e+01
9.430000000000000000e+03 8.383000000000000000e+03 6.288999999999999773e+02 1.519999999999999929e+01 4.300000000000000000e+01
9.426000000000000000e+03 8.567000000000000000e+03 4.046999999999999886e+02 1.480000000000000071e+01 4.300000000000000000e+01
9.422000000000000000e+03 8.335000000000000000e+03 3.755000000000000000e+02 1.569999999999999929e+01 4.500000000000000000e+01
9.384000000000000000e+03 8.366000000000000000e+03 5.325000000000000000e+02 1.500000000000000000e+01 3.600000000000000000e+01
9.440000000000000000e+03 8.365000000000000000e+03 4.281999999999999886e+02 1.459999999999999964e+01 3.500000000000000000e+01
9.436000000000000000e+03 8.499000000000000000e+03 4.363999999999999773e+02 1.440000000000000036e+01 4.200000000000000000e+01
9.446000000000000000e+03 8.332000000000000000e+03 4.773000000000000114e+02 1.630000000000000071e+01 3.900000000000000000e+01
9.456000000000000000e+03 8.374000000000000000e+03 4.676999999999999886e+02 1.369999999999999929e+01 4.000000000000000000e+01
9.457000000000000000e+03 8.521000000000000000e+03 5.041000000000000227e+02 1.540000000000000036e+01 4.900000000000000000e+01
9.439000000000000000e+03 8.427000000000000000e+03 3.921999999999999886e+02 1.409999999999999964e+01 3.800000000000000000e+01
9.386000000000000000e+03 8.524000000000000000e+03 5.405000000000000000e+02 1.430000000000000071e+01 4.300000000000000000e+01
9.448000000000000000e+03 8.460000000000000000e+03 3.756999999999999886e+02 1.490000000000000036e+01 3.700000000000000000e+01
9.448000000000000000e+03 8.270000000000000000e+03 4.911000000000000227e+02 1.409999999999999964e+01 4.100000000000000000e+01
9.413000000000000000e+03 8.376000000000000000e+03 4.661000000000000227e+02 1.390000000000000036e+01 4.300000000000000000e+01
9.412000000000000000e+03 8.364000000000000000e+03 4.620000000000000000e+02 1.450000000000000000e+01 4.000000000000000000e+01
9.453000000000000000e+03 8.455000000000000000e+03 4.353000000000000114e+02 1.359999999999999964e+01 3.600000000000000000e+01
9.433000000000000000e+03 8.310000000000000000e+03 5.886000000000000227e+02 1.610000000000000142e+01 3.500000000000000000e+01
9.469000000000000000e+03 8.492000000000000000e+03 4.538999999999999773e+02 1.380000000000000071e+01 4.000000000000000000e+01
9.422000000000000000e+03 8.431000000000000000e+03 3.590000000000000000e+02 1.450000000000000000e+01 4.100000000000000000e+01
9.436000000000000000e+03 8.477000000000000000e+03 6.071000000000000227e+02 1.550000000000000000e+01 5.100000000000000000e+01
9.432000000000000000e+03 8.478000000000000000e+03 4.008999999999999773e+02 1.450000000000000000e+01 3.800000000000000000e+01
9.424000000000000000e+03 8.492000000000000000e+03 4.595000000000000000e+02 1.559999999999999964e+01 4.300000000000000000e+01
9.431000000000000000e+03 8.293000000000000000e+03 4.396000000000000227e+02 1.619999999999999929e+01 4.000000000000000000e+01
9.432000000000000000e+03 8.373000000000000000e+03 5.940000000000000000e+02 1.669999999999999929e+01 4.500000000000000000e+01
9.434000000000000000e+03 8.485000000000000000e+03 4.893999999999999773e+02 1.469999999999999929e+01 4.000000000000000000e+01
9.427000000000000000e+03 8.601000000000000000e+03 3.335000000000000000e+02 1.450000000000000000e+01 4.400000000000000000e+01
9.449000000000000000e+03 8.486000000000000000e+03 3.670000000000000000e+02 1.430000000000000071e+01 4.100000000000000000e+01
9.452000000000000000e+03 8.459000000000000000e+03 5.006999999999999886e+02 1.350000000000000000e+01 3.600000000000000000e+01
9.430000000000000000e+03 8.458000000000000000e+03 3.551999999999999886e+02 1.469999999999999929e+01 4.400000000000000000e+01
9.439000000000000000e+03 8.336000000000000000e+03 5.116999999999999886e+02 1.580000000000000071e+01 3.900000000000000000e+01
9.425000000000000000e+03 8.487000000000000000e+03 5.817000000000000455e+02 1.469999999999999929e+01 4.100000000000000000e+01
9.425000000000000000e+03 8.458000000000000000e+03 4.300000000000000000e+02 1.459999999999999964e+01 3.600000000000000000e+01
9.456000000000000000e+03 8.292000000000000000e+03 3.870000000000000000e+02 1.559999999999999964e+01 4.300000000000000000e+01
9.450000000000000000e+03 8.290000000000000000e+03 4.011999999999999886e+02 1.530000000000000071e+01 4.100000000000000000e+01
9.449000000000000000e+03 8.568000000000000000e+03 3.965000000000000000e+02 1.409999999999999964e+01 4.200000000000000000e+01
9.431000000000000000e+03 8.413000000000000000e+03 3.698999999999999773e+02 1.450000000000000000e+01 3.700000000000000000e+01
9.433000000000000000e+03 8.230000000000000000e+03 5.085000000000000000e+02 1.509999999999999964e+01 4.000000000000000000e+01
9.450000000000000000e+03 8.499000000000000000e+03 4.233999999999999773e+02 1.400000000000000000e+01 4.000000000000000000e+01
9.451000000000000000e+03 8.408000000000000000e+03 5.008999999999999773e+02 1.369999999999999929e+01 4.300000000000000000e+01
9.440000000000000000e+03 8.518000000000000000e+03 3.741999999999999886e+02 1.509999999999999964e+01 4.000000000000000000e+01
9.450000000000000000e+03 8.258000000000000000e+03 5.463999999999999773e+02 1.559999999999999964e+01 3.600000000000000000e+01
9.408000000000000000e+03 8.403000000000000000e+03 4.158000000000000114e+02 1.509999999999999964e+01 3.500000000000000000e+01
9.455000000000000000e+03 8.456000000000000000e+03 5.198999999999999773e+02 1.500000000000000000e+01 3.900000000000000000e+01
9.454000000000000000e+03 8.230000000000000000e+03 3.783000000000000114e+02 1.530000000000000071e+01 4.100000000000000000e+01
9.414000000000000000e+03 8.281000000000000000e+03 4.930000000000000000e+02 1.490000000000000036e+01 4.200000000000000000e+01
9.426000000000000000e+03 8.358000000000000000e+03 4.546999999999999886e+02 1.580000000000000071e+01 4.100000000000000000e+01
9.460000000000000000e+03 8.349000000000000000e+03 5.388999999999999773e+02 1.540000000000000036e+01 4.100000000000000000e+01
9.427000000000000000e+03 8.515000000000000000e+03 5.646000000000000227e+02 1.350000000000000000e+01 3.700000000000000000e+01
9.451000000000000000e+03 8.377000000000000000e+03 4.063999999999999773e+02 1.600000000000000000e+01 4.100000000000000000e+01
9.410000000000000000e+03 8.458000000000000000e+03 4.350000000000000000e+02 1.500000000000000000e+01 4.300000000000000000e+01
9.438000000000000000e+03 8.420000000000000000e+03 4.468999999999999773e+02 1.430000000000000071e+01 3.600000000000000000e+01
9.435000000000000000e+03 8.557000000000000000e+03 5.220000000000000000e+02 1.419999999999999929e+01 3.900000000000000000e+01
9.462000000000000000e+03 8.615000000000000000e+03 4.146000000000000227e+02 1.440000000000000036e+01 4.300000000000000000e+01
9.427000000000000000e+03 8.343000000000000000e+03 3.996000000000000227e+02 1.459999999999999964e+01 3.600000000000000000e+01
9.409000000000000000e+03 8.467000000000000000e+03 5.885000000000000000e+02 1.480000000000000071e+01 3.700000000000000000e+01
9.447000000000000000e+03 8.501000000000000000e+03 3.583000000000000114e+02 1.450000000000000000e+01 4.100000000000000000e+01
9.443000000000000000e+03 8.340000000000000000e+03 5.088999999999999773e+02 1.600000000000000000e+01 3.700000000000000000e+01
9.425000000000000000e+03 8.370000000000000000e+03 3.953999999999999773e+02 1.530000000000000071e+01 3.800000000000000000e+01
9.439000000000000000e+03 8.272000000000000000e+03 5.235000000000000000e+02 1.480000000000000071e+01 4.000000000000000000e+01
9.454000000000000000e+03 8.528000000000000000e+03 4.473000000000000114e+02 1.359999999999999964e+01 4.100000000000000000e+01
9.444000000000000000e+03 8.385000000000000000e+03 5.208999999999999773e+02 1.540000000000000036e+01 3.800000000000000000e+01
9.439000000000000000e+03 8.327000000000000000e+03 4.191000000000000227e+02 1.550000000000000000e+01 3.900000000000000000e+01
9.408000000000000000e+03 8.389000000000000000e+03 3.333000000000000114e+02 1.660000000000000142e+01 4.300000000000000000e+01
9.482000000000000000e+03 8.444000000000000000e+03 4.510000000000000000e+02 1.409999999999999964e+01 3.800000000000000000e+01
9.420000000000000000e+03 8.472000000000000000e+03 3.928000000000000114e+02 1.400000000000000000e+01 3.700000000000000000e+01
9.450000000000000000e+03 8.382000000000000000e+03 4.033999999999999773e+02 1.530000000000000071e+01 3.800000000000000000e+01
9.432000000000000000e+03 8.412000000000000000e+03 4.178999999999999773e+02 1.480000000000000071e+01 4.100000000000000000e+01
9.410000000000000000e+03 8.523000000000000000e+03 4.470000000000000000e+02 1.419999999999999929e+01 3.700000000000000000e+01
9.452000000000000000e+03 8.455000000000000000e+03 4.338000000000000114e+02 1.569999999999999929e+01 3.600000000000000000e+01
9.430000000000000000e+03 8.381000000000000000e+03 5.127999999999999545e+02 1.519999999999999929e+01 3.900000000000000000e+01
9.379000000000000000e+03 8.374000000000000000e+03 5.410000000000000000e+02 1.490000000000000036e+01 3.800000000000000000e+01
9.444000000000000000e+03 8.535000000000000000e+03 4.688999999999999773e+02 1.369999999999999929e+01 4.300000000000000000e+01
9.423000000000000000e+03 8.424000000000000000e+03 3.515000000000000000e+02 1.280000000000000071e+01 4.000000000000000000e+01
9.441000000000000000e+03 8.573000000000000000e+03 3.678999999999999773e+02 1.340000000000000036e+01 4.200000000000000000e+01
9.429000000000000000e+03 8.457000000000000000e+03 5.852000000000000455e+02 1.450000000000000000e+01 3.700000000000000000e+01
9.459000000000000000e+03 8.580000000000000000e+03 3.955000000000000000e+02 1.509999999999999964e+01 3.800000000000000000e+01
9.414000000000000000e+03 8.270000000000000000e+03 5.667000000000000455e+02 1.559999999999999964e+01 3.900000000000000000e+01
9.450000000000000000e+03 8.365000000000000000e+03 4.483999999999999773e+02 1.400000000000000000e+01 4.200000000000000000e+01
9.424000000000000000e+03 8.431000000000000000e+03 3.736000000000000227e+02 1.440000000000000036e+01 4.100000000000000000e+01
9.459000000000000000e+03 8.624000000000000000e+03 5.010000000000000000e+02 1.359999999999999964e+01 4.100000000000000000e+01
9.432000000000000000e+03 8.032000000000000000e+03 3.678999999999999773e+02 1.650000000000000000e+01 3.800000000000000000e+01
9.444000000000000000e+03 8.453000000000000000e+03 3.623999999999999773e+02 1.469999999999999929e+01 3.800000000000000000e+01
9.398000000000000000e+03 8.363000000000000000e+03 3.890000000000000000e+02 1.559999999999999964e+01 3.900000000000000000e+01
9.421000000000000000e+03 8.262000000000000000e+03 3.903000000000000114e+02 1.459999999999999964e+01 4.100000000000000000e+01
9.433000000000000000e+03 8.476000000000000000e+03 3.650000000000000000e+02 1.500000000000000000e+01 3.800000000000000000e+01
9.432000000000000000e+03 8.482000000000000000e+03 5.536000000000000227e+02 1.490000000000000036e+01 3.900000000000000000e+01
9.469000000000000000e+03 8.557000000000000000e+03 3.891000000000000227e+02 1.430000000000000071e+01 4.000000000000000000e+01
9.438000000000000000e+03 8.582000000000000000e+03 4.203000000000000114e+02 1.409999999999999964e+01 3.500000000000000000e+01
9.459000000000000000e+03 8.475000000000000000e+03 5.322999999999999545e+02 1.380000000000000071e+01 3.600000000000000000e+01
9.434000000000000000e+03 8.598000000000000000e+03 4.710000000000000000e+02 1.480000000000000071e+01 3.800000000000000000e+01
9.420000000000000000e+03 8.372000000000000000e+03 5.125000000000000000e+02 1.590000000000000036e+01 4.100000000000000000e+01
9.473000000000000000e+03 8.445000000000000000e+03 3.585000000000000000e+02 1.519999999999999929e+01 3.400000000000000000e+01
9.440000000000000000e+03 8.323000000000000000e+03 3.390000000000000000e+02 1.519999999999999929e+01 3.800000000000000000e+01
9.435000000000000000e+03 8.354000000000000000e+03 5.370000000000000000e+02 1.440000000000000036e+01 4.000000000000000000e+01
9.422000000000000000e+03 8.381000000000000000e+03 3.796999999999999886e+02 1.680000000000000071e+01 3.900000000000000000e+01
9.457000000000000000e+03 8.437000000000000000e+03 3.901000000000000227e+02 1.409999999999999964e+01 4.100000000000000000e+01
9.441000000000000000e+03 8.462000000000000000e+03 3.963000000000000114e+02 1.639999999999999858e+01 4.400000000000000000e+01
9.441000000000000000e+03 8.462000000000000000e+03 5.088000000000000114e+02 1.450000000000000000e+01 4.000000000000000000e+01
9.447000000000000000e+03 8.376000000000000000e+03 4.385000000000000000e+02 1.559999999999999964e+01 3.900000000000000000e+01
9.395000000000000000e+03 8.331000000000000000e+03 3.471000000000000227e+02 1.490000000000000036e+01 3.900000000000000000e+01
9.414000000000000000e+03 8.483000000000000000e+03 5.357999999999999545e+02 1.530000000000000071e+01 4.200000000000000000e+01
9.369000000000000000e+03 8.286000000000000000e+03 3.726000000000000227e+02 1.559999999999999964e+01 4.300000000000000000e+01
9.424000000000000000e+03 8.390000000000000000e+03 3.763000000000000114e+02 1.550000000000000000e+01 4.200000000000000000e+01
9.410000000000000000e+03 8.450000000000000000e+03 7.281000000000000227e+02 1.459999999999999964e+01 3.700000000000000000e+01
9.475000000000000000e+03 8.539000000000000000e+03 3.883000000000000114e+02 1.459999999999999964e+01 3.900000000000000000e+01
9.455000000000000000e+03 8.417000000000000000e+03 5.013999999999999773e+02 1.440000000000000036e+01 3.700000000000000000e+01
9.405000000000000000e+03 8.372000000000000000e+03 3.271000000000000227e+02 1.469999999999999929e+01 4.300000000000000000e+01
9.469000000000000000e+03 8.514000000000000000e+03 3.608000000000000114e+02 1.500000000000000000e+01 3.800000000000000000e+01
9.418000000000000000e+03 8.401000000000000000e+03 5.048999999999999773e+02 1.519999999999999929e+01 4.000000000000000000e+01
9.430000000000000000e+03 8.409000000000000000e+03 4.918999999999999773e+02 1.559999999999999964e+01 4.400000000000000000e+01
9.430000000000000000e+03 8.378000000000000000e+03 4.466000000000000227e+02 1.440000000000000036e+01 4.000000000000000000e+01
9.488000000000000000e+03 8.518000000000000000e+03 4.263000000000000114e+02 1.450000000000000000e+01 3.800000000000000000e+01
9.399000000000000000e+03 8.556000000000000000e+03 3.803999999999999773e+02 1.450000000000000000e+01 4.000000000000000000e+01
9.430000000000000000e+03 8.575000000000000000e+03 4.568999999999999773e+02 1.440000000000000036e+01 4.200000000000000000e+01
9.444000000000000000e+03 8.546000000000000000e+03 4.631000000000000227e+02 1.419999999999999929e+01 3.800000000000000000e+01
9.446000000000000000e+03 8.372000000000000000e+03 4.520000000000000000e+02 1.369999999999999929e+01 4.200000000000000000e+01
9.422000000000000000e+03 8.346000000000000000e+03 4.136000000000000227e+02 1.650000000000000000e+01 3.700000000000000000e+01
9.407000000000000000e+03 8.505000000000000000e+03 5.887000000000000455e+02 1.430000000000000071e+01 4.200000000000000000e+01
9.429000000000000000e+03 8.501000000000000000e+03 4.123999999999999773e+02 1.440000000000000036e+01 4.000000000000000000e+01
9.458000000000000000e+03 8.543000000000000000e+03 4.323999999999999773e+02 1.480000000000000071e+01 3.900000000000000000e+01
9.444000000000000000e+03 8.676000000000000000e+03 4.013999999999999773e+02 1.409999999999999964e+01 3.600000000000000000e+01
9.444000000000000000e+03 8.285000000000000000e+03 5.225000000000000000e+02 1.540000000000000036e+01 3.700000000000000000e+01
9.429000000000000000e+03 8.391000000000000000e+03 3.848000000000000114e+02 1.390000000000000036e+01 3.700000000000000000e+01
9.437000000000000000e+03 8.276000000000000000e+03 5.370000000000000000e+02 1.600000000000000000e+01 3.700000000000000000e+01
9.432000000000000000e+03 8.475000000000000000e+03 4.613000000000000114e+02 1.490000000000000036e+01 3.900000000000000000e+01
9.403000000000000000e+03 8.514000000000000000e+03 4.778000000000000114e+02 1.530000000000000071e+01 4.200000000000000000e+01
9.480000000000000000e+03 8.495000000000000000e+03 3.955000000000000000e+02 1.409999999999999964e+01 4.300000000000000000e+01
9.442000000000000000e+03 8.366000000000000000e+03 4.290000000000000000e+02 1.509999999999999964e+01 4.100000000000000000e+01
9.461000000000000000e+03 8.407000000000000000e+03 3.696999999999999886e+02 1.550000000000000000e+01 4.600000000000000000e+01
9.408000000000000000e+03 8.499000000000000000e+03 3.778999999999999773e+02 1.459999999999999964e+01 4.300000000000000000e+01
9.410000000000000000e+03 8.397000000000000000e+03 4.733000000000000114e+02 1.550000000000000000e+01 3.700000000000000000e+01
9.437000000000000000e+03 8.286000000000000000e+03 3.788000000000000114e+02 1.600000000000000000e+01 3.600000000000000000e+01
9.413000000000000000e+03 8.414000000000000000e+03 4.266000000000000227e+02 1.500000000000000000e+01 3.900000000000000000e+01
9.451000000000000000e+03 8.567000000000000000e+03 3.901000000000000227e+02 1.359999999999999964e+01 4.700000000000000000e+01
9.431000000000000000e+03 8.588000000000000000e+03 4.923000000000000114e+02 1.380000000000000071e+01 3.900000000000000000e+01
9.453000000000000000e+03 8.432000000000000000e+03 3.873000000000000114e+02 1.390000000000000036e+01 3.700000000000000000e+01
9.431000000000000000e+03 8.212000000000000000e+03 4.888999999999999773e+02 1.559999999999999964e+01 3.400000000000000000e+01
9.412000000000000000e+03 8.441000000000000000e+03 5.472999999999999545e+02 1.400000000000000000e+01 3.900000000000000000e+01
9.458000000000000000e+03 8.480000000000000000e+03 4.805000000000000000e+02 1.490000000000000036e+01 4.000000000000000000e+01
9.460000000000000000e+03 8.339000000000000000e+03 4.353999999999999773e+02 1.459999999999999964e+01 3.600000000000000000e+01
9.404000000000000000e+03 8.380000000000000000e+03 5.607000000000000455e+02 1.380000000000000071e+01 3.700000000000000000e+01
9.418000000000000000e+03 8.495000000000000000e+03 4.250000000000000000e+02 1.519999999999999929e+01 4.100000000000000000e+01
9.431000000000000000e+03 8.370000000000000000e+03 5.702000000000000455e+02 1.519999999999999929e+01 3.500000000000000000e+01
9.418000000000000000e+03 8.536000000000000000e+03 4.193000000000000114e+02 1.490000000000000036e+01 4.000000000000000000e+01
9.446000000000000000e+03 8.470000000000000000e+03 4.016999999999999886e+02 1.309999999999999964e+01 4.000000000000000000e+01
9.451000000000000000e+03 8.261000000000000000e+03 3.420000000000000000e+02 1.559999999999999964e+01 4.000000000000000000e+01
9.471000000000000000e+03 8.345000000000000000e+03 4.328000000000000114e+02 1.530000000000000071e+01 3.800000000000000000e+01
9.429000000000000000e+03 8.336000000000000000e+03 4.751999999999999886e+02 1.490000000000000036e+01 3.900000000000000000e+01
9.454000000000000000e+03 8.401000000000000000e+03 4.945000000000000000e+02 1.619999999999999929e+01 3.500000000000000000e+01
9.419000000000000000e+03 8.607000000000000000e+03 4.758999999999999773e+02 1.569999999999999929e+01 4.000000000000000000e+01
9.426000000000000000e+03 8.423000000000000000e+03 4.498999999999999773e+02 1.569999999999999929e+01 3.900000000000000000e+01
9.437000000000000000e+03 8.485000000000000000e+03 5.223999999999999773e+02 1.509999999999999964e+01 3.500000000000000000e+01
9.449000000000000000e+03 8.517000000000000000e+03 4.525000000000000000e+02 1.450000000000000000e+01 4.800000000000000000e+01
9.425000000000000000e+03 8.451000000000000000e+03 4.613000000000000114e+02 1.619999999999999929e+01 3.900000000000000000e+01
9.416000000000000000e+03 8.367000000000000000e+03 4.575000000000000000e+02 1.519999999999999929e+01 3.900000000000000000e+01
9.407000000000000000e+03 8.601000000000000000e+03 3.981000000000000227e+02 1.430000000000000071e+01 4.400000000000000000e+01
9.478000000000000000e+03 8.478000000000000000e+03 3.313999999999999773e+02 1.440000000000000036e+01 4.800000000000000000e+01
9.435000000000000000e+03 8.527000000000000000e+03 3.856000000000000227e+02 1.300000000000000000e+01 4.400000000000000000e+01
9.463000000000000000e+03 8.061000000000000000e+03 3.650000000000000000e+02 1.619999999999999929e+01 4.400000000000000000e+01
9.425000000000000000e+03 8.325000000000000000e+03 6.136000000000000227e+02 1.550000000000000000e+01 3.600000000000000000e+01
9.427000000000000000e+03 8.428000000000000000e+03 5.301000000000000227e+02 1.450000000000000000e+01 3.700000000000000000e+01
9.440000000000000000e+03 8.630000000000000000e+03 3.373000000000000114e+02 1.390000000000000036e+01 3.800000000000000000e+01
9.444000000000000000e+03 8.294000000000000000e+03 4.728999999999999773e+02 1.550000000000000000e+01 4.200000000000000000e+01
9.454000000000000000e+03 8.394000000000000000e+03 3.896000000000000227e+02 1.550000000000000000e+01 3.600000000000000000e+01
9.436000000000000000e+03 8.408000000000000000e+03 4.603999999999999773e+02 1.530000000000000071e+01 4.100000000000000000e+01
9.409000000000000000e+03 8.341000000000000000e+03 4.665000000000000000e+02 1.480000000000000071e+01 3.800000000000000000e+01
9.436000000000000000e+03 8.459000000000000000e+03 3.426000000000000227e+02 1.500000000000000000e+01 4.200000000000000000e+01
9.422000000000000000e+03 8.380000000000000000e+03 4.625000000000000000e+02 1.530000000000000071e+01 3.600000000000000000e+01
9.413000000000000000e+03 8.448000000000000000e+03 4.450000000000000000e+02 1.409999999999999964e+01 4.200000000000000000e+01
9.421000000000000000e+03 8.216000000000000000e+03 6.628999999999999773e+02 1.580000000000000071e+01 4.100000000000000000e+01
9.447000000000000000e+03 8.386000000000000000e+03 4.136000000000000227e+02 1.639999999999999858e+01 3.700000000000000000e+01
9.407000000000000000e+03 8.430000000000000000e+03 3.416999999999999886e+02 1.469999999999999929e+01 3.700000000000000000e+01
9.398000000000000000e+03 8.352000000000000000e+03 5.896000000000000227e+02 1.409999999999999964e+01 3.900000000000000000e+01
9.434000000000000000e+03 8.340000000000000000e+03 4.243000000000000114e+02 1.419999999999999929e+01 3.800000000000000000e+01
9.386000000000000000e+03 8.376000000000000000e+03 4.221000000000000227e+02 1.569999999999999929e+01 4.400000000000000000e+01
9.422000000000000000e+03 8.629000000000000000e+03 3.458000000000000114e+02 1.400000000000000000e+01 4.000000000000000000e+01
9.406000000000000000e+03 8.263000000000000000e+03 4.833000000000000114e+02 1.440000000000000036e+01 3.700000000000000000e+01
9.426000000000000000e+03 8.488000000000000000e+03 3.968000000000000114e+02 1.409999999999999964e+01 4.500000000000000000e+01
9.425000000000000000e+03 8.437000000000000000e+03 4.038999999999999773e+02 1.469999999999999929e+01 4.100000000000000000e+01
9.449000000000000000e+03 8.397000000000000000e+03 4.090000000000000000e+02 1.639999999999999858e+01 4.500000000000000000e+01
9.433000000000000000e+03 8.427000000000000000e+03 3.695000000000000000e+02 1.440000000000000036e+01 3.700000000000000000e+01
9.417000000000000000e+03 8.516000000000000000e+03 5.358999999999999773e+02 1.409999999999999964e+01 3.600000000000000000e+01
9.454000000000000000e+03 8.551000000000000000e+03 4.426999999999999886e+02 1.430000000000000071e+01 4.100000000000000000e+01
9.423000000000000000e+03 8.593000000000000000e+03 3.661000000000000227e+02 1.300000000000000000e+01 4.000000000000000000e+01
9.458000000000000000e+03 8.415000000000000000e+03 5.592999999999999545e+02 1.519999999999999929e+01 3.800000000000000000e+01
9.436000000000000000e+03 8.464000000000000000e+03 3.708000000000000114e+02 1.519999999999999929e+01 4.100000000000000000e+01
9.439000000000000000e+03 8.345000000000000000e+03 6.332999999999999545e+02 1.409999999999999964e+01 3.700000000000000000e+01
9.425000000000000000e+03 8.441000000000000000e+03 4.383999999999999773e+02 1.630000000000000071e+01 4.200000000000000000e+01
9.460000000000000000e+03 8.451000000000000000e+03 4.181000000000000227e+02 1.490000000000000036e+01 4.400000000000000000e+01
9.391000000000000000e+03 8.591000000000000000e+03 4.965000000000000000e+02 1.350000000000000000e+01 3.900000000000000000e+01
9.427000000000000000e+03 8.501000000000000000e+03 3.531000000000000227e+02 1.319999999999999929e+01 4.400000000000000000e+01
9.437000000000000000e+03 8.500000000000000000e+03 5.111000000000000227e+02 1.440000000000000036e+01 3.800000000000000000e+01
9.436000000000000000e+03 8.465000000000000000e+03 5.837999999999999545e+02 1.530000000000000071e+01 4.300000000000000000e+01
9.413000000000000000e+03 8.387000000000000000e+03 4.048999999999999773e+02 1.450000000000000000e+01 4.200000000000000000e+01
9.413000000000000000e+03 8.549000000000000000e+03 3.890000000000000000e+02 1.380000000000000071e+01 4.000000000000000000e+01
9.455000000000000000e+03 8.422000000000000000e+03 4.153000000000000114e+02 1.469999999999999929e+01 3.900000000000000000e+01
9.412000000000000000e+03 8.500000000000000000e+03 5.972999999999999545e+02 1.319999999999999929e+01 4.100000000000000000e+01
9.484000000000000000e+03 8.504000000000000000e+03 5.491000000000000227e+02 1.330000000000000071e+01 4.400000000000000000e+01
9.457000000000000000e+03 8.280000000000000000e+03 4.095000000000000000e+02 1.590000000000000036e+01 4.000000000000000000e+01
9.423000000000000000e+03 8.304000000000000000e+03 4.106000000000000227e+02 1.610000000000000142e+01 3.700000000000000000e+01
9.444000000000000000e+03 8.490000000000000000e+03 5.771000000000000227e+02 1.409999999999999964e+01 4.500000000000000000e+01
9.418000000000000000e+03 8.358000000000000000e+03 4.318000000000000114e+02 1.530000000000000071e+01 4.000000000000000000e+01
9.458000000000000000e+03 8.531000000000000000e+03 4.135000000000000000e+02 1.430000000000000071e+01 4.200000000000000000e+01
9.421000000000000000e+03 8.475000000000000000e+03 5.507000000000000455e+02 1.400000000000000000e+01 4.300000000000000000e+01
