8.223000000000000000e+03 5.930000000000000000e+03 2.571999999999999886e+02 2.419999999999999929e+01 1.716000000000000000e+03
8.287000000000000000e+03 5.757000000000000000e+03 2.763999999999999773e+02 2.530000000000000071e+01 1.791000000000000000e+03
8.225000000000000000e+03 5.928000000000000000e+03 2.968999999999999773e+02 2.319999999999999929e+01 1.757000000000000000e+03
8.210000000000000000e+03 6.125000000000000000e+03 2.813000000000000114e+02 2.200000000000000000e+01 1.747000000000000000e+03
8.186000000000000000e+03 5.887000000000000000e+03 2.953000000000000114e+02 2.610000000000000142e+01 1.700000000000000000e+03
8.224000000000000000e+03 5.932000000000000000e+03 3.590000000000000000e+02 2.469999999999999929e+01 1.732000000000000000e+03
8.216000000000000000e+03 6.062000000000000000e+03 4.766000000000000227e+02 2.280000000000000071e+01 1.751000000000000000e+03
8.189000000000000000e+03 5.871000000000000000e+03 3.058999999999999773e+02 2.330000000000000071e+01 1.785000000000000000e+03
8.175000000000000000e+03 6.030000000000000000e+03 3.565000000000000000e+02 2.150000000000000000e+01 1.766000000000000000e+03
8.231000000000000000e+03 6.002000000000000000e+03 2.369000000000000057e+02 2.100000000000000000e+01 1.795000000000000000e+03
8.250000000000000000e+03 5.864000000000000000e+03 3.451000000000000227e+02 2.519999999999999929e+01 1.776000000000000000e+03
8.175000000000000000e+03 5.812000000000000000e+03 3.426999999999999886e+02 2.539999999999999858e+01 1.775000000000000000e+03
8.235000000000000000e+03 5.846000000000000000e+03 3.166999999999999886e+02 2.289999999999999858e+01 1.732000000000000000e+03
8.258000000000000000e+03 5.846000000000000000e+03 3.161999999999999886e+02 2.350000000000000000e+01 1.733000000000000000e+03
8.166000000000000000e+03 5.983000000000000000e+03 2.881000000000000227e+02 2.280000000000000071e+01 1.786000000000000000e+03
8.219000000000000000e+03 5.903000000000000000e+03 3.113999999999999773e+02 2.239999999999999858e+01 1.794000000000000000e+03
8.164000000000000000e+03 5.868000000000000000e+03 2.781000000000000227e+02 2.169999999999999929e+01 1.760000000000000000e+03
8.218000000000000000e+03 6.030000000000000000e+03 2.893000000000000114e+02 2.219999999999999929e+01 1.775000000000000000e+03
8.253000000000000000e+03 5.775000000000000000e+03 3.030000000000000000e+02 2.300000000000000000e+01 1.686000000000000000e+03
8.247000000000000000e+03 5.790000000000000000e+03 3.498999999999999773e+02 2.439999999999999858e+01 1.758000000000000000e+03
8.214000000000000000e+03 5.712000000000000000e+03 4.796000000000000227e+02 2.439999999999999858e+01 1.773000000000000000e+03
8.173000000000000000e+03 5.646000000000000000e+03 4.090000000000000000e+02 2.619999999999999929e+01 1.686000000000000000e+03
8.190000000000000000e+03 5.924000000000000000e+03 2.900000000000000000e+02 2.239999999999999858e+01 1.755000000000000000e+03
8.246000000000000000e+03 6.117000000000000000e+03 3.001000000000000227e+02 2.150000000000000000e+01 1.782000000000000000e+03
8.246000000000000000e+03 5.776000000000000000e+03 3.540000000000000000e+02 2.630000000000000071e+01 1.719000000000000000e+03
8.202000000000000000e+03 6.020000000000000000e+03 2.325000000000000000e+02 2.560000000000000142e+01 1.771000000000000000e+03
8.244000000000000000e+03 5.861000000000000000e+03 2.883999999999999773e+02 2.360000000000000142e+01 1.749000000000000000e+03
8.276000000000000000e+03 6.029000000000000000e+03 3.430000000000000000e+02 2.350000000000000000e+01 1.730000000000000000e+03
8.203000000000000000e+03 5.889000000000000000e+03 2.420000000000000000e+02 2.469999999999999929e+01 1.738000000000000000e+03
8.264000000000000000e+03 5.883000000000000000e+03 3.468999999999999773e+02 2.380000000000000071e+01 1.748000000000000000e+03
8.198000000000000000e+03 5.840000000000000000e+03 2.643999999999999773e+02 2.510000000000000142e+01 1.775000000000000000e+03
8.259000000000000000e+03 5.759000000000000000e+03 3.178999999999999773e+02 2.469999999999999929e+01 1.740000000000000000e+03
8.189000000000000000e+03 5.793000000000000000e+03 3.913000000000000114e+02 2.560000000000000142e+01 1.694000000000000000e+03
8.250000000000000000e+03 5.966000000000000000e+03 3.381999999999999886e+02 2.310000000000000142e+01 1.740000000000000000e+03
8.187000000000000000e+03 5.888000000000000000e+03 2.973999999999999773e+02 2.239999999999999858e+01 1.838000000000000000e+03
8.264000000000000000e+03 5.793000000000000000e+03 3.190000000000000000e+02 2.369999999999999929e+01 1.676000000000000000e+03
8.202000000000000000e+03 5.830000000000000000e+03 2.918999999999999773e+02 2.400000000000000000e+01 1.724000000000000000e+03
8.184000000000000000e+03 5.791000000000000000e+03 2.566000000000000227e+02 2.369999999999999929e+01 1.739000000000000000e+03
8.327000000000000000e+03 5.837000000000000000e+03 2.888999999999999773e+02 2.439999999999999858e+01 1.700000000000000000e+03
8.236000000000000000e+03 5.889000000000000000e+03 5.021000000000000227e+02 2.330000000000000071e+01 1.763000000000000000e+03
8.234000000000000000e+03 5.920000000000000000e+03 3.406000000000000227e+02 2.360000000000000142e+01 1.787000000000000000e+03
8.240000000000000000e+03 5.681000000000000000e+03 3.875000000000000000e+02 2.610000000000000142e+01 1.732000000000000000e+03
8.187000000000000000e+03 5.896000000000000000e+03 2.836999999999999886e+02 2.600000000000000000e+01 1.764000000000000000e+03
8.254000000000000000e+03 5.862000000000000000e+03 3.018999999999999773e+02 2.519999999999999929e+01 1.783000000000000000e+03
8.280000000000000000e+03 5.935000000000000000e+03 3.181000000000000227e+02 2.569999999999999929e+01 1.738000000000000000e+03
8.200000000000000000e+03 5.683000000000000000e+03 3.801999999999999886e+02 2.469999999999999929e+01 1.784000000000000000e+03
8.214000000000000000e+03 5.947000000000000000e+03 2.520000000000000000e+02 2.400000000000000000e+01 1.830000000000000000e+03
8.254000000000000000e+03 5.714000000000000000e+03 3.200000000000000000e+02 2.450000000000000000e+01 1.717000000000000000e+03
8.245000000000000000e+03 6.246000000000000000e+03 2.281999999999999886e+02 2.360000000000000142e+01 1.771000000000000000e+03
8.243000000000000000e+03 5.723000000000000000e+03 3.293000000000000114e+02 2.310000000000000142e+01 1.770000000000000000e+03
8.239000000000000000e+03 5.999000000000000000e+03 4.018999999999999773e+02 2.430000000000000071e+01 1.781000000000000000e+03
8.199000000000000000e+03 5.805000000000000000e+03 2.434000000000000057e+02 2.419999999999999929e+01 1.766000000000000000e+03
8.224000000000000000e+03 5.950000000000000000e+03 3.108000000000000114e+02 2.410000000000000142e+01 1.696000000000000000e+03
8.264000000000000000e+03 5.880000000000000000e+03 2.741000000000000227e+02 2.419999999999999929e+01 1.719000000000000000e+03
8.198000000000000000e+03 5.967000000000000000e+03 3.038000000000000114e+02 2.300000000000000000e+01 1.758000000000000000e+03
8.158000000000000000e+03 5.925000000000000000e+03 3.998999999999999773e+02 2.230000000000000071e+01 1.755000000000000000e+03
8.203000000000000000e+03 6.026000000000000000e+03 2.886000000000000227e+02 2.200000000000000000e+01 1.814000000000000000e+03
8.162000000000000000e+03 5.949000000000000000e+03 2.465000000000000000e+02 2.339999999999999858e+01 1.779000000000000000e+03
8.247000000000000000e+03 5.832000000000000000e+03 3.221000000000000227e+02 2.369999999999999929e+01 1.712000000000000000e+03
8.189000000000000000e+03 6.122000000000000000e+03 3.610000000000000000e+02 2.439999999999999858e+01 1.799000000000000000e+03
8.245000000000000000e+03 5.731000000000000000e+03 3.106999999999999886e+02 2.319999999999999929e+01 1.776000000000000000e+03
8.210000000000000000e+03 6.031000000000000000e+03 3.141999999999999886e+02 2.350000000000000000e+01 1.730000000000000000e+03
8.241000000000000000e+03 5.903000000000000000e+03 2.581000000000000227e+02 2.180000000000000071e+01 1.770000000000000000e+03
8.219000000000000000e+03 5.801000000000000000e+03 3.016999999999999886e+02 2.360000000000000142e+01 1.762000000000000000e+03
8.197000000000000000e+03 6.066000000000000000e+03 3.201999999999999886e+02 2.310000000000000142e+01 1.779000000000000000e+03
8.171000000000000000e+03 5.937000000000000000e+03 2.890000000000000000e+02 2.239999999999999858e+01 1.748000000000000000e+03
8.195000000000000000e+03 5.643000000000000000e+03 3.291999999999999886e+02 2.530000000000000071e+01 1.813000000000000000e+03
8.219000000000000000e+03 5.907000000000000000e+03 3.788999999999999773e+02 2.230000000000000071e+01 1.790000000000000000e+03
8.263000000000000000e+03 5.959000000000000000e+03 2.455000000000000000e+02 2.180000000000000071e+01 1.748000000000000000e+03
8.267000000000000000e+03 6.041000000000000000e+03 4.695000000000000000e+02 2.369999999999999929e+01 1.764000000000000000e+03
8.280000000000000000e+03 5.816000000000000000e+03 2.740000000000000000e+02 2.410000000000000142e+01 1.738000000000000000e+03
8.214000000000000000e+03 5.925000000000000000e+03 3.118999999999999773e+02 2.310000000000000142e+01 1.756000000000000000e+03
8.228000000000000000e+03 5.747000000000000000e+03 3.068000000000000114e+02 2.680000000000000071e+01 1.719000000000000000e+03
8.166000000000000000e+03 6.068000000000000000e+03 3.815000000000000000e+02 2.319999999999999929e+01 1.817000000000000000e+03
8.204000000000000000e+03 6.094000000000000000e+03 2.976000000000000227e+02 2.330000000000000071e+01 1.795000000000000000e+03
8.279000000000000000e+03 5.951000000000000000e+03 2.706000000000000227e+02 2.230000000000000071e+01 1.720000000000000000e+03
8.178000000000000000e+03 5.879000000000000000e+03 3.273999999999999773e+02 2.389999999999999858e+01 1.788000000000000000e+03
8.269000000000000000e+03 5.834000000000000000e+03 3.138000000000000114e+02 2.489999999999999858e+01 1.697000000000000000e+03
8.235000000000000000e+03 5.956000000000000000e+03 3.275000000000000000e+02 2.369999999999999929e+01 1.761000000000000000e+03
8.149000000000000000e+03 6.013000000000000000e+03 2.613000000000000114e+02 2.460000000000000142e+01 1.862000000000000000e+03
8.193000000000000000e+03 5.817000000000000000e+03 2.601000000000000227e+02 2.289999999999999858e+01 1.750000000000000000e+03
8.207000000000000000e+03 5.853000000000000000e+03 2.731000000000000227e+02 2.510000000000000142e+01 1.816000000000000000e+03
8.208000000000000000e+03 5.846000000000000000e+03 2.631000000000000227e+02 2.389999999999999858e+01 1.810000000000000000e+03
8.179000000000000000e+03 5.947000000000000000e+03 3.146000000000000227e+02 2.300000000000000000e+01 1.750000000000000000e+03
8.282000000000000000e+03 5.646000000000000000e+03 3.551999999999999886e+02 2.569999999999999929e+01 1.714000000000000000e+03
8.250000000000000000e+03 6.031000000000000000e+03 4.331999999999999886e+02 2.500000000000000000e+01 1.784000000000000000e+03
8.237000000000000000e+03 5.854000000000000000e+03 3.571000000000000227e+02 2.350000000000000000e+01 1.788000000000000000e+03
8.240000000000000000e+03 5.656000000000000000e+03 4.693999999999999773e+02 2.580000000000000071e+01 1.700000000000000000e+03
8.159000000000000000e+03 6.124000000000000000e+03 2.596000000000000227e+02 2.339999999999999858e+01 1.771000000000000000e+03
8.153000000000000000e+03 5.722000000000000000e+03 3.606999999999999886e+02 2.600000000000000000e+01 1.731000000000000000e+03
8.261000000000000000e+03 5.920000000000000000e+03 4.248999999999999773e+02 2.410000000000000142e+01 1.673000000000000000e+03
8.223000000000000000e+03 5.671000000000000000e+03 3.348000000000000114e+02 2.500000000000000000e+01 1.744000000000000000e+03
8.243000000000000000e+03 5.860000000000000000e+03 3.188000000000000114e+02 2.210000000000000142e+01 1.735000000000000000e+03
8.283000000000000000e+03 6.017000000000000000e+03 2.718000000000000114e+02 2.150000000000000000e+01 1.811000000000000000e+03
8.158000000000000000e+03 5.920000000000000000e+03 2.861000000000000227e+02 2.680000000000000071e+01 1.782000000000000000e+03
8.180000000000000000e+03 5.813000000000000000e+03 2.988999999999999773e+02 2.319999999999999929e+01 1.765000000000000000e+03
8.220000000000000000e+03 5.987000000000000000e+03 2.613999999999999773e+02 2.319999999999999929e+01 1.738000000000000000e+03
8.232000000000000000e+03 5.667000000000000000e+03 2.523000000000000114e+02 2.800000000000000000e+01 1.758000000000000000e+03
8.217000000000000000e+03 5.559000000000000000e+03 3.203999999999999773e+02 2.200000000000000000e+01 1.719000000000000000e+03
8.197000000000000000e+03 5.802000000000000000e+03 2.620000000000000000e+02 2.350000000000000000e+01 1.819000000000000000e+03
8.227000000000000000e+03 6.047000000000000000e+03 2.953000000000000114e+02 2.360000000000000142e+01 1.721000000000000000e+03
8.181000000000000000e+03 6.020000000000000000e+03 2.836000000000000227e+02 2.419999999999999929e+01 1.717000000000000000e+03
8.284000000000000000e+03 5.838000000000000000e+03 3.033999999999999773e+02 2.380000000000000071e+01 1.674000000000000000e+03
8.225000000000000000e+03 5.894000000000000000e+03 2.960000000000000000e+02 2.380000000000000071e+01 1.754000000000000000e+03
8.287000000000000000e+03 6.066000000000000000e+03 2.943000000000000114e+02 2.239999999999999858e+01 1.757000000000000000e+03
8.224000000000000000e+03 5.742000000000000000e+03 3.966000000000000227e+02 2.369999999999999929e+01 1.754000000000000000e+03
8.165000000000000000e+03 5.920000000000000000e+03 2.865000000000000000e+02 2.410000000000000142e+01 1.768000000000000000e+03
8.156000000000000000e+03 5.811000000000000000e+03 3.133999999999999773e+02 2.360000000000000142e+01 1.735000000000000000e+03
8.282000000000000000e+03 5.718000000000000000e+03 3.891000000000000227e+02 2.480000000000000071e+01 1.700000000000000000e+03
8.215000000000000000e+03 5.777000000000000000e+03 3.186000000000000227e+02 2.300000000000000000e+01 1.744000000000000000e+03
8.234000000000000000e+03 5.788000000000000000e+03 4.958999999999999773e+02 2.339999999999999858e+01 1.798000000000000000e+03
8.219000000000000000e+03 5.717000000000000000e+03 2.776999999999999886e+02 2.410000000000000142e+01 1.737000000000000000e+03
8.234000000000000000e+03 5.947000000000000000e+03 2.813000000000000114e+02 2.480000000000000071e+01 1.767000000000000000e+03
8.182000000000000000e+03 5.876000000000000000e+03 3.196999999999999886e+02 2.269999999999999929e+01 1.788000000000000000e+03
8.250000000000000000e+03 5.790000000000000000e+03 3.293000000000000114e+02 2.300000000000000000e+01 1.680000000000000000e+03
8.168000000000000000e+03 6.063000000000000000e+03 3.701000000000000227e+02 2.339999999999999858e+01 1.761000000000000000e+03
8.213000000000000000e+03 6.017000000000000000e+03 3.108999999999999773e+02 2.239999999999999858e+01 1.781000000000000000e+03
8.162000000000000000e+03 5.757000000000000000e+03 3.003000000000000114e+02 2.300000000000000000e+01 1.737000000000000000e+03
8.243000000000000000e+03 5.936000000000000000e+03 2.559000000000000057e+02 2.289999999999999858e+01 1.834000000000000000e+03
8.237000000000000000e+03 6.003000000000000000e+03 2.846999999999999886e+02 2.230000000000000071e+01 1.796000000000000000e+03
8.258000000000000000e+03 5.984000000000000000e+03 2.846000000000000227e+02 2.400000000000000000e+01 1.714000000000000000e+03
8.220000000000000000e+03 5.694000000000000000e+03 4.096000000000000227e+02 2.400000000000000000e+01 1.757000000000000000e+03
8.172000000000000000e+03 5.966000000000000000e+03 2.581999999999999886e+02 2.289999999999999858e+01 1.747000000000000000e+03
8.179000000000000000e+03 6.023000000000000000e+03 2.705000000000000000e+02 2.260000000000000142e+01 1.783000000000000000e+03
8.264000000000000000e+03 6.072000000000000000e+03 2.773999999999999773e+02 2.280000000000000071e+01 1.801000000000000000e+03
8.203000000000000000e+03 5.855000000000000000e+03 3.828000000000000114e+02 2.439999999999999858e+01 1.744000000000000000e+03
8.169000000000000000e+03 6.058000000000000000e+03 2.631000000000000227e+02 2.539999999999999858e+01 1.807000000000000000e+03
8.282000000000000000e+03 5.753000000000000000e+03 2.645000000000000000e+02 2.339999999999999858e+01 1.752000000000000000e+03
8.235000000000000000e+03 5.839000000000000000e+03 3.043999999999999773e+02 2.530000000000000071e+01 1.807000000000000000e+03
8.255000000000000000e+03 5.698000000000000000e+03 3.266000000000000227e+02 2.539999999999999858e+01 1.801000000000000000e+03
8.215000000000000000e+03 5.886000000000000000e+03 4.233999999999999773e+02 2.250000000000000000e+01 1.772000000000000000e+03
8.240000000000000000e+03 5.689000000000000000e+03 2.464000000000000057e+02 2.250000000000000000e+01 1.751000000000000000e+03
8.214000000000000000e+03 5.894000000000000000e+03 2.486999999999999886e+02 2.589999999999999858e+01 1.759000000000000000e+03
8.208000000000000000e+03 6.125000000000000000e+03 3.411000000000000227e+02 2.419999999999999929e+01 1.755000000000000000e+03
8.292000000000000000e+03 6.092000000000000000e+03 2.736999999999999886e+02 2.130000000000000071e+01 1.777000000000000000e+03
8.219000000000000000e+03 5.886000000000000000e+03 4.348000000000000114e+02 2.080000000000000071e+01 1.801000000000000000e+03
8.151000000000000000e+03 6.053000000000000000e+03 2.743000000000000114e+02 2.619999999999999929e+01 1.777000000000000000e+03
8.212000000000000000e+03 5.994000000000000000e+03 3.228000000000000114e+02 2.400000000000000000e+01 1.797000000000000000e+03
8.271000000000000000e+03 5.894000000000000000e+03 3.473000000000000114e+02 2.369999999999999929e+01 1.745000000000000000e+03
8.122000000000000000e+03 5.753000000000000000e+03 2.938000000000000114e+02 2.439999999999999858e+01 1.776000000000000000e+03
8.229000000000000000e+03 5.924000000000000000e+03 3.033999999999999773e+02 2.530000000000000071e+01 1.778000000000000000e+03
8.231000000000000000e+03 5.774000000000000000e+03 2.838000000000000114e+02 2.380000000000000071e+01 1.780000000000000000e+03
8.254000000000000000e+03 6.147000000000000000e+03 2.611999999999999886e+02 2.219999999999999929e+01 1.804000000000000000e+03
8.204000000000000000e+03 5.784000000000000000e+03 2.935000000000000000e+02 2.339999999999999858e+01 1.720000000000000000e+03
8.293000000000000000e+03 5.797000000000000000e+03 2.601999999999999886e+02 2.130000000000000071e+01 1.725000000000000000e+03
8.201000000000000000e+03 6.096000000000000000e+03 2.971999999999999886e+02 1.989999999999999858e+01 1.791000000000000000e+03
8.255000000000000000e+03 6.049000000000000000e+03 2.538000000000000114e+02 2.360000000000000142e+01 1.736000000000000000e+03
8.247000000000000000e+03 5.669000000000000000e+03 2.325000000000000000e+02 2.169999999999999929e+01 1.749000000000000000e+03
8.211000000000000000e+03 5.986000000000000000e+03 2.655000000000000000e+02 2.800000000000000000e+01 1.749000000000000000e+03
8.193000000000000000e+03 5.962000000000000000e+03 2.329000000000000057e+02 2.610000000000000142e+01 1.782000000000000000e+03
8.259000000000000000e+03 5.751000000000000000e+03 4.321000000000000227e+02 2.880000000000000071e+01 1.713000000000000000e+03
8.258000000000000000e+03 5.708000000000000000e+03 3.426000000000000227e+02 2.410000000000000142e+01 1.771000000000000000e+03
8.224000000000000000e+03 5.782000000000000000e+03 5.441000000000000227e+02 2.439999999999999858e+01 1.774000000000000000e+03
8.221000000000000000e+03 5.985000000000000000e+03 3.115000000000000000e+02 2.200000000000000000e+01 1.721000000000000000e+03
8.238000000000000000e+03 5.708000000000000000e+03 2.910000000000000000e+02 2.350000000000000000e+01 1.756000000000000000e+03
8.286000000000000000e+03 5.985000000000000000e+03 3.148999999999999773e+02 2.510000000000000142e+01 1.806000000000000000e+03
8.225000000000000000e+03 5.806000000000000000e+03 2.524000000000000057e+02 2.239999999999999858e+01 1.795000000000000000e+03
8.234000000000000000e+03 5.843000000000000000e+03 3.023999999999999773e+02 2.410000000000000142e+01 1.696000000000000000e+03
8.220000000000000000e+03 5.965000000000000000e+03 2.971999999999999886e+02 2.550000000000000000e+01 1.771000000000000000e+03
8.166000000000000000e+03 5.933000000000000000e+03 3.171999999999999886e+02 2.489999999999999858e+01 1.763000000000000000e+03
8.208000000000000000e+03 5.708000000000000000e+03 3.105000000000000000e+02 2.719999999999999929e+01 1.694000000000000000e+03
8.197000000000000000e+03 5.855000000000000000e+03 2.448000000000000114e+02 2.360000000000000142e+01 1.804000000000000000e+03
8.133000000000000000e+03 6.008000000000000000e+03 2.848999999999999773e+02 2.419999999999999929e+01 1.808000000000000000e+03
8.195000000000000000e+03 5.888000000000000000e+03 2.848999999999999773e+02 2.439999999999999858e+01 1.752000000000000000e+03
8.227000000000000000e+03 5.780000000000000000e+03 3.263000000000000114e+02 2.380000000000000071e+01 1.759000000000000000e+03
8.205000000000000000e+03 5.822000000000000000e+03 2.663999999999999773e+02 2.400000000000000000e+01 1.762000000000000000e+03
8.212000000000000000e+03 5.924000000000000000e+03 3.366999999999999886e+02 2.539999999999999858e+01 1.768000000000000000e+03
8.256000000000000000e+03 5.889000000000000000e+03 3.638999999999999773e+02 2.539999999999999858e+01 1.694000000000000000e+03
8.234000000000000000e+03 5.904000000000000000e+03 4.131000000000000227e+02 2.480000000000000071e+01 1.770000000000000000e+03
8.278000000000000000e+03 5.939000000000000000e+03 2.991000000000000227e+02 2.260000000000000142e+01 1.770000000000000000e+03
8.232000000000000000e+03 5.985000000000000000e+03 2.741000000000000227e+02 2.139999999999999858e+01 1.801000000000000000e+03
8.275000000000000000e+03 5.925000000000000000e+03 3.245000000000000000e+02 2.430000000000000071e+01 1.722000000000000000e+03
8.213000000000000000e+03 5.849000000000000000e+03 3.018000000000000114e+02 2.360000000000000142e+01 1.795000000000000000e+03
8.166000000000000000e+03 5.661000000000000000e+03 2.743000000000000114e+02 2.400000000000000000e+01 1.716000000000000000e+03
8.218000000000000000e+03 5.822000000000000000e+03 2.523000000000000114e+02 2.730000000000000071e+01 1.693000000000000000e+03
8.253000000000000000e+03 5.971000000000000000e+03 2.681999999999999886e+02 2.189999999999999858e+01 1.748000000000000000e+03
8.170000000000000000e+03 6.029000000000000000e+03 2.941000000000000227e+02 2.160000000000000142e+01 1.734000000000000000e+03
8.198000000000000000e+03 5.754000000000000000e+03 3.513999999999999773e+02 2.310000000000000142e+01 1.758000000000000000e+03
8.267000000000000000e+03 6.042000000000000000e+03 2.753000000000000114e+02 2.200000000000000000e+01 1.774000000000000000e+03
8.250000000000000000e+03 5.866000000000000000e+03 3.183999999999999773e+02 2.339999999999999858e+01 1.684000000000000000e+03
8.252000000000000000e+03 6.024000000000000000e+03 3.346000000000000227e+02 2.660000000000000142e+01 1.751000000000000000e+03
8.220000000000000000e+03 5.824000000000000000e+03 3.208000000000000114e+02 2.500000000000000000e+01 1.753000000000000000e+03
8.199000000000000000e+03 6.039000000000000000e+03 3.076000000000000227e+02 2.489999999999999858e+01 1.756000000000000000e+03
8.227000000000000000e+03 5.972000000000000000e+03 3.330000000000000000e+02 2.200000000000000000e+01 1.748000000000000000e+03
8.161000000000000000e+03 5.889000000000000000e+03 3.003000000000000114e+02 2.439999999999999858e+01 1.770000000000000000e+03
8.277000000000000000e+03 6.072000000000000000e+03 2.645000000000000000e+02 2.219999999999999929e+01 1.760000000000000000e+03
8.224000000000000000e+03 5.520000000000000000e+03 3.151000000000000227e+02 2.719999999999999929e+01 1.776000000000000000e+03
8.165000000000000000e+03 5.949000000000000000e+03 2.943999999999999773e+02 2.189999999999999858e+01 1.711000000000000000e+03
8.228000000000000000e+03 5.896000000000000000e+03 2.621000000000000227e+02 2.400000000000000000e+01 1.766000000000000000e+03
8.181000000000000000e+03 5.873000000000000000e+03 3.383999999999999773e+02 2.380000000000000071e+01 1.789000000000000000e+03
8.214000000000000000e+03 5.566000000000000000e+03 2.473000000000000114e+02 2.350000000000000000e+01 1.759000000000000000e+03
8.252000000000000000e+03 5.960000000000000000e+03 3.013000000000000114e+02 2.330000000000000071e+01 1.790000000000000000e+03
8.188000000000000000e+03 5.675000000000000000e+03 2.340999999999999943e+02 2.510000000000000142e+01 1.711000000000000000e+03
8.241000000000000000e+03 6.007000000000000000e+03 3.291999999999999886e+02 2.400000000000000000e+01 1.802000000000000000e+03
8.241000000000000000e+03 6.043000000000000000e+03 2.501999999999999886e+02 2.389999999999999858e+01 1.706000000000000000e+03
8.205000000000000000e+03 5.830000000000000000e+03 2.800000000000000000e+02 2.200000000000000000e+01 1.765000000000000000e+03
8.235000000000000000e+03 6.014000000000000000e+03 3.106999999999999886e+02 2.319999999999999929e+01 1.799000000000000000e+03
8.224000000000000000e+03 5.952000000000000000e+03 2.916999999999999886e+02 2.510000000000000142e+01 1.764000000000000000e+03
8.207000000000000000e+03 5.599000000000000000e+03 2.735000000000000000e+02 2.410000000000000142e+01 1.723000000000000000e+03
8.196000000000000000e+03 6.012000000000000000e+03 3.236999999999999886e+02 2.300000000000000000e+01 1.814000000000000000e+03
8.222000000000000000e+03 6.009000000000000000e+03 3.450000000000000000e+02 2.319999999999999929e+01 1.851000000000000000e+03
8.309000000000000000e+03 5.844000000000000000e+03 2.916999999999999886e+02 2.339999999999999858e+01 1.657000000000000000e+03
8.265000000000000000e+03 5.968000000000000000e+03 2.736999999999999886e+02 2.360000000000000142e+01 1.779000000000000000e+03
8.257000000000000000e+03 5.786000000000000000e+03 3.061000000000000227e+02 2.460000000000000142e+01 1.709000000000000000e+03
8.208000000000000000e+03 5.775000000000000000e+03 2.596000000000000227e+02 2.360000000000000142e+01 1.790000000000000000e+03
8.254000000000000000e+03 5.943000000000000000e+03 2.420000000000000000e+02 2.339999999999999858e+01 1.789000000000000000e+03
8.219000000000000000e+03 5.678000000000000000e+03 3.071999999999999886e+02 2.530000000000000071e+01 1.747000000000000000e+03
8.223000000000000000e+03 5.766000000000000000e+03 2.539000000000000057e+02 2.450000000000000000e+01 1.783000000000000000e+03
8.232000000000000000e+03 5.903000000000000000e+03 3.706999999999999886e+02 2.560000000000000142e+01 1.769000000000000000e+03
8.304000000000000000e+03 5.819000000000000000e+03 2.490999999999999943e+02 2.469999999999999929e+01 1.758000000000000000e+03
8.179000000000000000e+03 6.008000000000000000e+03 2.464000000000000057e+02 2.310000000000000142e+01 1.797000000000000000e+03
8.278000000000000000e+03 5.783000000000000000e+03 2.976000000000000227e+02 2.289999999999999858e+01 1.697000000000000000e+03
8.308000000000000000e+03 5.656000000000000000e+03 2.791999999999999886e+02 2.500000000000000000e+01 1.706000000000000000e+03
8.232000000000000000e+03 5.844000000000000000e+03 2.880000000000000000e+02 2.460000000000000142e+01 1.713000000000000000e+03
8.241000000000000000e+03 5.744000000000000000e+03 3.398000000000000114e+02 2.400000000000000000e+01 1.746000000000000000e+03
8.221000000000000000e+03 5.899000000000000000e+03 2.848000000000000114e+02 2.160000000000000142e+01 1.725000000000000000e+03
8.237000000000000000e+03 5.740000000000000000e+03 3.288999999999999773e+02 2.510000000000000142e+01 1.793000000000000000e+03
8.213000000000000000e+03 5.837000000000000000e+03 2.886999999999999886e+02 2.169999999999999929e+01 1.740000000000000000e+03
8.237000000000000000e+03 5.866000000000000000e+03 2.900000000000000000e+02 2.689999999999999858e+01 1.762000000000000000e+03
8.295000000000000000e+03 6.035000000000000000e+03 3.048000000000000114e+02 2.460000000000000142e+01 1.764000000000000000e+03
8.206000000000000000e+03 5.847000000000000000e+03 3.616000000000000227e+02 2.369999999999999929e+01 1.758000000000000000e+03
8.202000000000000000e+03 5.762000000000000000e+03 3.141000000000000227e+02 2.530000000000000071e+01 1.781000000000000000e+03
8.247000000000000000e+03 5.944000000000000000e+03 3.806000000000000227e+02 2.380000000000000071e+01 1.730000000000000000e+03
8.306000000000000000e+03 5.915000000000000000e+03 3.190000000000000000e+02 2.130000000000000071e+01 1.826000000000000000e+03
8.193000000000000000e+03 5.993000000000000000e+03 2.170999999999999943e+02 2.110000000000000142e+01 1.787000000000000000e+03
8.208000000000000000e+03 5.715000000000000000e+03 3.693999999999999773e+02 2.269999999999999929e+01 1.755000000000000000e+03
8.209000000000000000e+03 6.057000000000000000e+03 3.035000000000000000e+02 2.460000000000000142e+01 1.746000000000000000e+03
8.284000000000000000e+03 6.164000000000000000e+03 3.466000000000000227e+02 2.350000000000000000e+01 1.838000000000000000e+03
8.267000000000000000e+03 5.846000000000000000e+03 2.750000000000000000e+02 2.469999999999999929e+01 1.757000000000000000e+03
8.286000000000000000e+03 5.661000000000000000e+03 3.733999999999999773e+02 2.250000000000000000e+01 1.689000000000000000e+03
8.288000000000000000e+03 5.814000000000000000e+03 3.071999999999999886e+02 2.439999999999999858e+01 1.714000000000000000e+03
8.177000000000000000e+03 5.737000000000000000e+03 3.151999999999999886e+02 2.189999999999999858e+01 1.742000000000000000e+03
8.203000000000000000e+03 5.763000000000000000e+03 2.608999999999999773e+02 2.550000000000000000e+01 1.746000000000000000e+03
8.181000000000000000e+03 6.034000000000000000e+03 2.359000000000000057e+02 2.200000000000000000e+01 1.788000000000000000e+03
8.285000000000000000e+03 5.891000000000000000e+03 2.610000000000000000e+02 2.300000000000000000e+01 1.684000000000000000e+03
8.219000000000000000e+03 5.809000000000000000e+03 2.915000000000000000e+02 2.500000000000000000e+01 1.753000000000000000e+03
8.253000000000000000e+03 5.902000000000000000e+03 3.463999999999999773e+02 2.239999999999999858e+01 1.783000000000000000e+03
8.242000000000000000e+03 5.880000000000000000e+03 2.576999999999999886e+02 2.269999999999999929e+01 1.705000000000000000e+03
8.189000000000000000e+03 5.642000000000000000e+03 2.986000000000000227e+02 2.380000000000000071e+01 1.779000000000000000e+03
8.190000000000000000e+03 5.676000000000000000e+03 3.491000000000000227e+02 2.539999999999999858e+01 1.759000000000000000e+03
8.194000000000000000e+03 5.700000000000000000e+03 3.313000000000000114e+02 2.510000000000000142e+01 1.789000000000000000e+03
8.247000000000000000e+03 5.790000000000000000e+03 3.068999999999999773e+02 2.680000000000000071e+01 1.715000000000000000e+03
8.234000000000000000e+03 5.924000000000000000e+03 2.816000000000000227e+02 2.130000000000000071e+01 1.767000000000000000e+03
8.215000000000000000e+03 5.874000000000000000e+03 2.775000000000000000e+02 2.539999999999999858e+01 1.708000000000000000e+03
8.253000000000000000e+03 5.823000000000000000e+03 3.866999999999999886e+02 2.500000000000000000e+01 1.794000000000000000e+03
8.233000000000000000e+03 5.862000000000000000e+03 3.196999999999999886e+02 2.450000000000000000e+01 1.728000000000000000e+03
8.214000000000000000e+03 5.998000000000000000e+03 2.473000000000000114e+02 2.419999999999999929e+01 1.813000000000000000e+03
8.175000000000000000e+03 5.618000000000000000e+03 2.683999999999999773e+02 2.439999999999999858e+01 1.763000000000000000e+03
8.278000000000000000e+03 5.990000000000000000e+03 2.716000000000000227e+02 2.469999999999999929e+01 1.787000000000000000e+03
8.278000000000000000e+03 5.952000000000000000e+03 2.763000000000000114e+02 2.350000000000000000e+01 1.773000000000000000e+03
