9.500000000000000000e+03 9.042000000000000000e+03 2.793000000000000114e+02 6.500000000000000000e+00 5.300000000000000000e+02
9.533000000000000000e+03 9.124000000000000000e+03 3.038000000000000114e+02 6.500000000000000000e+00 5.240000000000000000e+02
9.522000000000000000e+03 9.103000000000000000e+03 2.991999999999999886e+02 6.599999999999999645e+00 4.780000000000000000e+02
9.535000000000000000e+03 9.110000000000000000e+03 3.376999999999999886e+02 7.099999999999999645e+00 5.410000000000000000e+02
9.471000000000000000e+03 9.127000000000000000e+03 3.123999999999999773e+02 7.000000000000000000e+00 5.390000000000000000e+02
9.547000000000000000e+03 9.049000000000000000e+03 3.970000000000000000e+02 6.500000000000000000e+00 5.010000000000000000e+02
9.532000000000000000e+03 9.091000000000000000e+03 2.621999999999999886e+02 7.000000000000000000e+00 4.910000000000000000e+02
9.540000000000000000e+03 9.084000000000000000e+03 3.096000000000000227e+02 7.000000000000000000e+00 5.140000000000000000e+02
9.514000000000000000e+03 9.055000000000000000e+03 2.440999999999999943e+02 7.000000000000000000e+00 5.190000000000000000e+02
9.544000000000000000e+03 9.091000000000000000e+03 3.240000000000000000e+02 7.200000000000000178e+00 5.220000000000000000e+02
9.514000000000000000e+03 9.046000000000000000e+03 3.180000000000000000e+02 7.099999999999999645e+00 4.870000000000000000e+02
9.514000000000000000e+03 9.048000000000000000e+03 2.893000000000000114e+02 6.400000000000000355e+00 4.970000000000000000e+02
9.510000000000000000e+03 9.081000000000000000e+03 2.126999999999999886e+02 6.400000000000000355e+00 5.310000000000000000e+02
9.501000000000000000e+03 9.060000000000000000e+03 2.868999999999999773e+02 7.000000000000000000e+00 5.250000000000000000e+02
9.532000000000000000e+03 9.124000000000000000e+03 3.095000000000000000e+02 6.400000000000000355e+00 4.960000000000000000e+02
9.523000000000000000e+03 9.109000000000000000e+03 2.548000000000000114e+02 6.599999999999999645e+00 5.320000000000000000e+02
9.521000000000000000e+03 9.179000000000000000e+03 3.231999999999999886e+02 6.299999999999999822e+00 5.080000000000000000e+02
9.526000000000000000e+03 9.095000000000000000e+03 2.928999999999999773e+02 7.000000000000000000e+00 5.080000000000000000e+02
9.510000000000000000e+03 9.053000000000000000e+03 3.056000000000000227e+02 6.799999999999999822e+00 5.250000000000000000e+02
9.570000000000000000e+03 9.105000000000000000e+03 3.068000000000000114e+02 7.000000000000000000e+00 4.900000000000000000e+02
9.519000000000000000e+03 9.069000000000000000e+03 2.623000000000000114e+02 6.700000000000000178e+00 4.880000000000000000e+02
9.557000000000000000e+03 9.105000000000000000e+03 3.790000000000000000e+02 6.500000000000000000e+00 5.210000000000000000e+02
9.561000000000000000e+03 9.092000000000000000e+03 2.413000000000000114e+02 6.500000000000000000e+00 4.960000000000000000e+02
9.574000000000000000e+03 9.076000000000000000e+03 2.643000000000000114e+02 7.000000000000000000e+00 4.930000000000000000e+02
9.552000000000000000e+03 9.086000000000000000e+03 2.495999999999999943e+02 7.000000000000000000e+00 4.730000000000000000e+02
9.520000000000000000e+03 9.089000000000000000e+03 3.005000000000000000e+02 6.500000000000000000e+00 5.120000000000000000e+02
9.553000000000000000e+03 9.109000000000000000e+03 2.475999999999999943e+02 6.500000000000000000e+00 5.200000000000000000e+02
9.526000000000000000e+03 9.086000000000000000e+03 3.233999999999999773e+02 6.700000000000000178e+00 5.380000000000000000e+02
9.518000000000000000e+03 9.081000000000000000e+03 3.805000000000000000e+02 6.500000000000000000e+00 5.110000000000000000e+02
9.520000000000000000e+03 9.108000000000000000e+03 2.446999999999999886e+02 6.299999999999999822e+00 4.940000000000000000e+02
9.489000000000000000e+03 9.175000000000000000e+03 3.203000000000000114e+02 6.500000000000000000e+00 5.580000000000000000e+02
9.497000000000000000e+03 9.115000000000000000e+03 2.591000000000000227e+02 7.200000000000000178e+00 5.180000000000000000e+02
9.533000000000000000e+03 9.158000000000000000e+03 2.928000000000000114e+02 7.000000000000000000e+00 5.120000000000000000e+02
9.553000000000000000e+03 9.124000000000000000e+03 3.006999999999999886e+02 6.599999999999999645e+00 5.380000000000000000e+02
9.496000000000000000e+03 9.118000000000000000e+03 2.781000000000000227e+02 7.099999999999999645e+00 5.100000000000000000e+02
9.527000000000000000e+03 9.109000000000000000e+03 2.930000000000000000e+02 6.500000000000000000e+00 4.750000000000000000e+02
9.520000000000000000e+03 9.068000000000000000e+03 3.350000000000000000e+02 7.000000000000000000e+00 5.480000000000000000e+02
9.484000000000000000e+03 9.062000000000000000e+03 2.219000000000000057e+02 6.200000000000000178e+00 5.350000000000000000e+02
9.532000000000000000e+03 9.094000000000000000e+03 2.570000000000000000e+02 7.500000000000000000e+00 5.510000000000000000e+02
9.525000000000000000e+03 9.099000000000000000e+03 2.606999999999999886e+02 6.400000000000000355e+00 5.290000000000000000e+02
9.512000000000000000e+03 9.055000000000000000e+03 2.208000000000000114e+02 6.700000000000000178e+00 4.830000000000000000e+02
9.518000000000000000e+03 9.110000000000000000e+03 3.173999999999999773e+02 6.700000000000000178e+00 5.190000000000000000e+02
9.536000000000000000e+03 9.147000000000000000e+03 3.131999999999999886e+02 6.200000000000000178e+00 5.050000000000000000e+02
9.525000000000000000e+03 9.092000000000000000e+03 2.519000000000000057e+02 7.000000000000000000e+00 5.000000000000000000e+02
9.530000000000000000e+03 9.069000000000000000e+03 2.545999999999999943e+02 6.700000000000000178e+00 5.000000000000000000e+02
9.547000000000000000e+03 9.092000000000000000e+03 2.248000000000000114e+02 7.000000000000000000e+00 4.670000000000000000e+02
9.513000000000000000e+03 9.128000000000000000e+03 2.460999999999999943e+02 7.400000000000000355e+00 5.140000000000000000e+02
9.511000000000000000e+03 9.185000000000000000e+03 2.391999999999999886e+02 6.500000000000000000e+00 4.990000000000000000e+02
9.521000000000000000e+03 9.064000000000000000e+03 3.390000000000000000e+02 6.900000000000000355e+00 5.050000000000000000e+02
9.505000000000000000e+03 9.086000000000000000e+03 2.733999999999999773e+02 7.000000000000000000e+00 5.220000000000000000e+02
9.494000000000000000e+03 9.105000000000000000e+03 2.439000000000000057e+02 6.700000000000000178e+00 5.330000000000000000e+02
9.529000000000000000e+03 9.133000000000000000e+03 2.449000000000000057e+02 7.000000000000000000e+00 4.850000000000000000e+02
9.494000000000000000e+03 9.119000000000000000e+03 2.885000000000000000e+02 7.000000000000000000e+00 5.270000000000000000e+02
9.533000000000000000e+03 9.052000000000000000e+03 2.336999999999999886e+02 6.700000000000000178e+00 5.060000000000000000e+02
9.487000000000000000e+03 9.060000000000000000e+03 2.583000000000000114e+02 7.000000000000000000e+00 5.220000000000000000e+02
9.506000000000000000e+03 9.093000000000000000e+03 3.606000000000000227e+02 6.700000000000000178e+00 5.130000000000000000e+02
9.518000000000000000e+03 9.082000000000000000e+03 2.716999999999999886e+02 6.500000000000000000e+00 4.970000000000000000e+02
9.534000000000000000e+03 9.100000000000000000e+03 3.748999999999999773e+02 7.000000000000000000e+00 5.180000000000000000e+02
9.518000000000000000e+03 9.119000000000000000e+03 3.168000000000000114e+02 6.200000000000000178e+00 5.230000000000000000e+02
9.545000000000000000e+03 9.052000000000000000e+03 3.718000000000000114e+02 7.000000000000000000e+00 5.150000000000000000e+02
9.557000000000000000e+03 9.113000000000000000e+03 2.493000000000000114e+02 7.099999999999999645e+00 4.560000000000000000e+02
9.565000000000000000e+03 9.048000000000000000e+03 2.721999999999999886e+02 6.900000000000000355e+00 4.740000000000000000e+02
9.515000000000000000e+03 9.115000000000000000e+03 2.535999999999999943e+02 6.500000000000000000e+00 5.230000000000000000e+02
9.528000000000000000e+03 9.137000000000000000e+03 2.730000000000000000e+02 6.299999999999999822e+00 4.840000000000000000e+02
9.519000000000000000e+03 9.070000000000000000e+03 2.381999999999999886e+02 7.099999999999999645e+00 5.140000000000000000e+02
9.517000000000000000e+03 9.045000000000000000e+03 2.953999999999999773e+02 6.400000000000000355e+00 5.300000000000000000e+02
9.528000000000000000e+03 9.121000000000000000e+03 2.475999999999999943e+02 7.299999999999999822e+00 5.100000000000000000e+02
9.500000000000000000e+03 9.077000000000000000e+03 2.290000000000000000e+02 6.799999999999999822e+00 5.310000000000000000e+02
9.558000000000000000e+03 9.012000000000000000e+03 2.620000000000000000e+02 7.000000000000000000e+00 4.870000000000000000e+02
9.558000000000000000e+03 9.107000000000000000e+03 3.006999999999999886e+02 6.700000000000000178e+00 4.710000000000000000e+02
9.488000000000000000e+03 9.083000000000000000e+03 2.613000000000000114e+02 7.000000000000000000e+00 5.340000000000000000e+02
9.510000000000000000e+03 9.075000000000000000e+03 3.046999999999999886e+02 6.700000000000000178e+00 5.360000000000000000e+02
9.561000000000000000e+03 9.116000000000000000e+03 2.068000000000000114e+02 7.000000000000000000e+00 4.640000000000000000e+02
9.497000000000000000e+03 9.023000000000000000e+03 2.840000000000000000e+02 7.000000000000000000e+00 5.400000000000000000e+02
9.543000000000000000e+03 9.115000000000000000e+03 4.540000000000000000e+02 7.000000000000000000e+00 4.790000000000000000e+02
9.522000000000000000e+03 9.079000000000000000e+03 2.508000000000000114e+02 6.599999999999999645e+00 4.970000000000000000e+02
9.473000000000000000e+03 9.046000000000000000e+03 2.705000000000000000e+02 7.000000000000000000e+00 5.650000000000000000e+02
9.554000000000000000e+03 9.047000000000000000e+03 2.716000000000000227e+02 7.000000000000000000e+00 5.060000000000000000e+02
9.523000000000000000e+03 9.077000000000000000e+03 3.388999999999999773e+02 6.799999999999999822e+00 4.990000000000000000e+02
9.552000000000000000e+03 9.113000000000000000e+03 2.946000000000000227e+02 6.299999999999999822e+00 5.070000000000000000e+02
9.517000000000000000e+03 9.108000000000000000e+03 2.658000000000000114e+02 7.000000000000000000e+00 5.480000000000000000e+02
9.514000000000000000e+03 9.089000000000000000e+03 2.910000000000000000e+02 7.000000000000000000e+00 5.400000000000000000e+02
9.541000000000000000e+03 9.089000000000000000e+03 4.026000000000000227e+02 6.599999999999999645e+00 5.020000000000000000e+02
9.547000000000000000e+03 9.099000000000000000e+03 4.026999999999999886e+02 7.000000000000000000e+00 4.930000000000000000e+02
9.500000000000000000e+03 9.127000000000000000e+03 3.193999999999999773e+02 6.700000000000000178e+00 5.460000000000000000e+02
9.535000000000000000e+03 9.097000000000000000e+03 2.731999999999999886e+02 7.099999999999999645e+00 4.810000000000000000e+02
9.560000000000000000e+03 9.073000000000000000e+03 4.168999999999999773e+02 7.099999999999999645e+00 5.020000000000000000e+02
9.516000000000000000e+03 9.022000000000000000e+03 2.578000000000000114e+02 6.799999999999999822e+00 5.430000000000000000e+02
9.493000000000000000e+03 9.169000000000000000e+03 3.020000000000000000e+02 7.000000000000000000e+00 5.480000000000000000e+02
9.473000000000000000e+03 9.084000000000000000e+03 3.021000000000000227e+02 6.500000000000000000e+00 5.570000000000000000e+02
9.528000000000000000e+03 9.027000000000000000e+03 3.656999999999999886e+02 7.099999999999999645e+00 5.080000000000000000e+02
9.529000000000000000e+03 9.095000000000000000e+03 3.126999999999999886e+02 7.000000000000000000e+00 5.120000000000000000e+02
9.541000000000000000e+03 9.128000000000000000e+03 2.700000000000000000e+02 6.700000000000000178e+00 4.920000000000000000e+02
9.516000000000000000e+03 9.045000000000000000e+03 3.280000000000000000e+02 7.000000000000000000e+00 5.240000000000000000e+02
9.538000000000000000e+03 9.052000000000000000e+03 2.623000000000000114e+02 6.700000000000000178e+00 5.380000000000000000e+02
9.492000000000000000e+03 9.123000000000000000e+03 2.833000000000000114e+02 7.200000000000000178e+00 5.390000000000000000e+02
9.525000000000000000e+03 9.084000000000000000e+03 3.331999999999999886e+02 7.099999999999999645e+00 4.860000000000000000e+02
9.555000000000000000e+03 9.100000000000000000e+03 3.466999999999999886e+02 6.799999999999999822e+00 4.630000000000000000e+02
9.534000000000000000e+03 9.103000000000000000e+03 3.126000000000000227e+02 6.799999999999999822e+00 5.360000000000000000e+02
9.529000000000000000e+03 9.124000000000000000e+03 2.488000000000000114e+02 7.099999999999999645e+00 4.850000000000000000e+02
9.532000000000000000e+03 9.056000000000000000e+03 2.815000000000000000e+02 6.500000000000000000e+00 4.820000000000000000e+02
9.517000000000000000e+03 9.041000000000000000e+03 2.935000000000000000e+02 6.700000000000000178e+00 5.260000000000000000e+02
9.540000000000000000e+03 9.080000000000000000e+03 3.263999999999999773e+02 6.599999999999999645e+00 4.760000000000000000e+02
9.554000000000000000e+03 9.088000000000000000e+03 2.713000000000000114e+02 7.000000000000000000e+00 4.970000000000000000e+02
9.514000000000000000e+03 9.134000000000000000e+03 2.289000000000000057e+02 7.000000000000000000e+00 5.130000000000000000e+02
9.568000000000000000e+03 9.106000000000000000e+03 4.803999999999999773e+02 6.599999999999999645e+00 4.940000000000000000e+02
9.493000000000000000e+03 9.142000000000000000e+03 2.466999999999999886e+02 6.700000000000000178e+00 5.220000000000000000e+02
9.551000000000000000e+03 9.080000000000000000e+03 3.198000000000000114e+02 7.000000000000000000e+00 4.980000000000000000e+02
9.569000000000000000e+03 9.148000000000000000e+03 2.606999999999999886e+02 7.000000000000000000e+00 5.020000000000000000e+02
9.534000000000000000e+03 9.086000000000000000e+03 2.321999999999999886e+02 6.500000000000000000e+00 4.930000000000000000e+02
9.530000000000000000e+03 9.071000000000000000e+03 2.753999999999999773e+02 6.299999999999999822e+00 5.040000000000000000e+02
9.535000000000000000e+03 9.120000000000000000e+03 3.708000000000000114e+02 6.700000000000000178e+00 5.010000000000000000e+02
9.535000000000000000e+03 9.077000000000000000e+03 2.691000000000000227e+02 6.700000000000000178e+00 5.140000000000000000e+02
9.525000000000000000e+03 9.093000000000000000e+03 2.261999999999999886e+02 7.200000000000000178e+00 5.180000000000000000e+02
9.524000000000000000e+03 9.092000000000000000e+03 2.355999999999999943e+02 6.400000000000000355e+00 5.290000000000000000e+02
9.506000000000000000e+03 9.105000000000000000e+03 2.355000000000000000e+02 7.000000000000000000e+00 5.330000000000000000e+02
9.536000000000000000e+03 9.130000000000000000e+03 3.091999999999999886e+02 7.000000000000000000e+00 4.830000000000000000e+02
9.561000000000000000e+03 9.174000000000000000e+03 2.926999999999999886e+02 7.000000000000000000e+00 4.750000000000000000e+02
9.524000000000000000e+03 9.020000000000000000e+03 2.863999999999999773e+02 7.400000000000000355e+00 5.560000000000000000e+02
9.502000000000000000e+03 9.111000000000000000e+03 2.400000000000000000e+02 7.000000000000000000e+00 5.060000000000000000e+02
9.514000000000000000e+03 9.100000000000000000e+03 2.470999999999999943e+02 7.200000000000000178e+00 5.220000000000000000e+02
9.508000000000000000e+03 9.071000000000000000e+03 4.136000000000000227e+02 7.000000000000000000e+00 5.460000000000000000e+02
9.529000000000000000e+03 9.062000000000000000e+03 3.273999999999999773e+02 6.599999999999999645e+00 5.060000000000000000e+02
9.533000000000000000e+03 9.077000000000000000e+03 2.550999999999999943e+02 7.000000000000000000e+00 5.020000000000000000e+02
9.557000000000000000e+03 9.070000000000000000e+03 2.570000000000000000e+02 6.599999999999999645e+00 4.710000000000000000e+02
9.533000000000000000e+03 9.050000000000000000e+03 2.681000000000000227e+02 7.000000000000000000e+00 5.170000000000000000e+02
9.533000000000000000e+03 9.071000000000000000e+03 2.681999999999999886e+02 7.000000000000000000e+00 5.130000000000000000e+02
9.492000000000000000e+03 9.136000000000000000e+03 2.516999999999999886e+02 6.099999999999999645e+00 5.100000000000000000e+02
9.536000000000000000e+03 9.084000000000000000e+03 3.618999999999999773e+02 7.000000000000000000e+00 5.000000000000000000e+02
9.521000000000000000e+03 9.093000000000000000e+03 2.743000000000000114e+02 6.400000000000000355e+00 4.980000000000000000e+02
9.516000000000000000e+03 9.092000000000000000e+03 3.138999999999999773e+02 7.200000000000000178e+00 5.100000000000000000e+02
9.496000000000000000e+03 9.083000000000000000e+03 2.403000000000000114e+02 6.500000000000000000e+00 5.140000000000000000e+02
9.533000000000000000e+03 9.148000000000000000e+03 2.484000000000000057e+02 7.200000000000000178e+00 5.190000000000000000e+02
9.542000000000000000e+03 9.059000000000000000e+03 3.216999999999999886e+02 7.000000000000000000e+00 5.120000000000000000e+02
9.525000000000000000e+03 9.076000000000000000e+03 2.286999999999999886e+02 6.599999999999999645e+00 5.180000000000000000e+02
9.514000000000000000e+03 9.124000000000000000e+03 2.483000000000000114e+02 6.200000000000000178e+00 5.390000000000000000e+02
9.511000000000000000e+03 9.119000000000000000e+03 2.856000000000000227e+02 7.000000000000000000e+00 5.360000000000000000e+02
9.543000000000000000e+03 9.090000000000000000e+03 4.773999999999999773e+02 7.000000000000000000e+00 5.040000000000000000e+02
9.522000000000000000e+03 9.108000000000000000e+03 3.153999999999999773e+02 7.000000000000000000e+00 5.100000000000000000e+02
9.515000000000000000e+03 9.033000000000000000e+03 2.636999999999999886e+02 6.599999999999999645e+00 5.410000000000000000e+02
9.523000000000000000e+03 9.099000000000000000e+03 3.650000000000000000e+02 7.200000000000000178e+00 5.100000000000000000e+02
9.508000000000000000e+03 9.071000000000000000e+03 3.311999999999999886e+02 7.000000000000000000e+00 5.140000000000000000e+02
9.528000000000000000e+03 9.062000000000000000e+03 3.040000000000000000e+02 7.000000000000000000e+00 5.170000000000000000e+02
9.506000000000000000e+03 9.068000000000000000e+03 2.360999999999999943e+02 6.500000000000000000e+00 5.130000000000000000e+02
9.480000000000000000e+03 9.087000000000000000e+03 3.218000000000000114e+02 6.500000000000000000e+00 5.510000000000000000e+02
9.561000000000000000e+03 9.026000000000000000e+03 2.248000000000000114e+02 6.700000000000000178e+00 4.920000000000000000e+02
9.571000000000000000e+03 9.100000000000000000e+03 2.901999999999999886e+02 6.200000000000000178e+00 4.670000000000000000e+02
9.536000000000000000e+03 9.100000000000000000e+03 3.125000000000000000e+02 7.599999999999999645e+00 4.930000000000000000e+02
9.520000000000000000e+03 9.097000000000000000e+03 2.506999999999999886e+02 6.500000000000000000e+00 5.130000000000000000e+02
9.536000000000000000e+03 9.042000000000000000e+03 3.016999999999999886e+02 6.700000000000000178e+00 4.980000000000000000e+02
9.533000000000000000e+03 9.048000000000000000e+03 3.473000000000000114e+02 6.700000000000000178e+00 5.200000000000000000e+02
9.542000000000000000e+03 9.073000000000000000e+03 2.765000000000000000e+02 7.200000000000000178e+00 5.130000000000000000e+02
9.561000000000000000e+03 9.125000000000000000e+03 3.033000000000000114e+02 7.000000000000000000e+00 4.890000000000000000e+02
9.523000000000000000e+03 9.056000000000000000e+03 2.686999999999999886e+02 6.500000000000000000e+00 5.100000000000000000e+02
9.514000000000000000e+03 9.100000000000000000e+03 2.896000000000000227e+02 6.599999999999999645e+00 5.280000000000000000e+02
9.528000000000000000e+03 9.035000000000000000e+03 2.136999999999999886e+02 6.799999999999999822e+00 4.600000000000000000e+02
9.514000000000000000e+03 9.140000000000000000e+03 2.816999999999999886e+02 7.000000000000000000e+00 5.090000000000000000e+02
9.526000000000000000e+03 9.112000000000000000e+03 4.421999999999999886e+02 7.000000000000000000e+00 5.210000000000000000e+02
9.523000000000000000e+03 9.149000000000000000e+03 2.583999999999999773e+02 6.400000000000000355e+00 5.250000000000000000e+02
9.545000000000000000e+03 9.096000000000000000e+03 3.966999999999999886e+02 6.700000000000000178e+00 4.860000000000000000e+02
9.523000000000000000e+03 9.042000000000000000e+03 2.586000000000000227e+02 7.000000000000000000e+00 5.130000000000000000e+02
9.524000000000000000e+03 9.131000000000000000e+03 2.410000000000000000e+02 6.599999999999999645e+00 5.050000000000000000e+02
9.519000000000000000e+03 9.119000000000000000e+03 3.205000000000000000e+02 7.000000000000000000e+00 4.910000000000000000e+02
9.518000000000000000e+03 9.058000000000000000e+03 2.583999999999999773e+02 6.900000000000000355e+00 5.250000000000000000e+02
9.502000000000000000e+03 9.062000000000000000e+03 3.283000000000000114e+02 6.500000000000000000e+00 5.170000000000000000e+02
9.504000000000000000e+03 9.059000000000000000e+03 3.698999999999999773e+02 7.000000000000000000e+00 5.290000000000000000e+02
9.534000000000000000e+03 9.065000000000000000e+03 2.416999999999999886e+02 7.000000000000000000e+00 4.920000000000000000e+02
9.510000000000000000e+03 9.070000000000000000e+03 3.978000000000000114e+02 7.299999999999999822e+00 5.140000000000000000e+02
9.520000000000000000e+03 9.051000000000000000e+03 2.435000000000000000e+02 7.099999999999999645e+00 5.170000000000000000e+02
9.551000000000000000e+03 9.062000000000000000e+03 2.281999999999999886e+02 7.000000000000000000e+00 4.720000000000000000e+02
9.519000000000000000e+03 9.077000000000000000e+03 2.778999999999999773e+02 6.500000000000000000e+00 5.320000000000000000e+02
9.537000000000000000e+03 9.127000000000000000e+03 2.681999999999999886e+02 7.200000000000000178e+00 4.930000000000000000e+02
9.523000000000000000e+03 9.081000000000000000e+03 2.933999999999999773e+02 6.700000000000000178e+00 5.160000000000000000e+02
9.523000000000000000e+03 9.072000000000000000e+03 4.295000000000000000e+02 6.400000000000000355e+00 5.250000000000000000e+02
9.577000000000000000e+03 9.113000000000000000e+03 3.800000000000000000e+02 6.700000000000000178e+00 4.270000000000000000e+02
9.534000000000000000e+03 9.125000000000000000e+03 3.098000000000000114e+02 6.700000000000000178e+00 5.260000000000000000e+02
9.504000000000000000e+03 9.137000000000000000e+03 3.211000000000000227e+02 7.299999999999999822e+00 5.270000000000000000e+02
9.545000000000000000e+03 9.068000000000000000e+03 2.526999999999999886e+02 6.599999999999999645e+00 5.140000000000000000e+02
9.526000000000000000e+03 9.061000000000000000e+03 3.218000000000000114e+02 7.000000000000000000e+00 4.940000000000000000e+02
9.474000000000000000e+03 9.146000000000000000e+03 2.618000000000000114e+02 7.000000000000000000e+00 5.310000000000000000e+02
9.546000000000000000e+03 9.106000000000000000e+03 2.901000000000000227e+02 6.700000000000000178e+00 4.930000000000000000e+02
9.532000000000000000e+03 9.153000000000000000e+03 2.798000000000000114e+02 7.000000000000000000e+00 5.060000000000000000e+02
9.555000000000000000e+03 9.096000000000000000e+03 2.713000000000000114e+02 6.500000000000000000e+00 4.920000000000000000e+02
9.519000000000000000e+03 9.086000000000000000e+03 2.970000000000000000e+02 7.000000000000000000e+00 5.230000000000000000e+02
9.491000000000000000e+03 9.054000000000000000e+03 2.445999999999999943e+02 6.700000000000000178e+00 5.340000000000000000e+02
9.532000000000000000e+03 9.098000000000000000e+03 2.445000000000000000e+02 6.599999999999999645e+00 5.420000000000000000e+02
9.546000000000000000e+03 9.110000000000000000e+03 2.961000000000000227e+02 6.299999999999999822e+00 4.960000000000000000e+02
9.547000000000000000e+03 9.054000000000000000e+03 2.941999999999999886e+02 6.599999999999999645e+00 4.820000000000000000e+02
9.527000000000000000e+03 9.039000000000000000e+03 2.329000000000000057e+02 6.299999999999999822e+00 5.070000000000000000e+02
9.539000000000000000e+03 9.049000000000000000e+03 2.628000000000000114e+02 7.000000000000000000e+00 5.230000000000000000e+02
9.502000000000000000e+03 9.123000000000000000e+03 3.186000000000000227e+02 7.000000000000000000e+00 5.160000000000000000e+02
9.569000000000000000e+03 9.119000000000000000e+03 3.996000000000000227e+02 7.000000000000000000e+00 4.670000000000000000e+02
9.502000000000000000e+03 9.118000000000000000e+03 2.470999999999999943e+02 6.500000000000000000e+00 5.280000000000000000e+02
9.515000000000000000e+03 9.045000000000000000e+03 3.836999999999999886e+02 6.500000000000000000e+00 5.360000000000000000e+02
9.517000000000000000e+03 9.075000000000000000e+03 2.325000000000000000e+02 7.000000000000000000e+00 5.250000000000000000e+02
9.536000000000000000e+03 9.164000000000000000e+03 2.416999999999999886e+02 7.099999999999999645e+00 4.860000000000000000e+02
9.550000000000000000e+03 9.104000000000000000e+03 2.866999999999999886e+02 6.700000000000000178e+00 5.230000000000000000e+02
9.501000000000000000e+03 9.096000000000000000e+03 3.011999999999999886e+02 7.000000000000000000e+00 5.610000000000000000e+02
9.506000000000000000e+03 9.047000000000000000e+03 2.996000000000000227e+02 6.500000000000000000e+00 5.210000000000000000e+02
9.542000000000000000e+03 9.082000000000000000e+03 4.713000000000000114e+02 7.000000000000000000e+00 5.120000000000000000e+02
9.548000000000000000e+03 9.076000000000000000e+03 3.443000000000000114e+02 6.500000000000000000e+00 4.960000000000000000e+02
9.529000000000000000e+03 9.060000000000000000e+03 2.801000000000000227e+02 7.000000000000000000e+00 4.820000000000000000e+02
9.520000000000000000e+03 9.088000000000000000e+03 3.471000000000000227e+02 7.299999999999999822e+00 5.010000000000000000e+02
9.563000000000000000e+03 9.079000000000000000e+03 2.450000000000000000e+02 7.000000000000000000e+00 4.700000000000000000e+02
9.535000000000000000e+03 9.106000000000000000e+03 2.988999999999999773e+02 7.000000000000000000e+00 5.250000000000000000e+02
9.478000000000000000e+03 9.070000000000000000e+03 3.941000000000000227e+02 6.700000000000000178e+00 5.800000000000000000e+02
9.539000000000000000e+03 9.068000000000000000e+03 3.140000000000000000e+02 6.400000000000000355e+00 5.100000000000000000e+02
9.526000000000000000e+03 9.040000000000000000e+03 2.981999999999999886e+02 6.700000000000000178e+00 4.850000000000000000e+02
9.529000000000000000e+03 9.038000000000000000e+03 2.435999999999999943e+02 6.400000000000000355e+00 5.190000000000000000e+02
9.518000000000000000e+03 9.098000000000000000e+03 4.331999999999999886e+02 6.500000000000000000e+00 5.300000000000000000e+02
9.573000000000000000e+03 9.091000000000000000e+03 2.988999999999999773e+02 7.000000000000000000e+00 4.740000000000000000e+02
9.508000000000000000e+03 9.118000000000000000e+03 2.575000000000000000e+02 7.000000000000000000e+00 5.100000000000000000e+02
9.515000000000000000e+03 9.088000000000000000e+03 2.451999999999999886e+02 6.599999999999999645e+00 5.150000000000000000e+02
9.538000000000000000e+03 9.077000000000000000e+03 4.066999999999999886e+02 6.500000000000000000e+00 4.990000000000000000e+02
9.542000000000000000e+03 9.092000000000000000e+03 2.853999999999999773e+02 6.599999999999999645e+00 5.030000000000000000e+02
9.507000000000000000e+03 9.110000000000000000e+03 2.485000000000000000e+02 6.299999999999999822e+00 5.220000000000000000e+02
9.534000000000000000e+03 9.068000000000000000e+03 4.225000000000000000e+02 6.599999999999999645e+00 5.200000000000000000e+02
9.555000000000000000e+03 9.092000000000000000e+03 3.798000000000000114e+02 7.000000000000000000e+00 4.870000000000000000e+02
9.521000000000000000e+03 9.079000000000000000e+03 3.071000000000000227e+02 6.799999999999999822e+00 5.090000000000000000e+02
9.478000000000000000e+03 9.107000000000000000e+03 4.001000000000000227e+02 6.200000000000000178e+00 5.330000000000000000e+02
9.502000000000000000e+03 9.039000000000000000e+03 2.350000000000000000e+02 7.000000000000000000e+00 5.200000000000000000e+02
9.503000000000000000e+03 9.110000000000000000e+03 2.941000000000000227e+02 7.099999999999999645e+00 5.450000000000000000e+02
9.508000000000000000e+03 9.091000000000000000e+03 2.315000000000000000e+02 7.000000000000000000e+00 5.260000000000000000e+02
9.516000000000000000e+03 9.080000000000000000e+03 2.796999999999999886e+02 6.799999999999999822e+00 5.150000000000000000e+02
9.526000000000000000e+03 9.088000000000000000e+03 3.050000000000000000e+02 7.000000000000000000e+00 5.050000000000000000e+02
9.518000000000000000e+03 9.058000000000000000e+03 2.573999999999999773e+02 7.099999999999999645e+00 4.810000000000000000e+02
9.558000000000000000e+03 9.058000000000000000e+03 2.666999999999999886e+02 6.599999999999999645e+00 5.000000000000000000e+02
9.574000000000000000e+03 9.071000000000000000e+03 2.831999999999999886e+02 6.599999999999999645e+00 4.760000000000000000e+02
9.520000000000000000e+03 9.095000000000000000e+03 2.718999999999999773e+02 7.000000000000000000e+00 5.090000000000000000e+02
9.509000000000000000e+03 9.076000000000000000e+03 2.261999999999999886e+02 7.000000000000000000e+00 5.430000000000000000e+02
9.504000000000000000e+03 9.106000000000000000e+03 4.473000000000000114e+02 7.000000000000000000e+00 5.330000000000000000e+02
9.494000000000000000e+03 9.112000000000000000e+03 3.128999999999999773e+02 6.799999999999999822e+00 5.430000000000000000e+02
9.538000000000000000e+03 9.106000000000000000e+03 3.961000000000000227e+02 6.299999999999999822e+00 5.090000000000000000e+02
9.539000000000000000e+03 9.135000000000000000e+03 4.306999999999999886e+02 6.299999999999999822e+00 4.960000000000000000e+02
9.572000000000000000e+03 9.094000000000000000e+03 2.908000000000000114e+02 6.400000000000000355e+00 4.910000000000000000e+02
9.506000000000000000e+03 9.095000000000000000e+03 2.413000000000000114e+02 6.799999999999999822e+00 5.310000000000000000e+02
9.527000000000000000e+03 9.088000000000000000e+03 3.265000000000000000e+02 6.700000000000000178e+00 5.120000000000000000e+02
9.521000000000000000e+03 9.076000000000000000e+03 2.658999999999999773e+02 6.599999999999999645e+00 5.150000000000000000e+02
9.562000000000000000e+03 9.065000000000000000e+03 2.931000000000000227e+02 7.200000000000000178e+00 4.910000000000000000e+02
9.536000000000000000e+03 9.138000000000000000e+03 3.098999999999999773e+02 6.599999999999999645e+00 5.090000000000000000e+02
9.518000000000000000e+03 9.094000000000000000e+03 2.386999999999999886e+02 6.799999999999999822e+00 5.260000000000000000e+02
9.512000000000000000e+03 9.064000000000000000e+03 2.529000000000000057e+02 6.700000000000000178e+00 5.510000000000000000e+02
9.484000000000000000e+03 9.085000000000000000e+03 2.791000000000000227e+02 7.299999999999999822e+00 5.160000000000000000e+02
9.507000000000000000e+03 9.066000000000000000e+03 2.571999999999999886e+02 7.000000000000000000e+00 5.280000000000000000e+02
9.512000000000000000e+03 9.128000000000000000e+03 2.230000000000000000e+02 6.799999999999999822e+00 5.060000000000000000e+02
9.500000000000000000e+03 9.088000000000000000e+03 2.640000000000000000e+02 6.799999999999999822e+00 5.290000000000000000e+02
9.499000000000000000e+03 9.070000000000000000e+03 2.905000000000000000e+02 6.799999999999999822e+00 5.200000000000000000e+02
9.538000000000000000e+03 9.102000000000000000e+03 2.454000000000000057e+02 7.000000000000000000e+00 5.150000000000000000e+02
9.491000000000000000e+03 9.111000000000000000e+03 3.013999999999999773e+02 7.000000000000000000e+00 5.550000000000000000e+02
9.514000000000000000e+03 9.116000000000000000e+03 3.075000000000000000e+02 6.799999999999999822e+00 5.290000000000000000e+02
