8.335000000000000000e+03 7.620000000000000000e+02 2.868999999999999773e+02 9.759999999999999432e+01 2.700000000000000000e+01
8.160000000000000000e+03 8.540000000000000000e+02 3.076000000000000227e+02 1.167000000000000028e+02 2.600000000000000000e+01
8.601000000000000000e+03 7.310000000000000000e+02 2.490000000000000000e+02 1.205000000000000000e+02 2.900000000000000000e+01
8.586000000000000000e+03 7.410000000000000000e+02 2.410999999999999943e+02 9.400000000000000000e+01 2.500000000000000000e+01
8.635000000000000000e+03 6.380000000000000000e+02 2.801000000000000227e+02 9.609999999999999432e+01 2.500000000000000000e+01
8.509000000000000000e+03 6.250000000000000000e+02 2.913000000000000114e+02 1.155999999999999943e+02 2.400000000000000000e+01
8.625000000000000000e+03 9.220000000000000000e+02 2.325999999999999943e+02 1.321999999999999886e+02 3.100000000000000000e+01
8.591000000000000000e+03 6.820000000000000000e+02 3.226999999999999886e+02 9.520000000000000284e+01 2.700000000000000000e+01
8.632000000000000000e+03 7.120000000000000000e+02 2.586999999999999886e+02 1.134000000000000057e+02 2.400000000000000000e+01
8.586000000000000000e+03 9.570000000000000000e+02 2.109000000000000057e+02 1.072000000000000028e+02 3.500000000000000000e+01
8.243000000000000000e+03 7.380000000000000000e+02 2.421999999999999886e+02 8.059999999999999432e+01 2.100000000000000000e+01
8.525000000000000000e+03 9.620000000000000000e+02 2.726999999999999886e+02 1.355000000000000000e+02 3.100000000000000000e+01
8.559000000000000000e+03 8.190000000000000000e+02 2.738999999999999773e+02 1.484000000000000057e+02 2.300000000000000000e+01
8.670000000000000000e+03 7.410000000000000000e+02 2.489000000000000057e+02 9.579999999999999716e+01 2.800000000000000000e+01
8.630000000000000000e+03 7.600000000000000000e+02 3.921999999999999886e+02 1.620000000000000000e+02 2.600000000000000000e+01
8.564000000000000000e+03 8.520000000000000000e+02 2.380000000000000000e+02 9.620000000000000284e+01 2.900000000000000000e+01
8.662000000000000000e+03 9.070000000000000000e+02 2.518000000000000114e+02 1.147000000000000028e+02 3.100000000000000000e+01
8.609000000000000000e+03 8.800000000000000000e+02 2.611999999999999886e+02 1.125000000000000000e+02 2.400000000000000000e+01
8.312000000000000000e+03 5.760000000000000000e+02 3.268000000000000114e+02 1.110999999999999943e+02 2.100000000000000000e+01
8.634000000000000000e+03 7.470000000000000000e+02 2.325999999999999943e+02 9.929999999999999716e+01 2.400000000000000000e+01
8.397000000000000000e+03 7.570000000000000000e+02 2.808000000000000114e+02 1.130999999999999943e+02 2.600000000000000000e+01
1.200000000000000000e+01 6.000000000000000000e+00 1.580000000000000071e+01 4.000000000000000222e-01 1.000000000000000000e+00
8.590000000000000000e+03 6.390000000000000000e+02 2.211999999999999886e+02 8.029999999999999716e+01 2.600000000000000000e+01
8.398000000000000000e+03 9.220000000000000000e+02 2.953000000000000114e+02 1.062000000000000028e+02 3.000000000000000000e+01
8.000000000000000000e+00 4.000000000000000000e+00 1.169999999999999929e+01 9.000000000000000222e-01 1.000000000000000000e+00
8.506000000000000000e+03 8.440000000000000000e+02 2.631000000000000227e+02 1.164000000000000057e+02 2.500000000000000000e+01
8.753000000000000000e+03 9.280000000000000000e+02 2.375999999999999943e+02 9.129999999999999716e+01 3.200000000000000000e+01
1.200000000000000000e+01 6.000000000000000000e+00 1.290000000000000036e+01 9.000000000000000222e-01 0.000000000000000000e+00
8.620000000000000000e+03 7.590000000000000000e+02 2.961999999999999886e+02 1.313000000000000114e+02 2.500000000000000000e+01
8.628000000000000000e+03 8.880000000000000000e+02 2.601999999999999886e+02 1.300999999999999943e+02 2.800000000000000000e+01
8.802000000000000000e+03 8.020000000000000000e+02 3.476999999999999886e+02 1.012999999999999972e+02 2.500000000000000000e+01
8.741000000000000000e+03 9.250000000000000000e+02 2.231999999999999886e+02 8.209999999999999432e+01 3.400000000000000000e+01
8.588000000000000000e+03 7.740000000000000000e+02 2.608000000000000114e+02 1.079000000000000057e+02 2.700000000000000000e+01
8.732000000000000000e+03 8.410000000000000000e+02 2.608000000000000114e+02 1.040999999999999943e+02 2.400000000000000000e+01
8.538000000000000000e+03 7.360000000000000000e+02 2.549000000000000057e+02 1.308000000000000114e+02 2.500000000000000000e+01
8.644000000000000000e+03 6.820000000000000000e+02 2.708000000000000114e+02 1.142999999999999972e+02 2.000000000000000000e+01
8.701000000000000000e+03 8.550000000000000000e+02 2.618999999999999773e+02 1.280000000000000000e+02 2.300000000000000000e+01
8.743000000000000000e+03 8.580000000000000000e+02 2.703999999999999773e+02 1.092999999999999972e+02 3.000000000000000000e+01
8.616000000000000000e+03 7.950000000000000000e+02 2.923000000000000114e+02 1.410999999999999943e+02 2.600000000000000000e+01
8.800000000000000000e+03 7.080000000000000000e+02 2.265000000000000000e+02 7.509999999999999432e+01 2.800000000000000000e+01
8.745000000000000000e+03 7.720000000000000000e+02 3.188000000000000114e+02 1.829000000000000057e+02 2.800000000000000000e+01
8.617000000000000000e+03 8.870000000000000000e+02 3.073999999999999773e+02 9.000000000000000000e+01 2.500000000000000000e+01
8.016000000000000000e+03 6.310000000000000000e+02 2.673000000000000114e+02 1.345000000000000000e+02 2.600000000000000000e+01
8.788000000000000000e+03 7.950000000000000000e+02 2.886000000000000227e+02 1.239000000000000057e+02 2.600000000000000000e+01
8.473000000000000000e+03 6.360000000000000000e+02 2.815000000000000000e+02 1.122999999999999972e+02 2.000000000000000000e+01
8.646000000000000000e+03 9.320000000000000000e+02 2.616000000000000227e+02 1.004000000000000057e+02 3.000000000000000000e+01
8.754000000000000000e+03 9.250000000000000000e+02 2.688000000000000114e+02 9.820000000000000284e+01 2.400000000000000000e+01
8.592000000000000000e+03 5.670000000000000000e+02 3.110000000000000000e+02 8.550000000000000000e+01 1.900000000000000000e+01
8.590000000000000000e+03 6.800000000000000000e+02 2.585000000000000000e+02 9.690000000000000568e+01 2.600000000000000000e+01
8.496000000000000000e+03 8.010000000000000000e+02 3.036000000000000227e+02 1.227000000000000028e+02 2.500000000000000000e+01
8.361000000000000000e+03 7.180000000000000000e+02 2.476999999999999886e+02 1.159000000000000057e+02 2.400000000000000000e+01
8.407000000000000000e+03 8.900000000000000000e+02 2.253000000000000114e+02 1.080000000000000000e+02 2.800000000000000000e+01
8.654000000000000000e+03 7.100000000000000000e+02 3.118999999999999773e+02 1.012000000000000028e+02 2.400000000000000000e+01
8.370000000000000000e+03 6.900000000000000000e+02 2.826000000000000227e+02 1.057000000000000028e+02 2.000000000000000000e+01
8.509000000000000000e+03 6.190000000000000000e+02 2.896000000000000227e+02 1.475999999999999943e+02 2.400000000000000000e+01
8.841000000000000000e+03 7.770000000000000000e+02 2.540000000000000000e+02 9.359999999999999432e+01 2.300000000000000000e+01
8.661000000000000000e+03 7.550000000000000000e+02 2.449000000000000057e+02 1.027000000000000028e+02 2.500000000000000000e+01
8.350000000000000000e+03 6.330000000000000000e+02 2.840000000000000000e+02 1.414000000000000057e+02 2.200000000000000000e+01
8.693000000000000000e+03 7.850000000000000000e+02 2.114000000000000057e+02 9.440000000000000568e+01 2.500000000000000000e+01
8.827000000000000000e+03 9.750000000000000000e+02 2.638999999999999773e+02 1.325999999999999943e+02 3.000000000000000000e+01
8.388000000000000000e+03 6.840000000000000000e+02 2.881999999999999886e+02 7.859999999999999432e+01 1.900000000000000000e+01
8.659000000000000000e+03 7.640000000000000000e+02 2.681999999999999886e+02 1.505000000000000000e+02 2.700000000000000000e+01
8.536000000000000000e+03 5.730000000000000000e+02 4.830000000000000000e+02 1.495000000000000000e+02 2.300000000000000000e+01
8.870000000000000000e+03 1.083000000000000000e+03 2.114000000000000057e+02 1.084000000000000057e+02 3.200000000000000000e+01
8.475000000000000000e+03 8.770000000000000000e+02 2.380999999999999943e+02 1.127999999999999972e+02 2.600000000000000000e+01
8.459000000000000000e+03 1.060000000000000000e+03 2.155000000000000000e+02 1.050000000000000000e+02 3.700000000000000000e+01
8.467000000000000000e+03 6.780000000000000000e+02 3.016999999999999886e+02 1.419000000000000057e+02 2.200000000000000000e+01
8.617000000000000000e+03 6.960000000000000000e+02 2.903000000000000114e+02 1.227999999999999972e+02 2.100000000000000000e+01
8.774000000000000000e+03 7.280000000000000000e+02 3.793000000000000114e+02 1.301999999999999886e+02 2.700000000000000000e+01
8.659000000000000000e+03 8.720000000000000000e+02 2.460999999999999943e+02 8.979999999999999716e+01 2.900000000000000000e+01
8.500000000000000000e+03 5.560000000000000000e+02 3.088000000000000114e+02 3.320000000000000284e+01 2.200000000000000000e+01
8.570000000000000000e+03 8.350000000000000000e+02 2.489000000000000057e+02 1.077999999999999972e+02 2.700000000000000000e+01
8.304000000000000000e+03 7.920000000000000000e+02 2.591000000000000227e+02 9.070000000000000284e+01 3.200000000000000000e+01
8.656000000000000000e+03 9.130000000000000000e+02 2.806999999999999886e+02 1.164000000000000057e+02 2.600000000000000000e+01
8.721000000000000000e+03 9.740000000000000000e+02 2.330000000000000000e+02 1.002000000000000028e+02 2.600000000000000000e+01
8.759000000000000000e+03 7.720000000000000000e+02 3.036999999999999886e+02 1.205999999999999943e+02 2.500000000000000000e+01
8.624000000000000000e+03 8.190000000000000000e+02 2.813999999999999773e+02 5.629999999999999716e+01 2.500000000000000000e+01
2.400000000000000000e+01 1.100000000000000000e+01 2.900000000000000000e+01 2.100000000000000089e+00 2.000000000000000000e+00
8.596000000000000000e+03 7.550000000000000000e+02 2.181999999999999886e+02 7.629999999999999716e+01 2.400000000000000000e+01
8.652000000000000000e+03 6.890000000000000000e+02 3.728999999999999773e+02 1.544000000000000057e+02 2.700000000000000000e+01
8.870000000000000000e+03 7.460000000000000000e+02 2.470999999999999943e+02 9.490000000000000568e+01 2.300000000000000000e+01
8.580000000000000000e+03 8.270000000000000000e+02 2.285999999999999943e+02 1.152000000000000028e+02 2.800000000000000000e+01
8.668000000000000000e+03 9.740000000000000000e+02 2.108000000000000114e+02 1.070999999999999943e+02 2.800000000000000000e+01
8.648000000000000000e+03 7.900000000000000000e+02 2.415999999999999943e+02 9.050000000000000000e+01 2.600000000000000000e+01
8.849000000000000000e+03 5.920000000000000000e+02 3.318000000000000114e+02 8.750000000000000000e+01 2.400000000000000000e+01
8.752000000000000000e+03 8.490000000000000000e+02 2.756000000000000227e+02 1.240999999999999943e+02 2.400000000000000000e+01
8.654000000000000000e+03 1.007000000000000000e+03 2.295999999999999943e+02 1.012000000000000028e+02 2.900000000000000000e+01
8.696000000000000000e+03 8.250000000000000000e+02 2.881999999999999886e+02 1.353000000000000114e+02 2.400000000000000000e+01
8.339000000000000000e+03 7.550000000000000000e+02 2.703000000000000114e+02 1.394000000000000057e+02 2.800000000000000000e+01
8.536000000000000000e+03 6.990000000000000000e+02 2.401999999999999886e+02 7.800000000000000000e+01 2.300000000000000000e+01
8.757000000000000000e+03 1.094000000000000000e+03 2.220000000000000000e+02 1.095000000000000000e+02 3.200000000000000000e+01
8.411000000000000000e+03 7.600000000000000000e+02 2.335000000000000000e+02 7.050000000000000000e+01 2.700000000000000000e+01
8.328000000000000000e+03 7.900000000000000000e+02 2.515999999999999943e+02 7.250000000000000000e+01 2.700000000000000000e+01
8.700000000000000000e+03 8.870000000000000000e+02 3.210000000000000000e+02 1.613000000000000114e+02 2.600000000000000000e+01
4.900000000000000000e+01 1.700000000000000000e+01 4.539999999999999858e+01 1.680000000000000071e+01 2.000000000000000000e+00
8.588000000000000000e+03 6.230000000000000000e+02 2.576999999999999886e+02 9.429999999999999716e+01 2.300000000000000000e+01
8.589000000000000000e+03 1.006000000000000000e+03 2.148000000000000114e+02 3.550000000000000000e+01 2.600000000000000000e+01
8.789000000000000000e+03 8.920000000000000000e+02 2.375999999999999943e+02 1.301999999999999886e+02 2.800000000000000000e+01
8.691000000000000000e+03 8.510000000000000000e+02 2.026999999999999886e+02 8.459999999999999432e+01 3.000000000000000000e+01
8.618000000000000000e+03 8.000000000000000000e+02 2.496999999999999886e+02 8.100000000000000000e+01 2.400000000000000000e+01
8.712000000000000000e+03 8.040000000000000000e+02 2.713000000000000114e+02 1.756999999999999886e+02 2.600000000000000000e+01
8.568000000000000000e+03 9.920000000000000000e+02 2.215000000000000000e+02 8.400000000000000000e+01 2.700000000000000000e+01
8.601000000000000000e+03 1.082000000000000000e+03 3.256000000000000227e+02 9.220000000000000284e+01 3.800000000000000000e+01
8.590000000000000000e+03 7.100000000000000000e+02 2.816000000000000227e+02 1.197000000000000028e+02 2.300000000000000000e+01
8.546000000000000000e+03 8.300000000000000000e+02 2.383000000000000114e+02 1.150999999999999943e+02 2.600000000000000000e+01
8.184000000000000000e+03 7.340000000000000000e+02 2.591999999999999886e+02 1.298000000000000114e+02 3.200000000000000000e+01
8.559000000000000000e+03 8.670000000000000000e+02 2.289000000000000057e+02 1.247999999999999972e+02 2.800000000000000000e+01
8.495000000000000000e+03 4.270000000000000000e+02 2.878000000000000114e+02 7.790000000000000568e+01 1.900000000000000000e+01
8.586000000000000000e+03 8.180000000000000000e+02 2.286999999999999886e+02 8.740000000000000568e+01 2.500000000000000000e+01
8.261000000000000000e+03 8.820000000000000000e+02 2.825000000000000000e+02 1.227999999999999972e+02 2.500000000000000000e+01
8.639000000000000000e+03 8.140000000000000000e+02 2.530999999999999943e+02 1.085000000000000000e+02 2.600000000000000000e+01
8.601000000000000000e+03 8.790000000000000000e+02 2.986000000000000227e+02 1.455999999999999943e+02 2.900000000000000000e+01
8.701000000000000000e+03 8.370000000000000000e+02 2.691999999999999886e+02 1.455000000000000000e+02 2.300000000000000000e+01
8.719000000000000000e+03 8.110000000000000000e+02 2.293000000000000114e+02 9.750000000000000000e+01 2.200000000000000000e+01
8.661000000000000000e+03 8.270000000000000000e+02 2.280000000000000000e+02 9.240000000000000568e+01 2.600000000000000000e+01
8.513000000000000000e+03 6.810000000000000000e+02 2.813000000000000114e+02 1.220000000000000000e+02 2.500000000000000000e+01
8.676000000000000000e+03 9.150000000000000000e+02 2.135999999999999943e+02 1.050000000000000000e+02 2.600000000000000000e+01
8.710000000000000000e+03 7.660000000000000000e+02 2.493000000000000114e+02 1.010000000000000000e+02 2.600000000000000000e+01
8.302000000000000000e+03 8.910000000000000000e+02 3.116999999999999886e+02 9.409999999999999432e+01 3.000000000000000000e+01
8.797000000000000000e+03 6.730000000000000000e+02 3.153000000000000114e+02 1.330000000000000000e+02 2.300000000000000000e+01
8.581000000000000000e+03 6.720000000000000000e+02 2.801000000000000227e+02 1.366999999999999886e+02 2.700000000000000000e+01
8.657000000000000000e+03 8.220000000000000000e+02 3.283999999999999773e+02 1.298000000000000114e+02 2.400000000000000000e+01
8.552000000000000000e+03 6.990000000000000000e+02 3.175000000000000000e+02 1.346999999999999886e+02 2.400000000000000000e+01
8.675000000000000000e+03 7.470000000000000000e+02 2.878999999999999773e+02 8.740000000000000568e+01 2.600000000000000000e+01
8.780000000000000000e+03 8.550000000000000000e+02 3.723000000000000114e+02 1.680000000000000000e+02 2.700000000000000000e+01
8.768000000000000000e+03 6.990000000000000000e+02 3.006999999999999886e+02 1.020000000000000000e+02 2.600000000000000000e+01
8.696000000000000000e+03 6.750000000000000000e+02 2.918000000000000114e+02 1.120000000000000000e+02 2.200000000000000000e+01
8.854000000000000000e+03 1.054000000000000000e+03 2.540999999999999943e+02 8.600000000000000000e+01 3.300000000000000000e+01
8.475000000000000000e+03 7.680000000000000000e+02 2.761999999999999886e+02 1.308000000000000114e+02 2.700000000000000000e+01
8.691000000000000000e+03 1.042000000000000000e+03 2.681000000000000227e+02 9.429999999999999716e+01 3.200000000000000000e+01
8.528000000000000000e+03 8.810000000000000000e+02 2.688999999999999773e+02 1.012999999999999972e+02 3.100000000000000000e+01
8.429000000000000000e+03 7.930000000000000000e+02 2.253000000000000114e+02 9.370000000000000284e+01 2.500000000000000000e+01
8.817000000000000000e+03 6.750000000000000000e+02 3.045000000000000000e+02 7.840000000000000568e+01 2.200000000000000000e+01
8.834000000000000000e+03 7.290000000000000000e+02 2.841000000000000227e+02 6.909999999999999432e+01 2.600000000000000000e+01
8.747000000000000000e+03 8.730000000000000000e+02 2.144000000000000057e+02 7.709999999999999432e+01 2.600000000000000000e+01
8.668000000000000000e+03 5.730000000000000000e+02 2.975000000000000000e+02 1.298000000000000114e+02 2.100000000000000000e+01
8.737000000000000000e+03 6.430000000000000000e+02 3.043000000000000114e+02 1.468000000000000114e+02 1.900000000000000000e+01
8.637000000000000000e+03 7.200000000000000000e+02 2.586999999999999886e+02 1.045999999999999943e+02 2.500000000000000000e+01
8.723000000000000000e+03 7.160000000000000000e+02 2.608999999999999773e+02 1.027000000000000028e+02 2.400000000000000000e+01
8.428000000000000000e+03 7.710000000000000000e+02 1.885999999999999943e+02 7.359999999999999432e+01 2.300000000000000000e+01
8.555000000000000000e+03 1.023000000000000000e+03 2.140000000000000000e+02 1.094000000000000057e+02 3.000000000000000000e+01
8.834000000000000000e+03 7.810000000000000000e+02 2.510000000000000000e+02 9.009999999999999432e+01 2.200000000000000000e+01
8.489000000000000000e+03 7.420000000000000000e+02 2.440999999999999943e+02 1.127000000000000028e+02 3.000000000000000000e+01
8.470000000000000000e+03 9.380000000000000000e+02 2.405999999999999943e+02 1.072000000000000028e+02 2.800000000000000000e+01
8.717000000000000000e+03 8.140000000000000000e+02 2.349000000000000057e+02 8.770000000000000284e+01 3.000000000000000000e+01
8.680000000000000000e+03 7.910000000000000000e+02 2.420000000000000000e+02 7.300000000000000000e+01 2.800000000000000000e+01
8.732000000000000000e+03 8.420000000000000000e+02 2.290000000000000000e+02 9.929999999999999716e+01 3.000000000000000000e+01
8.572000000000000000e+03 8.660000000000000000e+02 2.235999999999999943e+02 8.829999999999999716e+01 2.500000000000000000e+01
8.513000000000000000e+03 6.920000000000000000e+02 3.481999999999999886e+02 1.545999999999999943e+02 2.400000000000000000e+01
8.692000000000000000e+03 7.780000000000000000e+02 3.383000000000000114e+02 1.460999999999999943e+02 2.400000000000000000e+01
8.600000000000000000e+03 8.690000000000000000e+02 2.525000000000000000e+02 1.085999999999999943e+02 2.800000000000000000e+01
8.604000000000000000e+03 8.810000000000000000e+02 2.359000000000000057e+02 7.270000000000000284e+01 3.000000000000000000e+01
8.632000000000000000e+03 7.830000000000000000e+02 2.360999999999999943e+02 1.150999999999999943e+02 2.400000000000000000e+01
8.656000000000000000e+03 5.720000000000000000e+02 2.975000000000000000e+02 1.235000000000000000e+02 2.000000000000000000e+01
8.487000000000000000e+03 7.010000000000000000e+02 2.300000000000000000e+02 9.509999999999999432e+01 2.600000000000000000e+01
8.337000000000000000e+03 9.380000000000000000e+02 2.395000000000000000e+02 1.150999999999999943e+02 2.800000000000000000e+01
8.601000000000000000e+03 6.630000000000000000e+02 2.591999999999999886e+02 1.115000000000000000e+02 2.400000000000000000e+01
8.761000000000000000e+03 9.260000000000000000e+02 2.310999999999999943e+02 1.029000000000000057e+02 2.500000000000000000e+01
8.640000000000000000e+03 6.900000000000000000e+02 2.303000000000000114e+02 1.045999999999999943e+02 2.400000000000000000e+01
8.327000000000000000e+03 7.860000000000000000e+02 2.648000000000000114e+02 1.187999999999999972e+02 2.500000000000000000e+01
8.389000000000000000e+03 8.130000000000000000e+02 2.603999999999999773e+02 8.779999999999999716e+01 2.300000000000000000e+01
8.471000000000000000e+03 5.590000000000000000e+02 3.410000000000000000e+02 1.338000000000000114e+02 2.000000000000000000e+01
8.675000000000000000e+03 6.850000000000000000e+02 2.930000000000000000e+02 7.200000000000000000e+01 2.400000000000000000e+01
8.772000000000000000e+03 9.370000000000000000e+02 2.290999999999999943e+02 9.550000000000000000e+01 2.700000000000000000e+01
8.527000000000000000e+03 7.940000000000000000e+02 2.593000000000000114e+02 1.250000000000000000e+02 2.500000000000000000e+01
8.200000000000000000e+03 6.470000000000000000e+02 3.231999999999999886e+02 1.853000000000000114e+02 2.100000000000000000e+01
8.595000000000000000e+03 8.270000000000000000e+02 2.160999999999999943e+02 7.590000000000000568e+01 2.400000000000000000e+01
8.513000000000000000e+03 8.470000000000000000e+02 2.460000000000000000e+02 1.140999999999999943e+02 2.500000000000000000e+01
8.444000000000000000e+03 6.720000000000000000e+02 2.741000000000000227e+02 1.082000000000000028e+02 2.300000000000000000e+01
8.651000000000000000e+03 5.250000000000000000e+02 3.465000000000000000e+02 1.385999999999999943e+02 2.000000000000000000e+01
8.556000000000000000e+03 8.860000000000000000e+02 2.216999999999999886e+02 1.265999999999999943e+02 2.700000000000000000e+01
8.595000000000000000e+03 7.980000000000000000e+02 2.085000000000000000e+02 1.024000000000000057e+02 2.700000000000000000e+01
8.840000000000000000e+03 8.580000000000000000e+02 2.544000000000000057e+02 8.359999999999999432e+01 3.900000000000000000e+01
8.541000000000000000e+03 1.032000000000000000e+03 2.414000000000000057e+02 1.109000000000000057e+02 3.300000000000000000e+01
8.760000000000000000e+03 1.026000000000000000e+03 2.558000000000000114e+02 1.002000000000000028e+02 3.100000000000000000e+01
8.586000000000000000e+03 6.410000000000000000e+02 2.883999999999999773e+02 1.593000000000000114e+02 1.900000000000000000e+01
8.587000000000000000e+03 8.020000000000000000e+02 2.325999999999999943e+02 1.052999999999999972e+02 2.800000000000000000e+01
8.525000000000000000e+03 8.800000000000000000e+02 2.593000000000000114e+02 1.426999999999999886e+02 2.700000000000000000e+01
8.651000000000000000e+03 7.570000000000000000e+02 2.866000000000000227e+02 1.349000000000000057e+02 2.800000000000000000e+01
8.804000000000000000e+03 7.030000000000000000e+02 3.876000000000000227e+02 7.600000000000000000e+01 2.200000000000000000e+01
8.607000000000000000e+03 6.380000000000000000e+02 3.518999999999999773e+02 9.200000000000000000e+01 2.200000000000000000e+01
8.151000000000000000e+03 8.020000000000000000e+02 2.766000000000000227e+02 5.189999999999999858e+01 2.800000000000000000e+01
8.622000000000000000e+03 8.800000000000000000e+02 2.671999999999999886e+02 1.025000000000000000e+02 3.100000000000000000e+01
8.435000000000000000e+03 9.740000000000000000e+02 2.239000000000000057e+02 8.990000000000000568e+01 3.000000000000000000e+01
8.727000000000000000e+03 7.300000000000000000e+02 2.730000000000000000e+02 1.375000000000000000e+02 2.700000000000000000e+01
8.530000000000000000e+03 8.140000000000000000e+02 2.713000000000000114e+02 1.215999999999999943e+02 2.600000000000000000e+01
8.672000000000000000e+03 7.620000000000000000e+02 3.281999999999999886e+02 7.570000000000000284e+01 2.200000000000000000e+01
8.460000000000000000e+03 8.050000000000000000e+02 2.393000000000000114e+02 1.255000000000000000e+02 2.800000000000000000e+01
8.822000000000000000e+03 9.220000000000000000e+02 2.698999999999999773e+02 1.030999999999999943e+02 2.900000000000000000e+01
8.585000000000000000e+03 8.730000000000000000e+02 2.149000000000000057e+02 9.000000000000000000e+01 2.800000000000000000e+01
8.296000000000000000e+03 6.080000000000000000e+02 3.013000000000000114e+02 1.160000000000000000e+02 2.200000000000000000e+01
8.491000000000000000e+03 7.340000000000000000e+02 2.836999999999999886e+02 9.329999999999999716e+01 2.700000000000000000e+01
8.757000000000000000e+03 6.620000000000000000e+02 2.755000000000000000e+02 1.110000000000000000e+02 2.300000000000000000e+01
8.780000000000000000e+03 9.270000000000000000e+02 2.214000000000000057e+02 1.012000000000000028e+02 3.100000000000000000e+01
8.741000000000000000e+03 7.740000000000000000e+02 2.960000000000000000e+02 7.629999999999999716e+01 2.400000000000000000e+01
8.763000000000000000e+03 9.350000000000000000e+02 2.515000000000000000e+02 1.301999999999999886e+02 3.100000000000000000e+01
8.769000000000000000e+03 7.420000000000000000e+02 2.435999999999999943e+02 6.820000000000000284e+01 1.900000000000000000e+01
8.462000000000000000e+03 9.490000000000000000e+02 2.815000000000000000e+02 1.054000000000000057e+02 3.000000000000000000e+01
8.817000000000000000e+03 8.510000000000000000e+02 2.055000000000000000e+02 8.750000000000000000e+01 2.800000000000000000e+01
8.235000000000000000e+03 6.840000000000000000e+02 2.831999999999999886e+02 1.169000000000000057e+02 2.500000000000000000e+01
8.792000000000000000e+03 6.540000000000000000e+02 2.539000000000000057e+02 1.087000000000000028e+02 2.200000000000000000e+01
8.725000000000000000e+03 9.540000000000000000e+02 2.063000000000000114e+02 9.440000000000000568e+01 3.000000000000000000e+01
8.510000000000000000e+03 7.710000000000000000e+02 2.588999999999999773e+02 1.360999999999999943e+02 2.800000000000000000e+01
8.578000000000000000e+03 7.620000000000000000e+02 2.591000000000000227e+02 1.230999999999999943e+02 2.500000000000000000e+01
8.708000000000000000e+03 8.280000000000000000e+02 2.535999999999999943e+02 9.609999999999999432e+01 2.800000000000000000e+01
8.710000000000000000e+03 8.830000000000000000e+02 2.655000000000000000e+02 1.112999999999999972e+02 2.900000000000000000e+01
8.594000000000000000e+03 6.690000000000000000e+02 2.520999999999999943e+02 1.262000000000000028e+02 2.100000000000000000e+01
8.446000000000000000e+03 5.360000000000000000e+02 3.286000000000000227e+02 6.509999999999999432e+01 2.100000000000000000e+01
8.628000000000000000e+03 5.890000000000000000e+02 2.836999999999999886e+02 1.100000000000000000e+02 1.900000000000000000e+01
8.737000000000000000e+03 7.280000000000000000e+02 2.748000000000000114e+02 1.032999999999999972e+02 2.000000000000000000e+01
8.648000000000000000e+03 8.320000000000000000e+02 2.545999999999999943e+02 8.820000000000000284e+01 2.900000000000000000e+01
8.335000000000000000e+03 7.370000000000000000e+02 2.696000000000000227e+02 1.280000000000000000e+02 2.100000000000000000e+01
8.665000000000000000e+03 8.190000000000000000e+02 2.626999999999999886e+02 1.230999999999999943e+02 2.500000000000000000e+01
1.000000000000000000e+01 7.000000000000000000e+00 1.409999999999999964e+01 1.000000000000000056e-01 1.000000000000000000e+00
8.437000000000000000e+03 7.860000000000000000e+02 2.988000000000000114e+02 1.436999999999999886e+02 3.000000000000000000e+01
8.695000000000000000e+03 6.850000000000000000e+02 2.488000000000000114e+02 1.095999999999999943e+02 2.400000000000000000e+01
8.626000000000000000e+03 7.810000000000000000e+02 2.455999999999999943e+02 1.042000000000000028e+02 2.700000000000000000e+01
8.754000000000000000e+03 8.520000000000000000e+02 2.901999999999999886e+02 1.346999999999999886e+02 2.600000000000000000e+01
7.000000000000000000e+00 4.000000000000000000e+00 1.230000000000000071e+01 2.000000000000000000e+00 0.000000000000000000e+00
8.347000000000000000e+03 6.790000000000000000e+02 2.848000000000000114e+02 1.506999999999999886e+02 2.300000000000000000e+01
3.800000000000000000e+01 1.800000000000000000e+01 4.160000000000000142e+01 1.369999999999999929e+01 1.000000000000000000e+00
8.602000000000000000e+03 1.000000000000000000e+03 2.240999999999999943e+02 1.090999999999999943e+02 2.900000000000000000e+01
8.608000000000000000e+03 6.530000000000000000e+02 2.580000000000000000e+02 7.229999999999999716e+01 2.400000000000000000e+01
8.581000000000000000e+03 8.440000000000000000e+02 2.581999999999999886e+02 8.500000000000000000e+01 2.300000000000000000e+01
8.739000000000000000e+03 8.110000000000000000e+02 2.229000000000000057e+02 4.600000000000000000e+01 2.800000000000000000e+01
8.729000000000000000e+03 8.730000000000000000e+02 2.550999999999999943e+02 7.020000000000000284e+01 3.000000000000000000e+01
8.597000000000000000e+03 8.320000000000000000e+02 2.898000000000000114e+02 1.005999999999999943e+02 3.000000000000000000e+01
8.474000000000000000e+03 9.800000000000000000e+02 2.044000000000000057e+02 9.420000000000000284e+01 3.100000000000000000e+01
8.654000000000000000e+03 8.790000000000000000e+02 2.411999999999999886e+02 1.272999999999999972e+02 2.600000000000000000e+01
8.481000000000000000e+03 6.610000000000000000e+02 2.860000000000000000e+02 1.523000000000000114e+02 2.300000000000000000e+01
8.624000000000000000e+03 8.880000000000000000e+02 2.650000000000000000e+02 1.144000000000000057e+02 2.600000000000000000e+01
8.701000000000000000e+03 6.610000000000000000e+02 2.676000000000000227e+02 8.809999999999999432e+01 2.400000000000000000e+01
8.783000000000000000e+03 8.090000000000000000e+02 2.324000000000000057e+02 9.150000000000000000e+01 2.300000000000000000e+01
8.620000000000000000e+03 7.610000000000000000e+02 2.658999999999999773e+02 1.012999999999999972e+02 2.000000000000000000e+01
4.000000000000000000e+00 3.000000000000000000e+00 3.899999999999999911e+00 0.000000000000000000e+00 0.000000000000000000e+00
8.597000000000000000e+03 9.070000000000000000e+02 2.561999999999999886e+02 9.109999999999999432e+01 3.400000000000000000e+01
8.804000000000000000e+03 6.960000000000000000e+02 2.628000000000000114e+02 6.600000000000000000e+01 2.300000000000000000e+01
8.669000000000000000e+03 7.970000000000000000e+02 2.164000000000000057e+02 8.550000000000000000e+01 2.700000000000000000e+01
8.280000000000000000e+03 8.070000000000000000e+02 2.775000000000000000e+02 9.440000000000000568e+01 2.000000000000000000e+01
8.298000000000000000e+03 6.160000000000000000e+02 2.663999999999999773e+02 7.829999999999999716e+01 2.200000000000000000e+01
8.581000000000000000e+03 9.610000000000000000e+02 1.990000000000000000e+02 1.062999999999999972e+02 4.200000000000000000e+01
8.215000000000000000e+03 7.870000000000000000e+02 3.161999999999999886e+02 1.840000000000000000e+02 2.900000000000000000e+01
8.511000000000000000e+03 6.610000000000000000e+02 3.176999999999999886e+02 1.795999999999999943e+02 2.200000000000000000e+01
8.836000000000000000e+03 1.016000000000000000e+03 2.320000000000000000e+02 9.820000000000000284e+01 2.700000000000000000e+01
8.423000000000000000e+03 7.060000000000000000e+02 2.405000000000000000e+02 8.579999999999999716e+01 2.600000000000000000e+01
8.720000000000000000e+03 6.610000000000000000e+02 2.470000000000000000e+02 5.189999999999999858e+01 2.300000000000000000e+01
8.404000000000000000e+03 7.960000000000000000e+02 2.923999999999999773e+02 1.094000000000000057e+02 2.400000000000000000e+01
8.577000000000000000e+03 7.270000000000000000e+02 2.310999999999999943e+02 8.659999999999999432e+01 2.200000000000000000e+01
8.777000000000000000e+03 8.180000000000000000e+02 3.120000000000000000e+02 1.493000000000000114e+02 2.700000000000000000e+01
8.575000000000000000e+03 9.530000000000000000e+02 2.308000000000000114e+02 1.042999999999999972e+02 2.600000000000000000e+01
