7.968000000000000000e+03 8.930000000000000000e+03 1.825099999999999909e+03 6.400000000000000355e+00 5.657000000000000000e+03
7.955000000000000000e+03 8.991000000000000000e+03 1.825099999999999909e+03 6.299999999999999822e+00 5.813000000000000000e+03
8.020000000000000000e+03 8.916000000000000000e+03 1.825099999999999909e+03 6.000000000000000000e+00 5.729000000000000000e+03
7.970000000000000000e+03 9.011000000000000000e+03 1.825099999999999909e+03 5.799999999999999822e+00 5.748000000000000000e+03
7.253000000000000000e+03 8.998000000000000000e+03 9.977000000000000455e+02 6.000000000000000000e+00 5.738000000000000000e+03
7.914000000000000000e+03 8.985000000000000000e+03 1.511299999999999955e+03 6.500000000000000000e+00 5.763000000000000000e+03
7.951000000000000000e+03 9.021000000000000000e+03 1.825099999999999909e+03 5.799999999999999822e+00 5.689000000000000000e+03
7.802000000000000000e+03 8.961000000000000000e+03 1.416400000000000091e+03 6.000000000000000000e+00 5.728000000000000000e+03
7.915000000000000000e+03 9.009000000000000000e+03 1.694900000000000091e+03 6.099999999999999645e+00 5.800000000000000000e+03
8.019000000000000000e+03 8.944000000000000000e+03 1.825099999999999909e+03 6.500000000000000000e+00 5.735000000000000000e+03
7.874000000000000000e+03 8.975000000000000000e+03 1.524400000000000091e+03 6.099999999999999645e+00 5.750000000000000000e+03
7.950000000000000000e+03 8.994000000000000000e+03 1.772799999999999955e+03 5.799999999999999822e+00 5.748000000000000000e+03
7.969000000000000000e+03 8.996000000000000000e+03 1.739200000000000045e+03 5.700000000000000178e+00 5.696000000000000000e+03
7.865000000000000000e+03 8.979000000000000000e+03 1.528599999999999909e+03 6.099999999999999645e+00 5.769000000000000000e+03
8.011000000000000000e+03 8.950000000000000000e+03 1.825099999999999909e+03 6.000000000000000000e+00 5.747000000000000000e+03
7.960000000000000000e+03 8.997000000000000000e+03 1.825099999999999909e+03 5.900000000000000355e+00 5.725000000000000000e+03
7.715000000000000000e+03 9.024000000000000000e+03 1.338099999999999909e+03 6.099999999999999645e+00 5.798000000000000000e+03
7.962000000000000000e+03 9.012000000000000000e+03 1.825099999999999909e+03 5.599999999999999645e+00 5.682000000000000000e+03
7.951000000000000000e+03 8.916000000000000000e+03 1.712200000000000045e+03 6.000000000000000000e+00 5.758000000000000000e+03
7.970000000000000000e+03 8.985000000000000000e+03 1.825099999999999909e+03 6.200000000000000178e+00 5.783000000000000000e+03
8.017000000000000000e+03 9.036000000000000000e+03 1.809799999999999955e+03 6.099999999999999645e+00 5.781000000000000000e+03
7.969000000000000000e+03 9.023000000000000000e+03 1.760700000000000045e+03 5.900000000000000355e+00 5.690000000000000000e+03
7.992000000000000000e+03 9.000000000000000000e+03 1.825099999999999909e+03 6.299999999999999822e+00 5.776000000000000000e+03
7.941000000000000000e+03 8.916000000000000000e+03 1.761299999999999955e+03 6.000000000000000000e+00 5.714000000000000000e+03
7.931000000000000000e+03 8.966000000000000000e+03 1.825099999999999909e+03 6.099999999999999645e+00 5.761000000000000000e+03
7.991000000000000000e+03 9.011000000000000000e+03 1.706599999999999909e+03 5.500000000000000000e+00 5.762000000000000000e+03
7.942000000000000000e+03 8.990000000000000000e+03 1.687900000000000091e+03 5.599999999999999645e+00 5.691000000000000000e+03
7.738000000000000000e+03 8.938000000000000000e+03 1.469400000000000091e+03 5.700000000000000178e+00 5.750000000000000000e+03
7.969000000000000000e+03 8.941000000000000000e+03 1.825099999999999909e+03 5.900000000000000355e+00 5.732000000000000000e+03
7.994000000000000000e+03 9.018000000000000000e+03 1.825099999999999909e+03 6.000000000000000000e+00 5.755000000000000000e+03
7.876000000000000000e+03 8.962000000000000000e+03 1.825099999999999909e+03 5.599999999999999645e+00 5.800000000000000000e+03
7.697000000000000000e+03 8.926000000000000000e+03 1.222299999999999955e+03 5.799999999999999822e+00 5.730000000000000000e+03
7.801000000000000000e+03 8.944000000000000000e+03 1.420099999999999909e+03 6.099999999999999645e+00 5.739000000000000000e+03
7.727000000000000000e+03 8.948000000000000000e+03 1.299799999999999955e+03 5.400000000000000355e+00 5.720000000000000000e+03
7.828000000000000000e+03 9.044000000000000000e+03 1.501500000000000000e+03 5.400000000000000355e+00 5.791000000000000000e+03
7.915000000000000000e+03 8.968000000000000000e+03 1.825099999999999909e+03 5.900000000000000355e+00 5.739000000000000000e+03
7.765000000000000000e+03 9.018000000000000000e+03 1.536500000000000000e+03 6.299999999999999822e+00 5.753000000000000000e+03
7.893000000000000000e+03 8.910000000000000000e+03 1.679299999999999955e+03 6.000000000000000000e+00 5.758000000000000000e+03
7.959000000000000000e+03 8.970000000000000000e+03 1.825099999999999909e+03 5.700000000000000178e+00 5.812000000000000000e+03
7.944000000000000000e+03 8.967000000000000000e+03 1.598299999999999955e+03 5.799999999999999822e+00 5.755000000000000000e+03
7.831000000000000000e+03 8.963000000000000000e+03 1.539599999999999909e+03 5.799999999999999822e+00 5.761000000000000000e+03
7.795000000000000000e+03 9.016000000000000000e+03 1.412000000000000000e+03 5.599999999999999645e+00 5.779000000000000000e+03
7.932000000000000000e+03 8.995000000000000000e+03 1.825099999999999909e+03 6.400000000000000355e+00 5.726000000000000000e+03
8.015000000000000000e+03 8.948000000000000000e+03 1.825099999999999909e+03 5.900000000000000355e+00 5.812000000000000000e+03
7.842000000000000000e+03 8.900000000000000000e+03 1.455700000000000045e+03 6.299999999999999822e+00 5.723000000000000000e+03
7.991000000000000000e+03 8.987000000000000000e+03 1.825099999999999909e+03 6.099999999999999645e+00 5.705000000000000000e+03
7.767000000000000000e+03 9.055000000000000000e+03 1.368099999999999909e+03 6.099999999999999645e+00 5.813000000000000000e+03
7.880000000000000000e+03 8.936000000000000000e+03 1.825099999999999909e+03 6.000000000000000000e+00 5.743000000000000000e+03
7.989000000000000000e+03 9.003000000000000000e+03 1.668299999999999955e+03 5.900000000000000355e+00 5.620000000000000000e+03
7.946000000000000000e+03 8.959000000000000000e+03 1.825099999999999909e+03 5.799999999999999822e+00 5.698000000000000000e+03
7.847000000000000000e+03 8.962000000000000000e+03 1.502400000000000091e+03 6.000000000000000000e+00 5.573000000000000000e+03
7.900000000000000000e+03 8.982000000000000000e+03 1.611700000000000045e+03 5.799999999999999822e+00 5.811000000000000000e+03
7.874000000000000000e+03 8.935000000000000000e+03 1.580000000000000000e+03 6.000000000000000000e+00 5.747000000000000000e+03
8.026000000000000000e+03 8.911000000000000000e+03 1.825099999999999909e+03 5.799999999999999822e+00 5.761000000000000000e+03
8.011000000000000000e+03 8.931000000000000000e+03 1.825099999999999909e+03 5.799999999999999822e+00 5.681000000000000000e+03
7.791000000000000000e+03 8.967000000000000000e+03 1.464799999999999955e+03 5.700000000000000178e+00 5.726000000000000000e+03
7.975000000000000000e+03 8.997000000000000000e+03 1.825099999999999909e+03 6.000000000000000000e+00 5.799000000000000000e+03
7.712000000000000000e+03 9.010000000000000000e+03 1.313500000000000000e+03 6.400000000000000355e+00 5.781000000000000000e+03
7.940000000000000000e+03 8.987000000000000000e+03 1.825099999999999909e+03 5.799999999999999822e+00 5.907000000000000000e+03
8.004000000000000000e+03 9.002000000000000000e+03 1.825099999999999909e+03 5.700000000000000178e+00 5.748000000000000000e+03
7.819000000000000000e+03 9.014000000000000000e+03 1.393799999999999955e+03 5.700000000000000178e+00 5.720000000000000000e+03
7.756000000000000000e+03 9.000000000000000000e+03 1.410799999999999955e+03 5.799999999999999822e+00 5.739000000000000000e+03
8.006000000000000000e+03 8.996000000000000000e+03 1.781200000000000045e+03 5.500000000000000000e+00 5.752000000000000000e+03
7.902000000000000000e+03 8.978000000000000000e+03 1.705400000000000091e+03 5.599999999999999645e+00 5.800000000000000000e+03
7.835000000000000000e+03 8.988000000000000000e+03 1.542000000000000000e+03 6.000000000000000000e+00 5.854000000000000000e+03
7.988000000000000000e+03 9.009000000000000000e+03 1.698200000000000045e+03 6.099999999999999645e+00 5.694000000000000000e+03
7.965000000000000000e+03 8.969000000000000000e+03 1.825099999999999909e+03 6.000000000000000000e+00 5.682000000000000000e+03
7.940000000000000000e+03 8.922000000000000000e+03 1.758900000000000091e+03 6.000000000000000000e+00 5.750000000000000000e+03
7.635000000000000000e+03 8.984000000000000000e+03 1.337099999999999909e+03 6.099999999999999645e+00 5.751000000000000000e+03
8.033000000000000000e+03 8.991000000000000000e+03 1.825099999999999909e+03 5.700000000000000178e+00 5.758000000000000000e+03
7.904000000000000000e+03 8.968000000000000000e+03 1.530099999999999909e+03 5.900000000000000355e+00 5.712000000000000000e+03
8.009000000000000000e+03 8.909000000000000000e+03 1.825099999999999909e+03 6.200000000000000178e+00 5.759000000000000000e+03
7.928000000000000000e+03 9.065000000000000000e+03 1.536500000000000000e+03 5.599999999999999645e+00 5.802000000000000000e+03
7.827000000000000000e+03 8.887000000000000000e+03 1.514900000000000091e+03 6.500000000000000000e+00 5.812000000000000000e+03
7.764000000000000000e+03 9.008000000000000000e+03 1.336000000000000000e+03 6.000000000000000000e+00 5.724000000000000000e+03
7.971000000000000000e+03 8.977000000000000000e+03 1.825099999999999909e+03 6.200000000000000178e+00 5.777000000000000000e+03
7.966000000000000000e+03 8.977000000000000000e+03 1.825099999999999909e+03 5.599999999999999645e+00 5.815000000000000000e+03
7.786000000000000000e+03 8.919000000000000000e+03 1.503500000000000000e+03 6.000000000000000000e+00 5.763000000000000000e+03
7.675000000000000000e+03 8.969000000000000000e+03 1.258200000000000045e+03 5.900000000000000355e+00 5.724000000000000000e+03
7.969000000000000000e+03 9.012000000000000000e+03 1.683599999999999909e+03 6.099999999999999645e+00 5.775000000000000000e+03
7.930000000000000000e+03 8.984000000000000000e+03 1.825099999999999909e+03 6.099999999999999645e+00 5.710000000000000000e+03
7.957000000000000000e+03 8.921000000000000000e+03 1.825099999999999909e+03 6.299999999999999822e+00 5.780000000000000000e+03
7.925000000000000000e+03 8.997000000000000000e+03 1.581799999999999955e+03 6.200000000000000178e+00 5.742000000000000000e+03
7.826000000000000000e+03 9.012000000000000000e+03 1.686200000000000045e+03 6.200000000000000178e+00 5.829000000000000000e+03
7.964000000000000000e+03 8.868000000000000000e+03 1.825099999999999909e+03 6.000000000000000000e+00 5.731000000000000000e+03
7.834000000000000000e+03 9.028000000000000000e+03 1.471400000000000091e+03 6.000000000000000000e+00 5.774000000000000000e+03
7.586000000000000000e+03 8.976000000000000000e+03 1.191299999999999955e+03 5.500000000000000000e+00 5.774000000000000000e+03
7.796000000000000000e+03 8.999000000000000000e+03 1.417700000000000045e+03 5.900000000000000355e+00 5.751000000000000000e+03
7.781000000000000000e+03 8.985000000000000000e+03 1.453000000000000000e+03 6.099999999999999645e+00 5.811000000000000000e+03
7.911000000000000000e+03 8.997000000000000000e+03 1.453500000000000000e+03 5.700000000000000178e+00 5.762000000000000000e+03
8.036000000000000000e+03 9.016000000000000000e+03 1.710400000000000091e+03 6.099999999999999645e+00 5.765000000000000000e+03
7.964000000000000000e+03 8.995000000000000000e+03 1.825099999999999909e+03 6.200000000000000178e+00 5.746000000000000000e+03
7.887000000000000000e+03 8.928000000000000000e+03 1.508700000000000045e+03 5.799999999999999822e+00 5.825000000000000000e+03
7.959000000000000000e+03 9.035000000000000000e+03 1.825099999999999909e+03 5.900000000000000355e+00 5.728000000000000000e+03
7.960000000000000000e+03 8.982000000000000000e+03 1.825099999999999909e+03 6.000000000000000000e+00 5.690000000000000000e+03
7.607000000000000000e+03 8.989000000000000000e+03 1.234599999999999909e+03 6.500000000000000000e+00 5.734000000000000000e+03
7.818000000000000000e+03 8.959000000000000000e+03 1.400900000000000091e+03 5.700000000000000178e+00 5.701000000000000000e+03
7.911000000000000000e+03 8.994000000000000000e+03 1.557400000000000091e+03 6.099999999999999645e+00 5.754000000000000000e+03
7.557000000000000000e+03 8.956000000000000000e+03 1.064400000000000091e+03 6.099999999999999645e+00 5.758000000000000000e+03
7.880000000000000000e+03 8.988000000000000000e+03 1.609000000000000000e+03 5.700000000000000178e+00 5.802000000000000000e+03
8.069000000000000000e+03 8.988000000000000000e+03 1.825099999999999909e+03 5.900000000000000355e+00 5.730000000000000000e+03
7.960000000000000000e+03 8.954000000000000000e+03 1.825099999999999909e+03 6.099999999999999645e+00 5.727000000000000000e+03
7.908000000000000000e+03 8.968000000000000000e+03 1.608799999999999955e+03 6.000000000000000000e+00 5.861000000000000000e+03
7.834000000000000000e+03 8.991000000000000000e+03 1.786799999999999955e+03 5.500000000000000000e+00 5.716000000000000000e+03
7.912000000000000000e+03 8.987000000000000000e+03 1.593599999999999909e+03 5.799999999999999822e+00 5.803000000000000000e+03
7.969000000000000000e+03 8.989000000000000000e+03 1.825099999999999909e+03 5.700000000000000178e+00 5.826000000000000000e+03
7.823000000000000000e+03 8.987000000000000000e+03 1.619799999999999955e+03 6.200000000000000178e+00 5.719000000000000000e+03
7.786000000000000000e+03 8.987000000000000000e+03 1.463700000000000045e+03 6.099999999999999645e+00 5.674000000000000000e+03
7.995000000000000000e+03 8.991000000000000000e+03 1.825099999999999909e+03 6.200000000000000178e+00 5.806000000000000000e+03
7.940000000000000000e+03 8.971000000000000000e+03 1.748000000000000000e+03 6.000000000000000000e+00 5.826000000000000000e+03
7.755000000000000000e+03 8.895000000000000000e+03 1.401000000000000000e+03 6.000000000000000000e+00 5.770000000000000000e+03
7.983000000000000000e+03 8.946000000000000000e+03 1.825099999999999909e+03 6.200000000000000178e+00 5.717000000000000000e+03
7.765000000000000000e+03 8.962000000000000000e+03 1.326799999999999955e+03 5.799999999999999822e+00 5.733000000000000000e+03
7.879000000000000000e+03 9.003000000000000000e+03 1.593000000000000000e+03 6.200000000000000178e+00 5.800000000000000000e+03
7.813000000000000000e+03 9.000000000000000000e+03 1.466299999999999955e+03 5.799999999999999822e+00 5.756000000000000000e+03
7.820000000000000000e+03 8.987000000000000000e+03 1.406400000000000091e+03 6.099999999999999645e+00 5.756000000000000000e+03
7.945000000000000000e+03 8.965000000000000000e+03 1.825099999999999909e+03 5.900000000000000355e+00 5.752000000000000000e+03
7.883000000000000000e+03 8.987000000000000000e+03 1.477599999999999909e+03 5.900000000000000355e+00 5.671000000000000000e+03
7.951000000000000000e+03 8.991000000000000000e+03 1.478000000000000000e+03 6.200000000000000178e+00 5.787000000000000000e+03
7.964000000000000000e+03 8.998000000000000000e+03 1.814900000000000091e+03 5.799999999999999822e+00 5.649000000000000000e+03
8.045000000000000000e+03 8.930000000000000000e+03 1.825099999999999909e+03 6.000000000000000000e+00 5.669000000000000000e+03
7.906000000000000000e+03 8.959000000000000000e+03 1.510000000000000000e+03 5.900000000000000355e+00 5.790000000000000000e+03
7.874000000000000000e+03 8.968000000000000000e+03 1.662799999999999955e+03 5.799999999999999822e+00 5.684000000000000000e+03
7.913000000000000000e+03 8.930000000000000000e+03 1.825099999999999909e+03 6.000000000000000000e+00 5.706000000000000000e+03
7.950000000000000000e+03 8.991000000000000000e+03 1.808400000000000091e+03 6.000000000000000000e+00 5.799000000000000000e+03
7.621000000000000000e+03 8.945000000000000000e+03 1.315099999999999909e+03 5.700000000000000178e+00 5.748000000000000000e+03
7.877000000000000000e+03 8.963000000000000000e+03 1.551599999999999909e+03 6.000000000000000000e+00 5.725000000000000000e+03
7.656000000000000000e+03 8.995000000000000000e+03 1.279500000000000000e+03 5.900000000000000355e+00 5.805000000000000000e+03
7.751000000000000000e+03 8.951000000000000000e+03 1.387299999999999955e+03 6.000000000000000000e+00 5.775000000000000000e+03
7.689000000000000000e+03 8.939000000000000000e+03 1.197599999999999909e+03 6.299999999999999822e+00 5.639000000000000000e+03
8.003000000000000000e+03 8.963000000000000000e+03 1.825099999999999909e+03 6.299999999999999822e+00 5.747000000000000000e+03
7.962000000000000000e+03 8.966000000000000000e+03 1.825099999999999909e+03 6.099999999999999645e+00 5.685000000000000000e+03
7.816000000000000000e+03 8.961000000000000000e+03 1.467299999999999955e+03 5.500000000000000000e+00 5.766000000000000000e+03
7.720000000000000000e+03 8.998000000000000000e+03 1.324900000000000091e+03 5.799999999999999822e+00 5.756000000000000000e+03
7.864000000000000000e+03 8.988000000000000000e+03 1.825099999999999909e+03 6.099999999999999645e+00 5.832000000000000000e+03
7.930000000000000000e+03 8.984000000000000000e+03 1.746900000000000091e+03 5.700000000000000178e+00 5.697000000000000000e+03
7.845000000000000000e+03 8.983000000000000000e+03 1.591500000000000000e+03 6.000000000000000000e+00 5.684000000000000000e+03
7.775000000000000000e+03 8.957000000000000000e+03 1.395299999999999955e+03 5.700000000000000178e+00 5.806000000000000000e+03
8.006000000000000000e+03 8.995000000000000000e+03 1.631299999999999955e+03 6.099999999999999645e+00 5.718000000000000000e+03
7.950000000000000000e+03 8.964000000000000000e+03 1.796599999999999909e+03 6.400000000000000355e+00 5.715000000000000000e+03
7.776000000000000000e+03 9.046000000000000000e+03 1.411000000000000000e+03 6.099999999999999645e+00 5.713000000000000000e+03
8.044000000000000000e+03 8.978000000000000000e+03 1.825099999999999909e+03 5.700000000000000178e+00 5.824000000000000000e+03
7.616000000000000000e+03 9.059000000000000000e+03 1.249099999999999909e+03 5.799999999999999822e+00 5.789000000000000000e+03
7.895000000000000000e+03 9.010000000000000000e+03 1.610900000000000091e+03 6.000000000000000000e+00 5.817000000000000000e+03
7.791000000000000000e+03 9.042000000000000000e+03 1.341599999999999909e+03 6.000000000000000000e+00 5.707000000000000000e+03
8.001000000000000000e+03 8.908000000000000000e+03 1.825099999999999909e+03 6.200000000000000178e+00 5.813000000000000000e+03
7.555000000000000000e+03 8.994000000000000000e+03 1.128799999999999955e+03 5.700000000000000178e+00 5.771000000000000000e+03
7.828000000000000000e+03 9.021000000000000000e+03 1.456400000000000091e+03 6.000000000000000000e+00 5.773000000000000000e+03
7.941000000000000000e+03 9.002000000000000000e+03 1.825099999999999909e+03 6.000000000000000000e+00 5.771000000000000000e+03
8.069000000000000000e+03 8.994000000000000000e+03 1.825099999999999909e+03 5.900000000000000355e+00 5.712000000000000000e+03
7.648000000000000000e+03 8.907000000000000000e+03 1.154299999999999955e+03 5.799999999999999822e+00 5.842000000000000000e+03
7.963000000000000000e+03 9.028000000000000000e+03 1.825099999999999909e+03 5.599999999999999645e+00 5.757000000000000000e+03
7.853000000000000000e+03 8.967000000000000000e+03 1.421799999999999955e+03 6.099999999999999645e+00 5.782000000000000000e+03
7.929000000000000000e+03 9.037000000000000000e+03 1.825099999999999909e+03 6.000000000000000000e+00 5.813000000000000000e+03
7.763000000000000000e+03 8.990000000000000000e+03 1.475700000000000045e+03 5.700000000000000178e+00 5.838000000000000000e+03
7.869000000000000000e+03 8.886000000000000000e+03 1.555500000000000000e+03 6.000000000000000000e+00 5.742000000000000000e+03
7.833000000000000000e+03 8.966000000000000000e+03 1.504299999999999955e+03 6.000000000000000000e+00 5.710000000000000000e+03
7.562000000000000000e+03 8.983000000000000000e+03 1.203299999999999955e+03 6.099999999999999645e+00 5.727000000000000000e+03
7.856000000000000000e+03 8.986000000000000000e+03 1.525799999999999955e+03 5.599999999999999645e+00 5.710000000000000000e+03
7.838000000000000000e+03 9.076000000000000000e+03 1.618799999999999955e+03 6.299999999999999822e+00 5.743000000000000000e+03
7.928000000000000000e+03 9.017000000000000000e+03 1.761900000000000091e+03 5.900000000000000355e+00 5.832000000000000000e+03
7.810000000000000000e+03 8.967000000000000000e+03 1.387299999999999955e+03 5.400000000000000355e+00 5.796000000000000000e+03
7.899000000000000000e+03 8.957000000000000000e+03 1.646700000000000045e+03 6.200000000000000178e+00 5.729000000000000000e+03
8.009000000000000000e+03 8.965000000000000000e+03 1.825099999999999909e+03 5.599999999999999645e+00 5.746000000000000000e+03
7.934000000000000000e+03 8.922000000000000000e+03 1.785500000000000000e+03 6.099999999999999645e+00 5.761000000000000000e+03
7.972000000000000000e+03 8.951000000000000000e+03 1.708299999999999955e+03 5.700000000000000178e+00 5.740000000000000000e+03
7.854000000000000000e+03 8.949000000000000000e+03 1.677299999999999955e+03 6.000000000000000000e+00 5.823000000000000000e+03
7.917000000000000000e+03 9.013000000000000000e+03 1.543900000000000091e+03 6.000000000000000000e+00 5.776000000000000000e+03
7.870000000000000000e+03 9.019000000000000000e+03 1.620700000000000045e+03 6.000000000000000000e+00 5.753000000000000000e+03
7.924000000000000000e+03 9.054000000000000000e+03 1.630200000000000045e+03 5.599999999999999645e+00 5.768000000000000000e+03
7.629000000000000000e+03 8.995000000000000000e+03 1.232200000000000045e+03 5.799999999999999822e+00 5.766000000000000000e+03
7.888000000000000000e+03 9.020000000000000000e+03 1.514200000000000045e+03 6.099999999999999645e+00 5.757000000000000000e+03
7.868000000000000000e+03 9.023000000000000000e+03 1.547599999999999909e+03 5.700000000000000178e+00 5.742000000000000000e+03
7.988000000000000000e+03 8.984000000000000000e+03 1.825099999999999909e+03 5.900000000000000355e+00 5.821000000000000000e+03
7.928000000000000000e+03 8.983000000000000000e+03 1.408200000000000045e+03 6.000000000000000000e+00 5.782000000000000000e+03
7.995000000000000000e+03 8.952000000000000000e+03 1.728599999999999909e+03 6.000000000000000000e+00 5.732000000000000000e+03
7.856000000000000000e+03 8.913000000000000000e+03 1.422500000000000000e+03 6.000000000000000000e+00 5.731000000000000000e+03
7.973000000000000000e+03 8.994000000000000000e+03 1.688799999999999955e+03 5.799999999999999822e+00 5.835000000000000000e+03
7.885000000000000000e+03 9.000000000000000000e+03 1.519200000000000045e+03 6.400000000000000355e+00 5.773000000000000000e+03
7.898000000000000000e+03 8.988000000000000000e+03 1.502099999999999909e+03 6.099999999999999645e+00 5.780000000000000000e+03
7.967000000000000000e+03 8.969000000000000000e+03 1.825099999999999909e+03 5.700000000000000178e+00 5.625000000000000000e+03
7.889000000000000000e+03 8.925000000000000000e+03 1.697599999999999909e+03 5.700000000000000178e+00 5.745000000000000000e+03
8.003000000000000000e+03 8.969000000000000000e+03 1.825099999999999909e+03 6.099999999999999645e+00 5.728000000000000000e+03
7.931000000000000000e+03 8.942000000000000000e+03 1.673200000000000045e+03 5.500000000000000000e+00 5.788000000000000000e+03
7.891000000000000000e+03 8.974000000000000000e+03 1.669599999999999909e+03 5.700000000000000178e+00 5.735000000000000000e+03
7.981000000000000000e+03 8.991000000000000000e+03 1.825099999999999909e+03 6.200000000000000178e+00 5.745000000000000000e+03
7.961000000000000000e+03 8.910000000000000000e+03 1.825099999999999909e+03 6.099999999999999645e+00 5.769000000000000000e+03
7.965000000000000000e+03 9.009000000000000000e+03 1.825099999999999909e+03 6.200000000000000178e+00 5.692000000000000000e+03
7.536000000000000000e+03 8.941000000000000000e+03 1.135000000000000000e+03 6.000000000000000000e+00 5.772000000000000000e+03
7.857000000000000000e+03 8.913000000000000000e+03 1.525400000000000091e+03 6.200000000000000178e+00 5.682000000000000000e+03
7.927000000000000000e+03 9.006000000000000000e+03 1.825099999999999909e+03 5.700000000000000178e+00 5.767000000000000000e+03
7.856000000000000000e+03 9.018000000000000000e+03 1.490599999999999909e+03 6.099999999999999645e+00 5.815000000000000000e+03
7.928000000000000000e+03 8.982000000000000000e+03 1.714099999999999909e+03 5.900000000000000355e+00 5.643000000000000000e+03
7.958000000000000000e+03 8.912000000000000000e+03 1.825099999999999909e+03 6.299999999999999822e+00 5.816000000000000000e+03
7.827000000000000000e+03 8.963000000000000000e+03 1.479599999999999909e+03 6.200000000000000178e+00 5.726000000000000000e+03
7.828000000000000000e+03 8.914000000000000000e+03 1.520000000000000000e+03 6.000000000000000000e+00 5.717000000000000000e+03
7.875000000000000000e+03 9.008000000000000000e+03 1.579500000000000000e+03 6.000000000000000000e+00 5.768000000000000000e+03
8.001000000000000000e+03 9.023000000000000000e+03 1.825099999999999909e+03 5.900000000000000355e+00 5.711000000000000000e+03
7.867000000000000000e+03 8.952000000000000000e+03 1.441400000000000091e+03 6.200000000000000178e+00 5.733000000000000000e+03
7.982000000000000000e+03 8.901000000000000000e+03 1.698299999999999955e+03 6.000000000000000000e+00 5.684000000000000000e+03
7.890000000000000000e+03 8.986000000000000000e+03 1.825099999999999909e+03 6.099999999999999645e+00 5.707000000000000000e+03
7.875000000000000000e+03 8.982000000000000000e+03 1.347099999999999909e+03 5.700000000000000178e+00 5.761000000000000000e+03
7.949000000000000000e+03 9.014000000000000000e+03 1.820799999999999955e+03 6.000000000000000000e+00 5.762000000000000000e+03
7.942000000000000000e+03 9.017000000000000000e+03 1.701599999999999909e+03 5.900000000000000355e+00 5.739000000000000000e+03
7.986000000000000000e+03 8.940000000000000000e+03 1.825099999999999909e+03 6.000000000000000000e+00 5.791000000000000000e+03
7.989000000000000000e+03 8.919000000000000000e+03 1.825099999999999909e+03 5.099999999999999645e+00 5.788000000000000000e+03
7.714000000000000000e+03 8.985000000000000000e+03 1.240900000000000091e+03 5.700000000000000178e+00 5.816000000000000000e+03
7.921000000000000000e+03 8.988000000000000000e+03 1.519200000000000045e+03 5.599999999999999645e+00 5.790000000000000000e+03
7.932000000000000000e+03 8.942000000000000000e+03 1.825099999999999909e+03 5.799999999999999822e+00 5.794000000000000000e+03
7.792000000000000000e+03 8.936000000000000000e+03 1.417599999999999909e+03 6.400000000000000355e+00 5.860000000000000000e+03
7.971000000000000000e+03 8.973000000000000000e+03 1.825099999999999909e+03 6.099999999999999645e+00 5.704000000000000000e+03
7.811000000000000000e+03 8.957000000000000000e+03 1.411599999999999909e+03 5.500000000000000000e+00 5.769000000000000000e+03
7.986000000000000000e+03 8.981000000000000000e+03 1.825099999999999909e+03 5.700000000000000178e+00 5.754000000000000000e+03
7.845000000000000000e+03 8.938000000000000000e+03 1.501200000000000045e+03 6.000000000000000000e+00 5.824000000000000000e+03
7.984000000000000000e+03 8.967000000000000000e+03 1.825099999999999909e+03 5.500000000000000000e+00 5.856000000000000000e+03
7.941000000000000000e+03 8.937000000000000000e+03 1.669500000000000000e+03 5.900000000000000355e+00 5.812000000000000000e+03
7.970000000000000000e+03 8.920000000000000000e+03 1.825099999999999909e+03 6.299999999999999822e+00 5.774000000000000000e+03
7.928000000000000000e+03 8.993000000000000000e+03 1.629799999999999955e+03 6.099999999999999645e+00 5.686000000000000000e+03
7.793000000000000000e+03 8.976000000000000000e+03 1.440900000000000091e+03 6.000000000000000000e+00 5.851000000000000000e+03
7.967000000000000000e+03 8.982000000000000000e+03 1.825099999999999909e+03 5.700000000000000178e+00 5.689000000000000000e+03
8.003000000000000000e+03 8.926000000000000000e+03 1.714700000000000045e+03 5.799999999999999822e+00 5.720000000000000000e+03
8.004000000000000000e+03 8.967000000000000000e+03 1.773200000000000045e+03 5.599999999999999645e+00 5.706000000000000000e+03
7.870000000000000000e+03 9.063000000000000000e+03 1.448799999999999955e+03 6.000000000000000000e+00 5.717000000000000000e+03
7.990000000000000000e+03 8.925000000000000000e+03 1.825099999999999909e+03 5.599999999999999645e+00 5.738000000000000000e+03
7.828000000000000000e+03 8.941000000000000000e+03 1.546900000000000091e+03 6.000000000000000000e+00 5.677000000000000000e+03
8.029000000000000000e+03 8.998000000000000000e+03 1.825099999999999909e+03 6.099999999999999645e+00 5.710000000000000000e+03
7.866000000000000000e+03 8.951000000000000000e+03 1.519200000000000045e+03 6.400000000000000355e+00 5.709000000000000000e+03
7.970000000000000000e+03 8.999000000000000000e+03 1.656799999999999955e+03 5.400000000000000355e+00 5.762000000000000000e+03
7.780000000000000000e+03 8.947000000000000000e+03 1.457400000000000091e+03 5.700000000000000178e+00 5.804000000000000000e+03
7.992000000000000000e+03 8.929000000000000000e+03 1.825099999999999909e+03 6.000000000000000000e+00 5.752000000000000000e+03
7.603000000000000000e+03 8.934000000000000000e+03 1.355799999999999955e+03 6.099999999999999645e+00 5.779000000000000000e+03
7.866000000000000000e+03 9.011000000000000000e+03 1.514599999999999909e+03 5.700000000000000178e+00 5.712000000000000000e+03
7.749000000000000000e+03 9.014000000000000000e+03 1.374200000000000045e+03 6.000000000000000000e+00 5.794000000000000000e+03
7.884000000000000000e+03 8.981000000000000000e+03 1.430000000000000000e+03 6.000000000000000000e+00 5.695000000000000000e+03
7.777000000000000000e+03 8.950000000000000000e+03 1.396700000000000045e+03 6.000000000000000000e+00 5.804000000000000000e+03
7.983000000000000000e+03 8.982000000000000000e+03 1.825099999999999909e+03 6.000000000000000000e+00 5.698000000000000000e+03
7.910000000000000000e+03 8.948000000000000000e+03 1.568700000000000045e+03 6.299999999999999822e+00 5.721000000000000000e+03
7.973000000000000000e+03 8.993000000000000000e+03 1.754099999999999909e+03 5.900000000000000355e+00 5.771000000000000000e+03
7.682000000000000000e+03 8.940000000000000000e+03 1.287400000000000091e+03 6.200000000000000178e+00 5.684000000000000000e+03
8.004000000000000000e+03 9.012000000000000000e+03 1.825099999999999909e+03 5.799999999999999822e+00 5.768000000000000000e+03
7.913000000000000000e+03 9.000000000000000000e+03 1.604900000000000091e+03 6.000000000000000000e+00 5.796000000000000000e+03
8.019000000000000000e+03 8.989000000000000000e+03 1.764200000000000045e+03 6.200000000000000178e+00 5.777000000000000000e+03
7.727000000000000000e+03 8.950000000000000000e+03 1.270099999999999909e+03 5.799999999999999822e+00 5.677000000000000000e+03
7.929000000000000000e+03 9.040000000000000000e+03 1.825099999999999909e+03 5.700000000000000178e+00 5.740000000000000000e+03
7.895000000000000000e+03 8.929000000000000000e+03 1.610599999999999909e+03 6.200000000000000178e+00 5.733000000000000000e+03
7.870000000000000000e+03 9.000000000000000000e+03 1.525099999999999909e+03 5.900000000000000355e+00 5.716000000000000000e+03
7.781000000000000000e+03 8.961000000000000000e+03 1.445000000000000000e+03 5.799999999999999822e+00 5.705000000000000000e+03
7.649000000000000000e+03 9.050000000000000000e+03 1.272400000000000091e+03 6.000000000000000000e+00 5.789000000000000000e+03
7.852000000000000000e+03 9.027000000000000000e+03 1.501000000000000000e+03 5.500000000000000000e+00 5.777000000000000000e+03
7.962000000000000000e+03 8.959000000000000000e+03 1.825099999999999909e+03 5.500000000000000000e+00 5.851000000000000000e+03
