9.457000000000000000e+03 6.658000000000000000e+03 3.378999999999999773e+02 3.229999999999999716e+01 1.900000000000000000e+01
9.432000000000000000e+03 6.819000000000000000e+03 3.973999999999999773e+02 3.650000000000000000e+01 2.200000000000000000e+01
9.461000000000000000e+03 6.824000000000000000e+03 3.421000000000000227e+02 3.270000000000000284e+01 2.100000000000000000e+01
9.417000000000000000e+03 6.589000000000000000e+03 4.171999999999999886e+02 3.200000000000000000e+01 2.200000000000000000e+01
9.417000000000000000e+03 6.929000000000000000e+03 3.611000000000000227e+02 3.130000000000000071e+01 2.000000000000000000e+01
9.420000000000000000e+03 6.515000000000000000e+03 3.215000000000000000e+02 3.670000000000000284e+01 1.900000000000000000e+01
9.436000000000000000e+03 6.863000000000000000e+03 3.630000000000000000e+02 3.360000000000000142e+01 2.100000000000000000e+01
9.453000000000000000e+03 7.087000000000000000e+03 5.013999999999999773e+02 3.320000000000000284e+01 2.000000000000000000e+01
9.465000000000000000e+03 6.720000000000000000e+03 3.691999999999999886e+02 3.400000000000000000e+01 2.500000000000000000e+01
9.434000000000000000e+03 6.736000000000000000e+03 3.633000000000000114e+02 3.579999999999999716e+01 2.000000000000000000e+01
9.410000000000000000e+03 6.735000000000000000e+03 5.098000000000000114e+02 3.329999999999999716e+01 1.700000000000000000e+01
9.433000000000000000e+03 6.847000000000000000e+03 3.321000000000000227e+02 3.329999999999999716e+01 1.900000000000000000e+01
9.430000000000000000e+03 6.484000000000000000e+03 3.366000000000000227e+02 3.360000000000000142e+01 2.100000000000000000e+01
9.464000000000000000e+03 6.765000000000000000e+03 3.356000000000000227e+02 3.389999999999999858e+01 1.700000000000000000e+01
9.438000000000000000e+03 6.893000000000000000e+03 3.708999999999999773e+02 3.720000000000000284e+01 2.200000000000000000e+01
9.425000000000000000e+03 6.448000000000000000e+03 4.626999999999999886e+02 3.620000000000000284e+01 1.600000000000000000e+01
9.452000000000000000e+03 6.889000000000000000e+03 4.266000000000000227e+02 3.130000000000000071e+01 1.800000000000000000e+01
9.463000000000000000e+03 6.534000000000000000e+03 4.200000000000000000e+02 3.420000000000000284e+01 2.400000000000000000e+01
9.459000000000000000e+03 6.967000000000000000e+03 3.000000000000000000e+02 3.389999999999999858e+01 1.900000000000000000e+01
9.461000000000000000e+03 6.601000000000000000e+03 3.410000000000000000e+02 3.900000000000000000e+01 2.000000000000000000e+01
9.451000000000000000e+03 6.806000000000000000e+03 3.551000000000000227e+02 3.529999999999999716e+01 1.900000000000000000e+01
9.455000000000000000e+03 7.011000000000000000e+03 4.086999999999999886e+02 3.260000000000000142e+01 2.100000000000000000e+01
9.456000000000000000e+03 6.620000000000000000e+03 4.931999999999999886e+02 3.460000000000000142e+01 2.200000000000000000e+01
9.467000000000000000e+03 6.712000000000000000e+03 4.336000000000000227e+02 3.339999999999999858e+01 2.000000000000000000e+01
9.459000000000000000e+03 6.680000000000000000e+03 4.598999999999999773e+02 3.550000000000000000e+01 1.900000000000000000e+01
9.455000000000000000e+03 6.528000000000000000e+03 3.395000000000000000e+02 3.429999999999999716e+01 1.900000000000000000e+01
9.426000000000000000e+03 6.561000000000000000e+03 3.996999999999999886e+02 3.300000000000000000e+01 1.900000000000000000e+01
9.451000000000000000e+03 6.440000000000000000e+03 3.008000000000000114e+02 3.589999999999999858e+01 1.700000000000000000e+01
9.487000000000000000e+03 6.455000000000000000e+03 3.273999999999999773e+02 3.320000000000000284e+01 2.300000000000000000e+01
9.445000000000000000e+03 6.644000000000000000e+03 5.763999999999999773e+02 3.360000000000000142e+01 1.900000000000000000e+01
9.441000000000000000e+03 6.342000000000000000e+03 3.921000000000000227e+02 3.700000000000000000e+01 1.700000000000000000e+01
9.461000000000000000e+03 6.656000000000000000e+03 5.238999999999999773e+02 3.220000000000000284e+01 2.000000000000000000e+01
9.455000000000000000e+03 6.812000000000000000e+03 5.701000000000000227e+02 3.570000000000000284e+01 2.000000000000000000e+01
9.467000000000000000e+03 6.747000000000000000e+03 3.195000000000000000e+02 3.400000000000000000e+01 2.000000000000000000e+01
9.438000000000000000e+03 6.800000000000000000e+03 4.193000000000000114e+02 3.450000000000000000e+01 2.000000000000000000e+01
9.468000000000000000e+03 6.769000000000000000e+03 4.061000000000000227e+02 4.089999999999999858e+01 1.800000000000000000e+01
9.466000000000000000e+03 6.591000000000000000e+03 3.963000000000000114e+02 3.239999999999999858e+01 2.000000000000000000e+01
9.463000000000000000e+03 6.667000000000000000e+03 4.323000000000000114e+02 3.220000000000000284e+01 2.200000000000000000e+01
9.442000000000000000e+03 6.572000000000000000e+03 5.061000000000000227e+02 3.720000000000000284e+01 1.800000000000000000e+01
9.453000000000000000e+03 6.294000000000000000e+03 3.361000000000000227e+02 3.860000000000000142e+01 2.300000000000000000e+01
9.429000000000000000e+03 6.426000000000000000e+03 3.011000000000000227e+02 3.560000000000000142e+01 2.100000000000000000e+01
9.422000000000000000e+03 6.641000000000000000e+03 4.053000000000000114e+02 3.379999999999999716e+01 2.200000000000000000e+01
9.441000000000000000e+03 6.455000000000000000e+03 3.421999999999999886e+02 3.510000000000000142e+01 1.800000000000000000e+01
9.438000000000000000e+03 6.600000000000000000e+03 3.096000000000000227e+02 3.350000000000000000e+01 2.000000000000000000e+01
9.462000000000000000e+03 6.547000000000000000e+03 3.686999999999999886e+02 3.560000000000000142e+01 1.700000000000000000e+01
9.447000000000000000e+03 6.430000000000000000e+03 3.231999999999999886e+02 3.539999999999999858e+01 1.900000000000000000e+01
9.448000000000000000e+03 6.619000000000000000e+03 3.551999999999999886e+02 3.520000000000000284e+01 2.100000000000000000e+01
9.456000000000000000e+03 6.809000000000000000e+03 3.931000000000000227e+02 3.260000000000000142e+01 2.300000000000000000e+01
9.468000000000000000e+03 6.634000000000000000e+03 3.221999999999999886e+02 3.520000000000000284e+01 1.700000000000000000e+01
9.493000000000000000e+03 6.328000000000000000e+03 3.881999999999999886e+02 3.889999999999999858e+01 2.100000000000000000e+01
9.443000000000000000e+03 6.575000000000000000e+03 4.961000000000000227e+02 3.689999999999999858e+01 1.900000000000000000e+01
9.483000000000000000e+03 6.549000000000000000e+03 3.328999999999999773e+02 3.400000000000000000e+01 1.900000000000000000e+01
9.454000000000000000e+03 6.784000000000000000e+03 3.126999999999999886e+02 3.220000000000000284e+01 1.900000000000000000e+01
9.467000000000000000e+03 6.605000000000000000e+03 4.141000000000000227e+02 3.320000000000000284e+01 1.900000000000000000e+01
9.467000000000000000e+03 6.764000000000000000e+03 4.535000000000000000e+02 3.629999999999999716e+01 2.100000000000000000e+01
9.454000000000000000e+03 6.773000000000000000e+03 5.036999999999999886e+02 3.529999999999999716e+01 1.800000000000000000e+01
9.442000000000000000e+03 6.988000000000000000e+03 3.603999999999999773e+02 3.250000000000000000e+01 1.900000000000000000e+01
9.453000000000000000e+03 6.867000000000000000e+03 3.648999999999999773e+02 3.679999999999999716e+01 1.800000000000000000e+01
9.461000000000000000e+03 6.621000000000000000e+03 2.980000000000000000e+02 3.820000000000000284e+01 1.900000000000000000e+01
9.470000000000000000e+03 6.540000000000000000e+03 2.981000000000000227e+02 3.320000000000000284e+01 2.000000000000000000e+01
9.469000000000000000e+03 6.856000000000000000e+03 3.671999999999999886e+02 3.260000000000000142e+01 2.100000000000000000e+01
9.477000000000000000e+03 6.850000000000000000e+03 3.511000000000000227e+02 3.450000000000000000e+01 1.900000000000000000e+01
9.485000000000000000e+03 7.057000000000000000e+03 3.976999999999999886e+02 3.289999999999999858e+01 1.900000000000000000e+01
9.463000000000000000e+03 6.682000000000000000e+03 5.292999999999999545e+02 3.600000000000000000e+01 1.800000000000000000e+01
9.466000000000000000e+03 6.808000000000000000e+03 3.193999999999999773e+02 3.320000000000000284e+01 2.000000000000000000e+01
9.464000000000000000e+03 6.756000000000000000e+03 3.293999999999999773e+02 3.310000000000000142e+01 2.000000000000000000e+01
9.435000000000000000e+03 6.450000000000000000e+03 3.860000000000000000e+02 3.489999999999999858e+01 1.900000000000000000e+01
9.495000000000000000e+03 6.838000000000000000e+03 3.191999999999999886e+02 3.360000000000000142e+01 2.400000000000000000e+01
9.456000000000000000e+03 6.641000000000000000e+03 4.968000000000000114e+02 3.360000000000000142e+01 1.900000000000000000e+01
9.463000000000000000e+03 6.625000000000000000e+03 3.825000000000000000e+02 3.529999999999999716e+01 1.800000000000000000e+01
9.457000000000000000e+03 6.800000000000000000e+03 3.340000000000000000e+02 3.429999999999999716e+01 1.900000000000000000e+01
9.459000000000000000e+03 6.990000000000000000e+03 3.606999999999999886e+02 3.520000000000000284e+01 2.400000000000000000e+01
9.452000000000000000e+03 6.694000000000000000e+03 3.803000000000000114e+02 3.460000000000000142e+01 2.300000000000000000e+01
9.439000000000000000e+03 6.475000000000000000e+03 3.518000000000000114e+02 3.529999999999999716e+01 1.900000000000000000e+01
9.462000000000000000e+03 6.519000000000000000e+03 4.285000000000000000e+02 3.929999999999999716e+01 2.100000000000000000e+01
9.447000000000000000e+03 6.811000000000000000e+03 3.778000000000000114e+02 3.229999999999999716e+01 2.100000000000000000e+01
9.468000000000000000e+03 6.599000000000000000e+03 4.358999999999999773e+02 3.260000000000000142e+01 2.000000000000000000e+01
9.474000000000000000e+03 6.414000000000000000e+03 3.618000000000000114e+02 3.660000000000000142e+01 2.100000000000000000e+01
9.458000000000000000e+03 6.767000000000000000e+03 4.408999999999999773e+02 3.570000000000000284e+01 2.000000000000000000e+01
9.497000000000000000e+03 6.897000000000000000e+03 4.378000000000000114e+02 3.750000000000000000e+01 1.900000000000000000e+01
9.415000000000000000e+03 6.425000000000000000e+03 3.871000000000000227e+02 3.410000000000000142e+01 2.400000000000000000e+01
9.476000000000000000e+03 6.663000000000000000e+03 4.508999999999999773e+02 3.189999999999999858e+01 1.900000000000000000e+01
9.486000000000000000e+03 6.846000000000000000e+03 3.328000000000000114e+02 3.479999999999999716e+01 1.900000000000000000e+01
9.430000000000000000e+03 6.697000000000000000e+03 3.526000000000000227e+02 3.529999999999999716e+01 1.800000000000000000e+01
9.441000000000000000e+03 6.888000000000000000e+03 4.868999999999999773e+02 3.389999999999999858e+01 1.700000000000000000e+01
9.467000000000000000e+03 6.521000000000000000e+03 4.885000000000000000e+02 3.520000000000000284e+01 1.900000000000000000e+01
9.477000000000000000e+03 6.940000000000000000e+03 4.238000000000000114e+02 3.130000000000000071e+01 2.000000000000000000e+01
9.464000000000000000e+03 6.536000000000000000e+03 4.396999999999999886e+02 3.820000000000000284e+01 2.300000000000000000e+01
9.453000000000000000e+03 6.696000000000000000e+03 4.048999999999999773e+02 3.300000000000000000e+01 2.000000000000000000e+01
9.442000000000000000e+03 6.596000000000000000e+03 3.600000000000000000e+02 3.779999999999999716e+01 1.900000000000000000e+01
9.450000000000000000e+03 6.582000000000000000e+03 3.713999999999999773e+02 3.560000000000000142e+01 2.000000000000000000e+01
9.473000000000000000e+03 6.669000000000000000e+03 3.746000000000000227e+02 3.460000000000000142e+01 1.900000000000000000e+01
9.447000000000000000e+03 6.812000000000000000e+03 5.045000000000000000e+02 3.560000000000000142e+01 2.100000000000000000e+01
9.471000000000000000e+03 6.735000000000000000e+03 4.331999999999999886e+02 3.479999999999999716e+01 2.100000000000000000e+01
9.436000000000000000e+03 6.753000000000000000e+03 4.718999999999999773e+02 3.610000000000000142e+01 1.800000000000000000e+01
9.480000000000000000e+03 6.596000000000000000e+03 3.661000000000000227e+02 3.729999999999999716e+01 2.500000000000000000e+01
9.454000000000000000e+03 6.796000000000000000e+03 4.453999999999999773e+02 3.479999999999999716e+01 2.100000000000000000e+01
9.454000000000000000e+03 6.450000000000000000e+03 3.216000000000000227e+02 3.389999999999999858e+01 1.900000000000000000e+01
9.462000000000000000e+03 6.745000000000000000e+03 2.976999999999999886e+02 3.570000000000000284e+01 1.900000000000000000e+01
9.414000000000000000e+03 6.633000000000000000e+03 3.085000000000000000e+02 3.339999999999999858e+01 1.900000000000000000e+01
9.467000000000000000e+03 6.215000000000000000e+03 3.778000000000000114e+02 3.850000000000000000e+01 2.100000000000000000e+01
9.419000000000000000e+03 6.750000000000000000e+03 3.653000000000000114e+02 3.039999999999999858e+01 2.500000000000000000e+01
9.453000000000000000e+03 6.779000000000000000e+03 5.291000000000000227e+02 3.500000000000000000e+01 1.800000000000000000e+01
9.438000000000000000e+03 6.494000000000000000e+03 4.135000000000000000e+02 3.400000000000000000e+01 2.000000000000000000e+01
9.430000000000000000e+03 6.455000000000000000e+03 3.778000000000000114e+02 3.720000000000000284e+01 2.200000000000000000e+01
9.449000000000000000e+03 6.610000000000000000e+03 4.178000000000000114e+02 3.539999999999999858e+01 2.000000000000000000e+01
9.436000000000000000e+03 6.965000000000000000e+03 4.468999999999999773e+02 3.460000000000000142e+01 1.900000000000000000e+01
9.433000000000000000e+03 6.263000000000000000e+03 3.248000000000000114e+02 3.520000000000000284e+01 2.200000000000000000e+01
9.422000000000000000e+03 6.632000000000000000e+03 4.430000000000000000e+02 3.589999999999999858e+01 1.900000000000000000e+01
9.415000000000000000e+03 6.764000000000000000e+03 3.836999999999999886e+02 3.520000000000000284e+01 2.500000000000000000e+01
9.449000000000000000e+03 6.672000000000000000e+03 3.861000000000000227e+02 3.370000000000000284e+01 1.900000000000000000e+01
9.473000000000000000e+03 6.815000000000000000e+03 4.136000000000000227e+02 3.350000000000000000e+01 1.900000000000000000e+01
9.483000000000000000e+03 6.461000000000000000e+03 3.866999999999999886e+02 3.470000000000000284e+01 2.200000000000000000e+01
9.447000000000000000e+03 6.888000000000000000e+03 5.051000000000000227e+02 3.210000000000000142e+01 2.100000000000000000e+01
9.472000000000000000e+03 6.723000000000000000e+03 5.001999999999999886e+02 3.169999999999999929e+01 2.100000000000000000e+01
9.433000000000000000e+03 6.466000000000000000e+03 4.106000000000000227e+02 3.620000000000000284e+01 1.700000000000000000e+01
9.471000000000000000e+03 6.718000000000000000e+03 3.550000000000000000e+02 3.629999999999999716e+01 2.100000000000000000e+01
9.448000000000000000e+03 6.781000000000000000e+03 3.115000000000000000e+02 3.610000000000000142e+01 1.900000000000000000e+01
9.474000000000000000e+03 6.814000000000000000e+03 3.181999999999999886e+02 3.410000000000000142e+01 2.100000000000000000e+01
9.427000000000000000e+03 6.813000000000000000e+03 3.516000000000000227e+02 3.679999999999999716e+01 2.200000000000000000e+01
9.450000000000000000e+03 6.777000000000000000e+03 3.226999999999999886e+02 3.460000000000000142e+01 1.800000000000000000e+01
9.450000000000000000e+03 6.634000000000000000e+03 4.675000000000000000e+02 3.820000000000000284e+01 1.800000000000000000e+01
9.470000000000000000e+03 6.630000000000000000e+03 3.181000000000000227e+02 3.310000000000000142e+01 2.000000000000000000e+01
9.459000000000000000e+03 6.737000000000000000e+03 3.180000000000000000e+02 3.339999999999999858e+01 2.200000000000000000e+01
9.482000000000000000e+03 6.590000000000000000e+03 3.835000000000000000e+02 3.600000000000000000e+01 2.000000000000000000e+01
9.488000000000000000e+03 6.634000000000000000e+03 3.136999999999999886e+02 3.589999999999999858e+01 1.800000000000000000e+01
9.437000000000000000e+03 6.592000000000000000e+03 4.023999999999999773e+02 3.539999999999999858e+01 1.900000000000000000e+01
9.476000000000000000e+03 6.403000000000000000e+03 3.805000000000000000e+02 3.360000000000000142e+01 1.800000000000000000e+01
9.504000000000000000e+03 6.113000000000000000e+03 3.838000000000000114e+02 4.139999999999999858e+01 2.100000000000000000e+01
9.438000000000000000e+03 6.746000000000000000e+03 3.058999999999999773e+02 3.589999999999999858e+01 1.900000000000000000e+01
9.440000000000000000e+03 6.814000000000000000e+03 4.158000000000000114e+02 3.200000000000000000e+01 2.400000000000000000e+01
9.479000000000000000e+03 6.862000000000000000e+03 3.105000000000000000e+02 3.039999999999999858e+01 2.200000000000000000e+01
9.469000000000000000e+03 6.703000000000000000e+03 4.821000000000000227e+02 3.220000000000000284e+01 2.000000000000000000e+01
9.471000000000000000e+03 6.611000000000000000e+03 3.213999999999999773e+02 3.600000000000000000e+01 2.000000000000000000e+01
9.470000000000000000e+03 6.670000000000000000e+03 3.033000000000000114e+02 3.429999999999999716e+01 1.700000000000000000e+01
9.464000000000000000e+03 6.701000000000000000e+03 2.955000000000000000e+02 3.460000000000000142e+01 2.200000000000000000e+01
9.452000000000000000e+03 6.625000000000000000e+03 4.388999999999999773e+02 3.550000000000000000e+01 1.900000000000000000e+01
9.474000000000000000e+03 6.707000000000000000e+03 3.658999999999999773e+02 3.160000000000000142e+01 1.900000000000000000e+01
9.445000000000000000e+03 6.760000000000000000e+03 3.226000000000000227e+02 3.250000000000000000e+01 2.100000000000000000e+01
9.445000000000000000e+03 6.857000000000000000e+03 3.463999999999999773e+02 3.460000000000000142e+01 2.300000000000000000e+01
9.455000000000000000e+03 6.355000000000000000e+03 3.720000000000000000e+02 3.800000000000000000e+01 1.800000000000000000e+01
9.462000000000000000e+03 6.465000000000000000e+03 3.961999999999999886e+02 3.629999999999999716e+01 1.800000000000000000e+01
9.440000000000000000e+03 6.094000000000000000e+03 4.048000000000000114e+02 3.670000000000000284e+01 1.900000000000000000e+01
9.435000000000000000e+03 6.733000000000000000e+03 3.405000000000000000e+02 3.510000000000000142e+01 2.200000000000000000e+01
9.421000000000000000e+03 6.678000000000000000e+03 4.383000000000000114e+02 3.310000000000000142e+01 1.900000000000000000e+01
9.500000000000000000e+03 6.642000000000000000e+03 4.038999999999999773e+02 3.520000000000000284e+01 1.700000000000000000e+01
9.458000000000000000e+03 6.615000000000000000e+03 4.621000000000000227e+02 3.400000000000000000e+01 2.000000000000000000e+01
9.455000000000000000e+03 6.737000000000000000e+03 6.217999999999999545e+02 3.420000000000000284e+01 1.900000000000000000e+01
9.463000000000000000e+03 6.668000000000000000e+03 3.336000000000000227e+02 3.169999999999999929e+01 2.100000000000000000e+01
9.479000000000000000e+03 6.785000000000000000e+03 3.890000000000000000e+02 3.520000000000000284e+01 1.900000000000000000e+01
9.466000000000000000e+03 6.720000000000000000e+03 2.926999999999999886e+02 3.069999999999999929e+01 1.700000000000000000e+01
9.466000000000000000e+03 6.427000000000000000e+03 4.448999999999999773e+02 3.650000000000000000e+01 2.200000000000000000e+01
9.483000000000000000e+03 6.492000000000000000e+03 3.070000000000000000e+02 3.500000000000000000e+01 2.000000000000000000e+01
9.451000000000000000e+03 6.799000000000000000e+03 3.698999999999999773e+02 3.180000000000000071e+01 2.100000000000000000e+01
9.475000000000000000e+03 6.929000000000000000e+03 4.726000000000000227e+02 3.589999999999999858e+01 2.200000000000000000e+01
9.479000000000000000e+03 6.623000000000000000e+03 4.885000000000000000e+02 3.329999999999999716e+01 2.000000000000000000e+01
9.463000000000000000e+03 6.722000000000000000e+03 3.516999999999999886e+02 3.100000000000000000e+01 2.200000000000000000e+01
9.421000000000000000e+03 6.795000000000000000e+03 7.238999999999999773e+02 3.180000000000000071e+01 2.200000000000000000e+01
9.410000000000000000e+03 6.563000000000000000e+03 3.310000000000000000e+02 3.429999999999999716e+01 1.900000000000000000e+01
9.454000000000000000e+03 6.628000000000000000e+03 3.833999999999999773e+02 3.420000000000000284e+01 2.000000000000000000e+01
9.416000000000000000e+03 6.656000000000000000e+03 3.371999999999999886e+02 3.579999999999999716e+01 2.100000000000000000e+01
9.453000000000000000e+03 6.635000000000000000e+03 4.056000000000000227e+02 3.479999999999999716e+01 1.900000000000000000e+01
9.496000000000000000e+03 6.627000000000000000e+03 3.981999999999999886e+02 3.600000000000000000e+01 2.000000000000000000e+01
9.476000000000000000e+03 6.541000000000000000e+03 4.378000000000000114e+02 4.060000000000000142e+01 2.000000000000000000e+01
9.475000000000000000e+03 6.487000000000000000e+03 3.416999999999999886e+02 3.339999999999999858e+01 1.700000000000000000e+01
9.392000000000000000e+03 6.828000000000000000e+03 3.596999999999999886e+02 3.210000000000000142e+01 2.000000000000000000e+01
9.435000000000000000e+03 6.754000000000000000e+03 4.710000000000000000e+02 3.310000000000000142e+01 2.100000000000000000e+01
9.479000000000000000e+03 6.869000000000000000e+03 3.301000000000000227e+02 3.400000000000000000e+01 2.000000000000000000e+01
9.434000000000000000e+03 6.587000000000000000e+03 4.058000000000000114e+02 3.860000000000000142e+01 1.800000000000000000e+01
9.480000000000000000e+03 6.615000000000000000e+03 4.418000000000000114e+02 3.679999999999999716e+01 2.200000000000000000e+01
9.490000000000000000e+03 6.684000000000000000e+03 3.781999999999999886e+02 3.660000000000000142e+01 1.800000000000000000e+01
9.446000000000000000e+03 6.886000000000000000e+03 4.821999999999999886e+02 3.589999999999999858e+01 2.000000000000000000e+01
9.438000000000000000e+03 6.494000000000000000e+03 3.183000000000000114e+02 3.310000000000000142e+01 1.900000000000000000e+01
9.467000000000000000e+03 6.646000000000000000e+03 5.240000000000000000e+02 3.150000000000000000e+01 1.900000000000000000e+01
9.432000000000000000e+03 6.853000000000000000e+03 4.288999999999999773e+02 3.389999999999999858e+01 2.100000000000000000e+01
9.464000000000000000e+03 6.750000000000000000e+03 3.190000000000000000e+02 3.439999999999999858e+01 2.000000000000000000e+01
9.486000000000000000e+03 6.678000000000000000e+03 4.668999999999999773e+02 3.470000000000000284e+01 2.000000000000000000e+01
9.453000000000000000e+03 6.813000000000000000e+03 3.486999999999999886e+02 3.210000000000000142e+01 2.100000000000000000e+01
9.466000000000000000e+03 6.972000000000000000e+03 3.298000000000000114e+02 3.239999999999999858e+01 1.800000000000000000e+01
9.480000000000000000e+03 6.548000000000000000e+03 3.185000000000000000e+02 3.220000000000000284e+01 1.900000000000000000e+01
9.455000000000000000e+03 6.562000000000000000e+03 3.540000000000000000e+02 3.450000000000000000e+01 2.300000000000000000e+01
9.468000000000000000e+03 6.659000000000000000e+03 3.635000000000000000e+02 3.560000000000000142e+01 2.000000000000000000e+01
9.434000000000000000e+03 6.686000000000000000e+03 3.401999999999999886e+02 3.439999999999999858e+01 2.100000000000000000e+01
9.461000000000000000e+03 6.631000000000000000e+03 3.438999999999999773e+02 3.520000000000000284e+01 2.400000000000000000e+01
9.446000000000000000e+03 6.583000000000000000e+03 4.301999999999999886e+02 3.560000000000000142e+01 1.900000000000000000e+01
9.442000000000000000e+03 6.797000000000000000e+03 3.126000000000000227e+02 3.560000000000000142e+01 1.800000000000000000e+01
9.437000000000000000e+03 6.577000000000000000e+03 3.908000000000000114e+02 3.460000000000000142e+01 1.700000000000000000e+01
9.443000000000000000e+03 6.464000000000000000e+03 3.756000000000000227e+02 3.300000000000000000e+01 2.200000000000000000e+01
9.476000000000000000e+03 6.521000000000000000e+03 3.070000000000000000e+02 3.729999999999999716e+01 2.100000000000000000e+01
9.442000000000000000e+03 6.402000000000000000e+03 3.565000000000000000e+02 3.989999999999999858e+01 1.900000000000000000e+01
9.461000000000000000e+03 6.646000000000000000e+03 3.223999999999999773e+02 3.589999999999999858e+01 2.300000000000000000e+01
9.424000000000000000e+03 6.758000000000000000e+03 4.926999999999999886e+02 3.520000000000000284e+01 1.800000000000000000e+01
9.507000000000000000e+03 6.595000000000000000e+03 3.596000000000000227e+02 3.420000000000000284e+01 1.900000000000000000e+01
9.448000000000000000e+03 6.485000000000000000e+03 3.691999999999999886e+02 3.650000000000000000e+01 1.800000000000000000e+01
9.472000000000000000e+03 6.648000000000000000e+03 3.443999999999999773e+02 3.660000000000000142e+01 1.900000000000000000e+01
9.420000000000000000e+03 6.657000000000000000e+03 3.700000000000000000e+02 3.410000000000000142e+01 2.000000000000000000e+01
9.451000000000000000e+03 6.549000000000000000e+03 3.793999999999999773e+02 3.260000000000000142e+01 2.000000000000000000e+01
9.448000000000000000e+03 6.514000000000000000e+03 3.595000000000000000e+02 3.879999999999999716e+01 1.900000000000000000e+01
9.480000000000000000e+03 6.333000000000000000e+03 3.411000000000000227e+02 3.639999999999999858e+01 1.900000000000000000e+01
9.420000000000000000e+03 6.528000000000000000e+03 4.036000000000000227e+02 3.679999999999999716e+01 2.200000000000000000e+01
9.435000000000000000e+03 6.751000000000000000e+03 4.213999999999999773e+02 3.300000000000000000e+01 2.100000000000000000e+01
9.455000000000000000e+03 6.543000000000000000e+03 4.581999999999999886e+02 3.639999999999999858e+01 2.200000000000000000e+01
9.470000000000000000e+03 6.696000000000000000e+03 3.481000000000000227e+02 3.229999999999999716e+01 2.100000000000000000e+01
9.466000000000000000e+03 6.891000000000000000e+03 4.388999999999999773e+02 3.420000000000000284e+01 2.200000000000000000e+01
9.454000000000000000e+03 6.813000000000000000e+03 4.456999999999999886e+02 3.160000000000000142e+01 2.200000000000000000e+01
9.440000000000000000e+03 6.566000000000000000e+03 3.413999999999999773e+02 3.570000000000000284e+01 1.800000000000000000e+01
9.465000000000000000e+03 6.548000000000000000e+03 3.978000000000000114e+02 3.500000000000000000e+01 1.900000000000000000e+01
9.461000000000000000e+03 6.423000000000000000e+03 3.875000000000000000e+02 3.550000000000000000e+01 2.100000000000000000e+01
9.454000000000000000e+03 6.938000000000000000e+03 3.290000000000000000e+02 3.520000000000000284e+01 2.000000000000000000e+01
9.470000000000000000e+03 6.582000000000000000e+03 3.573000000000000114e+02 3.439999999999999858e+01 1.900000000000000000e+01
9.437000000000000000e+03 6.599000000000000000e+03 6.017999999999999545e+02 3.689999999999999858e+01 2.100000000000000000e+01
9.432000000000000000e+03 6.706000000000000000e+03 4.816999999999999886e+02 3.360000000000000142e+01 2.100000000000000000e+01
9.463000000000000000e+03 6.646000000000000000e+03 3.583000000000000114e+02 3.339999999999999858e+01 2.100000000000000000e+01
9.431000000000000000e+03 6.426000000000000000e+03 3.343000000000000114e+02 3.450000000000000000e+01 2.000000000000000000e+01
9.462000000000000000e+03 6.475000000000000000e+03 3.320000000000000000e+02 3.339999999999999858e+01 1.800000000000000000e+01
9.452000000000000000e+03 6.662000000000000000e+03 5.026999999999999886e+02 3.500000000000000000e+01 1.800000000000000000e+01
9.446000000000000000e+03 6.490000000000000000e+03 4.125000000000000000e+02 3.250000000000000000e+01 2.000000000000000000e+01
9.441000000000000000e+03 6.888000000000000000e+03 4.448999999999999773e+02 3.300000000000000000e+01 1.800000000000000000e+01
9.455000000000000000e+03 6.683000000000000000e+03 3.158000000000000114e+02 2.969999999999999929e+01 2.300000000000000000e+01
9.461000000000000000e+03 6.519000000000000000e+03 3.656000000000000227e+02 3.379999999999999716e+01 2.100000000000000000e+01
9.452000000000000000e+03 6.914000000000000000e+03 3.703999999999999773e+02 3.439999999999999858e+01 2.000000000000000000e+01
9.475000000000000000e+03 6.200000000000000000e+03 4.126999999999999886e+02 3.700000000000000000e+01 2.300000000000000000e+01
9.435000000000000000e+03 6.619000000000000000e+03 3.693999999999999773e+02 3.660000000000000142e+01 2.000000000000000000e+01
9.484000000000000000e+03 6.668000000000000000e+03 4.091999999999999886e+02 3.500000000000000000e+01 2.300000000000000000e+01
9.465000000000000000e+03 6.429000000000000000e+03 3.255000000000000000e+02 3.479999999999999716e+01 1.800000000000000000e+01
9.454000000000000000e+03 6.397000000000000000e+03 3.726000000000000227e+02 3.479999999999999716e+01 1.800000000000000000e+01
9.459000000000000000e+03 6.653000000000000000e+03 5.068999999999999773e+02 3.400000000000000000e+01 1.800000000000000000e+01
9.472000000000000000e+03 6.655000000000000000e+03 3.566000000000000227e+02 3.529999999999999716e+01 1.900000000000000000e+01
9.463000000000000000e+03 6.603000000000000000e+03 3.195000000000000000e+02 3.670000000000000284e+01 1.800000000000000000e+01
9.456000000000000000e+03 6.717000000000000000e+03 3.881999999999999886e+02 3.629999999999999716e+01 2.100000000000000000e+01
9.472000000000000000e+03 6.913000000000000000e+03 4.245000000000000000e+02 2.939999999999999858e+01 1.800000000000000000e+01
9.472000000000000000e+03 6.598000000000000000e+03 3.646000000000000227e+02 3.479999999999999716e+01 1.800000000000000000e+01
9.434000000000000000e+03 6.591000000000000000e+03 3.596000000000000227e+02 3.670000000000000284e+01 2.000000000000000000e+01
9.432000000000000000e+03 6.642000000000000000e+03 3.838999999999999773e+02 3.710000000000000142e+01 1.900000000000000000e+01
9.451000000000000000e+03 6.721000000000000000e+03 4.601999999999999886e+02 3.550000000000000000e+01 1.800000000000000000e+01
9.482000000000000000e+03 6.503000000000000000e+03 3.491000000000000227e+02 3.689999999999999858e+01 1.700000000000000000e+01
9.421000000000000000e+03 6.644000000000000000e+03 3.953000000000000114e+02 3.600000000000000000e+01 1.800000000000000000e+01
9.459000000000000000e+03 6.520000000000000000e+03 4.423000000000000114e+02 3.379999999999999716e+01 1.900000000000000000e+01
9.450000000000000000e+03 6.898000000000000000e+03 3.731000000000000227e+02 3.429999999999999716e+01 2.000000000000000000e+01
9.472000000000000000e+03 6.443000000000000000e+03 4.111999999999999886e+02 3.629999999999999716e+01 1.800000000000000000e+01
9.426000000000000000e+03 6.745000000000000000e+03 3.543000000000000114e+02 3.420000000000000284e+01 1.800000000000000000e+01
9.447000000000000000e+03 6.515000000000000000e+03 4.135000000000000000e+02 3.800000000000000000e+01 1.700000000000000000e+01
9.445000000000000000e+03 6.389000000000000000e+03 4.131999999999999886e+02 3.750000000000000000e+01 2.100000000000000000e+01
9.455000000000000000e+03 6.822000000000000000e+03 3.248999999999999773e+02 2.980000000000000071e+01 2.400000000000000000e+01
9.460000000000000000e+03 6.689000000000000000e+03 3.803000000000000114e+02 3.239999999999999858e+01 1.900000000000000000e+01
9.474000000000000000e+03 6.284000000000000000e+03 3.461000000000000227e+02 3.820000000000000284e+01 2.100000000000000000e+01
9.440000000000000000e+03 6.266000000000000000e+03 3.748000000000000114e+02 3.229999999999999716e+01 2.000000000000000000e+01
9.437000000000000000e+03 6.841000000000000000e+03 3.698999999999999773e+02 3.400000000000000000e+01 2.300000000000000000e+01
9.456000000000000000e+03 6.698000000000000000e+03 3.376999999999999886e+02 3.810000000000000142e+01 2.000000000000000000e+01
9.429000000000000000e+03 6.617000000000000000e+03 3.398999999999999773e+02 3.420000000000000284e+01 2.100000000000000000e+01
