8.460000000000000000e+03 3.639000000000000000e+03 7.679999999999999716e+01 1.550000000000000000e+01 3.190000000000000000e+02
8.503000000000000000e+03 3.521000000000000000e+03 6.409999999999999432e+01 1.600000000000000000e+01 3.000000000000000000e+02
8.542000000000000000e+03 3.741000000000000000e+03 6.179999999999999716e+01 1.509999999999999964e+01 2.950000000000000000e+02
8.466000000000000000e+03 3.736000000000000000e+03 8.020000000000000284e+01 1.540000000000000036e+01 2.850000000000000000e+02
8.467000000000000000e+03 3.741000000000000000e+03 1.127999999999999972e+02 1.509999999999999964e+01 3.020000000000000000e+02
8.508000000000000000e+03 3.684000000000000000e+03 6.809999999999999432e+01 1.700000000000000000e+01 2.970000000000000000e+02
8.444000000000000000e+03 3.583000000000000000e+03 6.559999999999999432e+01 1.710000000000000142e+01 2.870000000000000000e+02
8.433000000000000000e+03 3.661000000000000000e+03 7.840000000000000568e+01 1.630000000000000071e+01 2.860000000000000000e+02
8.591000000000000000e+03 3.711000000000000000e+03 8.790000000000000568e+01 1.509999999999999964e+01 2.790000000000000000e+02
8.439000000000000000e+03 3.690000000000000000e+03 6.039999999999999858e+01 1.619999999999999929e+01 3.080000000000000000e+02
8.400000000000000000e+03 3.610000000000000000e+03 8.179999999999999716e+01 1.530000000000000071e+01 2.980000000000000000e+02
8.502000000000000000e+03 3.852000000000000000e+03 6.509999999999999432e+01 1.610000000000000142e+01 3.310000000000000000e+02
8.520000000000000000e+03 3.670000000000000000e+03 8.040000000000000568e+01 1.910000000000000142e+01 2.890000000000000000e+02
8.515000000000000000e+03 3.815000000000000000e+03 7.150000000000000000e+01 1.600000000000000000e+01 2.770000000000000000e+02
8.521000000000000000e+03 3.733000000000000000e+03 7.759999999999999432e+01 1.600000000000000000e+01 2.770000000000000000e+02
8.475000000000000000e+03 3.766000000000000000e+03 6.239999999999999858e+01 1.500000000000000000e+01 3.080000000000000000e+02
8.469000000000000000e+03 3.684000000000000000e+03 7.009999999999999432e+01 1.910000000000000142e+01 2.910000000000000000e+02
8.438000000000000000e+03 3.712000000000000000e+03 8.190000000000000568e+01 1.559999999999999964e+01 3.150000000000000000e+02
8.511000000000000000e+03 4.002000000000000000e+03 6.770000000000000284e+01 1.400000000000000000e+01 2.940000000000000000e+02
8.504000000000000000e+03 3.598000000000000000e+03 7.629999999999999716e+01 1.600000000000000000e+01 2.890000000000000000e+02
8.408000000000000000e+03 3.844000000000000000e+03 6.679999999999999716e+01 1.610000000000000142e+01 3.250000000000000000e+02
8.536000000000000000e+03 3.661000000000000000e+03 7.259999999999999432e+01 1.700000000000000000e+01 2.820000000000000000e+02
8.536000000000000000e+03 3.746000000000000000e+03 7.620000000000000284e+01 1.619999999999999929e+01 3.060000000000000000e+02
8.516000000000000000e+03 3.796000000000000000e+03 6.279999999999999716e+01 1.600000000000000000e+01 2.720000000000000000e+02
8.434000000000000000e+03 3.778000000000000000e+03 6.609999999999999432e+01 1.700000000000000000e+01 3.180000000000000000e+02
8.450000000000000000e+03 3.658000000000000000e+03 8.890000000000000568e+01 2.100000000000000000e+01 2.880000000000000000e+02
8.475000000000000000e+03 3.655000000000000000e+03 7.779999999999999716e+01 1.719999999999999929e+01 3.000000000000000000e+02
8.521000000000000000e+03 3.809000000000000000e+03 6.039999999999999858e+01 1.500000000000000000e+01 2.890000000000000000e+02
8.466000000000000000e+03 3.634000000000000000e+03 7.390000000000000568e+01 1.619999999999999929e+01 2.810000000000000000e+02
8.480000000000000000e+03 3.622000000000000000e+03 7.520000000000000284e+01 1.669999999999999929e+01 3.050000000000000000e+02
8.501000000000000000e+03 3.633000000000000000e+03 6.370000000000000284e+01 1.500000000000000000e+01 2.890000000000000000e+02
8.491000000000000000e+03 3.594000000000000000e+03 6.320000000000000284e+01 1.600000000000000000e+01 2.900000000000000000e+02
8.492000000000000000e+03 3.762000000000000000e+03 6.289999999999999858e+01 1.530000000000000071e+01 2.970000000000000000e+02
8.564000000000000000e+03 3.856000000000000000e+03 7.600000000000000000e+01 1.600000000000000000e+01 3.060000000000000000e+02
8.522000000000000000e+03 3.655000000000000000e+03 7.870000000000000284e+01 1.619999999999999929e+01 2.930000000000000000e+02
8.517000000000000000e+03 3.816000000000000000e+03 6.950000000000000000e+01 1.500000000000000000e+01 3.140000000000000000e+02
8.482000000000000000e+03 3.762000000000000000e+03 8.709999999999999432e+01 1.600000000000000000e+01 3.070000000000000000e+02
8.553000000000000000e+03 3.703000000000000000e+03 7.459999999999999432e+01 1.730000000000000071e+01 3.050000000000000000e+02
8.501000000000000000e+03 3.674000000000000000e+03 9.020000000000000284e+01 1.519999999999999929e+01 3.170000000000000000e+02
8.499000000000000000e+03 3.720000000000000000e+03 6.239999999999999858e+01 1.500000000000000000e+01 3.110000000000000000e+02
8.476000000000000000e+03 3.719000000000000000e+03 6.970000000000000284e+01 1.900000000000000000e+01 3.010000000000000000e+02
8.469000000000000000e+03 3.787000000000000000e+03 6.210000000000000142e+01 1.500000000000000000e+01 2.940000000000000000e+02
8.502000000000000000e+03 3.650000000000000000e+03 7.420000000000000284e+01 1.600000000000000000e+01 2.840000000000000000e+02
8.447000000000000000e+03 3.764000000000000000e+03 7.890000000000000568e+01 1.719999999999999929e+01 2.870000000000000000e+02
8.543000000000000000e+03 3.753000000000000000e+03 7.890000000000000568e+01 1.700000000000000000e+01 3.080000000000000000e+02
8.506000000000000000e+03 3.717000000000000000e+03 7.579999999999999716e+01 1.800000000000000000e+01 3.080000000000000000e+02
8.537000000000000000e+03 3.745000000000000000e+03 6.809999999999999432e+01 1.819999999999999929e+01 2.990000000000000000e+02
8.513000000000000000e+03 3.769000000000000000e+03 8.200000000000000000e+01 1.700000000000000000e+01 3.030000000000000000e+02
8.490000000000000000e+03 3.775000000000000000e+03 6.770000000000000284e+01 1.719999999999999929e+01 2.950000000000000000e+02
8.420000000000000000e+03 3.636000000000000000e+03 6.629999999999999716e+01 1.419999999999999929e+01 2.860000000000000000e+02
8.449000000000000000e+03 3.650000000000000000e+03 8.279999999999999716e+01 2.030000000000000071e+01 2.920000000000000000e+02
8.471000000000000000e+03 3.713000000000000000e+03 8.070000000000000284e+01 1.710000000000000142e+01 3.030000000000000000e+02
8.548000000000000000e+03 3.729000000000000000e+03 9.070000000000000284e+01 1.600000000000000000e+01 3.050000000000000000e+02
8.452000000000000000e+03 3.729000000000000000e+03 7.390000000000000568e+01 1.810000000000000142e+01 2.920000000000000000e+02
8.439000000000000000e+03 3.738000000000000000e+03 6.070000000000000284e+01 1.700000000000000000e+01 2.980000000000000000e+02
8.431000000000000000e+03 3.688000000000000000e+03 6.690000000000000568e+01 1.710000000000000142e+01 3.190000000000000000e+02
8.528000000000000000e+03 3.821000000000000000e+03 6.979999999999999716e+01 1.619999999999999929e+01 3.020000000000000000e+02
8.425000000000000000e+03 3.868000000000000000e+03 5.689999999999999858e+01 1.750000000000000000e+01 3.160000000000000000e+02
8.583000000000000000e+03 3.718000000000000000e+03 7.300000000000000000e+01 1.450000000000000000e+01 2.850000000000000000e+02
8.442000000000000000e+03 3.737000000000000000e+03 8.120000000000000284e+01 2.110000000000000142e+01 2.820000000000000000e+02
8.465000000000000000e+03 3.638000000000000000e+03 8.429999999999999716e+01 1.810000000000000142e+01 3.010000000000000000e+02
8.509000000000000000e+03 3.781000000000000000e+03 7.920000000000000284e+01 2.100000000000000000e+01 3.020000000000000000e+02
8.501000000000000000e+03 3.782000000000000000e+03 9.720000000000000284e+01 1.830000000000000071e+01 2.830000000000000000e+02
8.424000000000000000e+03 3.643000000000000000e+03 7.859999999999999432e+01 1.540000000000000036e+01 2.980000000000000000e+02
8.558000000000000000e+03 3.841000000000000000e+03 7.720000000000000284e+01 1.600000000000000000e+01 3.210000000000000000e+02
8.441000000000000000e+03 3.711000000000000000e+03 6.459999999999999432e+01 1.910000000000000142e+01 2.970000000000000000e+02
8.480000000000000000e+03 3.954000000000000000e+03 6.060000000000000142e+01 1.600000000000000000e+01 3.170000000000000000e+02
8.485000000000000000e+03 3.742000000000000000e+03 6.740000000000000568e+01 1.610000000000000142e+01 3.010000000000000000e+02
8.361000000000000000e+03 3.631000000000000000e+03 7.229999999999999716e+01 1.700000000000000000e+01 2.950000000000000000e+02
8.521000000000000000e+03 3.839000000000000000e+03 6.360000000000000142e+01 1.600000000000000000e+01 3.170000000000000000e+02
8.496000000000000000e+03 3.698000000000000000e+03 8.320000000000000284e+01 1.600000000000000000e+01 2.940000000000000000e+02
8.476000000000000000e+03 3.820000000000000000e+03 7.679999999999999716e+01 1.530000000000000071e+01 3.000000000000000000e+02
8.462000000000000000e+03 3.735000000000000000e+03 7.090000000000000568e+01 1.700000000000000000e+01 2.970000000000000000e+02
8.488000000000000000e+03 3.578000000000000000e+03 7.190000000000000568e+01 1.700000000000000000e+01 2.760000000000000000e+02
8.485000000000000000e+03 3.735000000000000000e+03 6.170000000000000284e+01 1.509999999999999964e+01 3.060000000000000000e+02
8.515000000000000000e+03 3.616000000000000000e+03 8.029999999999999716e+01 1.810000000000000142e+01 2.880000000000000000e+02
8.541000000000000000e+03 3.735000000000000000e+03 7.000000000000000000e+01 1.610000000000000142e+01 2.920000000000000000e+02
8.455000000000000000e+03 3.630000000000000000e+03 7.440000000000000568e+01 1.440000000000000036e+01 2.920000000000000000e+02
8.513000000000000000e+03 3.744000000000000000e+03 9.179999999999999716e+01 1.750000000000000000e+01 3.050000000000000000e+02
8.525000000000000000e+03 3.837000000000000000e+03 6.440000000000000568e+01 1.810000000000000142e+01 2.990000000000000000e+02
8.477000000000000000e+03 3.563000000000000000e+03 7.670000000000000284e+01 1.519999999999999929e+01 2.940000000000000000e+02
8.526000000000000000e+03 3.749000000000000000e+03 6.790000000000000568e+01 1.710000000000000142e+01 3.100000000000000000e+02
8.417000000000000000e+03 3.732000000000000000e+03 8.250000000000000000e+01 1.639999999999999858e+01 3.140000000000000000e+02
8.422000000000000000e+03 3.730000000000000000e+03 6.659999999999999432e+01 1.900000000000000000e+01 2.880000000000000000e+02
8.405000000000000000e+03 3.654000000000000000e+03 8.190000000000000568e+01 1.610000000000000142e+01 2.860000000000000000e+02
8.520000000000000000e+03 3.669000000000000000e+03 7.240000000000000568e+01 1.519999999999999929e+01 2.930000000000000000e+02
8.471000000000000000e+03 3.611000000000000000e+03 7.129999999999999716e+01 1.619999999999999929e+01 2.850000000000000000e+02
8.445000000000000000e+03 3.638000000000000000e+03 6.289999999999999858e+01 1.810000000000000142e+01 2.980000000000000000e+02
8.477000000000000000e+03 3.739000000000000000e+03 7.700000000000000000e+01 1.409999999999999964e+01 2.840000000000000000e+02
8.457000000000000000e+03 3.986000000000000000e+03 6.409999999999999432e+01 1.500000000000000000e+01 3.060000000000000000e+02
8.444000000000000000e+03 3.656000000000000000e+03 6.929999999999999716e+01 1.750000000000000000e+01 2.970000000000000000e+02
8.506000000000000000e+03 3.594000000000000000e+03 6.400000000000000000e+01 1.500000000000000000e+01 2.890000000000000000e+02
8.510000000000000000e+03 3.717000000000000000e+03 6.629999999999999716e+01 1.700000000000000000e+01 2.820000000000000000e+02
8.448000000000000000e+03 3.738000000000000000e+03 7.840000000000000568e+01 1.800000000000000000e+01 3.060000000000000000e+02
8.544000000000000000e+03 3.672000000000000000e+03 6.010000000000000142e+01 1.700000000000000000e+01 2.940000000000000000e+02
8.423000000000000000e+03 3.517000000000000000e+03 6.260000000000000142e+01 1.619999999999999929e+01 2.930000000000000000e+02
8.519000000000000000e+03 3.736000000000000000e+03 6.690000000000000568e+01 1.719999999999999929e+01 3.270000000000000000e+02
8.559000000000000000e+03 3.684000000000000000e+03 8.400000000000000000e+01 1.700000000000000000e+01 2.980000000000000000e+02
8.488000000000000000e+03 3.840000000000000000e+03 6.729999999999999716e+01 1.600000000000000000e+01 2.930000000000000000e+02
8.479000000000000000e+03 3.736000000000000000e+03 6.690000000000000568e+01 1.600000000000000000e+01 2.940000000000000000e+02
8.453000000000000000e+03 3.674000000000000000e+03 7.240000000000000568e+01 1.610000000000000142e+01 2.950000000000000000e+02
8.480000000000000000e+03 3.734000000000000000e+03 8.090000000000000568e+01 1.619999999999999929e+01 2.890000000000000000e+02
8.523000000000000000e+03 3.758000000000000000e+03 6.740000000000000568e+01 1.509999999999999964e+01 3.130000000000000000e+02
8.500000000000000000e+03 3.691000000000000000e+03 7.200000000000000000e+01 1.619999999999999929e+01 2.990000000000000000e+02
8.493000000000000000e+03 3.705000000000000000e+03 8.609999999999999432e+01 1.610000000000000142e+01 3.160000000000000000e+02
8.466000000000000000e+03 3.621000000000000000e+03 6.790000000000000568e+01 1.530000000000000071e+01 2.930000000000000000e+02
8.454000000000000000e+03 3.545000000000000000e+03 7.970000000000000284e+01 1.700000000000000000e+01 2.880000000000000000e+02
8.520000000000000000e+03 3.668000000000000000e+03 1.270999999999999943e+02 1.600000000000000000e+01 2.860000000000000000e+02
8.500000000000000000e+03 3.735000000000000000e+03 6.440000000000000568e+01 1.530000000000000071e+01 2.850000000000000000e+02
8.486000000000000000e+03 3.547000000000000000e+03 7.940000000000000568e+01 1.540000000000000036e+01 2.940000000000000000e+02
8.421000000000000000e+03 3.777000000000000000e+03 7.220000000000000284e+01 1.610000000000000142e+01 2.970000000000000000e+02
8.433000000000000000e+03 3.487000000000000000e+03 9.009999999999999432e+01 2.000000000000000000e+01 2.740000000000000000e+02
8.475000000000000000e+03 3.884000000000000000e+03 7.459999999999999432e+01 1.900000000000000000e+01 3.100000000000000000e+02
8.537000000000000000e+03 3.763000000000000000e+03 7.559999999999999432e+01 1.710000000000000142e+01 2.910000000000000000e+02
8.477000000000000000e+03 3.764000000000000000e+03 7.079999999999999716e+01 1.700000000000000000e+01 2.840000000000000000e+02
8.401000000000000000e+03 3.761000000000000000e+03 8.700000000000000000e+01 1.509999999999999964e+01 3.030000000000000000e+02
8.473000000000000000e+03 3.679000000000000000e+03 6.729999999999999716e+01 1.819999999999999929e+01 2.880000000000000000e+02
8.450000000000000000e+03 3.736000000000000000e+03 7.150000000000000000e+01 1.610000000000000142e+01 3.050000000000000000e+02
8.470000000000000000e+03 3.947000000000000000e+03 7.040000000000000568e+01 1.600000000000000000e+01 3.240000000000000000e+02
8.493000000000000000e+03 3.690000000000000000e+03 7.829999999999999716e+01 1.830000000000000071e+01 2.870000000000000000e+02
8.503000000000000000e+03 3.657000000000000000e+03 7.870000000000000284e+01 1.810000000000000142e+01 2.960000000000000000e+02
8.488000000000000000e+03 3.706000000000000000e+03 7.400000000000000000e+01 1.900000000000000000e+01 2.900000000000000000e+02
8.502000000000000000e+03 3.618000000000000000e+03 7.329999999999999716e+01 1.500000000000000000e+01 2.610000000000000000e+02
8.550000000000000000e+03 3.707000000000000000e+03 7.590000000000000568e+01 1.619999999999999929e+01 2.760000000000000000e+02
8.490000000000000000e+03 3.809000000000000000e+03 6.490000000000000568e+01 1.700000000000000000e+01 3.230000000000000000e+02
8.530000000000000000e+03 3.718000000000000000e+03 7.979999999999999716e+01 1.540000000000000036e+01 3.050000000000000000e+02
8.447000000000000000e+03 3.677000000000000000e+03 6.850000000000000000e+01 1.610000000000000142e+01 2.950000000000000000e+02
8.475000000000000000e+03 3.612000000000000000e+03 8.490000000000000568e+01 1.700000000000000000e+01 2.970000000000000000e+02
8.509000000000000000e+03 3.535000000000000000e+03 6.620000000000000284e+01 1.430000000000000071e+01 3.130000000000000000e+02
8.418000000000000000e+03 3.814000000000000000e+03 7.500000000000000000e+01 1.619999999999999929e+01 2.880000000000000000e+02
8.535000000000000000e+03 3.839000000000000000e+03 7.590000000000000568e+01 1.900000000000000000e+01 3.130000000000000000e+02
8.495000000000000000e+03 3.677000000000000000e+03 6.840000000000000568e+01 1.860000000000000142e+01 3.180000000000000000e+02
8.557000000000000000e+03 3.655000000000000000e+03 6.529999999999999716e+01 1.730000000000000071e+01 2.980000000000000000e+02
8.408000000000000000e+03 3.640000000000000000e+03 8.600000000000000000e+01 1.509999999999999964e+01 2.960000000000000000e+02
8.526000000000000000e+03 3.566000000000000000e+03 8.979999999999999716e+01 1.700000000000000000e+01 2.890000000000000000e+02
8.502000000000000000e+03 3.917000000000000000e+03 7.059999999999999432e+01 1.600000000000000000e+01 3.100000000000000000e+02
8.493000000000000000e+03 3.678000000000000000e+03 9.000000000000000000e+01 1.519999999999999929e+01 3.000000000000000000e+02
8.492000000000000000e+03 3.638000000000000000e+03 6.629999999999999716e+01 1.419999999999999929e+01 2.920000000000000000e+02
8.527000000000000000e+03 3.595000000000000000e+03 7.940000000000000568e+01 1.619999999999999929e+01 2.800000000000000000e+02
8.549000000000000000e+03 3.634000000000000000e+03 6.250000000000000000e+01 1.710000000000000142e+01 2.790000000000000000e+02
8.445000000000000000e+03 3.717000000000000000e+03 7.429999999999999716e+01 1.800000000000000000e+01 3.050000000000000000e+02
8.501000000000000000e+03 3.736000000000000000e+03 6.640000000000000568e+01 1.600000000000000000e+01 2.910000000000000000e+02
8.503000000000000000e+03 3.536000000000000000e+03 7.179999999999999716e+01 1.430000000000000071e+01 2.710000000000000000e+02
8.444000000000000000e+03 3.779000000000000000e+03 8.129999999999999716e+01 1.710000000000000142e+01 2.930000000000000000e+02
8.445000000000000000e+03 3.686000000000000000e+03 8.579999999999999716e+01 1.700000000000000000e+01 2.880000000000000000e+02
8.430000000000000000e+03 3.765000000000000000e+03 7.009999999999999432e+01 1.500000000000000000e+01 3.040000000000000000e+02
8.481000000000000000e+03 3.517000000000000000e+03 7.200000000000000000e+01 1.509999999999999964e+01 2.890000000000000000e+02
8.511000000000000000e+03 3.616000000000000000e+03 6.570000000000000284e+01 1.800000000000000000e+01 2.820000000000000000e+02
8.475000000000000000e+03 3.793000000000000000e+03 6.690000000000000568e+01 1.610000000000000142e+01 2.990000000000000000e+02
8.489000000000000000e+03 3.799000000000000000e+03 6.409999999999999432e+01 1.800000000000000000e+01 3.060000000000000000e+02
8.503000000000000000e+03 3.675000000000000000e+03 8.200000000000000000e+01 1.500000000000000000e+01 2.930000000000000000e+02
8.483000000000000000e+03 3.725000000000000000e+03 6.609999999999999432e+01 1.600000000000000000e+01 2.960000000000000000e+02
8.494000000000000000e+03 3.636000000000000000e+03 5.960000000000000142e+01 1.610000000000000142e+01 2.970000000000000000e+02
8.494000000000000000e+03 3.773000000000000000e+03 7.309999999999999432e+01 1.630000000000000071e+01 3.060000000000000000e+02
8.537000000000000000e+03 3.712000000000000000e+03 6.189999999999999858e+01 1.550000000000000000e+01 2.830000000000000000e+02
8.477000000000000000e+03 3.731000000000000000e+03 6.929999999999999716e+01 1.769999999999999929e+01 3.140000000000000000e+02
8.542000000000000000e+03 3.834000000000000000e+03 6.670000000000000284e+01 1.810000000000000142e+01 3.010000000000000000e+02
8.487000000000000000e+03 3.794000000000000000e+03 7.479999999999999716e+01 1.700000000000000000e+01 2.950000000000000000e+02
8.420000000000000000e+03 3.765000000000000000e+03 9.170000000000000284e+01 1.700000000000000000e+01 2.910000000000000000e+02
8.397000000000000000e+03 3.628000000000000000e+03 7.600000000000000000e+01 1.600000000000000000e+01 3.040000000000000000e+02
8.451000000000000000e+03 3.575000000000000000e+03 6.379999999999999716e+01 1.719999999999999929e+01 2.840000000000000000e+02
8.503000000000000000e+03 3.633000000000000000e+03 6.370000000000000284e+01 1.519999999999999929e+01 2.830000000000000000e+02
8.466000000000000000e+03 3.704000000000000000e+03 9.709999999999999432e+01 1.719999999999999929e+01 2.890000000000000000e+02
8.503000000000000000e+03 3.738000000000000000e+03 7.309999999999999432e+01 1.850000000000000000e+01 2.830000000000000000e+02
8.503000000000000000e+03 3.751000000000000000e+03 8.220000000000000284e+01 1.500000000000000000e+01 2.930000000000000000e+02
8.455000000000000000e+03 3.747000000000000000e+03 6.679999999999999716e+01 1.500000000000000000e+01 2.720000000000000000e+02
8.464000000000000000e+03 3.780000000000000000e+03 6.400000000000000000e+01 1.830000000000000071e+01 2.910000000000000000e+02
8.419000000000000000e+03 3.640000000000000000e+03 5.910000000000000142e+01 1.519999999999999929e+01 3.220000000000000000e+02
8.481000000000000000e+03 3.724000000000000000e+03 7.850000000000000000e+01 1.509999999999999964e+01 2.860000000000000000e+02
2.000000000000000000e+00 4.000000000000000000e+00 1.500000000000000000e+00 2.000000000000000111e-01 1.000000000000000000e+00
8.530000000000000000e+03 3.632000000000000000e+03 7.059999999999999432e+01 1.509999999999999964e+01 2.890000000000000000e+02
8.443000000000000000e+03 3.819000000000000000e+03 6.170000000000000284e+01 1.500000000000000000e+01 3.130000000000000000e+02
8.510000000000000000e+03 3.651000000000000000e+03 6.640000000000000568e+01 1.500000000000000000e+01 2.980000000000000000e+02
8.424000000000000000e+03 3.536000000000000000e+03 7.829999999999999716e+01 1.800000000000000000e+01 2.850000000000000000e+02
8.455000000000000000e+03 3.704000000000000000e+03 9.809999999999999432e+01 1.739999999999999858e+01 3.010000000000000000e+02
8.459000000000000000e+03 3.669000000000000000e+03 6.970000000000000284e+01 1.530000000000000071e+01 3.080000000000000000e+02
8.501000000000000000e+03 3.714000000000000000e+03 6.520000000000000284e+01 1.400000000000000000e+01 2.790000000000000000e+02
8.449000000000000000e+03 3.713000000000000000e+03 7.940000000000000568e+01 1.430000000000000071e+01 3.350000000000000000e+02
8.472000000000000000e+03 3.744000000000000000e+03 6.820000000000000284e+01 1.309999999999999964e+01 2.990000000000000000e+02
8.534000000000000000e+03 3.652000000000000000e+03 7.159999999999999432e+01 1.600000000000000000e+01 2.940000000000000000e+02
8.486000000000000000e+03 3.634000000000000000e+03 6.900000000000000000e+01 1.819999999999999929e+01 2.950000000000000000e+02
8.555000000000000000e+03 3.866000000000000000e+03 6.740000000000000568e+01 1.550000000000000000e+01 3.160000000000000000e+02
8.532000000000000000e+03 3.650000000000000000e+03 6.829999999999999716e+01 1.550000000000000000e+01 3.030000000000000000e+02
8.502000000000000000e+03 3.753000000000000000e+03 8.229999999999999716e+01 1.630000000000000071e+01 2.920000000000000000e+02
8.588000000000000000e+03 3.537000000000000000e+03 7.770000000000000284e+01 1.710000000000000142e+01 2.810000000000000000e+02
8.485000000000000000e+03 3.736000000000000000e+03 9.309999999999999432e+01 1.830000000000000071e+01 2.900000000000000000e+02
8.464000000000000000e+03 3.733000000000000000e+03 7.140000000000000568e+01 1.559999999999999964e+01 3.040000000000000000e+02
8.453000000000000000e+03 3.609000000000000000e+03 6.820000000000000284e+01 1.519999999999999929e+01 2.910000000000000000e+02
8.447000000000000000e+03 3.793000000000000000e+03 6.920000000000000284e+01 1.500000000000000000e+01 3.050000000000000000e+02
8.474000000000000000e+03 3.677000000000000000e+03 7.609999999999999432e+01 1.509999999999999964e+01 3.070000000000000000e+02
8.495000000000000000e+03 3.765000000000000000e+03 6.709999999999999432e+01 1.600000000000000000e+01 3.170000000000000000e+02
8.513000000000000000e+03 3.733000000000000000e+03 6.550000000000000000e+01 1.519999999999999929e+01 3.040000000000000000e+02
8.405000000000000000e+03 3.676000000000000000e+03 7.670000000000000284e+01 1.730000000000000071e+01 3.060000000000000000e+02
8.497000000000000000e+03 3.785000000000000000e+03 8.070000000000000284e+01 1.600000000000000000e+01 3.110000000000000000e+02
8.489000000000000000e+03 3.573000000000000000e+03 7.150000000000000000e+01 1.700000000000000000e+01 2.970000000000000000e+02
8.465000000000000000e+03 3.709000000000000000e+03 7.479999999999999716e+01 1.719999999999999929e+01 3.050000000000000000e+02
8.449000000000000000e+03 3.773000000000000000e+03 5.800000000000000000e+01 1.530000000000000071e+01 3.280000000000000000e+02
8.481000000000000000e+03 3.740000000000000000e+03 6.189999999999999858e+01 1.719999999999999929e+01 3.190000000000000000e+02
8.560000000000000000e+03 3.728000000000000000e+03 9.550000000000000000e+01 1.600000000000000000e+01 2.980000000000000000e+02
8.494000000000000000e+03 3.671000000000000000e+03 1.045000000000000000e+02 1.600000000000000000e+01 3.000000000000000000e+02
8.531000000000000000e+03 3.694000000000000000e+03 6.620000000000000284e+01 1.739999999999999858e+01 2.890000000000000000e+02
8.513000000000000000e+03 3.857000000000000000e+03 7.409999999999999432e+01 1.500000000000000000e+01 2.880000000000000000e+02
8.500000000000000000e+03 3.708000000000000000e+03 7.400000000000000000e+01 1.700000000000000000e+01 3.050000000000000000e+02
8.437000000000000000e+03 3.520000000000000000e+03 8.659999999999999432e+01 1.500000000000000000e+01 2.910000000000000000e+02
8.432000000000000000e+03 3.859000000000000000e+03 8.370000000000000284e+01 1.500000000000000000e+01 3.000000000000000000e+02
8.502000000000000000e+03 3.615000000000000000e+03 6.879999999999999716e+01 1.630000000000000071e+01 3.130000000000000000e+02
8.456000000000000000e+03 3.623000000000000000e+03 6.450000000000000000e+01 1.610000000000000142e+01 2.950000000000000000e+02
8.439000000000000000e+03 3.751000000000000000e+03 7.700000000000000000e+01 1.810000000000000142e+01 2.890000000000000000e+02
8.497000000000000000e+03 3.765000000000000000e+03 6.640000000000000568e+01 1.500000000000000000e+01 2.990000000000000000e+02
8.463000000000000000e+03 3.785000000000000000e+03 6.239999999999999858e+01 1.509999999999999964e+01 3.040000000000000000e+02
8.525000000000000000e+03 3.737000000000000000e+03 1.000000000000000000e+02 2.000000000000000000e+01 3.140000000000000000e+02
8.464000000000000000e+03 3.715000000000000000e+03 7.609999999999999432e+01 1.509999999999999964e+01 3.120000000000000000e+02
8.454000000000000000e+03 3.744000000000000000e+03 6.559999999999999432e+01 1.700000000000000000e+01 3.170000000000000000e+02
8.489000000000000000e+03 3.879000000000000000e+03 6.659999999999999432e+01 1.519999999999999929e+01 3.160000000000000000e+02
8.479000000000000000e+03 3.846000000000000000e+03 7.070000000000000284e+01 1.900000000000000000e+01 2.930000000000000000e+02
8.517000000000000000e+03 3.752000000000000000e+03 7.770000000000000284e+01 1.540000000000000036e+01 3.030000000000000000e+02
8.498000000000000000e+03 3.778000000000000000e+03 7.609999999999999432e+01 1.700000000000000000e+01 2.830000000000000000e+02
8.465000000000000000e+03 3.799000000000000000e+03 7.329999999999999716e+01 1.700000000000000000e+01 3.180000000000000000e+02
8.504000000000000000e+03 3.551000000000000000e+03 6.829999999999999716e+01 1.440000000000000036e+01 3.040000000000000000e+02
5.000000000000000000e+00 5.000000000000000000e+00 6.700000000000000178e+00 2.999999999999999889e-01 2.000000000000000000e+00
8.461000000000000000e+03 3.551000000000000000e+03 6.279999999999999716e+01 1.500000000000000000e+01 2.780000000000000000e+02
8.493000000000000000e+03 3.657000000000000000e+03 6.039999999999999858e+01 1.550000000000000000e+01 3.370000000000000000e+02
8.531000000000000000e+03 3.722000000000000000e+03 6.929999999999999716e+01 1.750000000000000000e+01 2.890000000000000000e+02
8.497000000000000000e+03 3.662000000000000000e+03 6.339999999999999858e+01 1.700000000000000000e+01 2.920000000000000000e+02
8.487000000000000000e+03 3.655000000000000000e+03 6.740000000000000568e+01 1.619999999999999929e+01 2.980000000000000000e+02
8.512000000000000000e+03 3.797000000000000000e+03 7.840000000000000568e+01 1.800000000000000000e+01 2.780000000000000000e+02
8.523000000000000000e+03 3.727000000000000000e+03 6.959999999999999432e+01 1.500000000000000000e+01 2.920000000000000000e+02
8.562000000000000000e+03 3.820000000000000000e+03 6.220000000000000284e+01 1.530000000000000071e+01 2.980000000000000000e+02
8.490000000000000000e+03 3.694000000000000000e+03 6.550000000000000000e+01 1.610000000000000142e+01 3.010000000000000000e+02
8.417000000000000000e+03 3.835000000000000000e+03 7.090000000000000568e+01 1.430000000000000071e+01 3.190000000000000000e+02
8.456000000000000000e+03 3.572000000000000000e+03 7.079999999999999716e+01 1.639999999999999858e+01 3.010000000000000000e+02
8.495000000000000000e+03 3.589000000000000000e+03 7.009999999999999432e+01 1.619999999999999929e+01 2.790000000000000000e+02
8.450000000000000000e+03 3.709000000000000000e+03 6.670000000000000284e+01 1.839999999999999858e+01 2.880000000000000000e+02
8.493000000000000000e+03 3.783000000000000000e+03 5.810000000000000142e+01 1.440000000000000036e+01 3.010000000000000000e+02
8.524000000000000000e+03 3.681000000000000000e+03 6.650000000000000000e+01 1.819999999999999929e+01 2.710000000000000000e+02
8.462000000000000000e+03 3.632000000000000000e+03 6.940000000000000568e+01 1.839999999999999858e+01 2.920000000000000000e+02
8.429000000000000000e+03 3.721000000000000000e+03 7.640000000000000568e+01 1.610000000000000142e+01 2.970000000000000000e+02
8.529000000000000000e+03 3.702000000000000000e+03 7.200000000000000000e+01 1.500000000000000000e+01 2.880000000000000000e+02
8.583000000000000000e+03 3.734000000000000000e+03 6.979999999999999716e+01 1.810000000000000142e+01 2.980000000000000000e+02
8.481000000000000000e+03 3.694000000000000000e+03 7.629999999999999716e+01 1.839999999999999858e+01 3.010000000000000000e+02
8.432000000000000000e+03 3.393000000000000000e+03 6.750000000000000000e+01 1.819999999999999929e+01 2.850000000000000000e+02
8.509000000000000000e+03 3.714000000000000000e+03 8.040000000000000568e+01 1.769999999999999929e+01 2.950000000000000000e+02
8.427000000000000000e+03 3.828000000000000000e+03 7.200000000000000000e+01 1.830000000000000071e+01 3.000000000000000000e+02
8.427000000000000000e+03 3.776000000000000000e+03 8.540000000000000568e+01 1.600000000000000000e+01 3.060000000000000000e+02
8.482000000000000000e+03 3.753000000000000000e+03 8.920000000000000284e+01 1.839999999999999858e+01 2.880000000000000000e+02
8.577000000000000000e+03 3.599000000000000000e+03 6.870000000000000284e+01 2.160000000000000142e+01 2.700000000000000000e+02
8.475000000000000000e+03 3.782000000000000000e+03 7.600000000000000000e+01 1.910000000000000142e+01 3.210000000000000000e+02
8.409000000000000000e+03 3.665000000000000000e+03 7.240000000000000568e+01 1.939999999999999858e+01 3.140000000000000000e+02
8.544000000000000000e+03 3.656000000000000000e+03 6.339999999999999858e+01 1.639999999999999858e+01 3.100000000000000000e+02
8.476000000000000000e+03 3.671000000000000000e+03 6.820000000000000284e+01 1.600000000000000000e+01 2.840000000000000000e+02
