1.275000000000000000e+03 6.982000000000000000e+03 2.825000000000000000e+02 2.450000000000000000e+01 8.483000000000000000e+03
1.175000000000000000e+03 6.829000000000000000e+03 3.590000000000000000e+02 2.730000000000000071e+01 8.590000000000000000e+03
1.215000000000000000e+03 7.103000000000000000e+03 2.464000000000000057e+02 3.019999999999999929e+01 8.567000000000000000e+03
1.193000000000000000e+03 7.045000000000000000e+03 2.973999999999999773e+02 2.530000000000000071e+01 8.568000000000000000e+03
1.238000000000000000e+03 7.133000000000000000e+03 2.898999999999999773e+02 2.489999999999999858e+01 8.504000000000000000e+03
1.194000000000000000e+03 7.033000000000000000e+03 2.305000000000000000e+02 2.560000000000000142e+01 8.574000000000000000e+03
1.211000000000000000e+03 7.165000000000000000e+03 3.033999999999999773e+02 2.560000000000000142e+01 8.528000000000000000e+03
1.205000000000000000e+03 7.152000000000000000e+03 2.529000000000000057e+02 2.660000000000000142e+01 8.538000000000000000e+03
1.208000000000000000e+03 6.851000000000000000e+03 3.173000000000000114e+02 2.650000000000000000e+01 8.541000000000000000e+03
1.240000000000000000e+03 7.342000000000000000e+03 4.176000000000000227e+02 2.560000000000000142e+01 8.544000000000000000e+03
1.189000000000000000e+03 7.052000000000000000e+03 3.940000000000000000e+02 2.719999999999999929e+01 8.548000000000000000e+03
1.236000000000000000e+03 6.969000000000000000e+03 2.821000000000000227e+02 2.689999999999999858e+01 8.534000000000000000e+03
1.198000000000000000e+03 6.854000000000000000e+03 2.368000000000000114e+02 2.719999999999999929e+01 8.534000000000000000e+03
1.171000000000000000e+03 7.140000000000000000e+03 2.833000000000000114e+02 2.919999999999999929e+01 8.575000000000000000e+03
1.206000000000000000e+03 7.133000000000000000e+03 2.549000000000000057e+02 2.910000000000000142e+01 8.545000000000000000e+03
1.250000000000000000e+03 7.022000000000000000e+03 3.278999999999999773e+02 2.930000000000000071e+01 8.527000000000000000e+03
1.245000000000000000e+03 7.326000000000000000e+03 2.793999999999999773e+02 2.500000000000000000e+01 8.501000000000000000e+03
1.245000000000000000e+03 6.755000000000000000e+03 3.123000000000000114e+02 3.039999999999999858e+01 8.529000000000000000e+03
1.263000000000000000e+03 7.000000000000000000e+03 3.078000000000000114e+02 2.689999999999999858e+01 8.497000000000000000e+03
1.199000000000000000e+03 7.160000000000000000e+03 2.835000000000000000e+02 2.700000000000000000e+01 8.564000000000000000e+03
1.174000000000000000e+03 6.864000000000000000e+03 2.520000000000000000e+02 2.539999999999999858e+01 8.562000000000000000e+03
1.156000000000000000e+03 7.206000000000000000e+03 2.480000000000000000e+02 2.569999999999999929e+01 8.591000000000000000e+03
1.248000000000000000e+03 7.021000000000000000e+03 3.063000000000000114e+02 2.660000000000000142e+01 8.516000000000000000e+03
1.206000000000000000e+03 7.132000000000000000e+03 3.513999999999999773e+02 2.639999999999999858e+01 8.539000000000000000e+03
1.199000000000000000e+03 7.183000000000000000e+03 2.743999999999999773e+02 2.530000000000000071e+01 8.561000000000000000e+03
1.191000000000000000e+03 7.215000000000000000e+03 2.493000000000000114e+02 2.610000000000000142e+01 8.555000000000000000e+03
1.171000000000000000e+03 7.327000000000000000e+03 2.580000000000000000e+02 2.550000000000000000e+01 8.592000000000000000e+03
1.212000000000000000e+03 7.036000000000000000e+03 2.383000000000000114e+02 2.760000000000000142e+01 8.564000000000000000e+03
1.222000000000000000e+03 7.025000000000000000e+03 2.698000000000000114e+02 2.739999999999999858e+01 8.545000000000000000e+03
1.265000000000000000e+03 6.967000000000000000e+03 3.095000000000000000e+02 2.650000000000000000e+01 8.485000000000000000e+03
1.261000000000000000e+03 6.566000000000000000e+03 3.298000000000000114e+02 2.919999999999999929e+01 8.500000000000000000e+03
1.182000000000000000e+03 7.013000000000000000e+03 3.028000000000000114e+02 2.600000000000000000e+01 8.580000000000000000e+03
1.140000000000000000e+03 7.051000000000000000e+03 2.695000000000000000e+02 2.589999999999999858e+01 8.611000000000000000e+03
1.199000000000000000e+03 7.221000000000000000e+03 3.708999999999999773e+02 2.569999999999999929e+01 8.549000000000000000e+03
1.240000000000000000e+03 6.954000000000000000e+03 2.860000000000000000e+02 2.850000000000000000e+01 8.510000000000000000e+03
1.214000000000000000e+03 7.161000000000000000e+03 2.578000000000000114e+02 2.650000000000000000e+01 8.534000000000000000e+03
1.231000000000000000e+03 7.002000000000000000e+03 3.093000000000000114e+02 2.639999999999999858e+01 8.527000000000000000e+03
1.182000000000000000e+03 7.057000000000000000e+03 2.736999999999999886e+02 2.739999999999999858e+01 8.593000000000000000e+03
1.260000000000000000e+03 6.921000000000000000e+03 3.543999999999999773e+02 2.660000000000000142e+01 8.490000000000000000e+03
1.253000000000000000e+03 7.057000000000000000e+03 2.811999999999999886e+02 2.669999999999999929e+01 8.468000000000000000e+03
1.199000000000000000e+03 7.128000000000000000e+03 2.968000000000000114e+02 2.730000000000000071e+01 8.581000000000000000e+03
1.196000000000000000e+03 7.147000000000000000e+03 3.366000000000000227e+02 2.730000000000000071e+01 8.536000000000000000e+03
1.191000000000000000e+03 6.886000000000000000e+03 3.131000000000000227e+02 2.800000000000000000e+01 8.571000000000000000e+03
1.177000000000000000e+03 7.288000000000000000e+03 2.926999999999999886e+02 2.550000000000000000e+01 8.579000000000000000e+03
1.218000000000000000e+03 7.238000000000000000e+03 2.921000000000000227e+02 2.410000000000000142e+01 8.565000000000000000e+03
1.281000000000000000e+03 7.204000000000000000e+03 2.499000000000000057e+02 2.510000000000000142e+01 8.468000000000000000e+03
1.216000000000000000e+03 6.962000000000000000e+03 2.763000000000000114e+02 2.569999999999999929e+01 8.539000000000000000e+03
1.191000000000000000e+03 7.097000000000000000e+03 2.606999999999999886e+02 2.680000000000000071e+01 8.587000000000000000e+03
1.286000000000000000e+03 7.090000000000000000e+03 3.345000000000000000e+02 2.630000000000000071e+01 8.461000000000000000e+03
1.233000000000000000e+03 7.243000000000000000e+03 2.255999999999999943e+02 2.639999999999999858e+01 8.541000000000000000e+03
1.243000000000000000e+03 6.916000000000000000e+03 2.603999999999999773e+02 2.630000000000000071e+01 8.531000000000000000e+03
1.204000000000000000e+03 6.772000000000000000e+03 2.973000000000000114e+02 2.489999999999999858e+01 8.551000000000000000e+03
1.178000000000000000e+03 7.198000000000000000e+03 2.608999999999999773e+02 2.439999999999999858e+01 8.579000000000000000e+03
1.244000000000000000e+03 7.018000000000000000e+03 2.788999999999999773e+02 2.850000000000000000e+01 8.517000000000000000e+03
1.212000000000000000e+03 7.100000000000000000e+03 3.471000000000000227e+02 2.680000000000000071e+01 8.568000000000000000e+03
1.201000000000000000e+03 6.894000000000000000e+03 2.273000000000000114e+02 2.639999999999999858e+01 8.571000000000000000e+03
1.228000000000000000e+03 7.006000000000000000e+03 2.499000000000000057e+02 3.069999999999999929e+01 8.512000000000000000e+03
1.206000000000000000e+03 7.004000000000000000e+03 3.361000000000000227e+02 2.769999999999999929e+01 8.577000000000000000e+03
1.226000000000000000e+03 7.181000000000000000e+03 3.143000000000000114e+02 2.600000000000000000e+01 8.503000000000000000e+03
1.222000000000000000e+03 6.828000000000000000e+03 2.770000000000000000e+02 2.930000000000000071e+01 8.534000000000000000e+03
1.173000000000000000e+03 7.033000000000000000e+03 2.811000000000000227e+02 2.719999999999999929e+01 8.565000000000000000e+03
1.235000000000000000e+03 7.056000000000000000e+03 2.641000000000000227e+02 2.610000000000000142e+01 8.540000000000000000e+03
1.186000000000000000e+03 6.959000000000000000e+03 2.793000000000000114e+02 2.369999999999999929e+01 8.557000000000000000e+03
1.207000000000000000e+03 6.895000000000000000e+03 2.851000000000000227e+02 2.719999999999999929e+01 8.548000000000000000e+03
1.223000000000000000e+03 7.026000000000000000e+03 2.395000000000000000e+02 2.800000000000000000e+01 8.534000000000000000e+03
1.248000000000000000e+03 7.065000000000000000e+03 3.628999999999999773e+02 3.069999999999999929e+01 8.500000000000000000e+03
1.171000000000000000e+03 6.806000000000000000e+03 2.653999999999999773e+02 2.780000000000000071e+01 8.589000000000000000e+03
1.214000000000000000e+03 7.085000000000000000e+03 3.073999999999999773e+02 2.630000000000000071e+01 8.550000000000000000e+03
1.207000000000000000e+03 7.019000000000000000e+03 3.273999999999999773e+02 2.619999999999999929e+01 8.551000000000000000e+03
1.200000000000000000e+03 7.239000000000000000e+03 2.850000000000000000e+02 2.600000000000000000e+01 8.562000000000000000e+03
1.307000000000000000e+03 6.902000000000000000e+03 2.831000000000000227e+02 2.650000000000000000e+01 8.458000000000000000e+03
1.222000000000000000e+03 7.035000000000000000e+03 3.090000000000000000e+02 2.700000000000000000e+01 8.515000000000000000e+03
1.240000000000000000e+03 7.120000000000000000e+03 2.878000000000000114e+02 2.850000000000000000e+01 8.494000000000000000e+03
1.213000000000000000e+03 7.009000000000000000e+03 2.673999999999999773e+02 2.810000000000000142e+01 8.517000000000000000e+03
1.246000000000000000e+03 6.921000000000000000e+03 2.656999999999999886e+02 2.730000000000000071e+01 8.510000000000000000e+03
1.253000000000000000e+03 6.876000000000000000e+03 3.206999999999999886e+02 2.639999999999999858e+01 8.498000000000000000e+03
1.244000000000000000e+03 6.981000000000000000e+03 2.851000000000000227e+02 2.919999999999999929e+01 8.510000000000000000e+03
1.211000000000000000e+03 7.101000000000000000e+03 2.801000000000000227e+02 2.780000000000000071e+01 8.528000000000000000e+03
1.219000000000000000e+03 6.943000000000000000e+03 2.903999999999999773e+02 2.589999999999999858e+01 8.538000000000000000e+03
1.268000000000000000e+03 6.831000000000000000e+03 3.293999999999999773e+02 2.589999999999999858e+01 8.477000000000000000e+03
1.170000000000000000e+03 7.062000000000000000e+03 3.051999999999999886e+02 2.700000000000000000e+01 8.599000000000000000e+03
1.226000000000000000e+03 7.061000000000000000e+03 2.771000000000000227e+02 2.750000000000000000e+01 8.510000000000000000e+03
1.180000000000000000e+03 7.240000000000000000e+03 2.528000000000000114e+02 2.730000000000000071e+01 8.578000000000000000e+03
1.202000000000000000e+03 7.072000000000000000e+03 3.056000000000000227e+02 2.600000000000000000e+01 8.567000000000000000e+03
1.249000000000000000e+03 7.322000000000000000e+03 4.118000000000000114e+02 2.469999999999999929e+01 8.505000000000000000e+03
1.255000000000000000e+03 7.138000000000000000e+03 2.681000000000000227e+02 2.700000000000000000e+01 8.517000000000000000e+03
1.213000000000000000e+03 7.086000000000000000e+03 2.451999999999999886e+02 2.880000000000000071e+01 8.550000000000000000e+03
1.287000000000000000e+03 7.099000000000000000e+03 3.028999999999999773e+02 2.650000000000000000e+01 8.473000000000000000e+03
1.196000000000000000e+03 6.961000000000000000e+03 3.023999999999999773e+02 2.600000000000000000e+01 8.563000000000000000e+03
1.228000000000000000e+03 6.806000000000000000e+03 3.196000000000000227e+02 2.789999999999999858e+01 8.515000000000000000e+03
1.213000000000000000e+03 7.180000000000000000e+03 3.131999999999999886e+02 2.800000000000000000e+01 8.537000000000000000e+03
1.183000000000000000e+03 6.921000000000000000e+03 3.411999999999999886e+02 2.510000000000000142e+01 8.532000000000000000e+03
1.265000000000000000e+03 6.835000000000000000e+03 3.111999999999999886e+02 2.639999999999999858e+01 8.485000000000000000e+03
1.219000000000000000e+03 7.178000000000000000e+03 4.161000000000000227e+02 2.469999999999999929e+01 8.549000000000000000e+03
1.199000000000000000e+03 7.018000000000000000e+03 2.693000000000000114e+02 2.730000000000000071e+01 8.571000000000000000e+03
1.206000000000000000e+03 7.192000000000000000e+03 2.489000000000000057e+02 2.389999999999999858e+01 8.526000000000000000e+03
1.284000000000000000e+03 7.169000000000000000e+03 2.696000000000000227e+02 2.750000000000000000e+01 8.482000000000000000e+03
1.196000000000000000e+03 7.017000000000000000e+03 2.911999999999999886e+02 2.619999999999999929e+01 8.548000000000000000e+03
1.205000000000000000e+03 7.033000000000000000e+03 3.363999999999999773e+02 2.450000000000000000e+01 8.569000000000000000e+03
1.192000000000000000e+03 7.045000000000000000e+03 2.910000000000000000e+02 2.610000000000000142e+01 8.562000000000000000e+03
1.236000000000000000e+03 7.012000000000000000e+03 2.913000000000000114e+02 2.869999999999999929e+01 8.505000000000000000e+03
1.186000000000000000e+03 7.180000000000000000e+03 2.508000000000000114e+02 2.700000000000000000e+01 8.610000000000000000e+03
1.232000000000000000e+03 6.931000000000000000e+03 2.811000000000000227e+02 2.869999999999999929e+01 8.512000000000000000e+03
1.181000000000000000e+03 7.021000000000000000e+03 2.773000000000000114e+02 2.719999999999999929e+01 8.525000000000000000e+03
1.234000000000000000e+03 6.968000000000000000e+03 3.223999999999999773e+02 2.700000000000000000e+01 8.525000000000000000e+03
1.155000000000000000e+03 7.259000000000000000e+03 2.861000000000000227e+02 2.569999999999999929e+01 8.601000000000000000e+03
1.161000000000000000e+03 7.210000000000000000e+03 3.360000000000000000e+02 2.560000000000000142e+01 8.580000000000000000e+03
1.218000000000000000e+03 7.162000000000000000e+03 3.223999999999999773e+02 2.550000000000000000e+01 8.539000000000000000e+03
1.181000000000000000e+03 6.996000000000000000e+03 3.050000000000000000e+02 2.660000000000000142e+01 8.553000000000000000e+03
1.206000000000000000e+03 7.141000000000000000e+03 2.738999999999999773e+02 2.760000000000000142e+01 8.554000000000000000e+03
1.246000000000000000e+03 7.147000000000000000e+03 3.108999999999999773e+02 2.750000000000000000e+01 8.498000000000000000e+03
1.179000000000000000e+03 6.903000000000000000e+03 3.083000000000000114e+02 2.719999999999999929e+01 8.595000000000000000e+03
1.192000000000000000e+03 6.977000000000000000e+03 2.476999999999999886e+02 2.600000000000000000e+01 8.585000000000000000e+03
1.234000000000000000e+03 7.202000000000000000e+03 4.198000000000000114e+02 2.610000000000000142e+01 8.513000000000000000e+03
1.177000000000000000e+03 7.018000000000000000e+03 2.836999999999999886e+02 2.750000000000000000e+01 8.586000000000000000e+03
1.237000000000000000e+03 7.026000000000000000e+03 2.566000000000000227e+02 2.800000000000000000e+01 8.562000000000000000e+03
1.247000000000000000e+03 7.251000000000000000e+03 2.390999999999999943e+02 2.430000000000000071e+01 8.492000000000000000e+03
1.196000000000000000e+03 7.148000000000000000e+03 2.883000000000000114e+02 2.519999999999999929e+01 8.565000000000000000e+03
1.167000000000000000e+03 6.820000000000000000e+03 2.891000000000000227e+02 2.760000000000000142e+01 8.606000000000000000e+03
1.193000000000000000e+03 6.965000000000000000e+03 3.338999999999999773e+02 2.610000000000000142e+01 8.550000000000000000e+03
1.237000000000000000e+03 7.187000000000000000e+03 3.123000000000000114e+02 2.969999999999999929e+01 8.504000000000000000e+03
1.204000000000000000e+03 7.046000000000000000e+03 3.016999999999999886e+02 2.800000000000000000e+01 8.576000000000000000e+03
1.293000000000000000e+03 6.970000000000000000e+03 2.695000000000000000e+02 2.700000000000000000e+01 8.470000000000000000e+03
1.186000000000000000e+03 7.061000000000000000e+03 3.045000000000000000e+02 2.580000000000000071e+01 8.560000000000000000e+03
1.228000000000000000e+03 6.533000000000000000e+03 2.554000000000000057e+02 2.910000000000000142e+01 8.518000000000000000e+03
1.269000000000000000e+03 7.142000000000000000e+03 3.033000000000000114e+02 2.639999999999999858e+01 8.479000000000000000e+03
1.277000000000000000e+03 7.074000000000000000e+03 3.303000000000000114e+02 2.580000000000000071e+01 8.456000000000000000e+03
1.190000000000000000e+03 7.151000000000000000e+03 3.475000000000000000e+02 2.530000000000000071e+01 8.599000000000000000e+03
1.216000000000000000e+03 6.822000000000000000e+03 2.846999999999999886e+02 2.819999999999999929e+01 8.561000000000000000e+03
1.269000000000000000e+03 7.285000000000000000e+03 2.695000000000000000e+02 2.889999999999999858e+01 8.470000000000000000e+03
1.217000000000000000e+03 6.957000000000000000e+03 2.578999999999999773e+02 2.650000000000000000e+01 8.522000000000000000e+03
1.199000000000000000e+03 7.221000000000000000e+03 2.903000000000000114e+02 2.450000000000000000e+01 8.568000000000000000e+03
1.224000000000000000e+03 7.206000000000000000e+03 2.343000000000000114e+02 2.610000000000000142e+01 8.534000000000000000e+03
1.233000000000000000e+03 7.012000000000000000e+03 2.658000000000000114e+02 2.600000000000000000e+01 8.530000000000000000e+03
1.247000000000000000e+03 7.125000000000000000e+03 2.818000000000000114e+02 2.919999999999999929e+01 8.495000000000000000e+03
1.244000000000000000e+03 6.982000000000000000e+03 3.356999999999999886e+02 2.719999999999999929e+01 8.545000000000000000e+03
1.152000000000000000e+03 7.135000000000000000e+03 2.835000000000000000e+02 2.489999999999999858e+01 8.575000000000000000e+03
1.273000000000000000e+03 7.088000000000000000e+03 2.348000000000000114e+02 2.489999999999999858e+01 8.497000000000000000e+03
1.238000000000000000e+03 7.211000000000000000e+03 2.470000000000000000e+02 2.660000000000000142e+01 8.491000000000000000e+03
1.223000000000000000e+03 7.069000000000000000e+03 2.755000000000000000e+02 2.700000000000000000e+01 8.535000000000000000e+03
1.227000000000000000e+03 6.821000000000000000e+03 3.870000000000000000e+02 2.760000000000000142e+01 8.519000000000000000e+03
1.210000000000000000e+03 6.936000000000000000e+03 2.535999999999999943e+02 2.969999999999999929e+01 8.562000000000000000e+03
1.212000000000000000e+03 6.691000000000000000e+03 2.591000000000000227e+02 2.810000000000000142e+01 8.558000000000000000e+03
1.254000000000000000e+03 6.999000000000000000e+03 3.240000000000000000e+02 2.719999999999999929e+01 8.483000000000000000e+03
1.258000000000000000e+03 7.107000000000000000e+03 3.830000000000000000e+02 2.610000000000000142e+01 8.521000000000000000e+03
1.231000000000000000e+03 7.116000000000000000e+03 2.950000000000000000e+02 2.939999999999999858e+01 8.547000000000000000e+03
1.241000000000000000e+03 6.957000000000000000e+03 2.773000000000000114e+02 2.580000000000000071e+01 8.504000000000000000e+03
1.225000000000000000e+03 7.299000000000000000e+03 3.308999999999999773e+02 2.430000000000000071e+01 8.553000000000000000e+03
1.176000000000000000e+03 7.080000000000000000e+03 3.263000000000000114e+02 2.869999999999999929e+01 8.590000000000000000e+03
1.204000000000000000e+03 7.145000000000000000e+03 3.286000000000000227e+02 2.460000000000000142e+01 8.562000000000000000e+03
1.217000000000000000e+03 7.201000000000000000e+03 3.096999999999999886e+02 2.689999999999999858e+01 8.552000000000000000e+03
1.259000000000000000e+03 7.149000000000000000e+03 2.548000000000000114e+02 2.950000000000000000e+01 8.527000000000000000e+03
1.249000000000000000e+03 6.851000000000000000e+03 2.195000000000000000e+02 2.569999999999999929e+01 8.521000000000000000e+03
1.239000000000000000e+03 6.859000000000000000e+03 2.613999999999999773e+02 2.619999999999999929e+01 8.513000000000000000e+03
1.255000000000000000e+03 6.964000000000000000e+03 2.746999999999999886e+02 2.810000000000000142e+01 8.510000000000000000e+03
1.252000000000000000e+03 7.254000000000000000e+03 2.450000000000000000e+02 2.600000000000000000e+01 8.480000000000000000e+03
1.211000000000000000e+03 7.030000000000000000e+03 3.151999999999999886e+02 2.739999999999999858e+01 8.549000000000000000e+03
1.182000000000000000e+03 7.014000000000000000e+03 2.836999999999999886e+02 2.610000000000000142e+01 8.586000000000000000e+03
1.203000000000000000e+03 7.069000000000000000e+03 2.320000000000000000e+02 2.650000000000000000e+01 8.521000000000000000e+03
1.179000000000000000e+03 6.986000000000000000e+03 2.803999999999999773e+02 2.869999999999999929e+01 8.567000000000000000e+03
1.202000000000000000e+03 7.114000000000000000e+03 3.203000000000000114e+02 2.719999999999999929e+01 8.525000000000000000e+03
1.198000000000000000e+03 7.166000000000000000e+03 2.606000000000000227e+02 2.830000000000000071e+01 8.580000000000000000e+03
1.233000000000000000e+03 7.070000000000000000e+03 3.090000000000000000e+02 2.560000000000000142e+01 8.522000000000000000e+03
1.245000000000000000e+03 6.985000000000000000e+03 2.891000000000000227e+02 2.660000000000000142e+01 8.510000000000000000e+03
1.243000000000000000e+03 7.076000000000000000e+03 3.150000000000000000e+02 2.350000000000000000e+01 8.526000000000000000e+03
1.224000000000000000e+03 6.867000000000000000e+03 2.940000000000000000e+02 2.750000000000000000e+01 8.541000000000000000e+03
1.220000000000000000e+03 7.062000000000000000e+03 3.300000000000000000e+02 2.800000000000000000e+01 8.562000000000000000e+03
1.239000000000000000e+03 6.922000000000000000e+03 2.968000000000000114e+02 2.630000000000000071e+01 8.491000000000000000e+03
1.185000000000000000e+03 6.913000000000000000e+03 2.688999999999999773e+02 2.719999999999999929e+01 8.588000000000000000e+03
1.216000000000000000e+03 6.980000000000000000e+03 2.565000000000000000e+02 2.450000000000000000e+01 8.516000000000000000e+03
1.173000000000000000e+03 7.154000000000000000e+03 2.940000000000000000e+02 2.730000000000000071e+01 8.574000000000000000e+03
1.249000000000000000e+03 7.059000000000000000e+03 2.835000000000000000e+02 2.760000000000000142e+01 8.523000000000000000e+03
1.204000000000000000e+03 7.181000000000000000e+03 2.415000000000000000e+02 2.550000000000000000e+01 8.566000000000000000e+03
1.214000000000000000e+03 7.058000000000000000e+03 3.016000000000000227e+02 2.869999999999999929e+01 8.559000000000000000e+03
1.172000000000000000e+03 7.104000000000000000e+03 2.910000000000000000e+02 2.860000000000000142e+01 8.594000000000000000e+03
1.224000000000000000e+03 6.958000000000000000e+03 3.921999999999999886e+02 2.639999999999999858e+01 8.524000000000000000e+03
1.215000000000000000e+03 7.011000000000000000e+03 3.960000000000000000e+02 2.810000000000000142e+01 8.537000000000000000e+03
1.187000000000000000e+03 7.075000000000000000e+03 3.180000000000000000e+02 2.639999999999999858e+01 8.537000000000000000e+03
1.216000000000000000e+03 6.841000000000000000e+03 3.328999999999999773e+02 2.700000000000000000e+01 8.542000000000000000e+03
1.220000000000000000e+03 7.094000000000000000e+03 2.683000000000000114e+02 2.800000000000000000e+01 8.533000000000000000e+03
1.212000000000000000e+03 6.829000000000000000e+03 2.868999999999999773e+02 2.910000000000000142e+01 8.539000000000000000e+03
1.165000000000000000e+03 7.116000000000000000e+03 2.520999999999999943e+02 2.750000000000000000e+01 8.563000000000000000e+03
1.161000000000000000e+03 7.043000000000000000e+03 3.120000000000000000e+02 2.760000000000000142e+01 8.587000000000000000e+03
1.213000000000000000e+03 6.964000000000000000e+03 3.510000000000000000e+02 2.680000000000000071e+01 8.561000000000000000e+03
1.243000000000000000e+03 6.866000000000000000e+03 3.608999999999999773e+02 2.750000000000000000e+01 8.514000000000000000e+03
1.233000000000000000e+03 7.010000000000000000e+03 3.126999999999999886e+02 2.769999999999999929e+01 8.519000000000000000e+03
1.211000000000000000e+03 7.071000000000000000e+03 2.401999999999999886e+02 2.789999999999999858e+01 8.560000000000000000e+03
1.232000000000000000e+03 6.891000000000000000e+03 3.141999999999999886e+02 2.769999999999999929e+01 8.548000000000000000e+03
1.232000000000000000e+03 7.111000000000000000e+03 2.485000000000000000e+02 2.550000000000000000e+01 8.530000000000000000e+03
1.282000000000000000e+03 6.906000000000000000e+03 3.231999999999999886e+02 2.650000000000000000e+01 8.438000000000000000e+03
1.288000000000000000e+03 6.785000000000000000e+03 3.235000000000000000e+02 2.550000000000000000e+01 8.488000000000000000e+03
1.235000000000000000e+03 6.869000000000000000e+03 3.100000000000000000e+02 2.600000000000000000e+01 8.499000000000000000e+03
1.230000000000000000e+03 6.877000000000000000e+03 2.896999999999999886e+02 2.810000000000000142e+01 8.560000000000000000e+03
1.185000000000000000e+03 6.833000000000000000e+03 3.248999999999999773e+02 2.989999999999999858e+01 8.567000000000000000e+03
1.243000000000000000e+03 6.814000000000000000e+03 2.866000000000000227e+02 2.800000000000000000e+01 8.508000000000000000e+03
1.216000000000000000e+03 7.154000000000000000e+03 3.190000000000000000e+02 2.660000000000000142e+01 8.541000000000000000e+03
1.233000000000000000e+03 6.912000000000000000e+03 2.595000000000000000e+02 2.739999999999999858e+01 8.520000000000000000e+03
1.217000000000000000e+03 7.043000000000000000e+03 2.688000000000000114e+02 2.780000000000000071e+01 8.533000000000000000e+03
1.194000000000000000e+03 6.798000000000000000e+03 3.178000000000000114e+02 2.650000000000000000e+01 8.576000000000000000e+03
1.233000000000000000e+03 7.219000000000000000e+03 3.078000000000000114e+02 2.719999999999999929e+01 8.533000000000000000e+03
1.201000000000000000e+03 6.744000000000000000e+03 2.768999999999999773e+02 2.700000000000000000e+01 8.540000000000000000e+03
1.237000000000000000e+03 6.903000000000000000e+03 2.424000000000000057e+02 2.450000000000000000e+01 8.518000000000000000e+03
1.191000000000000000e+03 7.262000000000000000e+03 3.198000000000000114e+02 2.730000000000000071e+01 8.565000000000000000e+03
1.212000000000000000e+03 6.957000000000000000e+03 2.559000000000000057e+02 2.710000000000000142e+01 8.555000000000000000e+03
1.260000000000000000e+03 7.287000000000000000e+03 2.791999999999999886e+02 2.560000000000000142e+01 8.501000000000000000e+03
1.201000000000000000e+03 7.003000000000000000e+03 2.425999999999999943e+02 2.689999999999999858e+01 8.570000000000000000e+03
1.242000000000000000e+03 6.963000000000000000e+03 2.521999999999999886e+02 2.760000000000000142e+01 8.505000000000000000e+03
1.223000000000000000e+03 6.981000000000000000e+03 2.536999999999999886e+02 2.689999999999999858e+01 8.544000000000000000e+03
1.280000000000000000e+03 7.118000000000000000e+03 2.976999999999999886e+02 2.400000000000000000e+01 8.492000000000000000e+03
1.226000000000000000e+03 7.329000000000000000e+03 2.656999999999999886e+02 2.400000000000000000e+01 8.520000000000000000e+03
1.241000000000000000e+03 7.087000000000000000e+03 2.418000000000000114e+02 2.850000000000000000e+01 8.499000000000000000e+03
1.239000000000000000e+03 6.915000000000000000e+03 3.365000000000000000e+02 2.739999999999999858e+01 8.528000000000000000e+03
1.169000000000000000e+03 6.860000000000000000e+03 3.465000000000000000e+02 2.489999999999999858e+01 8.596000000000000000e+03
1.213000000000000000e+03 7.153000000000000000e+03 2.723000000000000114e+02 2.680000000000000071e+01 8.546000000000000000e+03
1.246000000000000000e+03 6.949000000000000000e+03 2.666000000000000227e+02 3.069999999999999929e+01 8.520000000000000000e+03
1.181000000000000000e+03 6.821000000000000000e+03 2.871999999999999886e+02 2.830000000000000071e+01 8.544000000000000000e+03
1.175000000000000000e+03 7.125000000000000000e+03 2.986000000000000227e+02 2.669999999999999929e+01 8.564000000000000000e+03
1.217000000000000000e+03 7.179000000000000000e+03 2.666999999999999886e+02 2.489999999999999858e+01 8.526000000000000000e+03
1.242000000000000000e+03 7.047000000000000000e+03 3.131999999999999886e+02 2.680000000000000071e+01 8.523000000000000000e+03
1.236000000000000000e+03 7.033000000000000000e+03 2.515999999999999943e+02 2.750000000000000000e+01 8.536000000000000000e+03
1.211000000000000000e+03 7.267000000000000000e+03 2.905000000000000000e+02 2.769999999999999929e+01 8.542000000000000000e+03
1.218000000000000000e+03 7.099000000000000000e+03 2.603000000000000114e+02 2.450000000000000000e+01 8.506000000000000000e+03
1.170000000000000000e+03 6.971000000000000000e+03 2.373000000000000114e+02 2.989999999999999858e+01 8.562000000000000000e+03
1.258000000000000000e+03 7.003000000000000000e+03 2.711999999999999886e+02 2.569999999999999929e+01 8.518000000000000000e+03
1.238000000000000000e+03 6.973000000000000000e+03 3.026000000000000227e+02 2.680000000000000071e+01 8.510000000000000000e+03
1.236000000000000000e+03 7.335000000000000000e+03 2.581999999999999886e+02 2.510000000000000142e+01 8.513000000000000000e+03
1.225000000000000000e+03 6.918000000000000000e+03 2.646000000000000227e+02 2.410000000000000142e+01 8.537000000000000000e+03
1.198000000000000000e+03 6.919000000000000000e+03 4.235000000000000000e+02 2.750000000000000000e+01 8.577000000000000000e+03
1.273000000000000000e+03 7.075000000000000000e+03 3.650000000000000000e+02 2.669999999999999929e+01 8.503000000000000000e+03
1.242000000000000000e+03 6.928000000000000000e+03 2.616999999999999886e+02 2.910000000000000142e+01 8.515000000000000000e+03
1.287000000000000000e+03 7.203000000000000000e+03 2.280000000000000000e+02 2.539999999999999858e+01 8.464000000000000000e+03
1.214000000000000000e+03 7.171000000000000000e+03 2.743999999999999773e+02 2.339999999999999858e+01 8.550000000000000000e+03
1.212000000000000000e+03 7.129000000000000000e+03 3.103999999999999773e+02 2.650000000000000000e+01 8.531000000000000000e+03
1.213000000000000000e+03 6.937000000000000000e+03 2.833999999999999773e+02 2.939999999999999858e+01 8.553000000000000000e+03
1.220000000000000000e+03 6.972000000000000000e+03 3.088000000000000114e+02 2.860000000000000142e+01 8.559000000000000000e+03
1.150000000000000000e+03 7.163000000000000000e+03 2.636999999999999886e+02 2.500000000000000000e+01 8.582000000000000000e+03
1.217000000000000000e+03 6.961000000000000000e+03 2.365999999999999943e+02 2.700000000000000000e+01 8.533000000000000000e+03
1.168000000000000000e+03 7.039000000000000000e+03 3.433999999999999773e+02 2.600000000000000000e+01 8.618000000000000000e+03
1.231000000000000000e+03 7.148000000000000000e+03 2.725000000000000000e+02 2.550000000000000000e+01 8.521000000000000000e+03
1.197000000000000000e+03 7.260000000000000000e+03 3.218999999999999773e+02 2.560000000000000142e+01 8.564000000000000000e+03
1.242000000000000000e+03 7.213000000000000000e+03 3.273000000000000114e+02 2.769999999999999929e+01 8.523000000000000000e+03
1.157000000000000000e+03 7.100000000000000000e+03 3.045000000000000000e+02 2.839999999999999858e+01 8.591000000000000000e+03
1.216000000000000000e+03 6.999000000000000000e+03 2.485000000000000000e+02 2.539999999999999858e+01 8.538000000000000000e+03
1.202000000000000000e+03 7.154000000000000000e+03 2.701000000000000227e+02 2.500000000000000000e+01 8.566000000000000000e+03
1.247000000000000000e+03 7.081000000000000000e+03 3.511999999999999886e+02 2.689999999999999858e+01 8.506000000000000000e+03
1.181000000000000000e+03 6.969000000000000000e+03 3.283999999999999773e+02 2.719999999999999929e+01 8.547000000000000000e+03
1.174000000000000000e+03 7.237000000000000000e+03 2.525999999999999943e+02 2.480000000000000071e+01 8.592000000000000000e+03
1.208000000000000000e+03 7.126000000000000000e+03 2.706999999999999886e+02 2.550000000000000000e+01 8.537000000000000000e+03
1.159000000000000000e+03 6.936000000000000000e+03 2.495000000000000000e+02 2.630000000000000071e+01 8.627000000000000000e+03
1.260000000000000000e+03 7.069000000000000000e+03 2.786000000000000227e+02 2.830000000000000071e+01 8.504000000000000000e+03
