9.380000000000000000e+03 6.657000000000000000e+03 2.545000000000000000e+02 1.700000000000000000e+01 4.350000000000000000e+02
9.440000000000000000e+03 6.601000000000000000e+03 2.600000000000000000e+02 1.600000000000000000e+01 4.490000000000000000e+02
9.383000000000000000e+03 6.623000000000000000e+03 2.241999999999999886e+02 1.739999999999999858e+01 4.550000000000000000e+02
9.414000000000000000e+03 6.661000000000000000e+03 2.598999999999999773e+02 1.700000000000000000e+01 4.470000000000000000e+02
9.385000000000000000e+03 6.652000000000000000e+03 2.300000000000000000e+02 1.630000000000000071e+01 4.540000000000000000e+02
9.438000000000000000e+03 6.700000000000000000e+03 2.455000000000000000e+02 1.800000000000000000e+01 4.770000000000000000e+02
9.366000000000000000e+03 6.747000000000000000e+03 2.430000000000000000e+02 1.700000000000000000e+01 4.360000000000000000e+02
9.395000000000000000e+03 6.702000000000000000e+03 2.464000000000000057e+02 1.600000000000000000e+01 4.700000000000000000e+02
9.369000000000000000e+03 6.613000000000000000e+03 2.041999999999999886e+02 1.810000000000000142e+01 4.580000000000000000e+02
9.412000000000000000e+03 6.627000000000000000e+03 2.065000000000000000e+02 2.210000000000000142e+01 4.460000000000000000e+02
9.350000000000000000e+03 6.696000000000000000e+03 2.060999999999999943e+02 1.800000000000000000e+01 4.440000000000000000e+02
9.372000000000000000e+03 6.724000000000000000e+03 2.393000000000000114e+02 1.700000000000000000e+01 4.700000000000000000e+02
9.388000000000000000e+03 6.683000000000000000e+03 2.510000000000000000e+02 1.800000000000000000e+01 4.480000000000000000e+02
9.435000000000000000e+03 6.758000000000000000e+03 2.986000000000000227e+02 1.800000000000000000e+01 4.370000000000000000e+02
9.365000000000000000e+03 6.743000000000000000e+03 2.158000000000000114e+02 1.800000000000000000e+01 4.290000000000000000e+02
9.356000000000000000e+03 6.663000000000000000e+03 1.800999999999999943e+02 1.700000000000000000e+01 4.620000000000000000e+02
9.372000000000000000e+03 6.680000000000000000e+03 2.803999999999999773e+02 1.700000000000000000e+01 4.570000000000000000e+02
9.395000000000000000e+03 6.686000000000000000e+03 2.008000000000000114e+02 1.700000000000000000e+01 4.420000000000000000e+02
9.357000000000000000e+03 6.752000000000000000e+03 2.708999999999999773e+02 1.700000000000000000e+01 4.620000000000000000e+02
9.418000000000000000e+03 6.728000000000000000e+03 3.068999999999999773e+02 1.700000000000000000e+01 4.490000000000000000e+02
9.406000000000000000e+03 6.697000000000000000e+03 2.025999999999999943e+02 1.900000000000000000e+01 4.570000000000000000e+02
9.407000000000000000e+03 6.691000000000000000e+03 2.369000000000000057e+02 1.900000000000000000e+01 4.270000000000000000e+02
9.401000000000000000e+03 6.791000000000000000e+03 2.736000000000000227e+02 1.700000000000000000e+01 4.500000000000000000e+02
9.353000000000000000e+03 6.644000000000000000e+03 2.601999999999999886e+02 1.900000000000000000e+01 4.430000000000000000e+02
9.345000000000000000e+03 6.623000000000000000e+03 2.706999999999999886e+02 1.900000000000000000e+01 4.530000000000000000e+02
9.368000000000000000e+03 6.725000000000000000e+03 1.930999999999999943e+02 1.700000000000000000e+01 4.660000000000000000e+02
9.404000000000000000e+03 6.798000000000000000e+03 2.146999999999999886e+02 1.900000000000000000e+01 4.320000000000000000e+02
9.376000000000000000e+03 6.737000000000000000e+03 2.190000000000000000e+02 1.900000000000000000e+01 4.710000000000000000e+02
9.389000000000000000e+03 6.643000000000000000e+03 4.581000000000000227e+02 1.700000000000000000e+01 4.500000000000000000e+02
9.366000000000000000e+03 6.584000000000000000e+03 2.360000000000000000e+02 1.900000000000000000e+01 4.230000000000000000e+02
9.375000000000000000e+03 6.664000000000000000e+03 1.930000000000000000e+02 1.800000000000000000e+01 4.480000000000000000e+02
9.418000000000000000e+03 6.719000000000000000e+03 2.190000000000000000e+02 1.900000000000000000e+01 4.690000000000000000e+02
9.389000000000000000e+03 6.691000000000000000e+03 2.165999999999999943e+02 1.700000000000000000e+01 4.470000000000000000e+02
9.363000000000000000e+03 6.667000000000000000e+03 2.848000000000000114e+02 1.540000000000000036e+01 4.600000000000000000e+02
9.358000000000000000e+03 6.650000000000000000e+03 2.501999999999999886e+02 1.700000000000000000e+01 4.470000000000000000e+02
9.351000000000000000e+03 6.772000000000000000e+03 2.606000000000000227e+02 1.600000000000000000e+01 4.520000000000000000e+02
9.399000000000000000e+03 6.660000000000000000e+03 2.020000000000000000e+02 1.600000000000000000e+01 4.360000000000000000e+02
9.398000000000000000e+03 6.703000000000000000e+03 2.360999999999999943e+02 1.810000000000000142e+01 4.510000000000000000e+02
9.370000000000000000e+03 6.661000000000000000e+03 1.800000000000000000e+02 1.739999999999999858e+01 4.480000000000000000e+02
9.402000000000000000e+03 6.644000000000000000e+03 2.340000000000000000e+02 1.700000000000000000e+01 4.430000000000000000e+02
9.388000000000000000e+03 6.727000000000000000e+03 2.430000000000000000e+02 1.730000000000000071e+01 4.320000000000000000e+02
9.384000000000000000e+03 6.626000000000000000e+03 2.100000000000000000e+02 1.700000000000000000e+01 4.210000000000000000e+02
9.405000000000000000e+03 6.800000000000000000e+03 2.673000000000000114e+02 1.600000000000000000e+01 4.660000000000000000e+02
9.374000000000000000e+03 6.738000000000000000e+03 1.960999999999999943e+02 1.800000000000000000e+01 4.730000000000000000e+02
9.389000000000000000e+03 6.710000000000000000e+03 2.354000000000000057e+02 1.710000000000000142e+01 4.220000000000000000e+02
9.424000000000000000e+03 6.691000000000000000e+03 2.383000000000000114e+02 1.919999999999999929e+01 4.500000000000000000e+02
9.393000000000000000e+03 6.707000000000000000e+03 2.266999999999999886e+02 1.900000000000000000e+01 4.170000000000000000e+02
9.366000000000000000e+03 6.751000000000000000e+03 2.568000000000000114e+02 1.800000000000000000e+01 4.740000000000000000e+02
9.358000000000000000e+03 6.687000000000000000e+03 2.488000000000000114e+02 1.700000000000000000e+01 4.630000000000000000e+02
9.349000000000000000e+03 6.656000000000000000e+03 2.111999999999999886e+02 1.700000000000000000e+01 4.510000000000000000e+02
9.401000000000000000e+03 6.692000000000000000e+03 2.343000000000000114e+02 1.800000000000000000e+01 4.520000000000000000e+02
9.411000000000000000e+03 6.708000000000000000e+03 2.358000000000000114e+02 1.800000000000000000e+01 4.450000000000000000e+02
9.396000000000000000e+03 6.652000000000000000e+03 2.761000000000000227e+02 1.800000000000000000e+01 4.240000000000000000e+02
9.411000000000000000e+03 6.724000000000000000e+03 2.186999999999999886e+02 1.719999999999999929e+01 4.330000000000000000e+02
9.379000000000000000e+03 6.674000000000000000e+03 2.385999999999999943e+02 1.700000000000000000e+01 4.660000000000000000e+02
9.382000000000000000e+03 6.750000000000000000e+03 2.285000000000000000e+02 1.800000000000000000e+01 4.470000000000000000e+02
9.394000000000000000e+03 6.618000000000000000e+03 2.710000000000000000e+02 1.710000000000000142e+01 4.370000000000000000e+02
9.413000000000000000e+03 6.622000000000000000e+03 2.483000000000000114e+02 1.600000000000000000e+01 4.340000000000000000e+02
9.380000000000000000e+03 6.608000000000000000e+03 2.131999999999999886e+02 1.800000000000000000e+01 4.360000000000000000e+02
9.362000000000000000e+03 6.723000000000000000e+03 2.169000000000000057e+02 1.800000000000000000e+01 4.600000000000000000e+02
9.400000000000000000e+03 6.598000000000000000e+03 2.868000000000000114e+02 1.710000000000000142e+01 4.130000000000000000e+02
9.352000000000000000e+03 6.692000000000000000e+03 2.245999999999999943e+02 1.719999999999999929e+01 4.430000000000000000e+02
9.398000000000000000e+03 6.599000000000000000e+03 2.621000000000000227e+02 1.800000000000000000e+01 4.430000000000000000e+02
9.355000000000000000e+03 6.798000000000000000e+03 2.568999999999999773e+02 1.630000000000000071e+01 4.140000000000000000e+02
9.405000000000000000e+03 6.798000000000000000e+03 3.231999999999999886e+02 1.700000000000000000e+01 4.490000000000000000e+02
9.411000000000000000e+03 6.628000000000000000e+03 2.251999999999999886e+02 1.619999999999999929e+01 4.360000000000000000e+02
9.374000000000000000e+03 6.713000000000000000e+03 3.493999999999999773e+02 1.700000000000000000e+01 4.310000000000000000e+02
9.400000000000000000e+03 6.707000000000000000e+03 2.170999999999999943e+02 1.730000000000000071e+01 4.590000000000000000e+02
9.382000000000000000e+03 6.663000000000000000e+03 2.230000000000000000e+02 1.900000000000000000e+01 4.190000000000000000e+02
9.394000000000000000e+03 6.687000000000000000e+03 2.395000000000000000e+02 1.700000000000000000e+01 4.550000000000000000e+02
9.399000000000000000e+03 6.714000000000000000e+03 2.240000000000000000e+02 1.610000000000000142e+01 4.490000000000000000e+02
9.393000000000000000e+03 6.715000000000000000e+03 3.331999999999999886e+02 1.700000000000000000e+01 4.940000000000000000e+02
9.376000000000000000e+03 6.708000000000000000e+03 2.991000000000000227e+02 1.800000000000000000e+01 4.490000000000000000e+02
9.377000000000000000e+03 6.720000000000000000e+03 1.839000000000000057e+02 1.700000000000000000e+01 4.420000000000000000e+02
9.400000000000000000e+03 6.757000000000000000e+03 4.076000000000000227e+02 1.700000000000000000e+01 4.380000000000000000e+02
9.424000000000000000e+03 6.693000000000000000e+03 1.883000000000000114e+02 1.700000000000000000e+01 4.440000000000000000e+02
9.373000000000000000e+03 6.685000000000000000e+03 2.621999999999999886e+02 1.710000000000000142e+01 4.370000000000000000e+02
9.404000000000000000e+03 6.605000000000000000e+03 2.785000000000000000e+02 1.719999999999999929e+01 4.700000000000000000e+02
9.379000000000000000e+03 6.656000000000000000e+03 2.374000000000000057e+02 1.700000000000000000e+01 4.330000000000000000e+02
9.366000000000000000e+03 6.721000000000000000e+03 2.305999999999999943e+02 1.700000000000000000e+01 4.630000000000000000e+02
9.374000000000000000e+03 6.779000000000000000e+03 1.841999999999999886e+02 1.700000000000000000e+01 4.260000000000000000e+02
9.380000000000000000e+03 6.646000000000000000e+03 2.721000000000000227e+02 1.900000000000000000e+01 4.130000000000000000e+02
9.339000000000000000e+03 6.666000000000000000e+03 1.914000000000000057e+02 1.800000000000000000e+01 4.630000000000000000e+02
9.391000000000000000e+03 6.657000000000000000e+03 2.195000000000000000e+02 1.819999999999999929e+01 4.490000000000000000e+02
9.409000000000000000e+03 6.709000000000000000e+03 1.915999999999999943e+02 1.700000000000000000e+01 4.350000000000000000e+02
9.341000000000000000e+03 6.672000000000000000e+03 2.593000000000000114e+02 1.700000000000000000e+01 4.370000000000000000e+02
9.403000000000000000e+03 6.780000000000000000e+03 2.551999999999999886e+02 1.700000000000000000e+01 4.310000000000000000e+02
9.408000000000000000e+03 6.698000000000000000e+03 3.235000000000000000e+02 1.900000000000000000e+01 4.470000000000000000e+02
9.409000000000000000e+03 6.670000000000000000e+03 3.093000000000000114e+02 1.810000000000000142e+01 4.440000000000000000e+02
9.390000000000000000e+03 6.767000000000000000e+03 2.470999999999999943e+02 1.600000000000000000e+01 4.410000000000000000e+02
9.367000000000000000e+03 6.738000000000000000e+03 2.248000000000000114e+02 1.700000000000000000e+01 4.610000000000000000e+02
9.384000000000000000e+03 6.646000000000000000e+03 1.941999999999999886e+02 1.730000000000000071e+01 4.630000000000000000e+02
9.409000000000000000e+03 6.745000000000000000e+03 2.135000000000000000e+02 1.600000000000000000e+01 4.330000000000000000e+02
9.379000000000000000e+03 6.765000000000000000e+03 1.780000000000000000e+02 1.700000000000000000e+01 4.420000000000000000e+02
9.399000000000000000e+03 6.723000000000000000e+03 2.300000000000000000e+02 1.700000000000000000e+01 4.440000000000000000e+02
9.389000000000000000e+03 6.734000000000000000e+03 2.911000000000000227e+02 1.700000000000000000e+01 4.290000000000000000e+02
9.390000000000000000e+03 6.578000000000000000e+03 2.860000000000000000e+02 1.600000000000000000e+01 4.600000000000000000e+02
9.379000000000000000e+03 6.653000000000000000e+03 2.781000000000000227e+02 1.950000000000000000e+01 4.600000000000000000e+02
9.364000000000000000e+03 6.615000000000000000e+03 2.210000000000000000e+02 1.800000000000000000e+01 4.530000000000000000e+02
9.360000000000000000e+03 6.733000000000000000e+03 2.181999999999999886e+02 1.710000000000000142e+01 4.450000000000000000e+02
9.415000000000000000e+03 6.788000000000000000e+03 2.791000000000000227e+02 2.000000000000000000e+01 4.790000000000000000e+02
9.357000000000000000e+03 6.727000000000000000e+03 2.623999999999999773e+02 1.700000000000000000e+01 4.110000000000000000e+02
9.376000000000000000e+03 6.673000000000000000e+03 2.544000000000000057e+02 1.800000000000000000e+01 4.450000000000000000e+02
9.394000000000000000e+03 6.692000000000000000e+03 2.180000000000000000e+02 1.900000000000000000e+01 4.420000000000000000e+02
9.380000000000000000e+03 6.568000000000000000e+03 3.636000000000000227e+02 1.800000000000000000e+01 4.560000000000000000e+02
9.364000000000000000e+03 6.655000000000000000e+03 2.628999999999999773e+02 1.900000000000000000e+01 4.510000000000000000e+02
9.381000000000000000e+03 6.837000000000000000e+03 2.313000000000000114e+02 1.710000000000000142e+01 4.680000000000000000e+02
9.367000000000000000e+03 6.835000000000000000e+03 2.185999999999999943e+02 1.600000000000000000e+01 4.610000000000000000e+02
9.336000000000000000e+03 6.661000000000000000e+03 2.251999999999999886e+02 2.010000000000000142e+01 4.810000000000000000e+02
9.395000000000000000e+03 6.711000000000000000e+03 2.489000000000000057e+02 2.000000000000000000e+01 4.630000000000000000e+02
9.374000000000000000e+03 6.770000000000000000e+03 2.285999999999999943e+02 1.619999999999999929e+01 4.510000000000000000e+02
9.379000000000000000e+03 6.676000000000000000e+03 2.726999999999999886e+02 1.700000000000000000e+01 4.180000000000000000e+02
9.391000000000000000e+03 6.752000000000000000e+03 3.306999999999999886e+02 1.700000000000000000e+01 4.430000000000000000e+02
9.404000000000000000e+03 6.761000000000000000e+03 3.415000000000000000e+02 1.700000000000000000e+01 4.260000000000000000e+02
9.344000000000000000e+03 6.693000000000000000e+03 2.491999999999999886e+02 1.910000000000000142e+01 4.590000000000000000e+02
9.353000000000000000e+03 6.716000000000000000e+03 2.105999999999999943e+02 1.810000000000000142e+01 4.810000000000000000e+02
9.406000000000000000e+03 6.670000000000000000e+03 2.510000000000000000e+02 1.800000000000000000e+01 4.800000000000000000e+02
9.381000000000000000e+03 6.594000000000000000e+03 2.389000000000000057e+02 1.700000000000000000e+01 4.490000000000000000e+02
9.411000000000000000e+03 6.669000000000000000e+03 2.266999999999999886e+02 1.610000000000000142e+01 4.500000000000000000e+02
9.433000000000000000e+03 6.657000000000000000e+03 2.711000000000000227e+02 1.810000000000000142e+01 4.210000000000000000e+02
9.427000000000000000e+03 6.661000000000000000e+03 2.656000000000000227e+02 1.639999999999999858e+01 4.420000000000000000e+02
9.377000000000000000e+03 6.775000000000000000e+03 2.580000000000000000e+02 1.800000000000000000e+01 4.540000000000000000e+02
9.350000000000000000e+03 6.649000000000000000e+03 2.294000000000000057e+02 1.700000000000000000e+01 4.260000000000000000e+02
9.407000000000000000e+03 6.751000000000000000e+03 2.886000000000000227e+02 1.610000000000000142e+01 4.840000000000000000e+02
9.409000000000000000e+03 6.678000000000000000e+03 2.425000000000000000e+02 1.700000000000000000e+01 4.160000000000000000e+02
9.395000000000000000e+03 6.668000000000000000e+03 2.366999999999999886e+02 1.700000000000000000e+01 4.470000000000000000e+02
9.375000000000000000e+03 6.799000000000000000e+03 2.638000000000000114e+02 1.900000000000000000e+01 4.330000000000000000e+02
9.402000000000000000e+03 6.695000000000000000e+03 2.441999999999999886e+02 1.800000000000000000e+01 4.310000000000000000e+02
9.389000000000000000e+03 6.692000000000000000e+03 1.965999999999999943e+02 1.919999999999999929e+01 4.510000000000000000e+02
9.394000000000000000e+03 6.770000000000000000e+03 2.006999999999999886e+02 1.700000000000000000e+01 4.390000000000000000e+02
9.409000000000000000e+03 6.765000000000000000e+03 1.886999999999999886e+02 1.700000000000000000e+01 4.570000000000000000e+02
9.363000000000000000e+03 6.605000000000000000e+03 2.116999999999999886e+02 1.619999999999999929e+01 4.570000000000000000e+02
9.361000000000000000e+03 6.727000000000000000e+03 2.359000000000000057e+02 1.900000000000000000e+01 4.330000000000000000e+02
9.400000000000000000e+03 6.722000000000000000e+03 3.573000000000000114e+02 1.730000000000000071e+01 4.460000000000000000e+02
9.365000000000000000e+03 6.664000000000000000e+03 3.235000000000000000e+02 1.739999999999999858e+01 4.460000000000000000e+02
9.391000000000000000e+03 6.754000000000000000e+03 2.671000000000000227e+02 1.700000000000000000e+01 4.810000000000000000e+02
9.378000000000000000e+03 6.708000000000000000e+03 2.436999999999999886e+02 1.619999999999999929e+01 4.150000000000000000e+02
9.381000000000000000e+03 6.699000000000000000e+03 2.673000000000000114e+02 1.700000000000000000e+01 4.680000000000000000e+02
9.370000000000000000e+03 6.690000000000000000e+03 2.611000000000000227e+02 1.700000000000000000e+01 4.420000000000000000e+02
9.410000000000000000e+03 6.723000000000000000e+03 2.353000000000000114e+02 1.700000000000000000e+01 4.540000000000000000e+02
9.382000000000000000e+03 6.643000000000000000e+03 2.058000000000000114e+02 1.800000000000000000e+01 4.500000000000000000e+02
9.423000000000000000e+03 6.722000000000000000e+03 2.798999999999999773e+02 1.600000000000000000e+01 4.540000000000000000e+02
9.457000000000000000e+03 6.684000000000000000e+03 2.278000000000000114e+02 1.800000000000000000e+01 4.350000000000000000e+02
9.392000000000000000e+03 6.744000000000000000e+03 2.458000000000000114e+02 1.600000000000000000e+01 4.520000000000000000e+02
3.000000000000000000e+00 3.000000000000000000e+00 1.600000000000000089e+00 0.000000000000000000e+00 0.000000000000000000e+00
9.385000000000000000e+03 6.792000000000000000e+03 2.215000000000000000e+02 1.900000000000000000e+01 4.550000000000000000e+02
9.410000000000000000e+03 6.673000000000000000e+03 2.385999999999999943e+02 1.830000000000000071e+01 4.530000000000000000e+02
9.359000000000000000e+03 6.724000000000000000e+03 3.246999999999999886e+02 1.700000000000000000e+01 4.520000000000000000e+02
9.401000000000000000e+03 6.684000000000000000e+03 2.213000000000000114e+02 1.800000000000000000e+01 4.570000000000000000e+02
9.384000000000000000e+03 6.661000000000000000e+03 2.216999999999999886e+02 1.600000000000000000e+01 4.340000000000000000e+02
9.356000000000000000e+03 6.774000000000000000e+03 2.915000000000000000e+02 1.700000000000000000e+01 4.260000000000000000e+02
9.366000000000000000e+03 6.657000000000000000e+03 2.608999999999999773e+02 1.900000000000000000e+01 4.360000000000000000e+02
9.351000000000000000e+03 6.721000000000000000e+03 2.005999999999999943e+02 1.700000000000000000e+01 4.270000000000000000e+02
9.390000000000000000e+03 6.765000000000000000e+03 2.355999999999999943e+02 1.830000000000000071e+01 4.690000000000000000e+02
9.375000000000000000e+03 6.691000000000000000e+03 2.746000000000000227e+02 2.160000000000000142e+01 4.450000000000000000e+02
9.417000000000000000e+03 6.665000000000000000e+03 2.225000000000000000e+02 1.810000000000000142e+01 4.440000000000000000e+02
9.377000000000000000e+03 6.790000000000000000e+03 2.439000000000000057e+02 1.810000000000000142e+01 4.540000000000000000e+02
9.388000000000000000e+03 6.664000000000000000e+03 2.591000000000000227e+02 1.900000000000000000e+01 4.330000000000000000e+02
9.342000000000000000e+03 6.694000000000000000e+03 1.720999999999999943e+02 1.800000000000000000e+01 4.420000000000000000e+02
9.364000000000000000e+03 6.712000000000000000e+03 2.224000000000000057e+02 1.800000000000000000e+01 4.680000000000000000e+02
9.407000000000000000e+03 6.720000000000000000e+03 2.388000000000000114e+02 1.710000000000000142e+01 4.480000000000000000e+02
9.421000000000000000e+03 6.739000000000000000e+03 2.830000000000000000e+02 1.600000000000000000e+01 4.580000000000000000e+02
9.373000000000000000e+03 6.671000000000000000e+03 2.230000000000000000e+02 1.719999999999999929e+01 4.580000000000000000e+02
9.399000000000000000e+03 6.577000000000000000e+03 2.469000000000000057e+02 1.600000000000000000e+01 4.750000000000000000e+02
9.418000000000000000e+03 6.734000000000000000e+03 2.896999999999999886e+02 2.300000000000000000e+01 4.510000000000000000e+02
9.332000000000000000e+03 6.724000000000000000e+03 2.593000000000000114e+02 1.900000000000000000e+01 4.250000000000000000e+02
9.331000000000000000e+03 6.705000000000000000e+03 3.216999999999999886e+02 1.600000000000000000e+01 4.710000000000000000e+02
9.406000000000000000e+03 6.592000000000000000e+03 2.500999999999999943e+02 1.739999999999999858e+01 4.480000000000000000e+02
9.370000000000000000e+03 6.697000000000000000e+03 2.350000000000000000e+02 1.800000000000000000e+01 4.500000000000000000e+02
9.404000000000000000e+03 6.671000000000000000e+03 2.174000000000000057e+02 1.700000000000000000e+01 4.580000000000000000e+02
9.414000000000000000e+03 6.644000000000000000e+03 2.423000000000000114e+02 1.700000000000000000e+01 4.360000000000000000e+02
9.355000000000000000e+03 6.657000000000000000e+03 2.461999999999999886e+02 1.800000000000000000e+01 4.420000000000000000e+02
9.374000000000000000e+03 6.693000000000000000e+03 2.650000000000000000e+02 1.730000000000000071e+01 4.480000000000000000e+02
9.378000000000000000e+03 6.647000000000000000e+03 1.850000000000000000e+02 1.600000000000000000e+01 4.240000000000000000e+02
9.389000000000000000e+03 6.710000000000000000e+03 2.479000000000000057e+02 1.800000000000000000e+01 4.330000000000000000e+02
9.374000000000000000e+03 6.601000000000000000e+03 2.410999999999999943e+02 1.900000000000000000e+01 4.430000000000000000e+02
9.373000000000000000e+03 6.682000000000000000e+03 3.310000000000000000e+02 1.800000000000000000e+01 4.280000000000000000e+02
9.364000000000000000e+03 6.771000000000000000e+03 2.731000000000000227e+02 2.000000000000000000e+01 4.570000000000000000e+02
9.367000000000000000e+03 6.661000000000000000e+03 2.269000000000000057e+02 1.800000000000000000e+01 4.470000000000000000e+02
9.385000000000000000e+03 6.735000000000000000e+03 1.963000000000000114e+02 1.700000000000000000e+01 4.430000000000000000e+02
9.407000000000000000e+03 6.675000000000000000e+03 2.540999999999999943e+02 1.600000000000000000e+01 4.560000000000000000e+02
9.310000000000000000e+03 6.693000000000000000e+03 2.084000000000000057e+02 1.630000000000000071e+01 4.550000000000000000e+02
9.452000000000000000e+03 6.771000000000000000e+03 2.470000000000000000e+02 1.700000000000000000e+01 4.360000000000000000e+02
9.420000000000000000e+03 6.739000000000000000e+03 2.861999999999999886e+02 1.600000000000000000e+01 4.290000000000000000e+02
9.395000000000000000e+03 6.800000000000000000e+03 2.393000000000000114e+02 1.700000000000000000e+01 4.630000000000000000e+02
9.364000000000000000e+03 6.638000000000000000e+03 2.736999999999999886e+02 1.619999999999999929e+01 4.640000000000000000e+02
9.396000000000000000e+03 6.776000000000000000e+03 2.456999999999999886e+02 1.619999999999999929e+01 4.360000000000000000e+02
9.364000000000000000e+03 6.736000000000000000e+03 2.174000000000000057e+02 1.710000000000000142e+01 4.450000000000000000e+02
9.377000000000000000e+03 6.646000000000000000e+03 2.800000000000000000e+02 1.800000000000000000e+01 4.560000000000000000e+02
9.385000000000000000e+03 6.766000000000000000e+03 2.545000000000000000e+02 1.800000000000000000e+01 4.740000000000000000e+02
9.409000000000000000e+03 6.697000000000000000e+03 2.135999999999999943e+02 1.800000000000000000e+01 4.190000000000000000e+02
9.372000000000000000e+03 6.606000000000000000e+03 2.069000000000000057e+02 1.800000000000000000e+01 4.690000000000000000e+02
9.411000000000000000e+03 6.679000000000000000e+03 3.220000000000000000e+02 1.800000000000000000e+01 4.580000000000000000e+02
9.359000000000000000e+03 6.621000000000000000e+03 2.014000000000000057e+02 1.800000000000000000e+01 4.460000000000000000e+02
9.391000000000000000e+03 6.653000000000000000e+03 2.226999999999999886e+02 1.700000000000000000e+01 4.310000000000000000e+02
9.395000000000000000e+03 6.719000000000000000e+03 2.763999999999999773e+02 1.700000000000000000e+01 4.210000000000000000e+02
9.398000000000000000e+03 6.638000000000000000e+03 2.975000000000000000e+02 1.600000000000000000e+01 4.410000000000000000e+02
9.412000000000000000e+03 6.733000000000000000e+03 2.390999999999999943e+02 1.700000000000000000e+01 4.730000000000000000e+02
9.382000000000000000e+03 6.763000000000000000e+03 2.165999999999999943e+02 1.700000000000000000e+01 4.520000000000000000e+02
9.380000000000000000e+03 6.713000000000000000e+03 2.075999999999999943e+02 1.600000000000000000e+01 4.420000000000000000e+02
9.364000000000000000e+03 6.603000000000000000e+03 1.884000000000000057e+02 1.939999999999999858e+01 4.550000000000000000e+02
9.343000000000000000e+03 6.772000000000000000e+03 1.806999999999999886e+02 1.719999999999999929e+01 4.310000000000000000e+02
9.412000000000000000e+03 6.683000000000000000e+03 2.168000000000000114e+02 1.730000000000000071e+01 4.530000000000000000e+02
9.388000000000000000e+03 6.673000000000000000e+03 2.160999999999999943e+02 1.730000000000000071e+01 4.380000000000000000e+02
9.429000000000000000e+03 6.809000000000000000e+03 3.323000000000000114e+02 1.619999999999999929e+01 4.340000000000000000e+02
9.407000000000000000e+03 6.627000000000000000e+03 2.065000000000000000e+02 1.700000000000000000e+01 4.290000000000000000e+02
9.421000000000000000e+03 6.748000000000000000e+03 2.630000000000000000e+02 1.600000000000000000e+01 4.660000000000000000e+02
9.410000000000000000e+03 6.818000000000000000e+03 2.750000000000000000e+02 1.600000000000000000e+01 4.480000000000000000e+02
9.402000000000000000e+03 6.773000000000000000e+03 2.539000000000000057e+02 1.900000000000000000e+01 4.180000000000000000e+02
9.359000000000000000e+03 6.754000000000000000e+03 1.933000000000000114e+02 1.900000000000000000e+01 4.430000000000000000e+02
9.379000000000000000e+03 6.760000000000000000e+03 2.743000000000000114e+02 1.600000000000000000e+01 4.440000000000000000e+02
9.431000000000000000e+03 6.693000000000000000e+03 2.621999999999999886e+02 1.950000000000000000e+01 4.710000000000000000e+02
9.393000000000000000e+03 6.660000000000000000e+03 2.585000000000000000e+02 1.710000000000000142e+01 4.630000000000000000e+02
9.397000000000000000e+03 6.738000000000000000e+03 2.828999999999999773e+02 1.710000000000000142e+01 4.420000000000000000e+02
9.390000000000000000e+03 6.605000000000000000e+03 2.626000000000000227e+02 1.800000000000000000e+01 4.320000000000000000e+02
9.375000000000000000e+03 6.727000000000000000e+03 1.781999999999999886e+02 1.800000000000000000e+01 4.500000000000000000e+02
9.373000000000000000e+03 6.744000000000000000e+03 2.240999999999999943e+02 1.610000000000000142e+01 4.190000000000000000e+02
9.408000000000000000e+03 6.793000000000000000e+03 2.169000000000000057e+02 1.900000000000000000e+01 4.750000000000000000e+02
9.403000000000000000e+03 6.729000000000000000e+03 2.803999999999999773e+02 1.800000000000000000e+01 4.100000000000000000e+02
9.394000000000000000e+03 6.751000000000000000e+03 2.153000000000000114e+02 1.810000000000000142e+01 4.410000000000000000e+02
9.347000000000000000e+03 6.665000000000000000e+03 2.535000000000000000e+02 1.700000000000000000e+01 4.430000000000000000e+02
9.391000000000000000e+03 6.650000000000000000e+03 2.190000000000000000e+02 1.830000000000000071e+01 4.480000000000000000e+02
9.392000000000000000e+03 6.560000000000000000e+03 2.135000000000000000e+02 1.719999999999999929e+01 4.500000000000000000e+02
9.380000000000000000e+03 6.699000000000000000e+03 2.610000000000000000e+02 1.900000000000000000e+01 4.430000000000000000e+02
9.412000000000000000e+03 6.662000000000000000e+03 2.998999999999999773e+02 1.800000000000000000e+01 4.510000000000000000e+02
9.364000000000000000e+03 6.713000000000000000e+03 2.888999999999999773e+02 1.819999999999999929e+01 4.650000000000000000e+02
9.386000000000000000e+03 6.787000000000000000e+03 2.765000000000000000e+02 1.610000000000000142e+01 4.550000000000000000e+02
9.387000000000000000e+03 6.729000000000000000e+03 2.130999999999999943e+02 1.710000000000000142e+01 4.290000000000000000e+02
9.365000000000000000e+03 6.662000000000000000e+03 2.038000000000000114e+02 1.700000000000000000e+01 4.490000000000000000e+02
9.359000000000000000e+03 6.734000000000000000e+03 2.226999999999999886e+02 1.800000000000000000e+01 4.270000000000000000e+02
9.424000000000000000e+03 6.666000000000000000e+03 1.956999999999999886e+02 1.800000000000000000e+01 4.590000000000000000e+02
9.394000000000000000e+03 6.714000000000000000e+03 2.235999999999999943e+02 1.600000000000000000e+01 4.260000000000000000e+02
9.350000000000000000e+03 6.696000000000000000e+03 2.280999999999999943e+02 1.700000000000000000e+01 4.330000000000000000e+02
9.398000000000000000e+03 6.697000000000000000e+03 2.529000000000000057e+02 1.700000000000000000e+01 4.300000000000000000e+02
9.388000000000000000e+03 6.782000000000000000e+03 2.151999999999999886e+02 1.600000000000000000e+01 4.200000000000000000e+02
9.358000000000000000e+03 6.790000000000000000e+03 2.683999999999999773e+02 1.519999999999999929e+01 4.320000000000000000e+02
9.341000000000000000e+03 6.788000000000000000e+03 1.913000000000000114e+02 1.700000000000000000e+01 4.440000000000000000e+02
9.372000000000000000e+03 6.754000000000000000e+03 2.180999999999999943e+02 1.700000000000000000e+01 4.300000000000000000e+02
9.389000000000000000e+03 6.815000000000000000e+03 2.345000000000000000e+02 1.900000000000000000e+01 4.670000000000000000e+02
9.395000000000000000e+03 6.774000000000000000e+03 2.036999999999999886e+02 1.800000000000000000e+01 4.630000000000000000e+02
9.384000000000000000e+03 6.705000000000000000e+03 2.404000000000000057e+02 1.800000000000000000e+01 4.450000000000000000e+02
9.420000000000000000e+03 6.738000000000000000e+03 2.830000000000000000e+02 1.719999999999999929e+01 4.100000000000000000e+02
9.373000000000000000e+03 6.669000000000000000e+03 2.011999999999999886e+02 2.000000000000000000e+01 4.390000000000000000e+02
9.362000000000000000e+03 6.640000000000000000e+03 2.411999999999999886e+02 1.800000000000000000e+01 4.450000000000000000e+02
9.367000000000000000e+03 6.702000000000000000e+03 2.355000000000000000e+02 1.700000000000000000e+01 4.410000000000000000e+02
9.394000000000000000e+03 6.737000000000000000e+03 2.115999999999999943e+02 1.800000000000000000e+01 4.320000000000000000e+02
9.367000000000000000e+03 6.679000000000000000e+03 2.431999999999999886e+02 1.700000000000000000e+01 4.800000000000000000e+02
9.392000000000000000e+03 6.607000000000000000e+03 2.658999999999999773e+02 1.700000000000000000e+01 4.340000000000000000e+02
9.424000000000000000e+03 6.561000000000000000e+03 2.456999999999999886e+02 1.700000000000000000e+01 4.490000000000000000e+02
9.389000000000000000e+03 6.712000000000000000e+03 2.449000000000000057e+02 1.600000000000000000e+01 4.590000000000000000e+02
