8.963000000000000000e+03 9.006000000000000000e+03 1.015899999999999977e+03 1.059999999999999964e+01 2.890000000000000000e+02
8.907000000000000000e+03 8.936000000000000000e+03 1.001700000000000045e+03 1.140000000000000036e+01 3.100000000000000000e+02
8.937000000000000000e+03 8.914000000000000000e+03 7.997999999999999545e+02 1.090000000000000036e+01 3.140000000000000000e+02
8.965000000000000000e+03 8.899000000000000000e+03 8.697000000000000455e+02 1.109999999999999964e+01 2.970000000000000000e+02
8.990000000000000000e+03 8.954000000000000000e+03 8.210000000000000000e+02 1.009999999999999964e+01 3.150000000000000000e+02
8.989000000000000000e+03 9.089000000000000000e+03 6.796000000000000227e+02 1.009999999999999964e+01 3.060000000000000000e+02
8.980000000000000000e+03 8.993000000000000000e+03 1.005399999999999977e+03 1.069999999999999929e+01 3.080000000000000000e+02
8.955000000000000000e+03 9.029000000000000000e+03 7.587999999999999545e+02 1.059999999999999964e+01 2.950000000000000000e+02
9.018000000000000000e+03 8.958000000000000000e+03 1.041700000000000045e+03 1.000000000000000000e+01 2.980000000000000000e+02
8.988000000000000000e+03 8.962000000000000000e+03 9.948999999999999773e+02 1.069999999999999929e+01 2.910000000000000000e+02
8.971000000000000000e+03 8.967000000000000000e+03 1.175799999999999955e+03 1.030000000000000071e+01 3.070000000000000000e+02
8.961000000000000000e+03 9.011000000000000000e+03 8.987999999999999545e+02 1.059999999999999964e+01 2.870000000000000000e+02
8.971000000000000000e+03 9.067000000000000000e+03 1.210400000000000091e+03 1.040000000000000036e+01 2.930000000000000000e+02
8.978000000000000000e+03 8.915000000000000000e+03 8.382999999999999545e+02 1.059999999999999964e+01 2.980000000000000000e+02
8.958000000000000000e+03 8.978000000000000000e+03 8.752999999999999545e+02 1.019999999999999929e+01 2.920000000000000000e+02
8.985000000000000000e+03 8.950000000000000000e+03 8.641000000000000227e+02 1.109999999999999964e+01 2.950000000000000000e+02
8.938000000000000000e+03 8.939000000000000000e+03 1.609900000000000091e+03 1.000000000000000000e+01 2.900000000000000000e+02
8.939000000000000000e+03 9.045000000000000000e+03 1.032000000000000000e+03 1.019999999999999929e+01 3.190000000000000000e+02
8.931000000000000000e+03 8.942000000000000000e+03 1.102799999999999955e+03 1.009999999999999964e+01 2.840000000000000000e+02
8.938000000000000000e+03 8.919000000000000000e+03 9.476000000000000227e+02 1.090000000000000036e+01 2.900000000000000000e+02
8.969000000000000000e+03 9.030000000000000000e+03 1.157799999999999955e+03 1.069999999999999929e+01 3.080000000000000000e+02
8.969000000000000000e+03 8.939000000000000000e+03 7.998999999999999773e+02 1.059999999999999964e+01 3.200000000000000000e+02
8.961000000000000000e+03 9.036000000000000000e+03 1.151200000000000045e+03 1.059999999999999964e+01 2.960000000000000000e+02
8.978000000000000000e+03 8.976000000000000000e+03 7.082000000000000455e+02 1.019999999999999929e+01 2.950000000000000000e+02
8.987000000000000000e+03 8.967000000000000000e+03 8.267999999999999545e+02 1.100000000000000000e+01 3.100000000000000000e+02
8.943000000000000000e+03 9.000000000000000000e+03 8.588999999999999773e+02 1.109999999999999964e+01 3.000000000000000000e+02
8.969000000000000000e+03 9.047000000000000000e+03 7.982000000000000455e+02 1.030000000000000071e+01 3.060000000000000000e+02
8.913000000000000000e+03 8.907000000000000000e+03 1.125299999999999955e+03 1.090000000000000036e+01 3.180000000000000000e+02
8.971000000000000000e+03 8.926000000000000000e+03 8.410000000000000000e+02 1.119999999999999929e+01 3.010000000000000000e+02
8.952000000000000000e+03 9.033000000000000000e+03 1.229099999999999909e+03 1.080000000000000071e+01 3.160000000000000000e+02
8.989000000000000000e+03 8.977000000000000000e+03 1.376000000000000000e+03 1.090000000000000036e+01 2.810000000000000000e+02
8.974000000000000000e+03 9.109000000000000000e+03 1.030299999999999955e+03 9.699999999999999289e+00 2.970000000000000000e+02
8.957000000000000000e+03 8.959000000000000000e+03 9.890000000000000000e+02 1.059999999999999964e+01 3.130000000000000000e+02
8.933000000000000000e+03 9.087000000000000000e+03 8.836000000000000227e+02 1.059999999999999964e+01 3.080000000000000000e+02
9.000000000000000000e+03 8.985000000000000000e+03 1.031400000000000091e+03 1.109999999999999964e+01 2.790000000000000000e+02
8.978000000000000000e+03 9.044000000000000000e+03 8.665000000000000000e+02 1.050000000000000000e+01 2.990000000000000000e+02
8.950000000000000000e+03 8.974000000000000000e+03 1.475500000000000000e+03 1.119999999999999929e+01 3.010000000000000000e+02
8.979000000000000000e+03 9.076000000000000000e+03 1.071200000000000045e+03 9.800000000000000711e+00 2.930000000000000000e+02
8.964000000000000000e+03 8.920000000000000000e+03 8.203999999999999773e+02 1.069999999999999929e+01 3.000000000000000000e+02
8.972000000000000000e+03 8.940000000000000000e+03 9.585000000000000000e+02 1.130000000000000071e+01 3.020000000000000000e+02
8.972000000000000000e+03 8.984000000000000000e+03 7.923999999999999773e+02 1.140000000000000036e+01 3.110000000000000000e+02
8.997000000000000000e+03 9.089000000000000000e+03 1.457299999999999955e+03 1.119999999999999929e+01 3.060000000000000000e+02
8.986000000000000000e+03 8.848000000000000000e+03 9.057000000000000455e+02 1.059999999999999964e+01 3.220000000000000000e+02
8.959000000000000000e+03 8.967000000000000000e+03 1.337700000000000045e+03 1.200000000000000000e+01 3.160000000000000000e+02
8.967000000000000000e+03 9.031000000000000000e+03 7.572999999999999545e+02 1.009999999999999964e+01 3.170000000000000000e+02
8.930000000000000000e+03 9.043000000000000000e+03 8.847999999999999545e+02 1.009999999999999964e+01 3.110000000000000000e+02
8.933000000000000000e+03 8.978000000000000000e+03 8.465000000000000000e+02 1.050000000000000000e+01 3.010000000000000000e+02
8.960000000000000000e+03 8.898000000000000000e+03 8.237000000000000455e+02 1.100000000000000000e+01 2.830000000000000000e+02
8.966000000000000000e+03 8.932000000000000000e+03 1.584000000000000000e+03 1.030000000000000071e+01 3.270000000000000000e+02
8.983000000000000000e+03 9.039000000000000000e+03 8.203999999999999773e+02 1.080000000000000071e+01 2.870000000000000000e+02
8.941000000000000000e+03 9.025000000000000000e+03 9.642999999999999545e+02 1.030000000000000071e+01 3.030000000000000000e+02
8.962000000000000000e+03 8.936000000000000000e+03 8.838999999999999773e+02 1.259999999999999964e+01 2.990000000000000000e+02
8.974000000000000000e+03 8.992000000000000000e+03 8.497999999999999545e+02 9.800000000000000711e+00 3.080000000000000000e+02
9.009000000000000000e+03 8.966000000000000000e+03 8.792999999999999545e+02 1.100000000000000000e+01 3.210000000000000000e+02
8.945000000000000000e+03 9.000000000000000000e+03 8.062999999999999545e+02 1.000000000000000000e+01 3.310000000000000000e+02
8.991000000000000000e+03 8.895000000000000000e+03 9.258999999999999773e+02 1.109999999999999964e+01 3.180000000000000000e+02
8.976000000000000000e+03 8.948000000000000000e+03 1.046000000000000000e+03 1.180000000000000071e+01 3.070000000000000000e+02
8.984000000000000000e+03 8.909000000000000000e+03 1.031000000000000000e+03 1.059999999999999964e+01 3.020000000000000000e+02
8.931000000000000000e+03 8.935000000000000000e+03 8.456000000000000227e+02 1.080000000000000071e+01 2.960000000000000000e+02
8.978000000000000000e+03 9.008000000000000000e+03 8.226000000000000227e+02 1.069999999999999929e+01 2.950000000000000000e+02
8.946000000000000000e+03 9.044000000000000000e+03 9.157000000000000455e+02 1.100000000000000000e+01 3.140000000000000000e+02
8.981000000000000000e+03 8.939000000000000000e+03 1.118700000000000045e+03 1.009999999999999964e+01 2.800000000000000000e+02
8.925000000000000000e+03 8.979000000000000000e+03 8.471000000000000227e+02 9.800000000000000711e+00 2.860000000000000000e+02
8.955000000000000000e+03 8.942000000000000000e+03 9.118999999999999773e+02 1.090000000000000036e+01 2.910000000000000000e+02
8.924000000000000000e+03 9.011000000000000000e+03 8.070000000000000000e+02 1.019999999999999929e+01 3.130000000000000000e+02
8.968000000000000000e+03 9.016000000000000000e+03 9.790000000000000000e+02 1.040000000000000036e+01 3.040000000000000000e+02
9.019000000000000000e+03 9.016000000000000000e+03 1.325200000000000045e+03 1.009999999999999964e+01 3.050000000000000000e+02
8.940000000000000000e+03 9.033000000000000000e+03 9.851000000000000227e+02 1.019999999999999929e+01 3.080000000000000000e+02
8.955000000000000000e+03 8.962000000000000000e+03 8.390000000000000000e+02 1.069999999999999929e+01 2.910000000000000000e+02
8.943000000000000000e+03 8.898000000000000000e+03 8.888999999999999773e+02 1.069999999999999929e+01 2.950000000000000000e+02
8.958000000000000000e+03 9.071000000000000000e+03 1.101099999999999909e+03 9.800000000000000711e+00 3.030000000000000000e+02
8.932000000000000000e+03 8.911000000000000000e+03 1.052200000000000045e+03 1.169999999999999929e+01 2.900000000000000000e+02
8.963000000000000000e+03 8.948000000000000000e+03 7.857999999999999545e+02 1.019999999999999929e+01 2.890000000000000000e+02
8.993000000000000000e+03 8.904000000000000000e+03 9.930000000000000000e+02 1.100000000000000000e+01 3.060000000000000000e+02
8.952000000000000000e+03 8.935000000000000000e+03 7.758999999999999773e+02 1.080000000000000071e+01 2.850000000000000000e+02
8.952000000000000000e+03 8.969000000000000000e+03 1.040099999999999909e+03 1.180000000000000071e+01 3.000000000000000000e+02
8.956000000000000000e+03 9.048000000000000000e+03 9.848999999999999773e+02 1.069999999999999929e+01 3.000000000000000000e+02
8.917000000000000000e+03 9.024000000000000000e+03 9.462999999999999545e+02 1.059999999999999964e+01 2.920000000000000000e+02
9.016000000000000000e+03 9.012000000000000000e+03 1.039400000000000091e+03 1.100000000000000000e+01 3.140000000000000000e+02
8.961000000000000000e+03 9.072000000000000000e+03 8.783999999999999773e+02 9.599999999999999645e+00 2.870000000000000000e+02
8.919000000000000000e+03 9.047000000000000000e+03 1.238400000000000091e+03 1.190000000000000036e+01 2.980000000000000000e+02
8.979000000000000000e+03 8.939000000000000000e+03 7.587000000000000455e+02 1.059999999999999964e+01 3.050000000000000000e+02
8.999000000000000000e+03 9.071000000000000000e+03 9.600000000000000000e+02 1.019999999999999929e+01 3.190000000000000000e+02
8.914000000000000000e+03 8.891000000000000000e+03 1.088299999999999955e+03 1.040000000000000036e+01 3.120000000000000000e+02
8.936000000000000000e+03 8.884000000000000000e+03 1.239700000000000045e+03 1.050000000000000000e+01 2.780000000000000000e+02
9.002000000000000000e+03 9.060000000000000000e+03 9.301000000000000227e+02 9.699999999999999289e+00 3.170000000000000000e+02
8.979000000000000000e+03 9.016000000000000000e+03 9.113999999999999773e+02 1.009999999999999964e+01 3.080000000000000000e+02
8.978000000000000000e+03 8.922000000000000000e+03 9.041000000000000227e+02 1.150000000000000000e+01 2.880000000000000000e+02
8.973000000000000000e+03 9.101000000000000000e+03 9.775000000000000000e+02 1.019999999999999929e+01 2.980000000000000000e+02
8.963000000000000000e+03 9.010000000000000000e+03 1.217799999999999955e+03 1.069999999999999929e+01 3.070000000000000000e+02
9.002000000000000000e+03 8.925000000000000000e+03 8.008999999999999773e+02 1.140000000000000036e+01 2.930000000000000000e+02
8.972000000000000000e+03 8.947000000000000000e+03 7.558999999999999773e+02 1.150000000000000000e+01 2.840000000000000000e+02
8.995000000000000000e+03 8.996000000000000000e+03 9.378999999999999773e+02 1.080000000000000071e+01 2.840000000000000000e+02
8.932000000000000000e+03 9.016000000000000000e+03 1.008000000000000000e+03 1.069999999999999929e+01 3.090000000000000000e+02
8.957000000000000000e+03 9.012000000000000000e+03 1.045000000000000000e+03 1.150000000000000000e+01 3.090000000000000000e+02
8.972000000000000000e+03 9.054000000000000000e+03 8.425000000000000000e+02 1.059999999999999964e+01 2.920000000000000000e+02
8.971000000000000000e+03 9.021000000000000000e+03 9.237000000000000455e+02 1.109999999999999964e+01 3.050000000000000000e+02
8.967000000000000000e+03 8.964000000000000000e+03 1.232000000000000000e+03 1.100000000000000000e+01 3.040000000000000000e+02
8.996000000000000000e+03 9.080000000000000000e+03 1.077200000000000045e+03 1.040000000000000036e+01 3.010000000000000000e+02
8.981000000000000000e+03 9.032000000000000000e+03 9.467999999999999545e+02 1.040000000000000036e+01 3.030000000000000000e+02
8.947000000000000000e+03 9.035000000000000000e+03 1.227000000000000000e+03 1.090000000000000036e+01 2.920000000000000000e+02
8.966000000000000000e+03 9.013000000000000000e+03 1.168099999999999909e+03 1.019999999999999929e+01 3.030000000000000000e+02
8.985000000000000000e+03 9.044000000000000000e+03 6.677000000000000455e+02 1.000000000000000000e+01 2.900000000000000000e+02
8.946000000000000000e+03 8.957000000000000000e+03 1.337799999999999955e+03 1.109999999999999964e+01 2.890000000000000000e+02
9.017000000000000000e+03 8.952000000000000000e+03 8.447999999999999545e+02 1.069999999999999929e+01 2.900000000000000000e+02
9.000000000000000000e+03 9.038000000000000000e+03 1.079700000000000045e+03 1.140000000000000036e+01 2.840000000000000000e+02
8.943000000000000000e+03 8.864000000000000000e+03 1.478799999999999955e+03 1.040000000000000036e+01 2.930000000000000000e+02
9.010000000000000000e+03 9.001000000000000000e+03 7.767000000000000455e+02 1.069999999999999929e+01 3.080000000000000000e+02
8.959000000000000000e+03 8.909000000000000000e+03 1.078799999999999955e+03 1.090000000000000036e+01 3.150000000000000000e+02
8.962000000000000000e+03 8.914000000000000000e+03 8.757999999999999545e+02 1.009999999999999964e+01 3.010000000000000000e+02
8.991000000000000000e+03 8.943000000000000000e+03 1.230599999999999909e+03 1.009999999999999964e+01 2.950000000000000000e+02
8.990000000000000000e+03 9.057000000000000000e+03 9.476000000000000227e+02 1.030000000000000071e+01 3.010000000000000000e+02
8.943000000000000000e+03 8.990000000000000000e+03 9.527000000000000455e+02 1.130000000000000071e+01 2.790000000000000000e+02
8.947000000000000000e+03 8.977000000000000000e+03 8.147000000000000455e+02 1.150000000000000000e+01 3.080000000000000000e+02
8.975000000000000000e+03 8.942000000000000000e+03 1.191500000000000000e+03 1.159999999999999964e+01 2.960000000000000000e+02
9.017000000000000000e+03 9.032000000000000000e+03 9.355000000000000000e+02 1.059999999999999964e+01 2.960000000000000000e+02
8.968000000000000000e+03 8.973000000000000000e+03 8.277999999999999545e+02 1.069999999999999929e+01 2.880000000000000000e+02
8.946000000000000000e+03 9.031000000000000000e+03 8.102000000000000455e+02 1.030000000000000071e+01 2.950000000000000000e+02
8.968000000000000000e+03 9.049000000000000000e+03 8.246000000000000227e+02 9.500000000000000000e+00 3.140000000000000000e+02
8.980000000000000000e+03 9.032000000000000000e+03 8.352999999999999545e+02 1.030000000000000071e+01 3.200000000000000000e+02
8.959000000000000000e+03 8.904000000000000000e+03 1.014299999999999955e+03 1.150000000000000000e+01 2.960000000000000000e+02
8.951000000000000000e+03 8.990000000000000000e+03 1.014600000000000023e+03 1.140000000000000036e+01 2.860000000000000000e+02
8.926000000000000000e+03 8.971000000000000000e+03 1.113500000000000000e+03 1.200000000000000000e+01 2.850000000000000000e+02
8.918000000000000000e+03 8.858000000000000000e+03 8.932999999999999545e+02 1.130000000000000071e+01 2.840000000000000000e+02
8.987000000000000000e+03 8.997000000000000000e+03 8.905000000000000000e+02 1.050000000000000000e+01 2.930000000000000000e+02
8.982000000000000000e+03 9.051000000000000000e+03 8.417000000000000455e+02 9.900000000000000355e+00 3.360000000000000000e+02
8.945000000000000000e+03 9.034000000000000000e+03 8.747999999999999545e+02 1.040000000000000036e+01 3.090000000000000000e+02
8.959000000000000000e+03 9.067000000000000000e+03 9.688999999999999773e+02 1.090000000000000036e+01 3.010000000000000000e+02
8.956000000000000000e+03 8.936000000000000000e+03 1.089000000000000000e+03 1.150000000000000000e+01 3.110000000000000000e+02
9.004000000000000000e+03 9.002000000000000000e+03 9.432000000000000455e+02 1.090000000000000036e+01 3.130000000000000000e+02
8.943000000000000000e+03 8.943000000000000000e+03 1.270000000000000000e+03 1.100000000000000000e+01 2.850000000000000000e+02
8.940000000000000000e+03 8.986000000000000000e+03 1.096299999999999955e+03 1.080000000000000071e+01 2.940000000000000000e+02
8.927000000000000000e+03 9.003000000000000000e+03 8.976000000000000227e+02 9.300000000000000711e+00 3.110000000000000000e+02
8.938000000000000000e+03 8.978000000000000000e+03 8.593999999999999773e+02 1.119999999999999929e+01 3.050000000000000000e+02
8.936000000000000000e+03 8.945000000000000000e+03 7.047000000000000455e+02 1.090000000000000036e+01 3.150000000000000000e+02
8.956000000000000000e+03 8.908000000000000000e+03 9.896000000000000227e+02 1.040000000000000036e+01 3.240000000000000000e+02
8.955000000000000000e+03 8.982000000000000000e+03 9.535000000000000000e+02 1.080000000000000071e+01 2.760000000000000000e+02
9.002000000000000000e+03 8.921000000000000000e+03 9.711000000000000227e+02 1.090000000000000036e+01 3.070000000000000000e+02
8.968000000000000000e+03 9.019000000000000000e+03 1.225099999999999909e+03 1.030000000000000071e+01 3.050000000000000000e+02
8.954000000000000000e+03 9.078000000000000000e+03 1.211200000000000045e+03 1.100000000000000000e+01 2.920000000000000000e+02
8.939000000000000000e+03 9.025000000000000000e+03 8.860000000000000000e+02 1.009999999999999964e+01 2.920000000000000000e+02
8.922000000000000000e+03 9.013000000000000000e+03 9.037999999999999545e+02 1.119999999999999929e+01 2.970000000000000000e+02
8.946000000000000000e+03 8.985000000000000000e+03 1.023600000000000023e+03 1.000000000000000000e+01 2.970000000000000000e+02
8.925000000000000000e+03 9.003000000000000000e+03 9.625000000000000000e+02 1.040000000000000036e+01 2.930000000000000000e+02
8.954000000000000000e+03 8.928000000000000000e+03 9.315000000000000000e+02 1.040000000000000036e+01 3.090000000000000000e+02
8.938000000000000000e+03 8.999000000000000000e+03 7.905000000000000000e+02 1.030000000000000071e+01 2.930000000000000000e+02
8.975000000000000000e+03 8.858000000000000000e+03 1.687000000000000000e+03 1.069999999999999929e+01 3.120000000000000000e+02
8.973000000000000000e+03 9.045000000000000000e+03 1.278000000000000000e+03 1.050000000000000000e+01 2.940000000000000000e+02
8.920000000000000000e+03 8.975000000000000000e+03 8.027999999999999545e+02 1.059999999999999964e+01 3.130000000000000000e+02
8.937000000000000000e+03 9.064000000000000000e+03 8.022000000000000455e+02 1.000000000000000000e+01 3.010000000000000000e+02
8.922000000000000000e+03 8.980000000000000000e+03 8.947000000000000455e+02 1.009999999999999964e+01 2.950000000000000000e+02
8.982000000000000000e+03 9.052000000000000000e+03 1.068400000000000091e+03 9.500000000000000000e+00 3.090000000000000000e+02
8.974000000000000000e+03 8.989000000000000000e+03 8.576000000000000227e+02 1.059999999999999964e+01 3.100000000000000000e+02
8.977000000000000000e+03 9.071000000000000000e+03 7.903999999999999773e+02 9.800000000000000711e+00 2.890000000000000000e+02
8.975000000000000000e+03 8.968000000000000000e+03 9.655000000000000000e+02 1.019999999999999929e+01 3.040000000000000000e+02
8.960000000000000000e+03 9.026000000000000000e+03 9.198999999999999773e+02 1.100000000000000000e+01 3.010000000000000000e+02
8.996000000000000000e+03 8.930000000000000000e+03 1.091900000000000091e+03 1.090000000000000036e+01 3.000000000000000000e+02
8.951000000000000000e+03 8.906000000000000000e+03 8.167999999999999545e+02 1.100000000000000000e+01 3.150000000000000000e+02
8.963000000000000000e+03 9.048000000000000000e+03 7.982000000000000455e+02 1.059999999999999964e+01 2.870000000000000000e+02
8.982000000000000000e+03 8.973000000000000000e+03 1.303500000000000000e+03 1.119999999999999929e+01 2.860000000000000000e+02
8.942000000000000000e+03 8.992000000000000000e+03 7.667999999999999545e+02 1.090000000000000036e+01 3.000000000000000000e+02
8.936000000000000000e+03 9.007000000000000000e+03 8.957000000000000455e+02 1.059999999999999964e+01 2.910000000000000000e+02
8.936000000000000000e+03 8.953000000000000000e+03 1.106099999999999909e+03 1.100000000000000000e+01 2.960000000000000000e+02
8.966000000000000000e+03 8.986000000000000000e+03 9.082000000000000455e+02 1.119999999999999929e+01 2.980000000000000000e+02
8.936000000000000000e+03 9.052000000000000000e+03 8.907999999999999545e+02 1.019999999999999929e+01 2.920000000000000000e+02
8.952000000000000000e+03 9.004000000000000000e+03 1.094500000000000000e+03 1.040000000000000036e+01 2.890000000000000000e+02
8.951000000000000000e+03 9.004000000000000000e+03 1.056500000000000000e+03 1.130000000000000071e+01 3.020000000000000000e+02
8.955000000000000000e+03 9.027000000000000000e+03 1.262000000000000000e+03 1.030000000000000071e+01 2.910000000000000000e+02
8.960000000000000000e+03 8.983000000000000000e+03 5.935000000000000000e+02 1.030000000000000071e+01 3.010000000000000000e+02
9.004000000000000000e+03 8.978000000000000000e+03 1.019799999999999955e+03 1.059999999999999964e+01 3.050000000000000000e+02
8.948000000000000000e+03 8.974000000000000000e+03 7.565000000000000000e+02 1.030000000000000071e+01 2.820000000000000000e+02
8.978000000000000000e+03 8.926000000000000000e+03 1.166200000000000045e+03 1.130000000000000071e+01 3.320000000000000000e+02
8.939000000000000000e+03 9.029000000000000000e+03 1.171099999999999909e+03 1.050000000000000000e+01 3.020000000000000000e+02
8.922000000000000000e+03 9.089000000000000000e+03 1.825099999999999909e+03 1.090000000000000036e+01 2.940000000000000000e+02
8.926000000000000000e+03 8.960000000000000000e+03 8.922999999999999545e+02 1.100000000000000000e+01 3.020000000000000000e+02
8.943000000000000000e+03 8.995000000000000000e+03 7.868999999999999773e+02 1.109999999999999964e+01 3.050000000000000000e+02
8.923000000000000000e+03 8.984000000000000000e+03 9.023999999999999773e+02 9.500000000000000000e+00 3.050000000000000000e+02
8.943000000000000000e+03 8.893000000000000000e+03 1.107299999999999955e+03 1.059999999999999964e+01 2.890000000000000000e+02
8.942000000000000000e+03 8.996000000000000000e+03 8.722000000000000455e+02 1.119999999999999929e+01 3.120000000000000000e+02
8.967000000000000000e+03 8.974000000000000000e+03 1.026700000000000045e+03 1.130000000000000071e+01 3.020000000000000000e+02
8.974000000000000000e+03 9.019000000000000000e+03 1.063299999999999955e+03 1.100000000000000000e+01 2.970000000000000000e+02
8.978000000000000000e+03 9.100000000000000000e+03 8.672999999999999545e+02 9.800000000000000711e+00 2.940000000000000000e+02
8.963000000000000000e+03 8.884000000000000000e+03 8.622000000000000455e+02 1.150000000000000000e+01 3.080000000000000000e+02
8.970000000000000000e+03 9.078000000000000000e+03 1.065099999999999909e+03 1.059999999999999964e+01 2.910000000000000000e+02
8.962000000000000000e+03 9.032000000000000000e+03 9.007000000000000455e+02 1.050000000000000000e+01 2.950000000000000000e+02
8.942000000000000000e+03 9.010000000000000000e+03 9.562999999999999545e+02 1.059999999999999964e+01 2.860000000000000000e+02
8.959000000000000000e+03 8.957000000000000000e+03 7.847000000000000455e+02 1.159999999999999964e+01 3.260000000000000000e+02
8.964000000000000000e+03 9.056000000000000000e+03 9.071000000000000227e+02 1.019999999999999929e+01 2.930000000000000000e+02
8.955000000000000000e+03 8.900000000000000000e+03 1.537099999999999909e+03 1.150000000000000000e+01 3.090000000000000000e+02
8.931000000000000000e+03 9.061000000000000000e+03 9.897000000000000455e+02 1.040000000000000036e+01 2.940000000000000000e+02
8.974000000000000000e+03 8.927000000000000000e+03 9.266000000000000227e+02 1.109999999999999964e+01 3.060000000000000000e+02
8.937000000000000000e+03 9.108000000000000000e+03 1.122099999999999909e+03 1.009999999999999964e+01 3.110000000000000000e+02
8.934000000000000000e+03 8.949000000000000000e+03 1.018200000000000045e+03 1.040000000000000036e+01 3.090000000000000000e+02
9.008000000000000000e+03 8.897000000000000000e+03 7.576000000000000227e+02 1.100000000000000000e+01 2.970000000000000000e+02
9.000000000000000000e+03 9.017000000000000000e+03 7.922999999999999545e+02 9.599999999999999645e+00 2.850000000000000000e+02
8.958000000000000000e+03 8.906000000000000000e+03 9.412000000000000455e+02 1.169999999999999929e+01 2.930000000000000000e+02
8.997000000000000000e+03 9.014000000000000000e+03 9.337999999999999545e+02 1.130000000000000071e+01 2.920000000000000000e+02
8.946000000000000000e+03 9.075000000000000000e+03 1.263200000000000045e+03 1.040000000000000036e+01 2.890000000000000000e+02
8.980000000000000000e+03 8.965000000000000000e+03 9.575000000000000000e+02 1.100000000000000000e+01 3.010000000000000000e+02
9.010000000000000000e+03 8.952000000000000000e+03 7.647000000000000455e+02 1.100000000000000000e+01 3.050000000000000000e+02
8.961000000000000000e+03 8.919000000000000000e+03 9.527000000000000455e+02 1.059999999999999964e+01 3.030000000000000000e+02
8.997000000000000000e+03 8.943000000000000000e+03 8.038999999999999773e+02 1.030000000000000071e+01 2.900000000000000000e+02
8.958000000000000000e+03 8.920000000000000000e+03 1.049599999999999909e+03 1.130000000000000071e+01 3.010000000000000000e+02
8.955000000000000000e+03 9.066000000000000000e+03 1.002500000000000000e+03 1.090000000000000036e+01 2.830000000000000000e+02
8.967000000000000000e+03 8.993000000000000000e+03 8.268999999999999773e+02 1.059999999999999964e+01 2.890000000000000000e+02
8.952000000000000000e+03 8.920000000000000000e+03 1.497900000000000091e+03 1.080000000000000071e+01 2.970000000000000000e+02
8.996000000000000000e+03 9.044000000000000000e+03 8.717000000000000455e+02 1.100000000000000000e+01 2.950000000000000000e+02
8.950000000000000000e+03 8.952000000000000000e+03 1.224099999999999909e+03 1.069999999999999929e+01 2.930000000000000000e+02
8.938000000000000000e+03 8.920000000000000000e+03 8.545000000000000000e+02 1.009999999999999964e+01 3.140000000000000000e+02
8.977000000000000000e+03 8.944000000000000000e+03 8.282999999999999545e+02 1.019999999999999929e+01 2.950000000000000000e+02
8.938000000000000000e+03 8.952000000000000000e+03 1.045700000000000045e+03 1.080000000000000071e+01 3.100000000000000000e+02
8.945000000000000000e+03 8.905000000000000000e+03 8.246000000000000227e+02 1.119999999999999929e+01 3.080000000000000000e+02
8.934000000000000000e+03 8.952000000000000000e+03 9.747000000000000455e+02 1.040000000000000036e+01 2.960000000000000000e+02
8.980000000000000000e+03 8.980000000000000000e+03 9.095000000000000000e+02 9.699999999999999289e+00 2.960000000000000000e+02
8.976000000000000000e+03 8.997000000000000000e+03 6.818999999999999773e+02 1.019999999999999929e+01 3.030000000000000000e+02
9.019000000000000000e+03 9.017000000000000000e+03 8.912000000000000455e+02 1.009999999999999964e+01 2.970000000000000000e+02
8.965000000000000000e+03 9.040000000000000000e+03 9.978999999999999773e+02 1.040000000000000036e+01 3.090000000000000000e+02
8.998000000000000000e+03 9.012000000000000000e+03 7.606000000000000227e+02 1.019999999999999929e+01 2.840000000000000000e+02
8.979000000000000000e+03 9.081000000000000000e+03 1.304900000000000091e+03 1.109999999999999964e+01 3.010000000000000000e+02
8.965000000000000000e+03 8.904000000000000000e+03 1.155000000000000000e+03 1.080000000000000071e+01 3.070000000000000000e+02
9.002000000000000000e+03 9.110000000000000000e+03 9.236000000000000227e+02 1.050000000000000000e+01 2.950000000000000000e+02
8.942000000000000000e+03 9.043000000000000000e+03 8.952999999999999545e+02 1.090000000000000036e+01 3.060000000000000000e+02
8.932000000000000000e+03 9.059000000000000000e+03 7.502999999999999545e+02 1.019999999999999929e+01 2.920000000000000000e+02
8.954000000000000000e+03 8.897000000000000000e+03 1.348500000000000000e+03 1.109999999999999964e+01 3.010000000000000000e+02
8.973000000000000000e+03 9.060000000000000000e+03 7.487999999999999545e+02 1.000000000000000000e+01 2.780000000000000000e+02
8.940000000000000000e+03 9.041000000000000000e+03 9.485000000000000000e+02 1.100000000000000000e+01 3.020000000000000000e+02
8.925000000000000000e+03 9.056000000000000000e+03 8.956000000000000227e+02 9.900000000000000355e+00 3.010000000000000000e+02
8.965000000000000000e+03 8.978000000000000000e+03 7.535000000000000000e+02 1.100000000000000000e+01 2.920000000000000000e+02
8.954000000000000000e+03 8.982000000000000000e+03 1.205000000000000000e+03 1.069999999999999929e+01 2.950000000000000000e+02
8.993000000000000000e+03 8.959000000000000000e+03 1.091400000000000091e+03 1.030000000000000071e+01 3.240000000000000000e+02
8.951000000000000000e+03 9.014000000000000000e+03 1.343000000000000000e+03 1.109999999999999964e+01 3.020000000000000000e+02
8.962000000000000000e+03 9.061000000000000000e+03 8.182000000000000455e+02 1.000000000000000000e+01 2.960000000000000000e+02
8.924000000000000000e+03 8.883000000000000000e+03 7.736000000000000227e+02 1.069999999999999929e+01 2.950000000000000000e+02
8.973000000000000000e+03 8.962000000000000000e+03 8.873999999999999773e+02 1.000000000000000000e+01 3.200000000000000000e+02
8.981000000000000000e+03 9.025000000000000000e+03 8.557999999999999545e+02 9.599999999999999645e+00 3.140000000000000000e+02
8.964000000000000000e+03 9.041000000000000000e+03 8.715000000000000000e+02 1.040000000000000036e+01 2.980000000000000000e+02
8.934000000000000000e+03 8.959000000000000000e+03 1.183900000000000091e+03 1.090000000000000036e+01 2.950000000000000000e+02
8.937000000000000000e+03 9.006000000000000000e+03 8.066000000000000227e+02 1.040000000000000036e+01 2.860000000000000000e+02
8.927000000000000000e+03 9.026000000000000000e+03 9.228999999999999773e+02 1.009999999999999964e+01 2.920000000000000000e+02
8.958000000000000000e+03 9.014000000000000000e+03 7.446000000000000227e+02 1.030000000000000071e+01 3.100000000000000000e+02
8.938000000000000000e+03 8.957000000000000000e+03 1.459099999999999909e+03 1.100000000000000000e+01 3.130000000000000000e+02
8.966000000000000000e+03 8.920000000000000000e+03 1.079900000000000091e+03 1.100000000000000000e+01 2.930000000000000000e+02
8.961000000000000000e+03 8.931000000000000000e+03 7.295000000000000000e+02 1.169999999999999929e+01 3.030000000000000000e+02
8.958000000000000000e+03 8.954000000000000000e+03 9.962000000000000455e+02 1.069999999999999929e+01 3.080000000000000000e+02
8.978000000000000000e+03 8.944000000000000000e+03 8.397000000000000455e+02 1.109999999999999964e+01 2.860000000000000000e+02
8.971000000000000000e+03 9.018000000000000000e+03 8.871000000000000227e+02 1.019999999999999929e+01 2.790000000000000000e+02
8.948000000000000000e+03 8.991000000000000000e+03 1.102799999999999955e+03 1.190000000000000036e+01 2.980000000000000000e+02
8.939000000000000000e+03 9.006000000000000000e+03 1.079400000000000091e+03 1.130000000000000071e+01 3.000000000000000000e+02
8.926000000000000000e+03 8.885000000000000000e+03 1.287400000000000091e+03 1.180000000000000071e+01 2.940000000000000000e+02
8.946000000000000000e+03 9.002000000000000000e+03 1.406599999999999909e+03 9.900000000000000355e+00 2.960000000000000000e+02
