-1.564242426387366436e+00 5.412269845429555915e-01 4.706357072897367289e+03 4.850393393418188204e+00 9.575886227143160795e+03
-8.383002919319544333e-01 2.688374063990838003e+00 3.075268509527402330e+03 2.513825780842648072e+00 5.960920278050103605e-01
-1.714919597004309182e+00 1.661560496409073551e-01 6.478920084761181641e-01 2.760800204483494724e+00 2.085725627033607907e+03
-1.655143908121262442e+00 2.579272215096928278e-02 8.178818250065447160e-01 3.755392178205214648e+00 5.385611101894980379e-01
-1.407270862687159507e+00 -6.840391004111676665e-01 9.664633884361919627e+02 2.064955024128718897e+00 1.460395067044323469e+03
-1.378335367565471259e+00 -4.764906245225883907e-01 6.738889656431883424e-01 5.084954545302889706e+00 1.109196190117163133e+04
-1.429207701277826814e+00 -7.025707428075183003e-01 1.191882145728767384e+00 3.209180366331399803e+00 1.299475763734925238e-01
9.227327544107772894e-01 -1.365753360374315051e+00 2.035710314758194500e+03 4.411591131476963135e+00 2.498848963155566594e+00
-1.427282968859714174e+00 -3.490001524640238273e-01 5.369048069722079930e-01 2.922507700998825619e+00 4.268640546714621564e-01
-1.411796222297709846e+00 -2.134899733364612473e-01 -2.515482674358846538e-01 2.398686317781104194e+00 -4.300863067484179680e-01
-1.328809865901929399e+00 6.270604134412636199e-01 7.541842122959998562e-01 3.292418759394750850e+03 1.305543749928392026e+04
-3.002530272623413765e-01 -5.772167195887156765e-01 5.285982813658502977e-01 2.339526628614521542e+00 8.543249728277704236e-01
-1.236962562388573161e+00 5.096769834072087946e-01 3.847168448813951727e+03 2.035832399202426757e+00 -1.885548323832075823e-01
-1.390480162486413818e+00 1.122803553831271728e+00 1.537557083670986628e+02 3.187637718481122207e+00 6.214010290838398731e-01
-1.359633501554267099e-01 5.876086943205793389e+00 6.834211745841756056e+03 3.496422907806962854e+00 1.035584259609750646e+00
-1.243991044252974021e+00 2.176923648715245463e-02 4.715967833306668240e+02 5.316023794711101758e+00 1.271790336336449582e+04
-1.459932352080141271e+00 -8.702180221549049577e-01 -1.438940874177170315e-01 2.846095542749019103e+00 3.420530490991282591e-01
-9.904729517777006720e-01 -1.115306487338166619e+00 4.531036998005415484e-01 2.618447530250085364e+00 -2.529998255076648661e-02
-1.096078604220492636e+00 -5.560861953544105063e-01 6.851712723112814984e-01 3.128407033604952758e+00 9.472016090072356747e+02
-5.766563270842546274e-01 -5.519043972177506419e-01 7.809048592742922068e-01 2.045813646077155212e+00 2.387462379363647358e-01
-1.090217698645105315e+00 7.689237821355217051e-01 1.561466983485489664e+03 2.994590357980726480e+00 -2.470431380874220650e-01
-8.935320829473933912e-01 1.665374262149023288e+00 1.952851467305727510e+03 2.092142965591877513e+00 -4.746666421114653645e-03
-3.408040276142987324e-01 -2.335467975282176312e+00 1.211135090543415060e+00 2.765951709472547648e+00 7.010887216160792690e-01
-1.302783855075116293e+00 -9.055788387794407868e-01 6.266130979977440063e-01 2.677621868158185592e+00 3.671097080818022107e-01
-1.310952791389969008e+00 -7.709172644364503668e-01 4.673395536034465891e-01 3.147740741993358071e+00 -2.751503254512144281e-02
-6.591460792751018261e-01 -7.739358791619110889e-02 2.447287519904453035e-01 3.224931471218170032e+00 5.043002746419246250e+03
-1.051012193854413468e+00 -5.174362680145012661e-01 2.892748719414377661e+02 3.668689471758375120e+00 5.316086889277915617e-01
-7.634857633224747531e-01 6.013309417189068640e+00 7.635363006108521404e+03 2.041514778241005246e+00 4.144704201178150811e+02
-6.665404458656336573e-01 2.197066782130793428e+00 6.009784897040196938e+01 4.011434715643845017e+00 3.669836907627301116e+03
-1.065548382722736775e+00 -3.735811355155469471e-01 5.519037164472919699e-01 2.955526354955138046e+00 2.523001540490449202e+02
-1.189103449921093514e+00 -3.997586654813378715e-01 5.159767015816232316e-01 3.023205944636920606e+00 4.447287585716317437e-01
-5.704808468778566066e-01 -1.090779748843162977e+00 -4.400447874459931796e-01 1.917773262781090615e+00 6.001479335865536058e-01
-9.029809020980117396e-01 1.223619731939878719e+00 7.358558523650859939e-01 5.853521417498058099e+01 6.880072909311876174e+03
3.723119161413324107e+00 2.437818247964454770e+02 1.313130587130291133e+04 2.520071747797748785e+00 1.219869329725801421e+00
-8.189599749268872131e-01 6.593305862909364379e-01 2.481710556964423631e+03 3.661282602356005000e+00 2.975445031097301296e-01
-9.720506390363112814e-01 -3.835847586994329816e-01 8.253057978933373562e-01 3.052777868817008411e+00 1.596363469358113463e+00
-1.552009066066094789e+00 -5.764106275784790512e-01 5.511852680683571037e-01 1.503381700833340773e+00 1.056197782084460357e-01
-8.030325432975935485e-01 1.333991491383144989e+00 5.595098438952078368e+02 3.184539880334460449e+00 4.173440716769203362e-01
-9.904372108668599850e-01 5.696834515795679010e-01 1.147841661511710981e+03 3.175509078529090701e+00 5.814195764056115934e-01
-3.854348168271268804e-01 5.056722155535803509e+00 1.010144925356108615e+04 3.271689902275403128e+00 7.571386297294324663e-02
-2.766619300529171710e-01 -1.324506101183594353e+00 5.406560554441135480e-01 2.579372390961462536e+00 3.733136341917777656e-01
-1.049154957786536002e+00 -6.729971792474316317e-01 3.975018201014552943e-01 2.865237547272041496e+00 8.444428892556961728e+03
-6.238650707079997915e-01 -7.632355203515110986e-01 4.268098618241076281e-01 2.536138210389580649e+00 1.158387792933357474e-01
-1.522194431525841551e+00 -4.903728463576886298e-01 1.161217046584598123e+00 2.372044890369013892e+00 3.733176900361687700e-01
-1.137558988513342584e+00 7.345840365297391372e-01 3.396646064948220555e+03 1.856087059179908572e+00 7.642416651176757114e+03
-9.550342782772656136e-01 6.007400791457770950e+00 5.100455400057991028e+03 1.640344627013451628e+00 5.041791342480195226e-01
-6.442432677531328977e-01 -1.145402019949420591e+00 9.394056195969511691e+00 2.793959258901873355e+00 1.311821653790556184e+02
-1.010661782250251051e+00 -5.734892531962216822e-01 1.800673261356902088e-01 3.099399768662310706e+00 2.955217149549937972e-02
-8.027570769323144617e-01 3.303643352027059166e-01 5.680129068884465227e-01 7.327608098671531067e+00 3.147945025799735959e+03
-1.103942783987903908e+00 -6.453037160090833169e-01 5.019603762934643498e-01 3.346390059895101743e+00 6.159159059725118368e+02
-6.738695346445595646e-01 3.470477043585128207e+00 4.325600338424316760e+03 2.823195754956932646e+00 -1.309455145831606160e-01
-1.370723481038517377e+00 7.674953112618148054e-01 7.499318425866914595e+01 2.022398922426113188e+00 2.039795100613606138e-01
-4.574137440754064698e-01 1.357197994997033419e+00 2.394048812301657563e+03 2.577984259400959210e+00 1.861695495194730654e-01
-1.050239719788793380e+00 -1.164905715281800980e+00 1.334809402060683351e+04 1.314411913490090456e+00 1.409833311787839739e+04
-1.460870469049599052e+00 -5.172122526725484448e-01 3.098664754986941716e-01 2.412017562124776582e+00 3.193184857948860866e-01
-8.534735635680643639e-01 7.758052057389743794e-01 2.852713933964281523e-01 2.549095483981529853e+00 -1.092960278210455272e-01
-1.009135787685362828e+00 1.047007456081221477e-01 6.652052999519177945e-01 5.162305709420621724e+00 1.172937147523624844e+04
-5.138383064983411685e-01 -6.559461168257652020e-01 -3.213565449925859241e-02 2.815266532397003196e+00 1.427450267923955352e-01
-7.164402609697564372e-01 -9.944989157464050322e-01 1.869504917334754964e+03 3.334113406629890974e+00 -2.021332190630609205e-02
1.045964268382517659e+00 2.753770380712494870e+01 8.304176709644121729e+03 2.039550157710894318e+00 7.401856557083341670e-01
1.293503579840038498e-01 1.215427319974194731e+00 3.220976879769694960e+02 2.370149972854980192e+00 1.242122483427000361e+03
-3.572663193974268125e-01 -1.417517916662520250e+00 1.064859056882699662e+00 1.649737254343376591e+00 7.028640991002585992e-01
-1.081493085819881017e+00 -5.758217329148234143e-01 5.846302891736119278e-01 3.422741925599776636e+00 -3.014419219204818035e-01
-6.928250110329035039e-01 2.666009968867745172e+01 1.106807193089229622e+04 3.053207642978120973e+00 -1.251484497280230812e-02
1.093143003355374177e+00 -1.761017627272636332e-01 3.503893743922814338e+03 2.423697032874930102e+00 8.594780956615828416e-01
-7.757046801383467027e-01 -1.236512182561160245e-01 3.301562256438401732e-01 3.924118050628392140e+00 9.870923806626062287e+03
-4.156063685996205237e-01 -6.444643729992236558e-01 8.164858937883341383e-01 1.492047542615928535e+00 3.934972589289866818e-01
-1.199103172217435898e+00 -7.733597853376021902e-01 1.104690180812355038e+00 2.811574947699726934e+00 2.358225545618992669e-01
-2.336517806482873993e-01 -1.824182527123639375e+00 6.832920466685212801e-01 3.191274382483468841e+00 2.041000726421725808e+00
-7.114881008902074200e-01 1.600092861616762008e-01 6.542492600314144369e+00 2.467223745082188557e+00 2.027900220106229057e-01
-8.123355401963756606e-01 -4.710406874357424556e-01 5.125224684525135217e+02 1.551926306784455534e+00 -2.855419409004884557e-01
2.718767431520191735e+00 1.101292731665625801e+01 6.680886429950377533e+03 4.033978215444254722e+00 2.414734737980690937e+00
-5.482122510073246247e-01 -5.516638452810518345e-02 5.013706121335452792e-01 5.660231167898732707e+00 1.577368113628396713e+03
-9.831586966934953153e-01 -9.836533244678005161e-01 8.393368695066705243e-02 3.009463343099335830e+00 4.230988919797873393e-02
-1.388934312863835174e+00 9.937282490156285064e-02 8.058856993689076376e-01 2.857713547480442706e+00 4.734304758651184386e-01
-9.929116824132666608e-01 -5.300481448303671073e-01 5.078006887403603287e-01 2.566974633930014349e+00 -6.153983809167407060e-02
-6.741111869373064280e-01 4.765938852497301426e+00 1.212252968502554495e+03 8.972757206561659871e+00 1.078013087903664564e+04
-9.341480377658299972e-01 2.974812088427293055e+00 9.095863048650193150e+02 2.706130587123203313e+00 5.251115259830108073e-01
7.769066380466327359e-02 1.452902542140343201e+00 1.087087318889592643e+04 3.622718501487812048e+00 3.151184183590002519e+01
-1.182987783922724745e+00 -6.535089553437991583e-01 6.001563942086622916e-01 1.636530782815590612e+00 -2.890120005506151557e-01
-7.392076169761914173e-01 1.004373854435504754e+00 9.482254311197220176e-01 5.644795339024930136e+00 2.514544229384648133e+03
-7.846869332079027259e-01 -4.878253669521885882e-01 3.392180648966096612e-01 2.170842227329068841e+00 1.088914395736431118e-01
-1.472517490543436836e+00 -1.045184132142306765e+00 4.209404531388702964e-01 2.632994368853367462e+00 5.268729872243049783e-01
-6.200848919397898840e-01 1.576593162386448554e+01 5.939775133934735095e+03 7.942709079015425999e+00 8.720663302438508254e+03
-7.730627890103178856e-01 -1.581752423614684488e+00 7.447890551346877146e+02 3.104675954360645918e+00 4.199819893471232746e-01
-6.375932878700414363e-01 -1.122383526077520344e+00 4.808048735579643562e+01 1.666241494233011267e+00 3.259067117522498336e-01
-4.940160001930493650e-01 -9.851419957958480467e-01 8.321110685089934123e-01 2.390703822323862582e+00 2.769641521550525454e-01
-7.586537322584945287e-01 -5.418499225067332503e-01 7.420564878440547574e-01 2.262470680002186043e+02 7.383902215888035244e+03
-4.451527738761775765e-01 -3.671976545192947583e-01 7.934900879686885844e-01 3.518450600685470775e+00 4.982881002052904762e+01
-1.214611657835925840e+00 -9.556823900985289555e-01 -4.259276492012258331e-01 2.601227086094741736e+00 5.676149319045720176e-01
1.421393752521899145e+00 1.656346219915107554e+00 2.971484955999907470e+03 2.677912505355839912e+00 3.317761657870120416e+03
1.028267970436699486e+00 2.454978945736751683e+01 1.207756486652837702e+04 5.373663185806119458e+00 3.211789461376529431e+00
-4.969348808472808798e-01 -6.133430501618075681e-01 5.566804854836604477e-01 2.629304791284783782e+00 2.044557974148908386e-01
-8.712278560544266526e-01 5.073725540765305908e-01 5.634565089351877276e-01 4.285960804683764280e+00 5.926523523527780526e+03
-1.477756792268133168e+00 2.823479431939031059e-01 4.335359471440092420e+02 1.797098270776317008e+00 2.237318574092803658e-01
-1.014435322551197061e-01 -3.900902597091615576e-02 6.990642529731300783e+03 3.483593181435351127e+00 2.346574456643679696e-01
-1.111942609576646035e+00 4.519185292249778385e+00 8.824886391179928978e+03 1.843056001807880762e+00 4.428644120077055959e+03
-2.986202121229926121e-01 7.703754052345530567e-01 1.634801481034117160e+03 3.740258089078291270e+00 8.711464700816780038e-01
4.459136844760784868e-01 -1.291264160740498212e+00 -1.363350409870687230e-01 2.954146957173274579e+00 4.774434334780652875e+02
1.895579820912480784e-01 -2.339912077977190918e+00 7.149561141781077822e-01 2.827322778284823812e+00 8.791262795219161319e-01
-1.253778523866714067e+00 -8.390863579453604615e-01 1.267543090677049733e+00 3.039420697607596367e+00 -9.691003432948619434e-02
-9.958834222369628009e-01 -8.522222449252563337e-01 5.876124958146089483e-01 2.119034362818041473e+00 4.231771824349303643e+03
1.118515867646378226e+00 4.613042100395142953e+00 2.121779639791762747e+03 2.919015191830212075e+00 2.085761094791303947e+02
-1.013638127533004862e+00 -8.608791111091900206e-01 1.303935525395093578e+02 3.224588692289488634e+00 6.158118247342692484e+03
6.413806964940444999e-01 7.712082676455583652e+00 3.964932994337871605e+03 2.652235279105744858e+00 5.779474602294651930e-01
-7.232739833653951678e-01 -6.547064764571572937e-01 5.173355962413079823e-01 2.596471496416964619e+00 3.505167744859125634e-01
-1.489604860972358225e+00 -5.748402975317006280e-01 8.584741656741936566e-01 1.546868444744040616e+00 4.191341958934486911e-01
-1.099872421127425781e-01 -3.745161871356650352e-02 4.017247026271171251e-01 5.010321940949308939e+00 5.699076492732486258e+03
-8.206116328555399519e-01 -7.865832031007897740e-01 2.223889553526419149e-01 2.343299315763113455e+00 1.543287320317272560e-01
-1.605175246543428358e+00 -9.343617835395967575e-02 1.168236035010767893e+00 1.808960511253562942e+00 5.308638170245814081e-01
-6.957206116737459922e-01 -6.294455947628616599e-01 2.405012081105546429e-01 2.819811601406130741e+00 5.444750175411185182e+02
-1.018302155308830947e+00 5.018313772163223163e+00 3.290608291960542829e+03 3.252962541410225228e+00 4.629280002470136424e+03
8.014326433395471128e-01 9.030209109808208012e+00 9.544314281173357813e+03 2.780806259070871533e+00 1.696327206967237942e+02
-7.207526145323583933e-01 -1.598905149067300968e+00 1.345059384451678397e+03 3.928828658625588055e+00 8.614374004596268009e-01
-1.201294210730731393e+00 -4.381203875457977404e-01 5.724757328061844674e-01 1.429904469561870783e+00 4.041502956309652291e+03
-1.514061516251436146e+00 -8.557703207763882602e-01 6.781932040234508463e-01 2.786058656527622190e+00 -1.608788052638310262e-02
-1.614055166759019500e+00 -4.851249724250319417e-01 4.438123165340428500e-01 1.969004791245076547e+00 4.151774873066305105e-01
-7.876528578220778343e-01 -9.324577372083791005e-01 8.247534730582621876e-01 2.765138959660281337e+00 2.797652628269204911e-01
-5.277820061727407364e-01 1.919232325117762983e+00 6.003030839151073224e+02 2.699950057767525280e+00 4.356559744289114633e-01
-1.076676981573372771e+00 6.326090606050769338e-01 6.377791612432421971e+03 1.955120729022827852e+00 6.394481673327789395e+03
-6.959395396336454098e-01 -5.242418366084145021e-02 3.982273003273704148e-01 6.204912600278222001e+00 2.367864888205171155e+03
-1.328848029943785036e+00 1.588823531686340829e-01 -4.699901706982423377e-02 1.886770105452981738e+00 1.817510250829048601e-01
-1.578888273345739890e-01 -6.979898672692002037e-01 2.575700607326379213e+03 3.548902785966321360e+00 1.723691407215667937e+01
1.257201402392193046e+01 6.831202400639966754e+01 1.291807497067223085e+04 2.650366366878918356e+00 1.236232446724722323e+00
-6.471915545948636606e-01 3.317001191762205536e-01 4.081954816613511866e+03 4.495878254712461164e+00 1.746651103821577067e-01
-4.107847722538728874e-01 4.102678121692405533e+00 1.109007549516313418e+02 5.768721143480027180e+00 9.002269839189310005e+03
-1.292237381376116545e+00 -1.771299969286816989e+00 9.002470491727638802e-01 3.468151457324755604e+00 7.473022975846550509e-01
-1.027723801441677409e+00 -5.041107335077796847e-01 9.085346365405193581e-01 1.791425408843934974e+00 3.213620086871760151e-01
-7.573422721572224958e-01 -1.128567473911100905e+00 1.788724379887636218e-01 4.004286050933519192e+00 7.129475800164036627e+03
-2.336818420786759276e-01 -2.206302816062367000e+00 3.570842455018237160e-01 2.809813496319373272e+00 1.221054745508155293e+00
-4.896746480593563433e-01 3.039656276172564020e+01 7.798081129307521223e+03 2.068705556026088743e+00 5.752999695278706582e-01
-1.227051073445595719e+00 8.009883934070671785e-02 2.585953646811390172e+02 2.384494129923605321e+00 4.431757758339092135e-01
-1.659132404481411527e-01 1.809933149819945797e+00 1.713652445919700540e+03 1.348413624893879614e+00 6.486040430142221425e-01
6.285997052793028672e-01 -2.017583724821196967e-01 8.648619020220115999e+03 3.505155922265531743e+00 3.492386509724371535e+03
-1.720369974956705406e+00 -5.322274133822357811e-01 4.403807167650679588e-01 2.370229073093576666e+00 5.595427700808137672e-01
-8.782245615568804453e-01 2.137105570671948840e-01 1.099280744348256178e+00 2.716220804861315230e+00 7.232807865651642487e+01
-7.392828864399305644e-01 -1.099018632758680170e+00 1.132213842234332191e+00 2.317863915805366659e+00 5.698221862640302504e-01
-7.899780325035283823e-01 -8.607915456905974594e-01 4.561069295596880124e-01 5.603374882385196543e+00 1.016981084579637718e+04
2.794584619587024754e+00 4.475802237154922203e+00 9.181225304836871146e+03 2.697005078995408311e+00 9.573168306663664140e-01
-7.224424430958436005e-01 1.329453169378380650e+00 1.486761934135425008e+03 2.015873034498694594e+00 4.612796363527582599e-01
7.091331732410424138e-01 -1.228082624708722648e+00 3.556752240913510263e+02 2.747828084356774170e+00 1.825322941834700487e+03
-5.805659872697148671e-01 1.724295663880226570e+01 7.310638466232866449e+03 2.575138266953587163e+00 7.307197072093885026e-01
-1.054678181552413108e+00 -5.948277329125239987e-01 5.152562355639513925e-01 2.023516958451031300e+00 3.314008339933334213e-01
-1.381024266605821893e+00 -7.617997131403644318e-01 2.336924251602034985e-02 2.430092229617705435e+00 5.284631524170233519e-01
-1.328461486653180756e+00 -5.682140264014137188e-01 3.556631948603623528e-01 2.134773606614783326e+00 9.058566362103626091e-02
-4.946818453785706282e-01 2.263588227717736601e-01 6.782634196004675431e-01 3.597846297756226441e+00 1.698350923262340302e+03
-9.692184451146825808e-01 -1.361981226331966610e+00 1.796467477459762279e+02 3.295059360720374642e+00 1.219866171280347800e+00
-3.689946531004686392e-01 -1.784903181539524653e+00 3.730316564449815360e+03 4.005442454791291240e+00 4.723909809347581756e-02
-3.871892443606785861e-01 4.782557750645700878e+00 1.356840800044834941e+04 2.561837787270007993e+00 1.047209472698350328e+04
-7.926811007738248094e-01 1.701015770931117999e-01 2.297994629273546707e+03 2.717676956264693189e+00 7.533931844825296764e-01
-1.042918204028227436e+00 -8.201959048215563541e-01 -1.320271712555154409e-01 2.370295181647377625e+00 1.671688550389500705e-01
-1.703081129763805990e+00 -1.002610702827899658e+00 9.314009285975739516e-01 2.628678830764829222e+00 4.119243034433210937e-01
-2.536182413018401860e-01 -4.096339150532095630e-01 5.648656403429223246e+03 3.351986621850620907e+00 1.173970277706722243e+00
-7.328390748856943304e-01 2.483325675939095589e+00 8.547080731075848234e+02 2.246074286884235605e+00 2.853516456776556964e-01
-1.470328444775226728e+00 -5.524070509342884350e-01 5.131010998686491575e-01 2.873203903792771463e+00 1.274161209899453695e-01
-7.375042249290544305e-01 -5.648635574130000947e-01 3.889719753254041734e-01 3.991649351793217448e+00 6.931693110864233631e+02
-8.688412843792949758e-01 -1.632687648899318944e+00 6.168558324760731182e-01 3.535326364873665028e+00 3.009795273233315527e-01
-1.487494995970028100e+00 -1.036079054950240774e+00 -2.846166546655108931e-01 2.264639195440109276e+00 4.749655238918997213e-01
-1.257674624640131356e+00 -3.548536766868259917e-01 1.024286157461572429e+03 1.942504410682097671e+00 1.374688717048391118e+04
5.269451106088283154e-01 1.740465548160318576e+01 1.048305887348216311e+04 2.808838237449595709e+00 8.486429657089598066e-01
-1.171884092278544287e+00 2.041155318751973979e+00 2.772234979695156653e+03 2.667514512665275284e+00 2.518034923089391697e-01
-1.698314662068796110e-01 3.232763981316701063e+00 1.249390516832518006e+04 2.763167192196338107e+00 1.161735305356620174e+00
-1.110561596834193310e+00 -7.888583080455919827e-01 4.845615396122120444e-01 2.120108598390405774e+00 2.695822151952409484e-01
-2.710182308082238478e-01 -1.793621330053746021e+00 1.554206000022308132e+00 2.054009026582974684e+00 1.205801560638954834e+04
-9.175626446871909536e-01 -3.852435550741937220e-01 6.424562810959493220e-01 2.907265080158674131e+00 4.755599071009797285e-02
-1.272025731992803443e+00 -9.138100797674759690e-01 1.578436071191777756e-01 2.128659808570087186e+00 8.956201913426919958e-01
-1.074253561385779321e+00 7.578681117373406551e+00 4.837700749956939944e+03 1.867534350111149877e+00 1.140480912640978431e+03
-1.082653454415895666e+00 -5.660822470247435234e-01 2.404305546255537251e+01 3.018972111940655623e+00 3.387723170085568114e-01
-2.094671344730159035e-01 4.609076200292100189e+00 3.616882195024103112e+03 2.770838873682825110e+00 1.112363654435940319e+00
-1.717347624286052366e+00 -8.264075183062331575e-01 2.472756939193985204e-01 2.027816980146548431e+00 6.069194597482088227e-01
-1.053448019231089106e+00 -1.729918925268297158e+00 4.317728449128708235e-01 3.673688671330509692e+00 8.191614814322987215e+00
-1.277190017442675796e+00 -4.955383319431110323e-01 4.734350565201914662e-01 1.686466593913147349e+00 8.173671622074426523e+03
-1.169820335453133353e+00 -2.251847982667598558e-02 5.318943026480784653e-01 2.364033530262696914e+00 1.065456759380225549e-01
-1.200888370510343250e+00 3.644441424248456407e+00 2.211385000687242609e+03 2.609241199250373455e+00 2.330980271502980372e-02
-8.257232019608533591e-01 -2.369506118381643489e-01 1.414754335843730132e+03 3.214429444088477084e+00 2.309911709048400041e-01
-1.241678154635661002e+00 1.814989383668318368e+01 9.362027298989483825e+03 2.097711525288866952e+00 7.906608806127978823e+03
-1.552407491043828358e+00 -9.662268834923199989e-01 7.055430566931697456e-01 2.804710635776181959e+00 6.583770146488046038e-01
-1.224391620303633132e+00 -5.773498588762517869e-01 1.707276205712666695e-01 2.301022440211532682e+00 8.154370638682806316e-02
-6.348703363447611991e-01 -1.766964966674239079e+00 1.114788085061666933e+00 2.831720019706843061e+00 2.983615787435616767e+03
-1.759951997809356072e+00 -5.660611299355142734e-01 1.441651875189693399e+00 2.651658912089697395e+00 8.030852540053743382e-01
-1.094644898733124094e+00 6.150699531621306448e-02 3.950557648182128219e+02 1.196525288926467923e+00 7.569716760825269120e-01
-1.600333809727453982e+00 -4.570992685678962886e-01 -2.286415222903279698e-01 2.246597038255091050e+00 4.627730089774981792e-01
-1.225225701086960939e+00 -9.481515198034085046e-01 7.866084751671884590e-01 2.245763932301385601e+00 2.081146804387419280e-01
-9.894406862698748029e-01 8.198526319171622845e+01 1.228612356728770646e+04 1.354541649620621513e+00 6.936279173948900478e-01
-2.449788057894242144e-01 -1.105468822554120933e+00 2.869583530588498888e+03 2.523588963127084028e+00 5.476536374610323037e+03
-1.112584090928399050e+00 1.737617186352338194e-01 1.729456846043255780e+01 1.688418026161162544e+00 3.576357524934595062e+02
-2.862220938250104041e-02 8.014217844935068058e+00 4.965333901895227427e+03 3.554457125341617285e+00 8.812586322197137889e-01
-4.018172481229775883e-02 -6.209639355947391692e-01 5.897549959875867387e-01 4.400641755519623111e+00 4.834867861125017953e+03
-1.314733003834072989e+00 -1.208256181750099856e+00 1.109977561590710593e+00 2.270287460885720421e+00 1.029614352304772495e+00
-1.372966085682994830e+00 -1.279188261755715317e+00 4.359014225408692766e-01 2.860140984664486297e+00 8.895905113581061840e-01
-1.341167494284540851e+00 -7.320780531894275356e-01 3.807846741356026854e-01 1.352031223425916195e+00 3.033001694590066677e+02
-1.382974887144428067e+00 1.135747024450150633e+00 7.978587073597235531e+02 2.422729248011098235e+00 8.465401510045786893e-01
1.285324563375754181e+00 1.674858894374666818e+01 5.791350408118272753e+03 2.346328224097741888e+00 3.855301060049390799e+03
-9.208352460700623965e-01 -1.483045285336118013e+00 1.029085298034022162e+04 6.653184323679375289e+00 8.094946233854614093e-01
-1.215584592568582423e+00 7.362689418097154714e-01 1.086026240969146784e+03 2.941875678296550944e+00 5.354946260431976413e-01
7.414846223531483815e-01 2.923891228658277441e-01 1.002313638090411629e+00 2.886001859090049138e+00 6.635691041882833815e+03
-1.307652209516888320e+00 -5.473833998214789887e-01 5.109578132575904874e-01 1.855838717991327158e+00 5.376700788913115758e-01
-6.911552974821937312e-01 -6.254504847188844252e-01 7.983445446382688715e-01 2.906215188482688561e+00 1.313070229928040789e+00
-1.466250509816127590e+00 -4.228145860936187717e-01 1.471229521786368011e+00 2.526682229883645547e+00 9.091207696318424070e-01
6.125252539132688412e-01 3.858772184935288507e+00 1.279506312601097534e+03 2.499314452162183287e+00 7.742055254163211657e+02
-8.859449194670450112e-01 8.025230746468832166e-01 9.727733068167775855e+03 3.769057546680344650e+00 1.081283071899552084e+00
-1.338198911222670873e+00 5.775258082946573168e+00 6.231681920166281998e+03 2.592339690217572823e+00 5.160992686429768384e-01
-4.196139813131569696e-01 -7.709219282287289587e-01 6.466785800189298925e+02 2.156517506694681785e+00 1.243504676109907336e+00
-1.039715162539989635e+00 -3.211342875212004344e-01 7.562438212836113394e-01 2.180307543060735931e+00 8.807995703578477276e-01
1.170551694913239515e+00 -6.268312316208533019e-01 3.420171242834921799e-01 4.137091442276748410e+00 1.340200862523023352e+04
-1.254671703085190160e+00 -4.103884977601293116e-01 1.010629873428911196e+00 1.922943036369628267e+00 7.003718762623751815e-01
-1.615449090094685403e+00 -5.515047560692227790e-01 3.038246761808522933e-01 2.913812486053228845e+00 3.599427911043502348e-01
6.712050332086239024e-01 4.648719589104040040e-01 5.369955013098552627e+03 2.583103415779028467e+00 1.238492331848226786e+04
-1.625758292004762851e+00 3.847407162590243956e-02 3.831387457726053825e+00 2.343411515827738434e+00 7.535017060093185393e-01
-1.469596522532700789e+00 1.923722787495647957e+00 3.179162919967609014e+03 3.074820609827922269e+00 1.055409348651506818e+00
-6.883662220987254443e-01 -1.825846761669655649e+00 6.990251554172850490e-01 2.654865414628789111e+00 1.700821171720425795e+00
3.958523873968573525e-01 -1.235195355872923173e+00 -3.733355084885996433e-01 2.653734280673777590e+00 1.042758872203897454e+03
-1.331503963951945479e-01 6.349094602954838962e-01 2.309714163357317318e+02 2.427917354430847219e+00 9.295321230824494705e+03
-1.517311531591927221e+00 -1.375799029593393286e+00 7.964174853606953548e+03 2.879296052112303883e+00 1.120551215195943584e+00
-1.717867226358851696e+00 -5.273416937956678652e-01 4.918809209025614138e-01 2.808056793297588172e+00 4.200266530037186641e-01
-1.396515100348349137e+00 -1.075278531844999108e+00 1.230063363764536177e+00 3.797428986806546725e+00 1.250176154033901810e-01
-1.675451608357795052e+00 -9.953194753006435747e-01 -3.218905642816451973e-01 2.362061392701567897e+00 1.214429396953681461e+00
-1.251622676041677096e-01 -1.416665012105566390e+00 6.545116375099020445e-01 1.875831441867564564e+00 2.228059704260929266e+03
-1.197593572897268643e-01 2.143908749470077701e+00 1.790644394231880142e+03 2.413775093799351623e+00 1.354186532519129571e+00
-1.537772592395967308e-01 1.601026845510213903e+00 1.270535304577438001e+04 2.847738414409352714e+00 1.351928719037416386e+03
-1.852866087163180353e+00 2.497889940850648749e+00 2.672200694982136611e+03 2.489958853755029011e+00 1.081569270246916403e+00
-7.611359430133415316e-01 1.189989603221111025e-01 1.707800207121596969e+00 2.669335705046343321e+00 6.003479624707779294e-01
-1.837419306727058554e+00 -5.823821477649282485e-01 5.900651395514415753e-01 2.692321616513892124e+00 1.535090002460989922e+00
-1.913616373914315716e+00 -9.649572982180547598e-01 4.179466643181388719e-01 2.651520338473252636e+00 1.392384910780364748e+00
5.342453600494110333e-01 -6.110543968658852521e-01 2.854492545697109307e-01 2.516098355707593548e+00 1.140965388004255328e+04
-1.887275914919875675e+00 -1.200762185447789676e+00 9.144965788556937980e+01 4.421253675396084049e+00 4.775973008879752513e-01
-1.539100640533403563e+00 9.844432004684442461e-01 4.207366450226909365e+03 2.946402323189359684e+00 1.225914217968615105e+00
