1.360000000000000000e+02 2.200000000000000000e+01 1.000000000000000000e+00 1.166000000000000000e+03 1.580000000000000000e+02
1.240000000000000000e+02 2.100000000000000000e+01 2.000000000000000000e+00 1.049000000000000000e+03 1.470000000000000000e+02
1.210000000000000000e+02 2.500000000000000000e+01 0.000000000000000000e+00 7.790000000000000000e+02 1.460000000000000000e+02
1.250000000000000000e+02 2.100000000000000000e+01 3.000000000000000000e+00 1.131000000000000000e+03 1.480000000000000000e+02
1.470000000000000000e+02 2.100000000000000000e+01 0.000000000000000000e+00 1.106000000000000000e+03 1.670000000000000000e+02
1.350000000000000000e+02 3.200000000000000000e+01 0.000000000000000000e+00 1.200000000000000000e+03 1.660000000000000000e+02
1.320000000000000000e+02 1.800000000000000000e+01 0.000000000000000000e+00 1.187000000000000000e+03 1.490000000000000000e+02
1.230000000000000000e+02 1.900000000000000000e+01 2.000000000000000000e+00 1.001000000000000000e+03 1.430000000000000000e+02
1.220000000000000000e+02 1.800000000000000000e+01 3.000000000000000000e+00 9.880000000000000000e+02 1.420000000000000000e+02
1.370000000000000000e+02 3.000000000000000000e+01 2.000000000000000000e+00 1.151000000000000000e+03 1.680000000000000000e+02
1.110000000000000000e+02 1.600000000000000000e+01 0.000000000000000000e+00 1.067000000000000000e+03 1.270000000000000000e+02
1.410000000000000000e+02 1.900000000000000000e+01 1.000000000000000000e+00 9.750000000000000000e+02 1.600000000000000000e+02
1.200000000000000000e+02 2.000000000000000000e+01 1.000000000000000000e+00 1.216000000000000000e+03 1.410000000000000000e+02
1.520000000000000000e+02 2.300000000000000000e+01 4.000000000000000000e+00 1.148000000000000000e+03 1.790000000000000000e+02
1.630000000000000000e+02 2.100000000000000000e+01 0.000000000000000000e+00 1.184000000000000000e+03 1.840000000000000000e+02
1.200000000000000000e+02 2.000000000000000000e+01 0.000000000000000000e+00 1.079000000000000000e+03 1.380000000000000000e+02
1.290000000000000000e+02 2.000000000000000000e+01 2.000000000000000000e+00 1.166000000000000000e+03 1.510000000000000000e+02
1.200000000000000000e+02 1.300000000000000000e+01 2.000000000000000000e+00 1.230000000000000000e+03 1.330000000000000000e+02
1.380000000000000000e+02 2.200000000000000000e+01 2.000000000000000000e+00 1.145000000000000000e+03 1.620000000000000000e+02
1.240000000000000000e+02 1.500000000000000000e+01 2.000000000000000000e+00 1.055000000000000000e+03 1.400000000000000000e+02
1.110000000000000000e+02 2.300000000000000000e+01 2.000000000000000000e+00 1.093000000000000000e+03 1.360000000000000000e+02
1.220000000000000000e+02 1.900000000000000000e+01 1.000000000000000000e+00 1.120000000000000000e+03 1.420000000000000000e+02
1.540000000000000000e+02 3.300000000000000000e+01 3.000000000000000000e+00 1.293000000000000000e+03 1.890000000000000000e+02
1.240000000000000000e+02 2.400000000000000000e+01 3.000000000000000000e+00 1.220000000000000000e+03 1.490000000000000000e+02
1.310000000000000000e+02 1.800000000000000000e+01 0.000000000000000000e+00 1.123000000000000000e+03 1.480000000000000000e+02
1.130000000000000000e+02 2.300000000000000000e+01 2.000000000000000000e+00 1.008000000000000000e+03 1.370000000000000000e+02
1.420000000000000000e+02 1.400000000000000000e+01 1.000000000000000000e+00 1.086000000000000000e+03 1.560000000000000000e+02
1.390000000000000000e+02 3.000000000000000000e+01 1.000000000000000000e+00 1.207000000000000000e+03 1.700000000000000000e+02
1.300000000000000000e+02 2.600000000000000000e+01 0.000000000000000000e+00 1.033000000000000000e+03 1.560000000000000000e+02
1.020000000000000000e+02 2.100000000000000000e+01 2.000000000000000000e+00 1.055000000000000000e+03 1.240000000000000000e+02
1.280000000000000000e+02 1.500000000000000000e+01 1.000000000000000000e+00 1.125000000000000000e+03 1.440000000000000000e+02
1.220000000000000000e+02 2.200000000000000000e+01 1.000000000000000000e+00 1.126000000000000000e+03 1.410000000000000000e+02
1.290000000000000000e+02 2.500000000000000000e+01 0.000000000000000000e+00 1.077000000000000000e+03 1.540000000000000000e+02
1.220000000000000000e+02 2.900000000000000000e+01 2.000000000000000000e+00 1.013000000000000000e+03 1.530000000000000000e+02
1.080000000000000000e+02 1.600000000000000000e+01 1.000000000000000000e+00 1.115000000000000000e+03 1.240000000000000000e+02
1.210000000000000000e+02 2.000000000000000000e+01 1.000000000000000000e+00 1.123000000000000000e+03 1.420000000000000000e+02
1.170000000000000000e+02 1.700000000000000000e+01 0.000000000000000000e+00 1.062000000000000000e+03 1.320000000000000000e+02
1.350000000000000000e+02 1.500000000000000000e+01 2.000000000000000000e+00 1.084000000000000000e+03 1.520000000000000000e+02
9.100000000000000000e+01 2.500000000000000000e+01 0.000000000000000000e+00 1.092000000000000000e+03 1.140000000000000000e+02
1.070000000000000000e+02 2.100000000000000000e+01 1.000000000000000000e+00 1.144000000000000000e+03 1.280000000000000000e+02
1.030000000000000000e+02 1.600000000000000000e+01 1.000000000000000000e+00 7.870000000000000000e+02 1.190000000000000000e+02
1.460000000000000000e+02 1.600000000000000000e+01 1.000000000000000000e+00 1.166000000000000000e+03 1.630000000000000000e+02
1.230000000000000000e+02 1.900000000000000000e+01 0.000000000000000000e+00 1.208000000000000000e+03 1.410000000000000000e+02
1.310000000000000000e+02 2.200000000000000000e+01 2.000000000000000000e+00 1.005000000000000000e+03 1.550000000000000000e+02
1.310000000000000000e+02 3.100000000000000000e+01 0.000000000000000000e+00 1.192000000000000000e+03 1.590000000000000000e+02
1.120000000000000000e+02 2.100000000000000000e+01 2.000000000000000000e+00 9.640000000000000000e+02 1.340000000000000000e+02
1.260000000000000000e+02 2.100000000000000000e+01 2.000000000000000000e+00 1.264000000000000000e+03 1.480000000000000000e+02
1.310000000000000000e+02 2.100000000000000000e+01 2.000000000000000000e+00 1.105000000000000000e+03 1.540000000000000000e+02
1.110000000000000000e+02 3.800000000000000000e+01 1.000000000000000000e+00 9.400000000000000000e+02 1.500000000000000000e+02
1.220000000000000000e+02 2.700000000000000000e+01 1.000000000000000000e+00 1.213000000000000000e+03 1.500000000000000000e+02
1.140000000000000000e+02 2.200000000000000000e+01 1.000000000000000000e+00 9.530000000000000000e+02 1.370000000000000000e+02
1.330000000000000000e+02 1.100000000000000000e+01 3.000000000000000000e+00 9.590000000000000000e+02 1.470000000000000000e+02
1.470000000000000000e+02 2.600000000000000000e+01 4.000000000000000000e+00 1.195000000000000000e+03 1.760000000000000000e+02
9.200000000000000000e+01 2.600000000000000000e+01 0.000000000000000000e+00 1.036000000000000000e+03 1.180000000000000000e+02
1.320000000000000000e+02 2.600000000000000000e+01 0.000000000000000000e+00 1.192000000000000000e+03 1.560000000000000000e+02
1.250000000000000000e+02 2.400000000000000000e+01 1.000000000000000000e+00 1.037000000000000000e+03 1.490000000000000000e+02
1.250000000000000000e+02 2.800000000000000000e+01 3.000000000000000000e+00 1.086000000000000000e+03 1.550000000000000000e+02
1.250000000000000000e+02 1.900000000000000000e+01 0.000000000000000000e+00 1.012000000000000000e+03 1.410000000000000000e+02
1.260000000000000000e+02 2.900000000000000000e+01 1.000000000000000000e+00 1.043000000000000000e+03 1.540000000000000000e+02
1.440000000000000000e+02 1.700000000000000000e+01 1.000000000000000000e+00 1.214000000000000000e+03 1.620000000000000000e+02
1.180000000000000000e+02 2.800000000000000000e+01 2.000000000000000000e+00 1.001000000000000000e+03 1.480000000000000000e+02
1.150000000000000000e+02 1.800000000000000000e+01 1.000000000000000000e+00 1.128000000000000000e+03 1.340000000000000000e+02
1.160000000000000000e+02 2.000000000000000000e+01 2.000000000000000000e+00 9.850000000000000000e+02 1.350000000000000000e+02
1.350000000000000000e+02 2.300000000000000000e+01 1.000000000000000000e+00 1.044000000000000000e+03 1.590000000000000000e+02
1.320000000000000000e+02 1.900000000000000000e+01 0.000000000000000000e+00 1.020000000000000000e+03 1.510000000000000000e+02
1.090000000000000000e+02 2.400000000000000000e+01 0.000000000000000000e+00 9.730000000000000000e+02 1.300000000000000000e+02
1.370000000000000000e+02 2.500000000000000000e+01 3.000000000000000000e+00 1.012000000000000000e+03 1.640000000000000000e+02
1.450000000000000000e+02 2.200000000000000000e+01 2.000000000000000000e+00 1.040000000000000000e+03 1.690000000000000000e+02
1.230000000000000000e+02 2.800000000000000000e+01 2.000000000000000000e+00 1.117000000000000000e+03 1.530000000000000000e+02
1.160000000000000000e+02 2.400000000000000000e+01 0.000000000000000000e+00 1.039000000000000000e+03 1.390000000000000000e+02
1.060000000000000000e+02 1.500000000000000000e+01 1.000000000000000000e+00 7.760000000000000000e+02 1.190000000000000000e+02
1.040000000000000000e+02 1.700000000000000000e+01 1.000000000000000000e+00 9.330000000000000000e+02 1.210000000000000000e+02
1.330000000000000000e+02 3.200000000000000000e+01 1.000000000000000000e+00 9.650000000000000000e+02 1.660000000000000000e+02
1.210000000000000000e+02 3.600000000000000000e+01 3.000000000000000000e+00 1.136000000000000000e+03 1.600000000000000000e+02
1.370000000000000000e+02 2.700000000000000000e+01 1.000000000000000000e+00 1.069000000000000000e+03 1.640000000000000000e+02
1.370000000000000000e+02 1.700000000000000000e+01 1.000000000000000000e+00 8.460000000000000000e+02 1.540000000000000000e+02
1.230000000000000000e+02 1.700000000000000000e+01 1.000000000000000000e+00 1.052000000000000000e+03 1.410000000000000000e+02
1.080000000000000000e+02 2.200000000000000000e+01 3.000000000000000000e+00 1.226000000000000000e+03 1.330000000000000000e+02
1.230000000000000000e+02 2.100000000000000000e+01 0.000000000000000000e+00 1.084000000000000000e+03 1.440000000000000000e+02
1.280000000000000000e+02 2.300000000000000000e+01 3.000000000000000000e+00 9.970000000000000000e+02 1.520000000000000000e+02
1.250000000000000000e+02 2.200000000000000000e+01 0.000000000000000000e+00 1.108000000000000000e+03 1.460000000000000000e+02
1.180000000000000000e+02 2.000000000000000000e+01 2.000000000000000000e+00 1.106000000000000000e+03 1.400000000000000000e+02
1.380000000000000000e+02 2.400000000000000000e+01 0.000000000000000000e+00 1.042000000000000000e+03 1.620000000000000000e+02
1.510000000000000000e+02 1.900000000000000000e+01 1.000000000000000000e+00 1.080000000000000000e+03 1.690000000000000000e+02
1.090000000000000000e+02 2.200000000000000000e+01 0.000000000000000000e+00 1.196000000000000000e+03 1.310000000000000000e+02
1.420000000000000000e+02 1.600000000000000000e+01 0.000000000000000000e+00 1.054000000000000000e+03 1.570000000000000000e+02
1.000000000000000000e+02 1.900000000000000000e+01 2.000000000000000000e+00 7.330000000000000000e+02 1.200000000000000000e+02
1.280000000000000000e+02 2.200000000000000000e+01 1.000000000000000000e+00 1.057000000000000000e+03 1.510000000000000000e+02
1.290000000000000000e+02 1.900000000000000000e+01 0.000000000000000000e+00 1.151000000000000000e+03 1.480000000000000000e+02
1.130000000000000000e+02 2.200000000000000000e+01 1.000000000000000000e+00 1.219000000000000000e+03 1.360000000000000000e+02
1.200000000000000000e+02 1.600000000000000000e+01 4.000000000000000000e+00 1.149000000000000000e+03 1.390000000000000000e+02
1.250000000000000000e+02 2.300000000000000000e+01 0.000000000000000000e+00 1.096000000000000000e+03 1.470000000000000000e+02
1.150000000000000000e+02 9.000000000000000000e+00 2.000000000000000000e+00 9.570000000000000000e+02 1.260000000000000000e+02
1.150000000000000000e+02 1.800000000000000000e+01 0.000000000000000000e+00 9.780000000000000000e+02 1.290000000000000000e+02
1.290000000000000000e+02 2.200000000000000000e+01 3.000000000000000000e+00 9.260000000000000000e+02 1.530000000000000000e+02
1.160000000000000000e+02 1.600000000000000000e+01 1.000000000000000000e+00 1.137000000000000000e+03 1.320000000000000000e+02
9.700000000000000000e+01 2.100000000000000000e+01 2.000000000000000000e+00 1.011000000000000000e+03 1.190000000000000000e+02
1.520000000000000000e+02 1.300000000000000000e+01 1.000000000000000000e+00 1.249000000000000000e+03 1.660000000000000000e+02
1.590000000000000000e+02 2.400000000000000000e+01 2.000000000000000000e+00 1.203000000000000000e+03 1.840000000000000000e+02
1.240000000000000000e+02 1.400000000000000000e+01 0.000000000000000000e+00 1.128000000000000000e+03 1.380000000000000000e+02
1.210000000000000000e+02 3.000000000000000000e+01 0.000000000000000000e+00 1.198000000000000000e+03 1.500000000000000000e+02
1.300000000000000000e+02 1.700000000000000000e+01 1.000000000000000000e+00 1.079000000000000000e+03 1.480000000000000000e+02
1.360000000000000000e+02 1.900000000000000000e+01 0.000000000000000000e+00 1.091000000000000000e+03 1.530000000000000000e+02
1.020000000000000000e+02 2.100000000000000000e+01 5.000000000000000000e+00 9.540000000000000000e+02 1.270000000000000000e+02
1.580000000000000000e+02 2.300000000000000000e+01 2.000000000000000000e+00 1.157000000000000000e+03 1.830000000000000000e+02
1.410000000000000000e+02 2.700000000000000000e+01 2.000000000000000000e+00 1.055000000000000000e+03 1.690000000000000000e+02
1.070000000000000000e+02 2.600000000000000000e+01 0.000000000000000000e+00 8.910000000000000000e+02 1.330000000000000000e+02
1.190000000000000000e+02 2.200000000000000000e+01 2.000000000000000000e+00 9.250000000000000000e+02 1.420000000000000000e+02
1.250000000000000000e+02 2.100000000000000000e+01 0.000000000000000000e+00 1.046000000000000000e+03 1.460000000000000000e+02
1.130000000000000000e+02 1.500000000000000000e+01 2.000000000000000000e+00 7.140000000000000000e+02 1.290000000000000000e+02
1.240000000000000000e+02 1.700000000000000000e+01 4.000000000000000000e+00 9.900000000000000000e+02 1.440000000000000000e+02
1.030000000000000000e+02 1.700000000000000000e+01 0.000000000000000000e+00 1.040000000000000000e+03 1.200000000000000000e+02
1.310000000000000000e+02 2.800000000000000000e+01 2.000000000000000000e+00 1.095000000000000000e+03 1.610000000000000000e+02
1.340000000000000000e+02 2.400000000000000000e+01 3.000000000000000000e+00 1.016000000000000000e+03 1.580000000000000000e+02
1.150000000000000000e+02 2.500000000000000000e+01 1.000000000000000000e+00 1.115000000000000000e+03 1.400000000000000000e+02
1.130000000000000000e+02 2.800000000000000000e+01 2.000000000000000000e+00 1.011000000000000000e+03 1.420000000000000000e+02
1.130000000000000000e+02 2.700000000000000000e+01 2.000000000000000000e+00 1.112000000000000000e+03 1.420000000000000000e+02
1.380000000000000000e+02 1.800000000000000000e+01 1.000000000000000000e+00 1.052000000000000000e+03 1.550000000000000000e+02
1.220000000000000000e+02 2.200000000000000000e+01 1.000000000000000000e+00 1.163000000000000000e+03 1.450000000000000000e+02
1.380000000000000000e+02 2.100000000000000000e+01 2.000000000000000000e+00 1.021000000000000000e+03 1.600000000000000000e+02
1.280000000000000000e+02 2.500000000000000000e+01 2.000000000000000000e+00 1.097000000000000000e+03 1.540000000000000000e+02
1.190000000000000000e+02 1.800000000000000000e+01 2.000000000000000000e+00 9.870000000000000000e+02 1.390000000000000000e+02
1.440000000000000000e+02 1.800000000000000000e+01 3.000000000000000000e+00 1.155000000000000000e+03 1.640000000000000000e+02
1.510000000000000000e+02 1.600000000000000000e+01 3.000000000000000000e+00 1.242000000000000000e+03 1.690000000000000000e+02
1.440000000000000000e+02 2.100000000000000000e+01 1.000000000000000000e+00 9.450000000000000000e+02 1.660000000000000000e+02
1.340000000000000000e+02 2.100000000000000000e+01 3.000000000000000000e+00 1.046000000000000000e+03 1.570000000000000000e+02
1.400000000000000000e+02 2.300000000000000000e+01 1.000000000000000000e+00 1.198000000000000000e+03 1.640000000000000000e+02
1.190000000000000000e+02 1.500000000000000000e+01 2.000000000000000000e+00 1.015000000000000000e+03 1.360000000000000000e+02
1.430000000000000000e+02 2.400000000000000000e+01 3.000000000000000000e+00 1.102000000000000000e+03 1.700000000000000000e+02
1.270000000000000000e+02 2.200000000000000000e+01 1.000000000000000000e+00 1.205000000000000000e+03 1.480000000000000000e+02
1.470000000000000000e+02 2.600000000000000000e+01 2.000000000000000000e+00 1.177000000000000000e+03 1.750000000000000000e+02
1.160000000000000000e+02 1.700000000000000000e+01 0.000000000000000000e+00 1.034000000000000000e+03 1.330000000000000000e+02
1.220000000000000000e+02 1.700000000000000000e+01 0.000000000000000000e+00 1.235000000000000000e+03 1.370000000000000000e+02
1.110000000000000000e+02 2.100000000000000000e+01 4.000000000000000000e+00 9.890000000000000000e+02 1.360000000000000000e+02
1.160000000000000000e+02 2.100000000000000000e+01 0.000000000000000000e+00 7.950000000000000000e+02 1.370000000000000000e+02
1.450000000000000000e+02 2.000000000000000000e+01 1.000000000000000000e+00 1.035000000000000000e+03 1.650000000000000000e+02
1.260000000000000000e+02 2.500000000000000000e+01 2.000000000000000000e+00 1.256000000000000000e+03 1.530000000000000000e+02
1.160000000000000000e+02 2.800000000000000000e+01 2.000000000000000000e+00 1.077000000000000000e+03 1.450000000000000000e+02
1.350000000000000000e+02 3.000000000000000000e+01 2.000000000000000000e+00 1.072000000000000000e+03 1.660000000000000000e+02
1.110000000000000000e+02 1.700000000000000000e+01 0.000000000000000000e+00 1.021000000000000000e+03 1.260000000000000000e+02
1.290000000000000000e+02 2.500000000000000000e+01 2.000000000000000000e+00 1.108000000000000000e+03 1.530000000000000000e+02
1.230000000000000000e+02 1.400000000000000000e+01 2.000000000000000000e+00 1.004000000000000000e+03 1.390000000000000000e+02
1.280000000000000000e+02 2.100000000000000000e+01 3.000000000000000000e+00 1.098000000000000000e+03 1.520000000000000000e+02
1.210000000000000000e+02 3.200000000000000000e+01 3.000000000000000000e+00 9.900000000000000000e+02 1.550000000000000000e+02
1.390000000000000000e+02 1.600000000000000000e+01 1.000000000000000000e+00 1.141000000000000000e+03 1.550000000000000000e+02
1.280000000000000000e+02 2.700000000000000000e+01 4.000000000000000000e+00 9.550000000000000000e+02 1.580000000000000000e+02
1.110000000000000000e+02 1.700000000000000000e+01 3.000000000000000000e+00 8.650000000000000000e+02 1.310000000000000000e+02
1.090000000000000000e+02 2.400000000000000000e+01 1.000000000000000000e+00 1.029000000000000000e+03 1.310000000000000000e+02
1.460000000000000000e+02 2.900000000000000000e+01 1.000000000000000000e+00 1.173000000000000000e+03 1.760000000000000000e+02
1.250000000000000000e+02 2.900000000000000000e+01 1.000000000000000000e+00 1.212000000000000000e+03 1.540000000000000000e+02
1.060000000000000000e+02 1.800000000000000000e+01 1.000000000000000000e+00 1.169000000000000000e+03 1.250000000000000000e+02
1.360000000000000000e+02 2.100000000000000000e+01 0.000000000000000000e+00 1.142000000000000000e+03 1.570000000000000000e+02
1.250000000000000000e+02 2.400000000000000000e+01 0.000000000000000000e+00 1.220000000000000000e+03 1.490000000000000000e+02
1.520000000000000000e+02 2.300000000000000000e+01 1.000000000000000000e+00 1.258000000000000000e+03 1.760000000000000000e+02
1.260000000000000000e+02 1.600000000000000000e+01 2.000000000000000000e+00 1.065000000000000000e+03 1.440000000000000000e+02
1.180000000000000000e+02 2.200000000000000000e+01 0.000000000000000000e+00 9.720000000000000000e+02 1.400000000000000000e+02
1.170000000000000000e+02 2.200000000000000000e+01 2.000000000000000000e+00 1.086000000000000000e+03 1.400000000000000000e+02
1.380000000000000000e+02 2.200000000000000000e+01 1.000000000000000000e+00 1.107000000000000000e+03 1.600000000000000000e+02
1.080000000000000000e+02 3.200000000000000000e+01 3.000000000000000000e+00 1.044000000000000000e+03 1.430000000000000000e+02
1.250000000000000000e+02 2.900000000000000000e+01 2.000000000000000000e+00 1.171000000000000000e+03 1.540000000000000000e+02
1.080000000000000000e+02 2.000000000000000000e+01 1.000000000000000000e+00 1.147000000000000000e+03 1.290000000000000000e+02
1.490000000000000000e+02 2.700000000000000000e+01 5.000000000000000000e+00 1.075000000000000000e+03 1.810000000000000000e+02
1.330000000000000000e+02 2.400000000000000000e+01 2.000000000000000000e+00 1.076000000000000000e+03 1.590000000000000000e+02
1.330000000000000000e+02 2.700000000000000000e+01 2.000000000000000000e+00 1.038000000000000000e+03 1.600000000000000000e+02
1.390000000000000000e+02 2.200000000000000000e+01 3.000000000000000000e+00 1.049000000000000000e+03 1.630000000000000000e+02
1.410000000000000000e+02 2.300000000000000000e+01 1.000000000000000000e+00 1.160000000000000000e+03 1.640000000000000000e+02
1.260000000000000000e+02 2.900000000000000000e+01 2.000000000000000000e+00 1.287000000000000000e+03 1.570000000000000000e+02
1.250000000000000000e+02 1.600000000000000000e+01 1.000000000000000000e+00 1.048000000000000000e+03 1.420000000000000000e+02
9.700000000000000000e+01 1.700000000000000000e+01 2.000000000000000000e+00 9.620000000000000000e+02 1.140000000000000000e+02
1.450000000000000000e+02 2.500000000000000000e+01 2.000000000000000000e+00 1.228000000000000000e+03 1.710000000000000000e+02
1.200000000000000000e+02 2.300000000000000000e+01 1.000000000000000000e+00 1.189000000000000000e+03 1.440000000000000000e+02
1.460000000000000000e+02 2.400000000000000000e+01 3.000000000000000000e+00 1.231000000000000000e+03 1.730000000000000000e+02
9.400000000000000000e+01 1.700000000000000000e+01 3.000000000000000000e+00 7.640000000000000000e+02 1.140000000000000000e+02
1.250000000000000000e+02 1.900000000000000000e+01 0.000000000000000000e+00 1.059000000000000000e+03 1.420000000000000000e+02
1.240000000000000000e+02 2.400000000000000000e+01 2.000000000000000000e+00 1.117000000000000000e+03 1.490000000000000000e+02
1.010000000000000000e+02 2.000000000000000000e+01 1.000000000000000000e+00 1.025000000000000000e+03 1.190000000000000000e+02
1.380000000000000000e+02 1.100000000000000000e+01 1.000000000000000000e+00 1.124000000000000000e+03 1.500000000000000000e+02
1.100000000000000000e+02 2.100000000000000000e+01 0.000000000000000000e+00 1.099000000000000000e+03 1.310000000000000000e+02
1.240000000000000000e+02 3.000000000000000000e+01 2.000000000000000000e+00 9.780000000000000000e+02 1.550000000000000000e+02
1.130000000000000000e+02 2.000000000000000000e+01 3.000000000000000000e+00 9.250000000000000000e+02 1.360000000000000000e+02
1.300000000000000000e+02 2.200000000000000000e+01 2.000000000000000000e+00 1.132000000000000000e+03 1.530000000000000000e+02
1.390000000000000000e+02 2.700000000000000000e+01 0.000000000000000000e+00 9.980000000000000000e+02 1.650000000000000000e+02
1.010000000000000000e+02 1.700000000000000000e+01 3.000000000000000000e+00 1.086000000000000000e+03 1.210000000000000000e+02
8.800000000000000000e+01 2.300000000000000000e+01 3.000000000000000000e+00 9.220000000000000000e+02 1.130000000000000000e+02
1.280000000000000000e+02 3.100000000000000000e+01 1.000000000000000000e+00 1.127000000000000000e+03 1.600000000000000000e+02
1.140000000000000000e+02 3.400000000000000000e+01 3.000000000000000000e+00 1.051000000000000000e+03 1.500000000000000000e+02
1.520000000000000000e+02 1.400000000000000000e+01 1.000000000000000000e+00 1.249000000000000000e+03 1.670000000000000000e+02
1.100000000000000000e+02 1.800000000000000000e+01 1.000000000000000000e+00 1.018000000000000000e+03 1.290000000000000000e+02
1.360000000000000000e+02 2.200000000000000000e+01 1.000000000000000000e+00 1.132000000000000000e+03 1.580000000000000000e+02
1.260000000000000000e+02 2.000000000000000000e+01 2.000000000000000000e+00 1.023000000000000000e+03 1.470000000000000000e+02
1.140000000000000000e+02 2.500000000000000000e+01 2.000000000000000000e+00 1.047000000000000000e+03 1.410000000000000000e+02
1.170000000000000000e+02 1.900000000000000000e+01 1.000000000000000000e+00 1.140000000000000000e+03 1.370000000000000000e+02
1.240000000000000000e+02 2.900000000000000000e+01 0.000000000000000000e+00 1.084000000000000000e+03 1.530000000000000000e+02
1.390000000000000000e+02 1.900000000000000000e+01 2.000000000000000000e+00 1.029000000000000000e+03 1.600000000000000000e+02
1.130000000000000000e+02 2.400000000000000000e+01 1.000000000000000000e+00 1.233000000000000000e+03 1.360000000000000000e+02
1.160000000000000000e+02 1.300000000000000000e+01 2.000000000000000000e+00 1.132000000000000000e+03 1.310000000000000000e+02
1.290000000000000000e+02 1.700000000000000000e+01 2.000000000000000000e+00 9.570000000000000000e+02 1.480000000000000000e+02
1.360000000000000000e+02 2.500000000000000000e+01 0.000000000000000000e+00 1.040000000000000000e+03 1.610000000000000000e+02
1.180000000000000000e+02 1.600000000000000000e+01 1.000000000000000000e+00 1.214000000000000000e+03 1.350000000000000000e+02
1.180000000000000000e+02 2.200000000000000000e+01 1.000000000000000000e+00 9.460000000000000000e+02 1.400000000000000000e+02
1.240000000000000000e+02 2.300000000000000000e+01 5.000000000000000000e+00 9.380000000000000000e+02 1.520000000000000000e+02
1.040000000000000000e+02 1.900000000000000000e+01 1.000000000000000000e+00 1.053000000000000000e+03 1.240000000000000000e+02
1.330000000000000000e+02 2.400000000000000000e+01 1.000000000000000000e+00 1.078000000000000000e+03 1.580000000000000000e+02
1.290000000000000000e+02 1.600000000000000000e+01 2.000000000000000000e+00 1.015000000000000000e+03 1.470000000000000000e+02
1.340000000000000000e+02 2.200000000000000000e+01 0.000000000000000000e+00 1.147000000000000000e+03 1.550000000000000000e+02
1.480000000000000000e+02 2.800000000000000000e+01 1.000000000000000000e+00 1.213000000000000000e+03 1.760000000000000000e+02
1.640000000000000000e+02 2.500000000000000000e+01 0.000000000000000000e+00 1.169000000000000000e+03 1.890000000000000000e+02
1.150000000000000000e+02 2.000000000000000000e+01 2.000000000000000000e+00 1.032000000000000000e+03 1.370000000000000000e+02
1.320000000000000000e+02 1.700000000000000000e+01 3.000000000000000000e+00 1.061000000000000000e+03 1.520000000000000000e+02
8.600000000000000000e+01 1.700000000000000000e+01 1.000000000000000000e+00 8.920000000000000000e+02 1.040000000000000000e+02
1.340000000000000000e+02 2.800000000000000000e+01 1.000000000000000000e+00 1.116000000000000000e+03 1.600000000000000000e+02
9.600000000000000000e+01 2.700000000000000000e+01 2.000000000000000000e+00 1.112000000000000000e+03 1.250000000000000000e+02
1.210000000000000000e+02 2.700000000000000000e+01 4.000000000000000000e+00 1.054000000000000000e+03 1.520000000000000000e+02
1.040000000000000000e+02 2.000000000000000000e+01 3.000000000000000000e+00 1.199000000000000000e+03 1.260000000000000000e+02
1.100000000000000000e+02 2.700000000000000000e+01 1.000000000000000000e+00 9.500000000000000000e+02 1.370000000000000000e+02
1.250000000000000000e+02 2.200000000000000000e+01 4.000000000000000000e+00 1.065000000000000000e+03 1.500000000000000000e+02
1.400000000000000000e+02 2.500000000000000000e+01 0.000000000000000000e+00 1.122000000000000000e+03 1.640000000000000000e+02
1.160000000000000000e+02 1.500000000000000000e+01 2.000000000000000000e+00 9.930000000000000000e+02 1.330000000000000000e+02
1.230000000000000000e+02 2.000000000000000000e+01 2.000000000000000000e+00 1.100000000000000000e+03 1.450000000000000000e+02
1.510000000000000000e+02 2.400000000000000000e+01 0.000000000000000000e+00 1.106000000000000000e+03 1.740000000000000000e+02
1.270000000000000000e+02 2.100000000000000000e+01 0.000000000000000000e+00 1.111000000000000000e+03 1.460000000000000000e+02
1.300000000000000000e+02 1.400000000000000000e+01 2.000000000000000000e+00 8.920000000000000000e+02 1.460000000000000000e+02
1.230000000000000000e+02 2.700000000000000000e+01 2.000000000000000000e+00 1.122000000000000000e+03 1.520000000000000000e+02
1.400000000000000000e+02 2.200000000000000000e+01 1.000000000000000000e+00 1.131000000000000000e+03 1.620000000000000000e+02
1.060000000000000000e+02 2.100000000000000000e+01 1.000000000000000000e+00 8.540000000000000000e+02 1.270000000000000000e+02
1.320000000000000000e+02 2.800000000000000000e+01 2.000000000000000000e+00 1.060000000000000000e+03 1.600000000000000000e+02
1.060000000000000000e+02 1.700000000000000000e+01 1.000000000000000000e+00 9.190000000000000000e+02 1.230000000000000000e+02
1.340000000000000000e+02 2.100000000000000000e+01 2.000000000000000000e+00 1.174000000000000000e+03 1.560000000000000000e+02
1.360000000000000000e+02 1.500000000000000000e+01 1.000000000000000000e+00 1.096000000000000000e+03 1.500000000000000000e+02
1.130000000000000000e+02 2.100000000000000000e+01 1.000000000000000000e+00 9.820000000000000000e+02 1.330000000000000000e+02
1.070000000000000000e+02 1.800000000000000000e+01 4.000000000000000000e+00 7.080000000000000000e+02 1.290000000000000000e+02
1.310000000000000000e+02 2.400000000000000000e+01 4.000000000000000000e+00 1.119000000000000000e+03 1.580000000000000000e+02
1.120000000000000000e+02 2.600000000000000000e+01 1.000000000000000000e+00 1.009000000000000000e+03 1.390000000000000000e+02
1.400000000000000000e+02 2.500000000000000000e+01 2.000000000000000000e+00 1.007000000000000000e+03 1.670000000000000000e+02
1.400000000000000000e+02 1.800000000000000000e+01 1.000000000000000000e+00 1.101000000000000000e+03 1.550000000000000000e+02
1.320000000000000000e+02 1.900000000000000000e+01 0.000000000000000000e+00 9.530000000000000000e+02 1.510000000000000000e+02
1.400000000000000000e+02 2.000000000000000000e+01 1.000000000000000000e+00 1.100000000000000000e+03 1.610000000000000000e+02
1.480000000000000000e+02 2.300000000000000000e+01 0.000000000000000000e+00 9.480000000000000000e+02 1.710000000000000000e+02
1.160000000000000000e+02 1.500000000000000000e+01 0.000000000000000000e+00 9.680000000000000000e+02 1.310000000000000000e+02
1.130000000000000000e+02 1.200000000000000000e+01 1.000000000000000000e+00 1.076000000000000000e+03 1.260000000000000000e+02
1.330000000000000000e+02 2.500000000000000000e+01 3.000000000000000000e+00 1.058000000000000000e+03 1.610000000000000000e+02
1.250000000000000000e+02 2.800000000000000000e+01 2.000000000000000000e+00 1.147000000000000000e+03 1.540000000000000000e+02
1.180000000000000000e+02 1.500000000000000000e+01 1.000000000000000000e+00 1.233000000000000000e+03 1.340000000000000000e+02
1.290000000000000000e+02 1.900000000000000000e+01 1.000000000000000000e+00 1.102000000000000000e+03 1.490000000000000000e+02
1.160000000000000000e+02 1.300000000000000000e+01 2.000000000000000000e+00 1.024000000000000000e+03 1.300000000000000000e+02
1.370000000000000000e+02 2.600000000000000000e+01 3.000000000000000000e+00 1.084000000000000000e+03 1.640000000000000000e+02
1.370000000000000000e+02 2.800000000000000000e+01 2.000000000000000000e+00 1.133000000000000000e+03 1.660000000000000000e+02
1.130000000000000000e+02 2.200000000000000000e+01 1.000000000000000000e+00 1.166000000000000000e+03 1.340000000000000000e+02
1.150000000000000000e+02 2.100000000000000000e+01 3.000000000000000000e+00 1.150000000000000000e+03 1.390000000000000000e+02
1.370000000000000000e+02 1.800000000000000000e+01 0.000000000000000000e+00 1.062000000000000000e+03 1.540000000000000000e+02
