2.080000000000000000e+02 6.400000000000000000e+01 5.000000000000000000e+00 2.117000000000000000e+03 2.750000000000000000e+02
2.270000000000000000e+02 6.800000000000000000e+01 6.000000000000000000e+00 2.228000000000000000e+03 2.960000000000000000e+02
2.360000000000000000e+02 6.800000000000000000e+01 4.000000000000000000e+00 2.213000000000000000e+03 3.060000000000000000e+02
2.130000000000000000e+02 4.600000000000000000e+01 5.000000000000000000e+00 1.995000000000000000e+03 2.590000000000000000e+02
2.300000000000000000e+02 5.500000000000000000e+01 1.000000000000000000e+00 2.170000000000000000e+03 2.850000000000000000e+02
2.230000000000000000e+02 6.300000000000000000e+01 4.000000000000000000e+00 2.269000000000000000e+03 2.880000000000000000e+02
1.890000000000000000e+02 6.500000000000000000e+01 8.000000000000000000e+00 1.896000000000000000e+03 2.580000000000000000e+02
2.310000000000000000e+02 7.800000000000000000e+01 5.000000000000000000e+00 2.333000000000000000e+03 3.120000000000000000e+02
2.330000000000000000e+02 7.400000000000000000e+01 7.000000000000000000e+00 2.252000000000000000e+03 3.070000000000000000e+02
2.230000000000000000e+02 7.800000000000000000e+01 1.000000000000000000e+00 2.029000000000000000e+03 3.000000000000000000e+02
2.210000000000000000e+02 8.500000000000000000e+01 4.000000000000000000e+00 2.025000000000000000e+03 3.070000000000000000e+02
2.440000000000000000e+02 8.400000000000000000e+01 5.000000000000000000e+00 2.430000000000000000e+03 3.300000000000000000e+02
1.760000000000000000e+02 7.900000000000000000e+01 2.000000000000000000e+00 2.126000000000000000e+03 2.550000000000000000e+02
2.380000000000000000e+02 6.200000000000000000e+01 2.000000000000000000e+00 2.174000000000000000e+03 3.000000000000000000e+02
2.310000000000000000e+02 5.800000000000000000e+01 1.000000000000000000e+00 2.064000000000000000e+03 2.840000000000000000e+02
2.220000000000000000e+02 6.200000000000000000e+01 7.000000000000000000e+00 2.097000000000000000e+03 2.890000000000000000e+02
3.280000000000000000e+02 8.900000000000000000e+01 5.000000000000000000e+00 2.762000000000000000e+03 4.030000000000000000e+02
2.220000000000000000e+02 5.800000000000000000e+01 6.000000000000000000e+00 2.241000000000000000e+03 2.820000000000000000e+02
2.490000000000000000e+02 7.900000000000000000e+01 6.000000000000000000e+00 2.227000000000000000e+03 3.320000000000000000e+02
2.140000000000000000e+02 6.400000000000000000e+01 3.000000000000000000e+00 1.896000000000000000e+03 2.800000000000000000e+02
2.220000000000000000e+02 5.500000000000000000e+01 3.000000000000000000e+00 1.911000000000000000e+03 2.760000000000000000e+02
2.590000000000000000e+02 8.100000000000000000e+01 3.000000000000000000e+00 2.120000000000000000e+03 3.420000000000000000e+02
2.600000000000000000e+02 6.900000000000000000e+01 7.000000000000000000e+00 2.027000000000000000e+03 3.340000000000000000e+02
3.090000000000000000e+02 8.400000000000000000e+01 5.000000000000000000e+00 2.696000000000000000e+03 3.950000000000000000e+02
2.150000000000000000e+02 7.100000000000000000e+01 2.000000000000000000e+00 2.143000000000000000e+03 2.880000000000000000e+02
2.300000000000000000e+02 6.200000000000000000e+01 7.000000000000000000e+00 2.282000000000000000e+03 2.980000000000000000e+02
2.240000000000000000e+02 5.900000000000000000e+01 2.000000000000000000e+00 2.052000000000000000e+03 2.780000000000000000e+02
2.080000000000000000e+02 5.300000000000000000e+01 2.000000000000000000e+00 2.007000000000000000e+03 2.580000000000000000e+02
2.030000000000000000e+02 5.700000000000000000e+01 2.000000000000000000e+00 1.988000000000000000e+03 2.580000000000000000e+02
2.260000000000000000e+02 6.200000000000000000e+01 2.000000000000000000e+00 2.412000000000000000e+03 2.810000000000000000e+02
2.280000000000000000e+02 8.500000000000000000e+01 4.000000000000000000e+00 2.079000000000000000e+03 3.150000000000000000e+02
2.710000000000000000e+02 8.000000000000000000e+01 3.000000000000000000e+00 2.473000000000000000e+03 3.500000000000000000e+02
2.610000000000000000e+02 6.900000000000000000e+01 4.000000000000000000e+00 2.271000000000000000e+03 3.270000000000000000e+02
2.260000000000000000e+02 5.500000000000000000e+01 3.000000000000000000e+00 2.271000000000000000e+03 2.810000000000000000e+02
2.420000000000000000e+02 5.900000000000000000e+01 3.000000000000000000e+00 2.354000000000000000e+03 3.010000000000000000e+02
1.800000000000000000e+02 6.100000000000000000e+01 3.000000000000000000e+00 2.165000000000000000e+03 2.420000000000000000e+02
2.050000000000000000e+02 6.100000000000000000e+01 3.000000000000000000e+00 2.126000000000000000e+03 2.680000000000000000e+02
2.120000000000000000e+02 6.200000000000000000e+01 6.000000000000000000e+00 1.993000000000000000e+03 2.760000000000000000e+02
2.350000000000000000e+02 6.900000000000000000e+01 5.000000000000000000e+00 2.158000000000000000e+03 3.080000000000000000e+02
2.330000000000000000e+02 6.700000000000000000e+01 6.000000000000000000e+00 2.144000000000000000e+03 3.010000000000000000e+02
2.130000000000000000e+02 6.600000000000000000e+01 2.000000000000000000e+00 2.251000000000000000e+03 2.750000000000000000e+02
2.520000000000000000e+02 7.300000000000000000e+01 3.000000000000000000e+00 2.377000000000000000e+03 3.260000000000000000e+02
2.540000000000000000e+02 8.400000000000000000e+01 0.000000000000000000e+00 2.311000000000000000e+03 3.340000000000000000e+02
3.190000000000000000e+02 8.700000000000000000e+01 2.000000000000000000e+00 2.436000000000000000e+03 3.950000000000000000e+02
2.020000000000000000e+02 6.800000000000000000e+01 5.000000000000000000e+00 2.153000000000000000e+03 2.730000000000000000e+02
2.240000000000000000e+02 7.200000000000000000e+01 6.000000000000000000e+00 2.415000000000000000e+03 2.950000000000000000e+02
2.550000000000000000e+02 7.800000000000000000e+01 4.000000000000000000e+00 2.504000000000000000e+03 3.360000000000000000e+02
2.700000000000000000e+02 7.100000000000000000e+01 6.000000000000000000e+00 2.346000000000000000e+03 3.440000000000000000e+02
2.110000000000000000e+02 6.300000000000000000e+01 3.000000000000000000e+00 1.994000000000000000e+03 2.710000000000000000e+02
2.510000000000000000e+02 6.500000000000000000e+01 1.000000000000000000e+00 2.307000000000000000e+03 3.140000000000000000e+02
2.560000000000000000e+02 6.300000000000000000e+01 6.000000000000000000e+00 2.309000000000000000e+03 3.160000000000000000e+02
2.900000000000000000e+02 7.300000000000000000e+01 5.000000000000000000e+00 2.342000000000000000e+03 3.630000000000000000e+02
2.200000000000000000e+02 7.700000000000000000e+01 4.000000000000000000e+00 2.148000000000000000e+03 3.000000000000000000e+02
2.330000000000000000e+02 6.200000000000000000e+01 2.000000000000000000e+00 1.930000000000000000e+03 2.950000000000000000e+02
2.470000000000000000e+02 7.600000000000000000e+01 5.000000000000000000e+00 2.213000000000000000e+03 3.240000000000000000e+02
1.530000000000000000e+02 5.300000000000000000e+01 2.000000000000000000e+00 1.418000000000000000e+03 2.060000000000000000e+02
2.670000000000000000e+02 6.900000000000000000e+01 4.000000000000000000e+00 2.146000000000000000e+03 3.350000000000000000e+02
2.470000000000000000e+02 7.900000000000000000e+01 4.000000000000000000e+00 2.164000000000000000e+03 3.230000000000000000e+02
2.150000000000000000e+02 6.400000000000000000e+01 3.000000000000000000e+00 2.285000000000000000e+03 2.790000000000000000e+02
2.370000000000000000e+02 7.400000000000000000e+01 9.000000000000000000e+00 2.329000000000000000e+03 3.100000000000000000e+02
2.210000000000000000e+02 6.500000000000000000e+01 5.000000000000000000e+00 2.040000000000000000e+03 2.850000000000000000e+02
2.290000000000000000e+02 7.300000000000000000e+01 4.000000000000000000e+00 2.137000000000000000e+03 3.040000000000000000e+02
2.090000000000000000e+02 7.200000000000000000e+01 5.000000000000000000e+00 2.419000000000000000e+03 2.820000000000000000e+02
2.210000000000000000e+02 5.400000000000000000e+01 3.000000000000000000e+00 1.998000000000000000e+03 2.750000000000000000e+02
2.580000000000000000e+02 8.700000000000000000e+01 6.000000000000000000e+00 2.434000000000000000e+03 3.470000000000000000e+02
2.350000000000000000e+02 7.300000000000000000e+01 0.000000000000000000e+00 2.146000000000000000e+03 3.050000000000000000e+02
1.860000000000000000e+02 5.200000000000000000e+01 4.000000000000000000e+00 2.005000000000000000e+03 2.380000000000000000e+02
2.350000000000000000e+02 6.000000000000000000e+01 5.000000000000000000e+00 2.062000000000000000e+03 2.990000000000000000e+02
2.370000000000000000e+02 6.600000000000000000e+01 6.000000000000000000e+00 2.314000000000000000e+03 3.030000000000000000e+02
2.230000000000000000e+02 6.900000000000000000e+01 3.000000000000000000e+00 2.121000000000000000e+03 2.910000000000000000e+02
1.750000000000000000e+02 5.700000000000000000e+01 1.000000000000000000e+00 1.703000000000000000e+03 2.310000000000000000e+02
2.330000000000000000e+02 7.000000000000000000e+01 6.000000000000000000e+00 1.908000000000000000e+03 3.080000000000000000e+02
2.220000000000000000e+02 7.400000000000000000e+01 4.000000000000000000e+00 2.109000000000000000e+03 2.940000000000000000e+02
2.570000000000000000e+02 6.800000000000000000e+01 2.000000000000000000e+00 2.155000000000000000e+03 3.240000000000000000e+02
2.150000000000000000e+02 7.600000000000000000e+01 4.000000000000000000e+00 2.273000000000000000e+03 2.930000000000000000e+02
2.180000000000000000e+02 7.500000000000000000e+01 7.000000000000000000e+00 2.300000000000000000e+03 2.980000000000000000e+02
2.320000000000000000e+02 7.100000000000000000e+01 5.000000000000000000e+00 1.991000000000000000e+03 3.030000000000000000e+02
2.780000000000000000e+02 8.500000000000000000e+01 8.000000000000000000e+00 2.436000000000000000e+03 3.670000000000000000e+02
1.900000000000000000e+02 8.100000000000000000e+01 5.000000000000000000e+00 1.879000000000000000e+03 2.740000000000000000e+02
2.310000000000000000e+02 7.200000000000000000e+01 5.000000000000000000e+00 2.372000000000000000e+03 3.010000000000000000e+02
2.560000000000000000e+02 5.500000000000000000e+01 1.000000000000000000e+00 2.145000000000000000e+03 3.070000000000000000e+02
2.340000000000000000e+02 6.200000000000000000e+01 4.000000000000000000e+00 2.035000000000000000e+03 2.930000000000000000e+02
2.350000000000000000e+02 7.400000000000000000e+01 6.000000000000000000e+00 2.453000000000000000e+03 3.130000000000000000e+02
2.340000000000000000e+02 6.500000000000000000e+01 7.000000000000000000e+00 2.289000000000000000e+03 3.020000000000000000e+02
2.340000000000000000e+02 6.100000000000000000e+01 2.000000000000000000e+00 2.283000000000000000e+03 2.950000000000000000e+02
1.670000000000000000e+02 5.200000000000000000e+01 4.000000000000000000e+00 1.603000000000000000e+03 2.220000000000000000e+02
1.960000000000000000e+02 7.000000000000000000e+01 2.000000000000000000e+00 2.053000000000000000e+03 2.670000000000000000e+02
2.300000000000000000e+02 6.600000000000000000e+01 2.000000000000000000e+00 2.161000000000000000e+03 2.910000000000000000e+02
2.860000000000000000e+02 6.900000000000000000e+01 2.000000000000000000e+00 2.435000000000000000e+03 3.520000000000000000e+02
2.380000000000000000e+02 7.800000000000000000e+01 7.000000000000000000e+00 2.420000000000000000e+03 3.090000000000000000e+02
2.240000000000000000e+02 6.100000000000000000e+01 2.000000000000000000e+00 1.894000000000000000e+03 2.850000000000000000e+02
1.640000000000000000e+02 5.700000000000000000e+01 7.000000000000000000e+00 1.761000000000000000e+03 2.220000000000000000e+02
2.100000000000000000e+02 7.400000000000000000e+01 5.000000000000000000e+00 2.306000000000000000e+03 2.860000000000000000e+02
2.560000000000000000e+02 6.900000000000000000e+01 2.000000000000000000e+00 2.536000000000000000e+03 3.230000000000000000e+02
2.590000000000000000e+02 6.500000000000000000e+01 4.000000000000000000e+00 2.321000000000000000e+03 3.230000000000000000e+02
2.690000000000000000e+02 6.400000000000000000e+01 4.000000000000000000e+00 2.413000000000000000e+03 3.310000000000000000e+02
1.800000000000000000e+02 5.400000000000000000e+01 2.000000000000000000e+00 1.798000000000000000e+03 2.350000000000000000e+02
2.180000000000000000e+02 5.200000000000000000e+01 3.000000000000000000e+00 1.905000000000000000e+03 2.690000000000000000e+02
2.520000000000000000e+02 7.400000000000000000e+01 5.000000000000000000e+00 2.034000000000000000e+03 3.270000000000000000e+02
2.050000000000000000e+02 5.600000000000000000e+01 3.000000000000000000e+00 2.165000000000000000e+03 2.590000000000000000e+02
2.270000000000000000e+02 6.800000000000000000e+01 5.000000000000000000e+00 2.253000000000000000e+03 2.910000000000000000e+02
2.690000000000000000e+02 6.800000000000000000e+01 6.000000000000000000e+00 2.292000000000000000e+03 3.400000000000000000e+02
2.630000000000000000e+02 6.800000000000000000e+01 6.000000000000000000e+00 2.355000000000000000e+03 3.320000000000000000e+02
2.340000000000000000e+02 5.200000000000000000e+01 1.000000000000000000e+00 2.068000000000000000e+03 2.820000000000000000e+02
2.310000000000000000e+02 7.400000000000000000e+01 4.000000000000000000e+00 2.370000000000000000e+03 3.050000000000000000e+02
2.430000000000000000e+02 8.500000000000000000e+01 3.000000000000000000e+00 2.368000000000000000e+03 3.260000000000000000e+02
2.330000000000000000e+02 6.600000000000000000e+01 0.000000000000000000e+00 2.220000000000000000e+03 2.980000000000000000e+02
2.410000000000000000e+02 6.100000000000000000e+01 3.000000000000000000e+00 2.295000000000000000e+03 3.000000000000000000e+02
3.060000000000000000e+02 7.300000000000000000e+01 9.000000000000000000e+00 2.493000000000000000e+03 3.790000000000000000e+02
1.900000000000000000e+02 7.400000000000000000e+01 6.000000000000000000e+00 2.161000000000000000e+03 2.630000000000000000e+02
1.970000000000000000e+02 6.600000000000000000e+01 7.000000000000000000e+00 2.026000000000000000e+03 2.660000000000000000e+02
2.540000000000000000e+02 6.300000000000000000e+01 7.000000000000000000e+00 2.207000000000000000e+03 3.200000000000000000e+02
2.210000000000000000e+02 6.300000000000000000e+01 3.000000000000000000e+00 2.140000000000000000e+03 2.860000000000000000e+02
2.500000000000000000e+02 7.600000000000000000e+01 4.000000000000000000e+00 2.287000000000000000e+03 3.220000000000000000e+02
2.060000000000000000e+02 7.500000000000000000e+01 3.000000000000000000e+00 1.979000000000000000e+03 2.790000000000000000e+02
2.290000000000000000e+02 5.100000000000000000e+01 2.000000000000000000e+00 1.988000000000000000e+03 2.790000000000000000e+02
2.850000000000000000e+02 6.700000000000000000e+01 6.000000000000000000e+00 2.449000000000000000e+03 3.510000000000000000e+02
2.250000000000000000e+02 5.600000000000000000e+01 2.000000000000000000e+00 2.155000000000000000e+03 2.790000000000000000e+02
2.600000000000000000e+02 8.800000000000000000e+01 5.000000000000000000e+00 2.398000000000000000e+03 3.510000000000000000e+02
2.560000000000000000e+02 7.300000000000000000e+01 5.000000000000000000e+00 2.459000000000000000e+03 3.320000000000000000e+02
2.230000000000000000e+02 7.000000000000000000e+01 3.000000000000000000e+00 2.095000000000000000e+03 2.920000000000000000e+02
3.180000000000000000e+02 9.200000000000000000e+01 5.000000000000000000e+00 2.508000000000000000e+03 4.010000000000000000e+02
2.400000000000000000e+02 6.300000000000000000e+01 3.000000000000000000e+00 2.190000000000000000e+03 3.040000000000000000e+02
2.140000000000000000e+02 6.100000000000000000e+01 3.000000000000000000e+00 2.351000000000000000e+03 2.750000000000000000e+02
2.150000000000000000e+02 6.700000000000000000e+01 3.000000000000000000e+00 2.178000000000000000e+03 2.800000000000000000e+02
2.260000000000000000e+02 5.700000000000000000e+01 5.000000000000000000e+00 2.248000000000000000e+03 2.850000000000000000e+02
2.180000000000000000e+02 5.600000000000000000e+01 5.000000000000000000e+00 1.949000000000000000e+03 2.770000000000000000e+02
3.190000000000000000e+02 7.600000000000000000e+01 5.000000000000000000e+00 2.343000000000000000e+03 3.910000000000000000e+02
2.290000000000000000e+02 5.100000000000000000e+01 3.000000000000000000e+00 1.956000000000000000e+03 2.790000000000000000e+02
2.280000000000000000e+02 7.100000000000000000e+01 5.000000000000000000e+00 2.162000000000000000e+03 3.000000000000000000e+02
2.390000000000000000e+02 7.400000000000000000e+01 5.000000000000000000e+00 2.048000000000000000e+03 3.140000000000000000e+02
2.630000000000000000e+02 8.600000000000000000e+01 3.000000000000000000e+00 2.285000000000000000e+03 3.490000000000000000e+02
2.600000000000000000e+02 7.100000000000000000e+01 0.000000000000000000e+00 2.459000000000000000e+03 3.250000000000000000e+02
2.360000000000000000e+02 5.900000000000000000e+01 1.000000000000000000e+00 2.260000000000000000e+03 2.950000000000000000e+02
2.250000000000000000e+02 7.700000000000000000e+01 5.000000000000000000e+00 1.960000000000000000e+03 2.950000000000000000e+02
2.250000000000000000e+02 5.700000000000000000e+01 3.000000000000000000e+00 1.882000000000000000e+03 2.820000000000000000e+02
1.970000000000000000e+02 5.200000000000000000e+01 6.000000000000000000e+00 2.060000000000000000e+03 2.520000000000000000e+02
2.060000000000000000e+02 8.100000000000000000e+01 4.000000000000000000e+00 2.077000000000000000e+03 2.900000000000000000e+02
2.220000000000000000e+02 6.700000000000000000e+01 7.000000000000000000e+00 2.130000000000000000e+03 2.920000000000000000e+02
2.380000000000000000e+02 6.500000000000000000e+01 3.000000000000000000e+00 2.272000000000000000e+03 3.020000000000000000e+02
2.570000000000000000e+02 6.400000000000000000e+01 3.000000000000000000e+00 2.149000000000000000e+03 3.230000000000000000e+02
2.330000000000000000e+02 7.300000000000000000e+01 1.000000000000000000e+00 2.142000000000000000e+03 3.020000000000000000e+02
2.190000000000000000e+02 7.900000000000000000e+01 4.000000000000000000e+00 2.156000000000000000e+03 2.990000000000000000e+02
2.780000000000000000e+02 6.900000000000000000e+01 2.000000000000000000e+00 2.417000000000000000e+03 3.450000000000000000e+02
2.210000000000000000e+02 7.500000000000000000e+01 4.000000000000000000e+00 2.189000000000000000e+03 2.940000000000000000e+02
2.850000000000000000e+02 7.800000000000000000e+01 4.000000000000000000e+00 2.453000000000000000e+03 3.600000000000000000e+02
2.840000000000000000e+02 7.400000000000000000e+01 3.000000000000000000e+00 2.598000000000000000e+03 3.550000000000000000e+02
1.850000000000000000e+02 6.400000000000000000e+01 3.000000000000000000e+00 1.834000000000000000e+03 2.470000000000000000e+02
2.230000000000000000e+02 5.400000000000000000e+01 1.000000000000000000e+00 2.269000000000000000e+03 2.740000000000000000e+02
2.520000000000000000e+02 9.000000000000000000e+01 1.000000000000000000e+00 2.113000000000000000e+03 3.390000000000000000e+02
2.540000000000000000e+02 7.200000000000000000e+01 8.000000000000000000e+00 2.302000000000000000e+03 3.330000000000000000e+02
2.760000000000000000e+02 7.300000000000000000e+01 6.000000000000000000e+00 2.428000000000000000e+03 3.510000000000000000e+02
2.100000000000000000e+02 7.900000000000000000e+01 4.000000000000000000e+00 2.002000000000000000e+03 2.920000000000000000e+02
2.290000000000000000e+02 5.800000000000000000e+01 6.000000000000000000e+00 2.017000000000000000e+03 2.900000000000000000e+02
2.190000000000000000e+02 7.200000000000000000e+01 3.000000000000000000e+00 2.342000000000000000e+03 2.900000000000000000e+02
2.600000000000000000e+02 7.900000000000000000e+01 8.000000000000000000e+00 2.166000000000000000e+03 3.380000000000000000e+02
1.890000000000000000e+02 5.800000000000000000e+01 3.000000000000000000e+00 2.067000000000000000e+03 2.430000000000000000e+02
1.970000000000000000e+02 6.000000000000000000e+01 3.000000000000000000e+00 2.253000000000000000e+03 2.570000000000000000e+02
2.150000000000000000e+02 6.300000000000000000e+01 3.000000000000000000e+00 2.115000000000000000e+03 2.790000000000000000e+02
2.760000000000000000e+02 6.100000000000000000e+01 4.000000000000000000e+00 2.056000000000000000e+03 3.330000000000000000e+02
2.070000000000000000e+02 6.300000000000000000e+01 4.000000000000000000e+00 1.988000000000000000e+03 2.700000000000000000e+02
2.490000000000000000e+02 7.800000000000000000e+01 6.000000000000000000e+00 2.122000000000000000e+03 3.290000000000000000e+02
2.110000000000000000e+02 5.400000000000000000e+01 2.000000000000000000e+00 2.276000000000000000e+03 2.620000000000000000e+02
2.270000000000000000e+02 5.400000000000000000e+01 1.000000000000000000e+00 2.404000000000000000e+03 2.770000000000000000e+02
2.160000000000000000e+02 6.800000000000000000e+01 2.000000000000000000e+00 1.656000000000000000e+03 2.840000000000000000e+02
2.250000000000000000e+02 6.600000000000000000e+01 4.000000000000000000e+00 2.003000000000000000e+03 2.920000000000000000e+02
2.450000000000000000e+02 7.100000000000000000e+01 3.000000000000000000e+00 2.415000000000000000e+03 3.180000000000000000e+02
2.300000000000000000e+02 6.700000000000000000e+01 3.000000000000000000e+00 2.112000000000000000e+03 2.980000000000000000e+02
2.440000000000000000e+02 6.300000000000000000e+01 1.000000000000000000e+00 2.360000000000000000e+03 3.050000000000000000e+02
2.380000000000000000e+02 7.600000000000000000e+01 3.000000000000000000e+00 2.390000000000000000e+03 3.100000000000000000e+02
2.020000000000000000e+02 5.200000000000000000e+01 3.000000000000000000e+00 1.772000000000000000e+03 2.540000000000000000e+02
2.290000000000000000e+02 6.600000000000000000e+01 3.000000000000000000e+00 1.815000000000000000e+03 2.960000000000000000e+02
2.520000000000000000e+02 7.100000000000000000e+01 9.000000000000000000e+00 2.481000000000000000e+03 3.270000000000000000e+02
2.570000000000000000e+02 7.900000000000000000e+01 6.000000000000000000e+00 2.315000000000000000e+03 3.400000000000000000e+02
2.410000000000000000e+02 7.600000000000000000e+01 5.000000000000000000e+00 2.206000000000000000e+03 3.180000000000000000e+02
2.330000000000000000e+02 8.500000000000000000e+01 9.000000000000000000e+00 2.518000000000000000e+03 3.200000000000000000e+02
2.540000000000000000e+02 8.300000000000000000e+01 6.000000000000000000e+00 2.174000000000000000e+03 3.390000000000000000e+02
2.150000000000000000e+02 5.500000000000000000e+01 3.000000000000000000e+00 2.056000000000000000e+03 2.670000000000000000e+02
2.220000000000000000e+02 6.800000000000000000e+01 4.000000000000000000e+00 2.197000000000000000e+03 2.900000000000000000e+02
2.570000000000000000e+02 7.100000000000000000e+01 7.000000000000000000e+00 2.335000000000000000e+03 3.280000000000000000e+02
2.590000000000000000e+02 7.100000000000000000e+01 1.000000000000000000e+00 2.368000000000000000e+03 3.280000000000000000e+02
2.090000000000000000e+02 5.600000000000000000e+01 6.000000000000000000e+00 2.162000000000000000e+03 2.690000000000000000e+02
2.050000000000000000e+02 6.800000000000000000e+01 3.000000000000000000e+00 1.973000000000000000e+03 2.730000000000000000e+02
2.160000000000000000e+02 7.100000000000000000e+01 3.000000000000000000e+00 2.062000000000000000e+03 2.860000000000000000e+02
1.670000000000000000e+02 5.800000000000000000e+01 1.000000000000000000e+00 1.902000000000000000e+03 2.230000000000000000e+02
2.650000000000000000e+02 8.500000000000000000e+01 8.000000000000000000e+00 2.507000000000000000e+03 3.530000000000000000e+02
1.970000000000000000e+02 6.700000000000000000e+01 3.000000000000000000e+00 2.335000000000000000e+03 2.600000000000000000e+02
1.980000000000000000e+02 7.400000000000000000e+01 2.000000000000000000e+00 2.085000000000000000e+03 2.730000000000000000e+02
2.890000000000000000e+02 7.100000000000000000e+01 4.000000000000000000e+00 2.373000000000000000e+03 3.580000000000000000e+02
2.560000000000000000e+02 7.200000000000000000e+01 3.000000000000000000e+00 2.205000000000000000e+03 3.220000000000000000e+02
2.300000000000000000e+02 5.000000000000000000e+01 2.000000000000000000e+00 2.047000000000000000e+03 2.810000000000000000e+02
1.930000000000000000e+02 6.800000000000000000e+01 7.000000000000000000e+00 1.547000000000000000e+03 2.670000000000000000e+02
2.590000000000000000e+02 7.300000000000000000e+01 3.000000000000000000e+00 2.316000000000000000e+03 3.330000000000000000e+02
2.090000000000000000e+02 6.400000000000000000e+01 2.000000000000000000e+00 2.341000000000000000e+03 2.740000000000000000e+02
2.430000000000000000e+02 7.600000000000000000e+01 4.000000000000000000e+00 2.263000000000000000e+03 3.200000000000000000e+02
2.250000000000000000e+02 7.200000000000000000e+01 7.000000000000000000e+00 2.195000000000000000e+03 2.990000000000000000e+02
2.680000000000000000e+02 6.400000000000000000e+01 4.000000000000000000e+00 2.348000000000000000e+03 3.340000000000000000e+02
2.270000000000000000e+02 5.800000000000000000e+01 6.000000000000000000e+00 2.177000000000000000e+03 2.860000000000000000e+02
2.250000000000000000e+02 6.400000000000000000e+01 4.000000000000000000e+00 2.207000000000000000e+03 2.910000000000000000e+02
2.130000000000000000e+02 4.500000000000000000e+01 3.000000000000000000e+00 2.396000000000000000e+03 2.590000000000000000e+02
2.120000000000000000e+02 7.500000000000000000e+01 5.000000000000000000e+00 2.280000000000000000e+03 2.890000000000000000e+02
2.450000000000000000e+02 7.600000000000000000e+01 1.000000000000000000e+00 2.187000000000000000e+03 3.210000000000000000e+02
2.190000000000000000e+02 7.000000000000000000e+01 6.000000000000000000e+00 2.058000000000000000e+03 2.860000000000000000e+02
2.580000000000000000e+02 5.900000000000000000e+01 6.000000000000000000e+00 2.094000000000000000e+03 3.200000000000000000e+02
2.780000000000000000e+02 9.100000000000000000e+01 8.000000000000000000e+00 2.288000000000000000e+03 3.750000000000000000e+02
2.590000000000000000e+02 6.500000000000000000e+01 3.000000000000000000e+00 2.508000000000000000e+03 3.140000000000000000e+02
2.330000000000000000e+02 8.000000000000000000e+01 6.000000000000000000e+00 2.284000000000000000e+03 3.140000000000000000e+02
2.780000000000000000e+02 7.700000000000000000e+01 9.000000000000000000e+00 2.189000000000000000e+03 3.570000000000000000e+02
2.240000000000000000e+02 5.700000000000000000e+01 5.000000000000000000e+00 2.055000000000000000e+03 2.830000000000000000e+02
2.200000000000000000e+02 5.100000000000000000e+01 4.000000000000000000e+00 2.161000000000000000e+03 2.740000000000000000e+02
2.150000000000000000e+02 6.700000000000000000e+01 2.000000000000000000e+00 2.135000000000000000e+03 2.790000000000000000e+02
2.440000000000000000e+02 6.600000000000000000e+01 8.000000000000000000e+00 2.116000000000000000e+03 3.090000000000000000e+02
2.260000000000000000e+02 3.900000000000000000e+01 3.000000000000000000e+00 2.285000000000000000e+03 2.660000000000000000e+02
2.310000000000000000e+02 5.900000000000000000e+01 1.000000000000000000e+00 2.007000000000000000e+03 2.830000000000000000e+02
2.310000000000000000e+02 7.800000000000000000e+01 7.000000000000000000e+00 2.297000000000000000e+03 3.060000000000000000e+02
2.270000000000000000e+02 5.500000000000000000e+01 2.000000000000000000e+00 1.837000000000000000e+03 2.820000000000000000e+02
1.800000000000000000e+02 7.700000000000000000e+01 3.000000000000000000e+00 2.027000000000000000e+03 2.590000000000000000e+02
1.610000000000000000e+02 4.800000000000000000e+01 1.000000000000000000e+00 1.529000000000000000e+03 2.050000000000000000e+02
2.110000000000000000e+02 6.700000000000000000e+01 4.000000000000000000e+00 2.123000000000000000e+03 2.740000000000000000e+02
2.580000000000000000e+02 6.400000000000000000e+01 5.000000000000000000e+00 2.459000000000000000e+03 3.150000000000000000e+02
2.400000000000000000e+02 5.500000000000000000e+01 3.000000000000000000e+00 2.207000000000000000e+03 2.960000000000000000e+02
2.190000000000000000e+02 6.000000000000000000e+01 6.000000000000000000e+00 2.284000000000000000e+03 2.810000000000000000e+02
2.180000000000000000e+02 5.200000000000000000e+01 2.000000000000000000e+00 2.026000000000000000e+03 2.680000000000000000e+02
2.560000000000000000e+02 8.300000000000000000e+01 3.000000000000000000e+00 2.032000000000000000e+03 3.380000000000000000e+02
2.740000000000000000e+02 9.200000000000000000e+01 4.000000000000000000e+00 2.235000000000000000e+03 3.640000000000000000e+02
2.070000000000000000e+02 8.200000000000000000e+01 2.000000000000000000e+00 2.002000000000000000e+03 2.870000000000000000e+02
2.350000000000000000e+02 6.900000000000000000e+01 8.000000000000000000e+00 2.263000000000000000e+03 3.040000000000000000e+02
2.190000000000000000e+02 6.900000000000000000e+01 5.000000000000000000e+00 2.269000000000000000e+03 2.890000000000000000e+02
2.530000000000000000e+02 6.600000000000000000e+01 7.000000000000000000e+00 2.080000000000000000e+03 3.190000000000000000e+02
2.330000000000000000e+02 6.000000000000000000e+01 4.000000000000000000e+00 2.192000000000000000e+03 2.930000000000000000e+02
2.400000000000000000e+02 6.300000000000000000e+01 5.000000000000000000e+00 2.143000000000000000e+03 3.040000000000000000e+02
2.040000000000000000e+02 6.500000000000000000e+01 3.000000000000000000e+00 2.322000000000000000e+03 2.680000000000000000e+02
2.110000000000000000e+02 5.300000000000000000e+01 0.000000000000000000e+00 2.175000000000000000e+03 2.630000000000000000e+02
2.630000000000000000e+02 6.400000000000000000e+01 5.000000000000000000e+00 2.584000000000000000e+03 3.260000000000000000e+02
1.960000000000000000e+02 6.400000000000000000e+01 6.000000000000000000e+00 1.544000000000000000e+03 2.600000000000000000e+02
2.400000000000000000e+02 7.000000000000000000e+01 5.000000000000000000e+00 2.067000000000000000e+03 3.120000000000000000e+02
2.420000000000000000e+02 7.200000000000000000e+01 3.000000000000000000e+00 2.224000000000000000e+03 3.150000000000000000e+02
2.210000000000000000e+02 5.300000000000000000e+01 4.000000000000000000e+00 1.829000000000000000e+03 2.720000000000000000e+02
2.480000000000000000e+02 8.900000000000000000e+01 3.000000000000000000e+00 2.392000000000000000e+03 3.320000000000000000e+02
1.980000000000000000e+02 6.500000000000000000e+01 3.000000000000000000e+00 1.841000000000000000e+03 2.650000000000000000e+02
2.030000000000000000e+02 6.700000000000000000e+01 7.000000000000000000e+00 2.205000000000000000e+03 2.730000000000000000e+02
2.330000000000000000e+02 6.600000000000000000e+01 3.000000000000000000e+00 2.221000000000000000e+03 2.870000000000000000e+02
2.440000000000000000e+02 7.400000000000000000e+01 4.000000000000000000e+00 2.457000000000000000e+03 3.180000000000000000e+02
2.870000000000000000e+02 6.700000000000000000e+01 3.000000000000000000e+00 2.214000000000000000e+03 3.430000000000000000e+02
1.990000000000000000e+02 6.900000000000000000e+01 1.000000000000000000e+00 1.748000000000000000e+03 2.660000000000000000e+02
2.240000000000000000e+02 6.400000000000000000e+01 1.000000000000000000e+00 1.962000000000000000e+03 2.850000000000000000e+02
2.640000000000000000e+02 6.000000000000000000e+01 5.000000000000000000e+00 2.380000000000000000e+03 3.250000000000000000e+02
2.130000000000000000e+02 5.800000000000000000e+01 4.000000000000000000e+00 1.993000000000000000e+03 2.710000000000000000e+02
2.130000000000000000e+02 6.100000000000000000e+01 6.000000000000000000e+00 1.887000000000000000e+03 2.730000000000000000e+02
2.750000000000000000e+02 6.600000000000000000e+01 5.000000000000000000e+00 2.395000000000000000e+03 3.410000000000000000e+02
