2.880000000000000000e+02 2.100000000000000000e+01 2.000000000000000000e+00 1.066000000000000000e+03 3.110000000000000000e+02
2.410000000000000000e+02 1.700000000000000000e+01 2.000000000000000000e+00 7.650000000000000000e+02 2.600000000000000000e+02
2.600000000000000000e+02 1.900000000000000000e+01 1.000000000000000000e+00 1.130000000000000000e+03 2.800000000000000000e+02
2.710000000000000000e+02 2.200000000000000000e+01 0.000000000000000000e+00 7.010000000000000000e+02 2.930000000000000000e+02
2.730000000000000000e+02 2.300000000000000000e+01 2.000000000000000000e+00 9.510000000000000000e+02 2.980000000000000000e+02
2.390000000000000000e+02 2.100000000000000000e+01 1.000000000000000000e+00 7.530000000000000000e+02 2.610000000000000000e+02
2.680000000000000000e+02 2.000000000000000000e+01 1.000000000000000000e+00 9.920000000000000000e+02 2.890000000000000000e+02
2.470000000000000000e+02 1.600000000000000000e+01 1.000000000000000000e+00 1.025000000000000000e+03 2.640000000000000000e+02
2.550000000000000000e+02 2.200000000000000000e+01 1.000000000000000000e+00 7.520000000000000000e+02 2.780000000000000000e+02
2.480000000000000000e+02 1.800000000000000000e+01 0.000000000000000000e+00 8.760000000000000000e+02 2.650000000000000000e+02
2.680000000000000000e+02 1.200000000000000000e+01 1.000000000000000000e+00 1.212000000000000000e+03 2.810000000000000000e+02
2.510000000000000000e+02 2.200000000000000000e+01 1.000000000000000000e+00 8.810000000000000000e+02 2.740000000000000000e+02
2.360000000000000000e+02 2.400000000000000000e+01 4.000000000000000000e+00 8.650000000000000000e+02 2.640000000000000000e+02
2.650000000000000000e+02 7.000000000000000000e+00 0.000000000000000000e+00 9.180000000000000000e+02 2.720000000000000000e+02
2.590000000000000000e+02 2.200000000000000000e+01 2.000000000000000000e+00 8.940000000000000000e+02 2.820000000000000000e+02
2.330000000000000000e+02 1.600000000000000000e+01 2.000000000000000000e+00 4.240000000000000000e+02 2.510000000000000000e+02
2.840000000000000000e+02 1.600000000000000000e+01 2.000000000000000000e+00 1.131000000000000000e+03 3.020000000000000000e+02
2.490000000000000000e+02 1.100000000000000000e+01 3.000000000000000000e+00 5.710000000000000000e+02 2.630000000000000000e+02
2.620000000000000000e+02 2.100000000000000000e+01 2.000000000000000000e+00 1.008000000000000000e+03 2.850000000000000000e+02
2.020000000000000000e+02 1.000000000000000000e+01 1.000000000000000000e+00 6.060000000000000000e+02 2.130000000000000000e+02
2.530000000000000000e+02 1.300000000000000000e+01 1.000000000000000000e+00 9.080000000000000000e+02 2.670000000000000000e+02
2.830000000000000000e+02 2.100000000000000000e+01 1.000000000000000000e+00 1.033000000000000000e+03 3.050000000000000000e+02
2.720000000000000000e+02 2.100000000000000000e+01 1.000000000000000000e+00 9.260000000000000000e+02 2.940000000000000000e+02
2.340000000000000000e+02 2.300000000000000000e+01 2.000000000000000000e+00 6.390000000000000000e+02 2.590000000000000000e+02
2.490000000000000000e+02 2.800000000000000000e+01 1.000000000000000000e+00 9.420000000000000000e+02 2.780000000000000000e+02
2.690000000000000000e+02 1.500000000000000000e+01 0.000000000000000000e+00 1.027000000000000000e+03 2.840000000000000000e+02
2.790000000000000000e+02 1.600000000000000000e+01 0.000000000000000000e+00 1.067000000000000000e+03 2.950000000000000000e+02
2.570000000000000000e+02 1.400000000000000000e+01 0.000000000000000000e+00 8.510000000000000000e+02 2.710000000000000000e+02
2.290000000000000000e+02 1.700000000000000000e+01 1.000000000000000000e+00 6.080000000000000000e+02 2.470000000000000000e+02
2.630000000000000000e+02 1.900000000000000000e+01 1.000000000000000000e+00 1.028000000000000000e+03 2.830000000000000000e+02
3.000000000000000000e+02 2.100000000000000000e+01 0.000000000000000000e+00 1.178000000000000000e+03 3.210000000000000000e+02
2.660000000000000000e+02 1.700000000000000000e+01 1.000000000000000000e+00 1.113000000000000000e+03 2.840000000000000000e+02
2.500000000000000000e+02 9.000000000000000000e+00 1.000000000000000000e+00 1.049000000000000000e+03 2.590000000000000000e+02
2.380000000000000000e+02 1.800000000000000000e+01 1.000000000000000000e+00 7.650000000000000000e+02 2.570000000000000000e+02
2.330000000000000000e+02 2.400000000000000000e+01 1.000000000000000000e+00 6.320000000000000000e+02 2.570000000000000000e+02
2.630000000000000000e+02 1.900000000000000000e+01 0.000000000000000000e+00 9.440000000000000000e+02 2.820000000000000000e+02
2.640000000000000000e+02 2.100000000000000000e+01 1.000000000000000000e+00 8.890000000000000000e+02 2.860000000000000000e+02
2.600000000000000000e+02 2.400000000000000000e+01 1.000000000000000000e+00 1.020000000000000000e+03 2.850000000000000000e+02
2.490000000000000000e+02 1.400000000000000000e+01 0.000000000000000000e+00 7.940000000000000000e+02 2.630000000000000000e+02
2.560000000000000000e+02 1.800000000000000000e+01 1.000000000000000000e+00 8.290000000000000000e+02 2.750000000000000000e+02
2.600000000000000000e+02 1.500000000000000000e+01 0.000000000000000000e+00 8.970000000000000000e+02 2.740000000000000000e+02
2.550000000000000000e+02 1.600000000000000000e+01 0.000000000000000000e+00 8.010000000000000000e+02 2.710000000000000000e+02
2.710000000000000000e+02 2.200000000000000000e+01 2.000000000000000000e+00 1.071000000000000000e+03 2.950000000000000000e+02
2.640000000000000000e+02 2.400000000000000000e+01 0.000000000000000000e+00 9.540000000000000000e+02 2.880000000000000000e+02
2.680000000000000000e+02 1.300000000000000000e+01 0.000000000000000000e+00 9.250000000000000000e+02 2.810000000000000000e+02
2.580000000000000000e+02 1.200000000000000000e+01 0.000000000000000000e+00 9.270000000000000000e+02 2.700000000000000000e+02
2.780000000000000000e+02 1.600000000000000000e+01 1.000000000000000000e+00 1.107000000000000000e+03 2.950000000000000000e+02
2.410000000000000000e+02 1.600000000000000000e+01 1.000000000000000000e+00 7.750000000000000000e+02 2.580000000000000000e+02
2.350000000000000000e+02 2.800000000000000000e+01 1.000000000000000000e+00 9.510000000000000000e+02 2.630000000000000000e+02
2.530000000000000000e+02 2.700000000000000000e+01 1.000000000000000000e+00 1.018000000000000000e+03 2.800000000000000000e+02
2.810000000000000000e+02 1.500000000000000000e+01 0.000000000000000000e+00 1.176000000000000000e+03 2.950000000000000000e+02
2.700000000000000000e+02 2.400000000000000000e+01 3.000000000000000000e+00 1.023000000000000000e+03 2.970000000000000000e+02
7.700000000000000000e+01 1.000000000000000000e+00 0.000000000000000000e+00 6.000000000000000000e+00 7.800000000000000000e+01
2.590000000000000000e+02 1.600000000000000000e+01 1.000000000000000000e+00 1.014000000000000000e+03 2.750000000000000000e+02
2.790000000000000000e+02 1.700000000000000000e+01 1.000000000000000000e+00 1.096000000000000000e+03 2.960000000000000000e+02
2.490000000000000000e+02 1.400000000000000000e+01 1.000000000000000000e+00 6.450000000000000000e+02 2.640000000000000000e+02
2.590000000000000000e+02 1.400000000000000000e+01 1.000000000000000000e+00 8.630000000000000000e+02 2.740000000000000000e+02
2.550000000000000000e+02 1.700000000000000000e+01 0.000000000000000000e+00 1.035000000000000000e+03 2.720000000000000000e+02
2.410000000000000000e+02 1.700000000000000000e+01 2.000000000000000000e+00 5.590000000000000000e+02 2.600000000000000000e+02
2.610000000000000000e+02 1.200000000000000000e+01 0.000000000000000000e+00 9.280000000000000000e+02 2.730000000000000000e+02
2.720000000000000000e+02 2.100000000000000000e+01 1.000000000000000000e+00 8.390000000000000000e+02 2.920000000000000000e+02
2.690000000000000000e+02 2.100000000000000000e+01 0.000000000000000000e+00 9.060000000000000000e+02 2.890000000000000000e+02
2.330000000000000000e+02 2.400000000000000000e+01 0.000000000000000000e+00 8.770000000000000000e+02 2.570000000000000000e+02
2.490000000000000000e+02 2.100000000000000000e+01 0.000000000000000000e+00 8.190000000000000000e+02 2.700000000000000000e+02
2.180000000000000000e+02 1.600000000000000000e+01 1.000000000000000000e+00 7.060000000000000000e+02 2.350000000000000000e+02
3.030000000000000000e+02 1.200000000000000000e+01 1.000000000000000000e+00 9.470000000000000000e+02 3.160000000000000000e+02
2.430000000000000000e+02 1.400000000000000000e+01 2.000000000000000000e+00 1.152000000000000000e+03 2.590000000000000000e+02
2.550000000000000000e+02 2.400000000000000000e+01 2.000000000000000000e+00 1.062000000000000000e+03 2.810000000000000000e+02
3.060000000000000000e+02 1.400000000000000000e+01 3.000000000000000000e+00 1.113000000000000000e+03 3.230000000000000000e+02
2.630000000000000000e+02 2.200000000000000000e+01 0.000000000000000000e+00 9.580000000000000000e+02 2.850000000000000000e+02
2.700000000000000000e+02 2.000000000000000000e+01 4.000000000000000000e+00 1.030000000000000000e+03 2.940000000000000000e+02
2.240000000000000000e+02 1.300000000000000000e+01 0.000000000000000000e+00 5.610000000000000000e+02 2.370000000000000000e+02
2.510000000000000000e+02 1.400000000000000000e+01 1.000000000000000000e+00 7.440000000000000000e+02 2.660000000000000000e+02
2.950000000000000000e+02 2.100000000000000000e+01 0.000000000000000000e+00 1.165000000000000000e+03 3.160000000000000000e+02
2.810000000000000000e+02 2.200000000000000000e+01 1.000000000000000000e+00 9.020000000000000000e+02 3.040000000000000000e+02
2.070000000000000000e+02 1.200000000000000000e+01 0.000000000000000000e+00 4.040000000000000000e+02 2.190000000000000000e+02
2.530000000000000000e+02 1.200000000000000000e+01 0.000000000000000000e+00 8.720000000000000000e+02 2.650000000000000000e+02
2.860000000000000000e+02 9.000000000000000000e+00 1.000000000000000000e+00 6.950000000000000000e+02 2.960000000000000000e+02
2.770000000000000000e+02 1.900000000000000000e+01 0.000000000000000000e+00 9.020000000000000000e+02 2.960000000000000000e+02
2.300000000000000000e+02 1.400000000000000000e+01 2.000000000000000000e+00 5.050000000000000000e+02 2.450000000000000000e+02
2.790000000000000000e+02 1.300000000000000000e+01 0.000000000000000000e+00 1.104000000000000000e+03 2.920000000000000000e+02
2.890000000000000000e+02 2.300000000000000000e+01 3.000000000000000000e+00 1.209000000000000000e+03 3.140000000000000000e+02
2.770000000000000000e+02 1.100000000000000000e+01 1.000000000000000000e+00 1.028000000000000000e+03 2.890000000000000000e+02
2.320000000000000000e+02 1.100000000000000000e+01 2.000000000000000000e+00 9.350000000000000000e+02 2.440000000000000000e+02
2.670000000000000000e+02 1.900000000000000000e+01 0.000000000000000000e+00 8.100000000000000000e+02 2.860000000000000000e+02
2.410000000000000000e+02 2.400000000000000000e+01 1.000000000000000000e+00 4.880000000000000000e+02 2.650000000000000000e+02
2.460000000000000000e+02 1.700000000000000000e+01 1.000000000000000000e+00 7.220000000000000000e+02 2.640000000000000000e+02
2.490000000000000000e+02 1.200000000000000000e+01 1.000000000000000000e+00 8.270000000000000000e+02 2.610000000000000000e+02
2.360000000000000000e+02 1.500000000000000000e+01 0.000000000000000000e+00 6.690000000000000000e+02 2.510000000000000000e+02
2.770000000000000000e+02 1.300000000000000000e+01 1.000000000000000000e+00 9.740000000000000000e+02 2.900000000000000000e+02
2.720000000000000000e+02 1.300000000000000000e+01 1.000000000000000000e+00 1.007000000000000000e+03 2.840000000000000000e+02
2.450000000000000000e+02 1.500000000000000000e+01 0.000000000000000000e+00 7.960000000000000000e+02 2.600000000000000000e+02
2.890000000000000000e+02 2.200000000000000000e+01 0.000000000000000000e+00 9.630000000000000000e+02 3.110000000000000000e+02
2.370000000000000000e+02 2.100000000000000000e+01 0.000000000000000000e+00 9.320000000000000000e+02 2.580000000000000000e+02
2.840000000000000000e+02 1.200000000000000000e+01 1.000000000000000000e+00 1.008000000000000000e+03 2.970000000000000000e+02
2.670000000000000000e+02 1.600000000000000000e+01 0.000000000000000000e+00 1.088000000000000000e+03 2.830000000000000000e+02
2.620000000000000000e+02 2.100000000000000000e+01 0.000000000000000000e+00 9.180000000000000000e+02 2.820000000000000000e+02
2.730000000000000000e+02 2.300000000000000000e+01 1.000000000000000000e+00 1.002000000000000000e+03 2.970000000000000000e+02
2.330000000000000000e+02 1.900000000000000000e+01 1.000000000000000000e+00 6.850000000000000000e+02 2.520000000000000000e+02
2.770000000000000000e+02 2.800000000000000000e+01 1.000000000000000000e+00 1.142000000000000000e+03 3.040000000000000000e+02
2.260000000000000000e+02 1.800000000000000000e+01 2.000000000000000000e+00 7.350000000000000000e+02 2.460000000000000000e+02
2.530000000000000000e+02 1.200000000000000000e+01 1.000000000000000000e+00 7.500000000000000000e+02 2.660000000000000000e+02
2.810000000000000000e+02 2.000000000000000000e+01 1.000000000000000000e+00 1.059000000000000000e+03 3.020000000000000000e+02
2.730000000000000000e+02 1.300000000000000000e+01 0.000000000000000000e+00 1.026000000000000000e+03 2.850000000000000000e+02
2.650000000000000000e+02 1.800000000000000000e+01 0.000000000000000000e+00 1.048000000000000000e+03 2.830000000000000000e+02
2.500000000000000000e+02 1.300000000000000000e+01 0.000000000000000000e+00 7.440000000000000000e+02 2.630000000000000000e+02
2.620000000000000000e+02 1.500000000000000000e+01 2.000000000000000000e+00 9.390000000000000000e+02 2.790000000000000000e+02
2.830000000000000000e+02 8.000000000000000000e+00 1.000000000000000000e+00 1.193000000000000000e+03 2.910000000000000000e+02
2.710000000000000000e+02 1.500000000000000000e+01 2.000000000000000000e+00 7.760000000000000000e+02 2.880000000000000000e+02
2.500000000000000000e+02 1.900000000000000000e+01 1.000000000000000000e+00 6.210000000000000000e+02 2.690000000000000000e+02
2.210000000000000000e+02 2.000000000000000000e+01 1.000000000000000000e+00 4.890000000000000000e+02 2.420000000000000000e+02
2.510000000000000000e+02 1.000000000000000000e+01 0.000000000000000000e+00 7.720000000000000000e+02 2.610000000000000000e+02
2.750000000000000000e+02 1.800000000000000000e+01 0.000000000000000000e+00 9.460000000000000000e+02 2.930000000000000000e+02
2.110000000000000000e+02 1.600000000000000000e+01 0.000000000000000000e+00 6.600000000000000000e+02 2.270000000000000000e+02
2.670000000000000000e+02 1.400000000000000000e+01 2.000000000000000000e+00 9.630000000000000000e+02 2.820000000000000000e+02
2.800000000000000000e+02 1.400000000000000000e+01 1.000000000000000000e+00 9.940000000000000000e+02 2.950000000000000000e+02
2.730000000000000000e+02 1.700000000000000000e+01 0.000000000000000000e+00 9.360000000000000000e+02 2.900000000000000000e+02
2.750000000000000000e+02 1.700000000000000000e+01 1.000000000000000000e+00 9.940000000000000000e+02 2.930000000000000000e+02
2.780000000000000000e+02 1.600000000000000000e+01 2.000000000000000000e+00 8.630000000000000000e+02 2.960000000000000000e+02
2.770000000000000000e+02 1.300000000000000000e+01 1.000000000000000000e+00 9.530000000000000000e+02 2.910000000000000000e+02
3.290000000000000000e+02 2.600000000000000000e+01 1.000000000000000000e+00 1.254000000000000000e+03 3.560000000000000000e+02
2.280000000000000000e+02 1.000000000000000000e+01 1.000000000000000000e+00 8.360000000000000000e+02 2.380000000000000000e+02
2.530000000000000000e+02 1.700000000000000000e+01 0.000000000000000000e+00 9.010000000000000000e+02 2.700000000000000000e+02
2.690000000000000000e+02 2.000000000000000000e+01 0.000000000000000000e+00 8.800000000000000000e+02 2.890000000000000000e+02
2.720000000000000000e+02 2.400000000000000000e+01 3.000000000000000000e+00 1.103000000000000000e+03 2.990000000000000000e+02
2.690000000000000000e+02 2.500000000000000000e+01 2.000000000000000000e+00 1.104000000000000000e+03 2.960000000000000000e+02
2.870000000000000000e+02 2.500000000000000000e+01 2.000000000000000000e+00 1.230000000000000000e+03 3.140000000000000000e+02
2.650000000000000000e+02 2.500000000000000000e+01 2.000000000000000000e+00 1.021000000000000000e+03 2.920000000000000000e+02
2.600000000000000000e+02 2.000000000000000000e+01 1.000000000000000000e+00 9.420000000000000000e+02 2.810000000000000000e+02
2.630000000000000000e+02 6.000000000000000000e+00 0.000000000000000000e+00 9.330000000000000000e+02 2.690000000000000000e+02
2.100000000000000000e+02 1.000000000000000000e+01 0.000000000000000000e+00 2.940000000000000000e+02 2.200000000000000000e+02
2.650000000000000000e+02 1.600000000000000000e+01 1.000000000000000000e+00 1.163000000000000000e+03 2.820000000000000000e+02
2.680000000000000000e+02 1.800000000000000000e+01 1.000000000000000000e+00 1.057000000000000000e+03 2.870000000000000000e+02
2.240000000000000000e+02 1.500000000000000000e+01 0.000000000000000000e+00 6.790000000000000000e+02 2.390000000000000000e+02
2.470000000000000000e+02 1.500000000000000000e+01 2.000000000000000000e+00 1.011000000000000000e+03 2.630000000000000000e+02
2.200000000000000000e+02 1.300000000000000000e+01 3.000000000000000000e+00 5.670000000000000000e+02 2.360000000000000000e+02
2.780000000000000000e+02 2.400000000000000000e+01 1.000000000000000000e+00 9.980000000000000000e+02 3.030000000000000000e+02
2.550000000000000000e+02 2.800000000000000000e+01 2.000000000000000000e+00 1.170000000000000000e+03 2.850000000000000000e+02
2.360000000000000000e+02 2.700000000000000000e+01 1.000000000000000000e+00 8.890000000000000000e+02 2.640000000000000000e+02
2.630000000000000000e+02 1.900000000000000000e+01 0.000000000000000000e+00 8.880000000000000000e+02 2.820000000000000000e+02
2.750000000000000000e+02 1.200000000000000000e+01 1.000000000000000000e+00 8.890000000000000000e+02 2.880000000000000000e+02
2.060000000000000000e+02 1.000000000000000000e+01 0.000000000000000000e+00 2.150000000000000000e+02 2.160000000000000000e+02
2.740000000000000000e+02 9.000000000000000000e+00 2.000000000000000000e+00 8.830000000000000000e+02 2.840000000000000000e+02
2.500000000000000000e+02 3.100000000000000000e+01 3.000000000000000000e+00 8.900000000000000000e+02 2.840000000000000000e+02
2.690000000000000000e+02 1.300000000000000000e+01 2.000000000000000000e+00 1.059000000000000000e+03 2.830000000000000000e+02
2.410000000000000000e+02 2.000000000000000000e+01 2.000000000000000000e+00 7.250000000000000000e+02 2.630000000000000000e+02
2.630000000000000000e+02 1.900000000000000000e+01 1.000000000000000000e+00 6.410000000000000000e+02 2.830000000000000000e+02
2.500000000000000000e+02 1.800000000000000000e+01 2.000000000000000000e+00 1.036000000000000000e+03 2.700000000000000000e+02
2.470000000000000000e+02 2.100000000000000000e+01 1.000000000000000000e+00 8.400000000000000000e+02 2.690000000000000000e+02
2.700000000000000000e+02 1.200000000000000000e+01 2.000000000000000000e+00 7.270000000000000000e+02 2.830000000000000000e+02
2.540000000000000000e+02 1.200000000000000000e+01 0.000000000000000000e+00 7.230000000000000000e+02 2.660000000000000000e+02
2.800000000000000000e+02 1.700000000000000000e+01 1.000000000000000000e+00 1.214000000000000000e+03 2.980000000000000000e+02
2.790000000000000000e+02 1.400000000000000000e+01 1.000000000000000000e+00 1.112000000000000000e+03 2.940000000000000000e+02
2.730000000000000000e+02 2.500000000000000000e+01 2.000000000000000000e+00 1.170000000000000000e+03 3.000000000000000000e+02
2.520000000000000000e+02 2.000000000000000000e+01 1.000000000000000000e+00 7.970000000000000000e+02 2.730000000000000000e+02
2.590000000000000000e+02 1.500000000000000000e+01 3.000000000000000000e+00 9.410000000000000000e+02 2.750000000000000000e+02
2.320000000000000000e+02 1.400000000000000000e+01 0.000000000000000000e+00 5.920000000000000000e+02 2.460000000000000000e+02
2.770000000000000000e+02 2.300000000000000000e+01 2.000000000000000000e+00 1.154000000000000000e+03 3.020000000000000000e+02
2.630000000000000000e+02 2.400000000000000000e+01 4.000000000000000000e+00 9.640000000000000000e+02 2.910000000000000000e+02
2.080000000000000000e+02 1.900000000000000000e+01 1.000000000000000000e+00 3.190000000000000000e+02 2.280000000000000000e+02
2.860000000000000000e+02 1.400000000000000000e+01 1.000000000000000000e+00 1.028000000000000000e+03 3.010000000000000000e+02
2.590000000000000000e+02 1.200000000000000000e+01 3.000000000000000000e+00 8.830000000000000000e+02 2.720000000000000000e+02
2.710000000000000000e+02 1.700000000000000000e+01 2.000000000000000000e+00 8.720000000000000000e+02 2.900000000000000000e+02
2.590000000000000000e+02 1.400000000000000000e+01 1.000000000000000000e+00 1.006000000000000000e+03 2.740000000000000000e+02
2.520000000000000000e+02 1.500000000000000000e+01 0.000000000000000000e+00 8.990000000000000000e+02 2.660000000000000000e+02
2.320000000000000000e+02 1.000000000000000000e+01 0.000000000000000000e+00 6.050000000000000000e+02 2.410000000000000000e+02
2.420000000000000000e+02 1.000000000000000000e+01 1.000000000000000000e+00 5.720000000000000000e+02 2.530000000000000000e+02
2.530000000000000000e+02 1.700000000000000000e+01 0.000000000000000000e+00 8.880000000000000000e+02 2.700000000000000000e+02
2.470000000000000000e+02 1.500000000000000000e+01 2.000000000000000000e+00 7.520000000000000000e+02 2.640000000000000000e+02
2.610000000000000000e+02 1.700000000000000000e+01 1.000000000000000000e+00 9.230000000000000000e+02 2.780000000000000000e+02
2.460000000000000000e+02 2.500000000000000000e+01 1.000000000000000000e+00 9.450000000000000000e+02 2.720000000000000000e+02
2.680000000000000000e+02 2.000000000000000000e+01 1.000000000000000000e+00 7.220000000000000000e+02 2.890000000000000000e+02
2.590000000000000000e+02 1.900000000000000000e+01 0.000000000000000000e+00 1.095000000000000000e+03 2.780000000000000000e+02
2.350000000000000000e+02 1.900000000000000000e+01 1.000000000000000000e+00 8.120000000000000000e+02 2.550000000000000000e+02
2.240000000000000000e+02 1.600000000000000000e+01 0.000000000000000000e+00 5.160000000000000000e+02 2.400000000000000000e+02
2.440000000000000000e+02 1.900000000000000000e+01 0.000000000000000000e+00 7.230000000000000000e+02 2.630000000000000000e+02
2.900000000000000000e+02 1.500000000000000000e+01 1.000000000000000000e+00 1.052000000000000000e+03 3.050000000000000000e+02
2.290000000000000000e+02 1.600000000000000000e+01 0.000000000000000000e+00 4.950000000000000000e+02 2.450000000000000000e+02
2.630000000000000000e+02 2.200000000000000000e+01 1.000000000000000000e+00 1.107000000000000000e+03 2.860000000000000000e+02
2.780000000000000000e+02 2.200000000000000000e+01 1.000000000000000000e+00 8.940000000000000000e+02 3.000000000000000000e+02
2.480000000000000000e+02 1.700000000000000000e+01 2.000000000000000000e+00 9.110000000000000000e+02 2.660000000000000000e+02
2.580000000000000000e+02 1.600000000000000000e+01 1.000000000000000000e+00 8.880000000000000000e+02 2.750000000000000000e+02
2.320000000000000000e+02 1.400000000000000000e+01 1.000000000000000000e+00 3.800000000000000000e+02 2.470000000000000000e+02
2.350000000000000000e+02 2.100000000000000000e+01 3.000000000000000000e+00 8.030000000000000000e+02 2.590000000000000000e+02
2.560000000000000000e+02 2.300000000000000000e+01 3.000000000000000000e+00 9.090000000000000000e+02 2.820000000000000000e+02
2.610000000000000000e+02 1.100000000000000000e+01 0.000000000000000000e+00 9.590000000000000000e+02 2.720000000000000000e+02
2.730000000000000000e+02 1.300000000000000000e+01 1.000000000000000000e+00 1.119000000000000000e+03 2.860000000000000000e+02
2.600000000000000000e+02 3.000000000000000000e+01 0.000000000000000000e+00 1.049000000000000000e+03 2.900000000000000000e+02
2.600000000000000000e+02 8.000000000000000000e+00 0.000000000000000000e+00 9.890000000000000000e+02 2.670000000000000000e+02
2.810000000000000000e+02 1.900000000000000000e+01 1.000000000000000000e+00 1.049000000000000000e+03 3.010000000000000000e+02
2.280000000000000000e+02 1.500000000000000000e+01 0.000000000000000000e+00 5.790000000000000000e+02 2.430000000000000000e+02
2.480000000000000000e+02 1.700000000000000000e+01 1.000000000000000000e+00 7.110000000000000000e+02 2.660000000000000000e+02
2.600000000000000000e+02 1.600000000000000000e+01 1.000000000000000000e+00 9.140000000000000000e+02 2.770000000000000000e+02
2.170000000000000000e+02 1.900000000000000000e+01 0.000000000000000000e+00 6.420000000000000000e+02 2.360000000000000000e+02
2.810000000000000000e+02 1.500000000000000000e+01 0.000000000000000000e+00 1.083000000000000000e+03 2.960000000000000000e+02
2.410000000000000000e+02 1.600000000000000000e+01 1.000000000000000000e+00 7.210000000000000000e+02 2.580000000000000000e+02
2.590000000000000000e+02 2.300000000000000000e+01 1.000000000000000000e+00 7.770000000000000000e+02 2.830000000000000000e+02
2.730000000000000000e+02 1.200000000000000000e+01 0.000000000000000000e+00 9.790000000000000000e+02 2.850000000000000000e+02
2.410000000000000000e+02 1.900000000000000000e+01 1.000000000000000000e+00 1.004000000000000000e+03 2.610000000000000000e+02
2.260000000000000000e+02 2.200000000000000000e+01 1.000000000000000000e+00 9.850000000000000000e+02 2.490000000000000000e+02
2.610000000000000000e+02 1.200000000000000000e+01 0.000000000000000000e+00 8.620000000000000000e+02 2.730000000000000000e+02
2.430000000000000000e+02 1.300000000000000000e+01 0.000000000000000000e+00 7.330000000000000000e+02 2.560000000000000000e+02
2.640000000000000000e+02 1.000000000000000000e+01 1.000000000000000000e+00 8.420000000000000000e+02 2.750000000000000000e+02
2.580000000000000000e+02 2.400000000000000000e+01 0.000000000000000000e+00 1.071000000000000000e+03 2.810000000000000000e+02
2.780000000000000000e+02 3.100000000000000000e+01 1.000000000000000000e+00 1.155000000000000000e+03 3.090000000000000000e+02
2.700000000000000000e+02 1.300000000000000000e+01 1.000000000000000000e+00 7.630000000000000000e+02 2.840000000000000000e+02
2.860000000000000000e+02 1.400000000000000000e+01 0.000000000000000000e+00 1.094000000000000000e+03 3.000000000000000000e+02
2.770000000000000000e+02 2.000000000000000000e+01 2.000000000000000000e+00 9.820000000000000000e+02 2.980000000000000000e+02
2.530000000000000000e+02 1.600000000000000000e+01 1.000000000000000000e+00 8.140000000000000000e+02 2.680000000000000000e+02
2.470000000000000000e+02 2.100000000000000000e+01 2.000000000000000000e+00 7.690000000000000000e+02 2.690000000000000000e+02
3.120000000000000000e+02 2.100000000000000000e+01 0.000000000000000000e+00 1.100000000000000000e+03 3.330000000000000000e+02
2.470000000000000000e+02 2.200000000000000000e+01 0.000000000000000000e+00 8.800000000000000000e+02 2.690000000000000000e+02
1.880000000000000000e+02 2.000000000000000000e+01 0.000000000000000000e+00 1.860000000000000000e+02 2.080000000000000000e+02
2.670000000000000000e+02 2.200000000000000000e+01 1.000000000000000000e+00 8.680000000000000000e+02 2.900000000000000000e+02
2.440000000000000000e+02 1.800000000000000000e+01 2.000000000000000000e+00 1.127000000000000000e+03 2.640000000000000000e+02
2.730000000000000000e+02 1.700000000000000000e+01 1.000000000000000000e+00 8.410000000000000000e+02 2.910000000000000000e+02
2.720000000000000000e+02 2.100000000000000000e+01 1.000000000000000000e+00 1.091000000000000000e+03 2.940000000000000000e+02
2.630000000000000000e+02 1.300000000000000000e+01 1.000000000000000000e+00 9.780000000000000000e+02 2.760000000000000000e+02
2.630000000000000000e+02 1.900000000000000000e+01 0.000000000000000000e+00 9.470000000000000000e+02 2.820000000000000000e+02
2.820000000000000000e+02 2.400000000000000000e+01 1.000000000000000000e+00 9.460000000000000000e+02 3.060000000000000000e+02
2.650000000000000000e+02 1.500000000000000000e+01 2.000000000000000000e+00 8.610000000000000000e+02 2.820000000000000000e+02
2.650000000000000000e+02 2.100000000000000000e+01 0.000000000000000000e+00 1.056000000000000000e+03 2.860000000000000000e+02
2.120000000000000000e+02 1.000000000000000000e+01 0.000000000000000000e+00 2.790000000000000000e+02 2.220000000000000000e+02
2.610000000000000000e+02 1.500000000000000000e+01 0.000000000000000000e+00 8.120000000000000000e+02 2.760000000000000000e+02
2.800000000000000000e+02 3.100000000000000000e+01 1.000000000000000000e+00 1.061000000000000000e+03 3.120000000000000000e+02
2.480000000000000000e+02 2.300000000000000000e+01 4.000000000000000000e+00 7.830000000000000000e+02 2.750000000000000000e+02
2.680000000000000000e+02 1.600000000000000000e+01 0.000000000000000000e+00 1.160000000000000000e+03 2.840000000000000000e+02
2.520000000000000000e+02 1.400000000000000000e+01 1.000000000000000000e+00 8.920000000000000000e+02 2.670000000000000000e+02
2.590000000000000000e+02 1.800000000000000000e+01 2.000000000000000000e+00 1.083000000000000000e+03 2.790000000000000000e+02
2.550000000000000000e+02 1.200000000000000000e+01 2.000000000000000000e+00 1.017000000000000000e+03 2.680000000000000000e+02
2.640000000000000000e+02 1.000000000000000000e+01 0.000000000000000000e+00 9.910000000000000000e+02 2.740000000000000000e+02
2.270000000000000000e+02 2.400000000000000000e+01 1.000000000000000000e+00 4.700000000000000000e+02 2.520000000000000000e+02
2.690000000000000000e+02 2.500000000000000000e+01 0.000000000000000000e+00 1.050000000000000000e+03 2.940000000000000000e+02
2.670000000000000000e+02 1.700000000000000000e+01 1.000000000000000000e+00 8.830000000000000000e+02 2.850000000000000000e+02
2.420000000000000000e+02 1.800000000000000000e+01 0.000000000000000000e+00 8.440000000000000000e+02 2.600000000000000000e+02
2.750000000000000000e+02 1.800000000000000000e+01 1.000000000000000000e+00 9.230000000000000000e+02 2.940000000000000000e+02
2.310000000000000000e+02 2.000000000000000000e+01 1.000000000000000000e+00 8.770000000000000000e+02 2.520000000000000000e+02
2.040000000000000000e+02 2.100000000000000000e+01 0.000000000000000000e+00 4.100000000000000000e+02 2.250000000000000000e+02
2.510000000000000000e+02 1.500000000000000000e+01 1.000000000000000000e+00 1.047000000000000000e+03 2.650000000000000000e+02
2.650000000000000000e+02 1.600000000000000000e+01 0.000000000000000000e+00 1.089000000000000000e+03 2.810000000000000000e+02
2.720000000000000000e+02 1.500000000000000000e+01 1.000000000000000000e+00 8.940000000000000000e+02 2.880000000000000000e+02
2.320000000000000000e+02 2.400000000000000000e+01 2.000000000000000000e+00 8.360000000000000000e+02 2.580000000000000000e+02
2.410000000000000000e+02 1.800000000000000000e+01 1.000000000000000000e+00 9.710000000000000000e+02 2.580000000000000000e+02
2.720000000000000000e+02 2.900000000000000000e+01 2.000000000000000000e+00 9.990000000000000000e+02 3.020000000000000000e+02
2.410000000000000000e+02 1.700000000000000000e+01 1.000000000000000000e+00 9.830000000000000000e+02 2.580000000000000000e+02
2.400000000000000000e+02 1.700000000000000000e+01 2.000000000000000000e+00 1.029000000000000000e+03 2.580000000000000000e+02
2.790000000000000000e+02 2.400000000000000000e+01 2.000000000000000000e+00 8.700000000000000000e+02 3.050000000000000000e+02
2.790000000000000000e+02 1.300000000000000000e+01 0.000000000000000000e+00 8.660000000000000000e+02 2.920000000000000000e+02
2.870000000000000000e+02 1.800000000000000000e+01 0.000000000000000000e+00 1.046000000000000000e+03 3.040000000000000000e+02
2.490000000000000000e+02 1.200000000000000000e+01 1.000000000000000000e+00 8.590000000000000000e+02 2.620000000000000000e+02
