1.530000000000000000e+02 1.300000000000000000e+01 1.000000000000000000e+00 1.366000000000000000e+03 1.660000000000000000e+02
1.110000000000000000e+02 1.400000000000000000e+01 4.000000000000000000e+00 1.258000000000000000e+03 1.270000000000000000e+02
1.390000000000000000e+02 7.000000000000000000e+00 0.000000000000000000e+00 1.303000000000000000e+03 1.450000000000000000e+02
1.310000000000000000e+02 1.500000000000000000e+01 0.000000000000000000e+00 1.298000000000000000e+03 1.450000000000000000e+02
1.430000000000000000e+02 2.600000000000000000e+01 0.000000000000000000e+00 1.272000000000000000e+03 1.690000000000000000e+02
1.530000000000000000e+02 2.400000000000000000e+01 1.000000000000000000e+00 1.408000000000000000e+03 1.770000000000000000e+02
1.290000000000000000e+02 1.500000000000000000e+01 0.000000000000000000e+00 1.167000000000000000e+03 1.440000000000000000e+02
1.930000000000000000e+02 1.400000000000000000e+01 2.000000000000000000e+00 1.407000000000000000e+03 2.090000000000000000e+02
1.200000000000000000e+02 8.000000000000000000e+00 1.000000000000000000e+00 1.333000000000000000e+03 1.290000000000000000e+02
1.370000000000000000e+02 2.000000000000000000e+01 1.000000000000000000e+00 1.319000000000000000e+03 1.570000000000000000e+02
1.900000000000000000e+02 1.600000000000000000e+01 2.000000000000000000e+00 1.440000000000000000e+03 2.080000000000000000e+02
1.610000000000000000e+02 1.800000000000000000e+01 1.000000000000000000e+00 1.530000000000000000e+03 1.800000000000000000e+02
1.410000000000000000e+02 1.200000000000000000e+01 1.000000000000000000e+00 1.326000000000000000e+03 1.540000000000000000e+02
1.330000000000000000e+02 1.200000000000000000e+01 2.000000000000000000e+00 1.257000000000000000e+03 1.450000000000000000e+02
1.200000000000000000e+02 1.400000000000000000e+01 2.000000000000000000e+00 1.350000000000000000e+03 1.360000000000000000e+02
1.580000000000000000e+02 1.600000000000000000e+01 2.000000000000000000e+00 1.392000000000000000e+03 1.760000000000000000e+02
1.170000000000000000e+02 1.300000000000000000e+01 1.000000000000000000e+00 1.267000000000000000e+03 1.300000000000000000e+02
1.560000000000000000e+02 1.500000000000000000e+01 0.000000000000000000e+00 1.363000000000000000e+03 1.700000000000000000e+02
1.070000000000000000e+02 9.000000000000000000e+00 1.000000000000000000e+00 1.324000000000000000e+03 1.170000000000000000e+02
1.380000000000000000e+02 1.200000000000000000e+01 3.000000000000000000e+00 1.411000000000000000e+03 1.530000000000000000e+02
1.190000000000000000e+02 1.500000000000000000e+01 4.000000000000000000e+00 1.262000000000000000e+03 1.380000000000000000e+02
1.560000000000000000e+02 3.200000000000000000e+01 2.000000000000000000e+00 1.356000000000000000e+03 1.890000000000000000e+02
1.310000000000000000e+02 1.300000000000000000e+01 0.000000000000000000e+00 1.379000000000000000e+03 1.430000000000000000e+02
1.290000000000000000e+02 1.300000000000000000e+01 0.000000000000000000e+00 1.235000000000000000e+03 1.420000000000000000e+02
1.150000000000000000e+02 1.600000000000000000e+01 0.000000000000000000e+00 1.316000000000000000e+03 1.310000000000000000e+02
1.270000000000000000e+02 1.100000000000000000e+01 1.000000000000000000e+00 1.360000000000000000e+03 1.390000000000000000e+02
1.240000000000000000e+02 8.000000000000000000e+00 1.000000000000000000e+00 1.243000000000000000e+03 1.330000000000000000e+02
1.420000000000000000e+02 1.300000000000000000e+01 1.000000000000000000e+00 1.187000000000000000e+03 1.550000000000000000e+02
1.540000000000000000e+02 1.800000000000000000e+01 1.000000000000000000e+00 1.255000000000000000e+03 1.720000000000000000e+02
1.170000000000000000e+02 1.500000000000000000e+01 0.000000000000000000e+00 1.385000000000000000e+03 1.320000000000000000e+02
1.140000000000000000e+02 1.200000000000000000e+01 2.000000000000000000e+00 1.355000000000000000e+03 1.280000000000000000e+02
1.360000000000000000e+02 1.800000000000000000e+01 2.000000000000000000e+00 1.215000000000000000e+03 1.560000000000000000e+02
1.080000000000000000e+02 8.000000000000000000e+00 0.000000000000000000e+00 1.198000000000000000e+03 1.150000000000000000e+02
1.130000000000000000e+02 1.300000000000000000e+01 0.000000000000000000e+00 1.097000000000000000e+03 1.250000000000000000e+02
1.210000000000000000e+02 1.800000000000000000e+01 0.000000000000000000e+00 1.286000000000000000e+03 1.370000000000000000e+02
1.360000000000000000e+02 1.400000000000000000e+01 0.000000000000000000e+00 1.326000000000000000e+03 1.500000000000000000e+02
1.330000000000000000e+02 5.000000000000000000e+00 0.000000000000000000e+00 1.329000000000000000e+03 1.380000000000000000e+02
1.410000000000000000e+02 1.100000000000000000e+01 2.000000000000000000e+00 1.206000000000000000e+03 1.540000000000000000e+02
1.320000000000000000e+02 1.200000000000000000e+01 0.000000000000000000e+00 1.360000000000000000e+03 1.430000000000000000e+02
1.410000000000000000e+02 1.500000000000000000e+01 3.000000000000000000e+00 1.242000000000000000e+03 1.590000000000000000e+02
1.300000000000000000e+02 1.100000000000000000e+01 1.000000000000000000e+00 1.394000000000000000e+03 1.420000000000000000e+02
1.140000000000000000e+02 1.700000000000000000e+01 0.000000000000000000e+00 1.094000000000000000e+03 1.310000000000000000e+02
1.220000000000000000e+02 1.400000000000000000e+01 0.000000000000000000e+00 1.198000000000000000e+03 1.360000000000000000e+02
1.500000000000000000e+02 1.300000000000000000e+01 3.000000000000000000e+00 1.163000000000000000e+03 1.650000000000000000e+02
1.280000000000000000e+02 1.600000000000000000e+01 0.000000000000000000e+00 1.251000000000000000e+03 1.420000000000000000e+02
1.460000000000000000e+02 1.300000000000000000e+01 0.000000000000000000e+00 1.343000000000000000e+03 1.590000000000000000e+02
1.470000000000000000e+02 1.200000000000000000e+01 1.000000000000000000e+00 1.285000000000000000e+03 1.600000000000000000e+02
1.510000000000000000e+02 1.400000000000000000e+01 2.000000000000000000e+00 1.447000000000000000e+03 1.670000000000000000e+02
1.600000000000000000e+02 2.000000000000000000e+01 0.000000000000000000e+00 1.316000000000000000e+03 1.800000000000000000e+02
1.330000000000000000e+02 1.500000000000000000e+01 0.000000000000000000e+00 1.244000000000000000e+03 1.470000000000000000e+02
1.500000000000000000e+02 1.200000000000000000e+01 1.000000000000000000e+00 1.302000000000000000e+03 1.630000000000000000e+02
1.410000000000000000e+02 2.000000000000000000e+01 0.000000000000000000e+00 1.290000000000000000e+03 1.610000000000000000e+02
1.550000000000000000e+02 1.100000000000000000e+01 1.000000000000000000e+00 1.177000000000000000e+03 1.640000000000000000e+02
1.460000000000000000e+02 8.000000000000000000e+00 0.000000000000000000e+00 1.434000000000000000e+03 1.530000000000000000e+02
1.400000000000000000e+02 1.800000000000000000e+01 3.000000000000000000e+00 1.247000000000000000e+03 1.610000000000000000e+02
1.170000000000000000e+02 1.700000000000000000e+01 4.000000000000000000e+00 1.177000000000000000e+03 1.370000000000000000e+02
2.250000000000000000e+02 1.800000000000000000e+01 1.000000000000000000e+00 1.570000000000000000e+03 2.430000000000000000e+02
1.080000000000000000e+02 5.000000000000000000e+00 0.000000000000000000e+00 1.269000000000000000e+03 1.120000000000000000e+02
1.410000000000000000e+02 1.400000000000000000e+01 3.000000000000000000e+00 1.329000000000000000e+03 1.580000000000000000e+02
1.060000000000000000e+02 1.300000000000000000e+01 1.000000000000000000e+00 1.230000000000000000e+03 1.190000000000000000e+02
1.600000000000000000e+02 2.100000000000000000e+01 0.000000000000000000e+00 1.324000000000000000e+03 1.810000000000000000e+02
1.360000000000000000e+02 1.300000000000000000e+01 0.000000000000000000e+00 1.300000000000000000e+03 1.490000000000000000e+02
1.460000000000000000e+02 1.600000000000000000e+01 1.000000000000000000e+00 1.447000000000000000e+03 1.620000000000000000e+02
1.100000000000000000e+02 1.100000000000000000e+01 1.000000000000000000e+00 1.328000000000000000e+03 1.210000000000000000e+02
1.300000000000000000e+02 1.900000000000000000e+01 3.000000000000000000e+00 1.428000000000000000e+03 1.520000000000000000e+02
1.820000000000000000e+02 3.500000000000000000e+01 0.000000000000000000e+00 1.483000000000000000e+03 2.160000000000000000e+02
1.840000000000000000e+02 1.100000000000000000e+01 0.000000000000000000e+00 1.417000000000000000e+03 1.940000000000000000e+02
1.240000000000000000e+02 2.400000000000000000e+01 2.000000000000000000e+00 1.246000000000000000e+03 1.500000000000000000e+02
1.610000000000000000e+02 1.000000000000000000e+01 0.000000000000000000e+00 1.271000000000000000e+03 1.700000000000000000e+02
1.580000000000000000e+02 1.300000000000000000e+01 0.000000000000000000e+00 1.295000000000000000e+03 1.710000000000000000e+02
1.410000000000000000e+02 1.200000000000000000e+01 0.000000000000000000e+00 1.264000000000000000e+03 1.530000000000000000e+02
1.530000000000000000e+02 3.000000000000000000e+01 3.000000000000000000e+00 1.332000000000000000e+03 1.840000000000000000e+02
1.330000000000000000e+02 1.300000000000000000e+01 1.000000000000000000e+00 1.365000000000000000e+03 1.470000000000000000e+02
1.120000000000000000e+02 1.100000000000000000e+01 0.000000000000000000e+00 1.230000000000000000e+03 1.230000000000000000e+02
1.350000000000000000e+02 1.300000000000000000e+01 1.000000000000000000e+00 1.142000000000000000e+03 1.460000000000000000e+02
1.140000000000000000e+02 1.500000000000000000e+01 2.000000000000000000e+00 1.302000000000000000e+03 1.300000000000000000e+02
1.640000000000000000e+02 8.000000000000000000e+00 0.000000000000000000e+00 1.247000000000000000e+03 1.720000000000000000e+02
1.220000000000000000e+02 9.000000000000000000e+00 1.000000000000000000e+00 1.187000000000000000e+03 1.310000000000000000e+02
1.580000000000000000e+02 1.700000000000000000e+01 1.000000000000000000e+00 1.412000000000000000e+03 1.750000000000000000e+02
1.470000000000000000e+02 2.000000000000000000e+01 2.000000000000000000e+00 1.261000000000000000e+03 1.690000000000000000e+02
1.310000000000000000e+02 1.400000000000000000e+01 0.000000000000000000e+00 1.442000000000000000e+03 1.450000000000000000e+02
1.170000000000000000e+02 1.300000000000000000e+01 0.000000000000000000e+00 1.308000000000000000e+03 1.300000000000000000e+02
1.640000000000000000e+02 1.200000000000000000e+01 4.000000000000000000e+00 1.345000000000000000e+03 1.800000000000000000e+02
1.310000000000000000e+02 1.300000000000000000e+01 0.000000000000000000e+00 1.208000000000000000e+03 1.430000000000000000e+02
1.740000000000000000e+02 1.400000000000000000e+01 0.000000000000000000e+00 1.495000000000000000e+03 1.880000000000000000e+02
1.290000000000000000e+02 1.400000000000000000e+01 2.000000000000000000e+00 1.152000000000000000e+03 1.440000000000000000e+02
1.490000000000000000e+02 1.600000000000000000e+01 1.000000000000000000e+00 1.214000000000000000e+03 1.660000000000000000e+02
1.000000000000000000e+02 2.300000000000000000e+01 1.000000000000000000e+00 1.052000000000000000e+03 1.230000000000000000e+02
1.410000000000000000e+02 1.200000000000000000e+01 1.000000000000000000e+00 1.305000000000000000e+03 1.530000000000000000e+02
1.190000000000000000e+02 2.100000000000000000e+01 1.000000000000000000e+00 1.329000000000000000e+03 1.390000000000000000e+02
1.670000000000000000e+02 1.100000000000000000e+01 0.000000000000000000e+00 1.343000000000000000e+03 1.780000000000000000e+02
1.390000000000000000e+02 1.400000000000000000e+01 0.000000000000000000e+00 1.063000000000000000e+03 1.530000000000000000e+02
1.080000000000000000e+02 2.400000000000000000e+01 2.000000000000000000e+00 1.157000000000000000e+03 1.340000000000000000e+02
1.090000000000000000e+02 8.000000000000000000e+00 0.000000000000000000e+00 1.347000000000000000e+03 1.160000000000000000e+02
1.460000000000000000e+02 1.400000000000000000e+01 2.000000000000000000e+00 1.218000000000000000e+03 1.620000000000000000e+02
1.350000000000000000e+02 1.200000000000000000e+01 0.000000000000000000e+00 1.363000000000000000e+03 1.470000000000000000e+02
1.380000000000000000e+02 1.300000000000000000e+01 1.000000000000000000e+00 1.213000000000000000e+03 1.520000000000000000e+02
1.430000000000000000e+02 1.100000000000000000e+01 1.000000000000000000e+00 1.333000000000000000e+03 1.550000000000000000e+02
1.360000000000000000e+02 1.100000000000000000e+01 1.000000000000000000e+00 1.102000000000000000e+03 1.480000000000000000e+02
1.220000000000000000e+02 1.700000000000000000e+01 1.000000000000000000e+00 1.382000000000000000e+03 1.400000000000000000e+02
1.310000000000000000e+02 1.500000000000000000e+01 1.000000000000000000e+00 1.376000000000000000e+03 1.470000000000000000e+02
1.210000000000000000e+02 1.800000000000000000e+01 2.000000000000000000e+00 1.371000000000000000e+03 1.400000000000000000e+02
1.390000000000000000e+02 1.100000000000000000e+01 1.000000000000000000e+00 1.377000000000000000e+03 1.500000000000000000e+02
1.260000000000000000e+02 1.800000000000000000e+01 0.000000000000000000e+00 1.301000000000000000e+03 1.430000000000000000e+02
1.550000000000000000e+02 1.500000000000000000e+01 1.000000000000000000e+00 1.315000000000000000e+03 1.690000000000000000e+02
1.710000000000000000e+02 1.400000000000000000e+01 0.000000000000000000e+00 1.329000000000000000e+03 1.850000000000000000e+02
1.250000000000000000e+02 1.700000000000000000e+01 2.000000000000000000e+00 1.243000000000000000e+03 1.430000000000000000e+02
1.580000000000000000e+02 1.200000000000000000e+01 3.000000000000000000e+00 1.358000000000000000e+03 1.730000000000000000e+02
1.570000000000000000e+02 8.000000000000000000e+00 0.000000000000000000e+00 1.311000000000000000e+03 1.650000000000000000e+02
1.370000000000000000e+02 1.500000000000000000e+01 0.000000000000000000e+00 1.441000000000000000e+03 1.520000000000000000e+02
1.420000000000000000e+02 1.600000000000000000e+01 2.000000000000000000e+00 1.393000000000000000e+03 1.600000000000000000e+02
1.330000000000000000e+02 1.300000000000000000e+01 0.000000000000000000e+00 1.085000000000000000e+03 1.460000000000000000e+02
1.460000000000000000e+02 2.200000000000000000e+01 2.000000000000000000e+00 1.395000000000000000e+03 1.700000000000000000e+02
1.170000000000000000e+02 1.300000000000000000e+01 0.000000000000000000e+00 1.257000000000000000e+03 1.290000000000000000e+02
1.440000000000000000e+02 1.800000000000000000e+01 1.000000000000000000e+00 1.478000000000000000e+03 1.610000000000000000e+02
1.440000000000000000e+02 1.600000000000000000e+01 0.000000000000000000e+00 1.396000000000000000e+03 1.600000000000000000e+02
1.420000000000000000e+02 1.700000000000000000e+01 3.000000000000000000e+00 1.320000000000000000e+03 1.610000000000000000e+02
1.450000000000000000e+02 2.000000000000000000e+01 0.000000000000000000e+00 1.243000000000000000e+03 1.650000000000000000e+02
1.710000000000000000e+02 2.400000000000000000e+01 1.000000000000000000e+00 1.236000000000000000e+03 1.960000000000000000e+02
1.880000000000000000e+02 2.600000000000000000e+01 1.000000000000000000e+00 1.398000000000000000e+03 2.140000000000000000e+02
1.360000000000000000e+02 1.900000000000000000e+01 1.000000000000000000e+00 1.267000000000000000e+03 1.560000000000000000e+02
1.540000000000000000e+02 2.200000000000000000e+01 2.000000000000000000e+00 1.396000000000000000e+03 1.780000000000000000e+02
1.550000000000000000e+02 8.000000000000000000e+00 1.000000000000000000e+00 1.378000000000000000e+03 1.640000000000000000e+02
1.420000000000000000e+02 1.400000000000000000e+01 3.000000000000000000e+00 1.167000000000000000e+03 1.580000000000000000e+02
1.620000000000000000e+02 1.200000000000000000e+01 0.000000000000000000e+00 1.286000000000000000e+03 1.740000000000000000e+02
1.330000000000000000e+02 1.600000000000000000e+01 0.000000000000000000e+00 1.285000000000000000e+03 1.480000000000000000e+02
1.530000000000000000e+02 1.100000000000000000e+01 0.000000000000000000e+00 1.232000000000000000e+03 1.630000000000000000e+02
1.590000000000000000e+02 1.200000000000000000e+01 1.000000000000000000e+00 1.276000000000000000e+03 1.710000000000000000e+02
1.340000000000000000e+02 1.900000000000000000e+01 2.000000000000000000e+00 1.235000000000000000e+03 1.540000000000000000e+02
1.610000000000000000e+02 7.000000000000000000e+00 0.000000000000000000e+00 1.431000000000000000e+03 1.670000000000000000e+02
1.320000000000000000e+02 7.000000000000000000e+00 1.000000000000000000e+00 1.282000000000000000e+03 1.370000000000000000e+02
1.430000000000000000e+02 9.000000000000000000e+00 1.000000000000000000e+00 1.309000000000000000e+03 1.530000000000000000e+02
1.510000000000000000e+02 1.800000000000000000e+01 3.000000000000000000e+00 1.250000000000000000e+03 1.720000000000000000e+02
1.400000000000000000e+02 1.800000000000000000e+01 2.000000000000000000e+00 1.068000000000000000e+03 1.600000000000000000e+02
1.350000000000000000e+02 1.300000000000000000e+01 3.000000000000000000e+00 1.230000000000000000e+03 1.510000000000000000e+02
1.360000000000000000e+02 1.400000000000000000e+01 0.000000000000000000e+00 1.358000000000000000e+03 1.500000000000000000e+02
1.320000000000000000e+02 1.500000000000000000e+01 2.000000000000000000e+00 1.146000000000000000e+03 1.490000000000000000e+02
1.210000000000000000e+02 1.100000000000000000e+01 3.000000000000000000e+00 1.260000000000000000e+03 1.350000000000000000e+02
1.710000000000000000e+02 1.700000000000000000e+01 1.000000000000000000e+00 1.388000000000000000e+03 1.870000000000000000e+02
1.450000000000000000e+02 1.500000000000000000e+01 0.000000000000000000e+00 1.404000000000000000e+03 1.600000000000000000e+02
1.070000000000000000e+02 1.100000000000000000e+01 1.000000000000000000e+00 1.198000000000000000e+03 1.190000000000000000e+02
1.520000000000000000e+02 1.500000000000000000e+01 4.000000000000000000e+00 1.330000000000000000e+03 1.690000000000000000e+02
1.310000000000000000e+02 1.100000000000000000e+01 2.000000000000000000e+00 1.342000000000000000e+03 1.440000000000000000e+02
1.390000000000000000e+02 1.500000000000000000e+01 0.000000000000000000e+00 1.339000000000000000e+03 1.540000000000000000e+02
1.260000000000000000e+02 2.200000000000000000e+01 3.000000000000000000e+00 1.424000000000000000e+03 1.510000000000000000e+02
1.260000000000000000e+02 1.500000000000000000e+01 0.000000000000000000e+00 1.278000000000000000e+03 1.410000000000000000e+02
1.140000000000000000e+02 1.900000000000000000e+01 4.000000000000000000e+00 1.285000000000000000e+03 1.350000000000000000e+02
1.600000000000000000e+02 1.900000000000000000e+01 5.000000000000000000e+00 1.264000000000000000e+03 1.840000000000000000e+02
1.170000000000000000e+02 1.200000000000000000e+01 3.000000000000000000e+00 1.121000000000000000e+03 1.320000000000000000e+02
9.900000000000000000e+01 1.100000000000000000e+01 0.000000000000000000e+00 1.193000000000000000e+03 1.090000000000000000e+02
1.450000000000000000e+02 1.300000000000000000e+01 0.000000000000000000e+00 1.436000000000000000e+03 1.580000000000000000e+02
1.430000000000000000e+02 1.300000000000000000e+01 1.000000000000000000e+00 1.348000000000000000e+03 1.570000000000000000e+02
1.630000000000000000e+02 2.400000000000000000e+01 4.000000000000000000e+00 1.482000000000000000e+03 1.890000000000000000e+02
1.460000000000000000e+02 1.100000000000000000e+01 0.000000000000000000e+00 1.421000000000000000e+03 1.560000000000000000e+02
1.410000000000000000e+02 7.000000000000000000e+00 0.000000000000000000e+00 1.358000000000000000e+03 1.480000000000000000e+02
1.490000000000000000e+02 1.600000000000000000e+01 1.000000000000000000e+00 1.373000000000000000e+03 1.660000000000000000e+02
1.470000000000000000e+02 9.000000000000000000e+00 0.000000000000000000e+00 1.352000000000000000e+03 1.550000000000000000e+02
1.380000000000000000e+02 1.000000000000000000e+01 1.000000000000000000e+00 1.118000000000000000e+03 1.490000000000000000e+02
1.380000000000000000e+02 1.900000000000000000e+01 1.000000000000000000e+00 1.251000000000000000e+03 1.570000000000000000e+02
1.280000000000000000e+02 1.200000000000000000e+01 0.000000000000000000e+00 1.261000000000000000e+03 1.390000000000000000e+02
1.030000000000000000e+02 1.100000000000000000e+01 2.000000000000000000e+00 1.286000000000000000e+03 1.160000000000000000e+02
1.330000000000000000e+02 1.100000000000000000e+01 1.000000000000000000e+00 1.353000000000000000e+03 1.440000000000000000e+02
1.070000000000000000e+02 1.100000000000000000e+01 2.000000000000000000e+00 1.345000000000000000e+03 1.190000000000000000e+02
1.180000000000000000e+02 1.900000000000000000e+01 0.000000000000000000e+00 1.328000000000000000e+03 1.370000000000000000e+02
1.230000000000000000e+02 1.400000000000000000e+01 1.000000000000000000e+00 1.222000000000000000e+03 1.380000000000000000e+02
1.340000000000000000e+02 1.200000000000000000e+01 2.000000000000000000e+00 1.349000000000000000e+03 1.480000000000000000e+02
1.460000000000000000e+02 1.500000000000000000e+01 1.000000000000000000e+00 1.444000000000000000e+03 1.620000000000000000e+02
1.480000000000000000e+02 1.900000000000000000e+01 1.000000000000000000e+00 1.405000000000000000e+03 1.670000000000000000e+02
1.330000000000000000e+02 1.600000000000000000e+01 4.000000000000000000e+00 1.375000000000000000e+03 1.530000000000000000e+02
1.310000000000000000e+02 1.600000000000000000e+01 3.000000000000000000e+00 1.359000000000000000e+03 1.470000000000000000e+02
1.270000000000000000e+02 1.800000000000000000e+01 2.000000000000000000e+00 1.320000000000000000e+03 1.470000000000000000e+02
1.380000000000000000e+02 1.400000000000000000e+01 3.000000000000000000e+00 1.214000000000000000e+03 1.540000000000000000e+02
1.420000000000000000e+02 1.500000000000000000e+01 1.000000000000000000e+00 1.361000000000000000e+03 1.580000000000000000e+02
1.580000000000000000e+02 1.200000000000000000e+01 0.000000000000000000e+00 1.271000000000000000e+03 1.690000000000000000e+02
1.450000000000000000e+02 1.300000000000000000e+01 0.000000000000000000e+00 1.348000000000000000e+03 1.580000000000000000e+02
1.180000000000000000e+02 1.400000000000000000e+01 1.000000000000000000e+00 1.093000000000000000e+03 1.330000000000000000e+02
1.590000000000000000e+02 1.700000000000000000e+01 3.000000000000000000e+00 1.263000000000000000e+03 1.790000000000000000e+02
1.210000000000000000e+02 1.800000000000000000e+01 2.000000000000000000e+00 1.285000000000000000e+03 1.400000000000000000e+02
1.100000000000000000e+02 2.000000000000000000e+01 0.000000000000000000e+00 1.192000000000000000e+03 1.300000000000000000e+02
1.430000000000000000e+02 1.300000000000000000e+01 1.000000000000000000e+00 1.383000000000000000e+03 1.570000000000000000e+02
1.600000000000000000e+02 1.900000000000000000e+01 2.000000000000000000e+00 1.334000000000000000e+03 1.810000000000000000e+02
1.090000000000000000e+02 1.700000000000000000e+01 1.000000000000000000e+00 1.283000000000000000e+03 1.240000000000000000e+02
1.150000000000000000e+02 1.200000000000000000e+01 2.000000000000000000e+00 1.253000000000000000e+03 1.280000000000000000e+02
1.020000000000000000e+02 9.000000000000000000e+00 0.000000000000000000e+00 1.320000000000000000e+03 1.110000000000000000e+02
1.170000000000000000e+02 1.100000000000000000e+01 0.000000000000000000e+00 1.220000000000000000e+03 1.280000000000000000e+02
1.500000000000000000e+02 1.300000000000000000e+01 0.000000000000000000e+00 1.143000000000000000e+03 1.630000000000000000e+02
1.130000000000000000e+02 1.800000000000000000e+01 1.000000000000000000e+00 1.285000000000000000e+03 1.310000000000000000e+02
1.320000000000000000e+02 1.200000000000000000e+01 2.000000000000000000e+00 1.223000000000000000e+03 1.460000000000000000e+02
1.680000000000000000e+02 2.000000000000000000e+01 3.000000000000000000e+00 1.254000000000000000e+03 1.900000000000000000e+02
1.400000000000000000e+02 1.400000000000000000e+01 2.000000000000000000e+00 1.252000000000000000e+03 1.550000000000000000e+02
1.720000000000000000e+02 9.000000000000000000e+00 2.000000000000000000e+00 1.496000000000000000e+03 1.830000000000000000e+02
1.250000000000000000e+02 1.400000000000000000e+01 0.000000000000000000e+00 1.203000000000000000e+03 1.380000000000000000e+02
1.380000000000000000e+02 1.700000000000000000e+01 0.000000000000000000e+00 1.403000000000000000e+03 1.550000000000000000e+02
1.680000000000000000e+02 1.900000000000000000e+01 1.000000000000000000e+00 1.343000000000000000e+03 1.880000000000000000e+02
1.470000000000000000e+02 1.000000000000000000e+01 0.000000000000000000e+00 1.441000000000000000e+03 1.570000000000000000e+02
1.130000000000000000e+02 7.000000000000000000e+00 0.000000000000000000e+00 1.253000000000000000e+03 1.200000000000000000e+02
1.370000000000000000e+02 1.300000000000000000e+01 2.000000000000000000e+00 1.327000000000000000e+03 1.520000000000000000e+02
1.760000000000000000e+02 1.500000000000000000e+01 1.000000000000000000e+00 1.389000000000000000e+03 1.910000000000000000e+02
1.810000000000000000e+02 1.600000000000000000e+01 2.000000000000000000e+00 1.509000000000000000e+03 1.990000000000000000e+02
1.290000000000000000e+02 1.800000000000000000e+01 3.000000000000000000e+00 1.448000000000000000e+03 1.490000000000000000e+02
1.440000000000000000e+02 1.600000000000000000e+01 0.000000000000000000e+00 1.379000000000000000e+03 1.600000000000000000e+02
1.570000000000000000e+02 1.900000000000000000e+01 1.000000000000000000e+00 1.279000000000000000e+03 1.770000000000000000e+02
1.620000000000000000e+02 2.300000000000000000e+01 2.000000000000000000e+00 1.256000000000000000e+03 1.870000000000000000e+02
1.540000000000000000e+02 1.200000000000000000e+01 4.000000000000000000e+00 1.419000000000000000e+03 1.700000000000000000e+02
1.480000000000000000e+02 1.300000000000000000e+01 2.000000000000000000e+00 1.235000000000000000e+03 1.630000000000000000e+02
1.440000000000000000e+02 1.200000000000000000e+01 0.000000000000000000e+00 1.234000000000000000e+03 1.560000000000000000e+02
1.110000000000000000e+02 1.400000000000000000e+01 0.000000000000000000e+00 1.247000000000000000e+03 1.250000000000000000e+02
1.500000000000000000e+02 1.000000000000000000e+01 0.000000000000000000e+00 1.394000000000000000e+03 1.590000000000000000e+02
1.310000000000000000e+02 1.700000000000000000e+01 1.000000000000000000e+00 1.271000000000000000e+03 1.480000000000000000e+02
1.230000000000000000e+02 1.000000000000000000e+01 1.000000000000000000e+00 1.361000000000000000e+03 1.340000000000000000e+02
1.920000000000000000e+02 2.300000000000000000e+01 0.000000000000000000e+00 1.390000000000000000e+03 2.140000000000000000e+02
1.270000000000000000e+02 8.000000000000000000e+00 0.000000000000000000e+00 1.411000000000000000e+03 1.350000000000000000e+02
1.480000000000000000e+02 1.600000000000000000e+01 1.000000000000000000e+00 1.357000000000000000e+03 1.650000000000000000e+02
1.390000000000000000e+02 1.600000000000000000e+01 0.000000000000000000e+00 1.500000000000000000e+03 1.540000000000000000e+02
1.250000000000000000e+02 9.000000000000000000e+00 1.000000000000000000e+00 1.304000000000000000e+03 1.350000000000000000e+02
1.580000000000000000e+02 1.300000000000000000e+01 1.000000000000000000e+00 1.389000000000000000e+03 1.700000000000000000e+02
1.780000000000000000e+02 1.000000000000000000e+01 1.000000000000000000e+00 1.387000000000000000e+03 1.880000000000000000e+02
1.370000000000000000e+02 1.100000000000000000e+01 2.000000000000000000e+00 1.417000000000000000e+03 1.500000000000000000e+02
1.550000000000000000e+02 1.300000000000000000e+01 1.000000000000000000e+00 1.408000000000000000e+03 1.690000000000000000e+02
1.180000000000000000e+02 1.800000000000000000e+01 1.000000000000000000e+00 1.307000000000000000e+03 1.370000000000000000e+02
1.440000000000000000e+02 1.800000000000000000e+01 2.000000000000000000e+00 1.271000000000000000e+03 1.640000000000000000e+02
1.400000000000000000e+02 1.100000000000000000e+01 1.000000000000000000e+00 1.275000000000000000e+03 1.510000000000000000e+02
1.380000000000000000e+02 2.300000000000000000e+01 2.000000000000000000e+00 1.315000000000000000e+03 1.630000000000000000e+02
1.300000000000000000e+02 2.100000000000000000e+01 1.000000000000000000e+00 1.231000000000000000e+03 1.520000000000000000e+02
1.400000000000000000e+02 1.600000000000000000e+01 1.000000000000000000e+00 1.405000000000000000e+03 1.570000000000000000e+02
1.220000000000000000e+02 1.600000000000000000e+01 2.000000000000000000e+00 1.241000000000000000e+03 1.400000000000000000e+02
1.260000000000000000e+02 2.000000000000000000e+01 2.000000000000000000e+00 1.328000000000000000e+03 1.480000000000000000e+02
1.280000000000000000e+02 1.500000000000000000e+01 1.000000000000000000e+00 1.283000000000000000e+03 1.440000000000000000e+02
1.220000000000000000e+02 1.300000000000000000e+01 1.000000000000000000e+00 1.185000000000000000e+03 1.340000000000000000e+02
1.220000000000000000e+02 1.500000000000000000e+01 2.000000000000000000e+00 1.166000000000000000e+03 1.390000000000000000e+02
1.230000000000000000e+02 1.700000000000000000e+01 0.000000000000000000e+00 1.304000000000000000e+03 1.400000000000000000e+02
1.500000000000000000e+02 2.600000000000000000e+01 4.000000000000000000e+00 1.371000000000000000e+03 1.800000000000000000e+02
1.250000000000000000e+02 1.400000000000000000e+01 1.000000000000000000e+00 1.239000000000000000e+03 1.380000000000000000e+02
1.180000000000000000e+02 1.400000000000000000e+01 3.000000000000000000e+00 1.250000000000000000e+03 1.340000000000000000e+02
1.400000000000000000e+02 2.100000000000000000e+01 3.000000000000000000e+00 1.413000000000000000e+03 1.640000000000000000e+02
1.480000000000000000e+02 1.100000000000000000e+01 2.000000000000000000e+00 1.357000000000000000e+03 1.610000000000000000e+02
1.730000000000000000e+02 1.300000000000000000e+01 4.000000000000000000e+00 1.393000000000000000e+03 1.900000000000000000e+02
1.160000000000000000e+02 1.700000000000000000e+01 2.000000000000000000e+00 1.244000000000000000e+03 1.350000000000000000e+02
1.540000000000000000e+02 2.400000000000000000e+01 1.000000000000000000e+00 1.409000000000000000e+03 1.770000000000000000e+02
1.630000000000000000e+02 2.300000000000000000e+01 0.000000000000000000e+00 1.504000000000000000e+03 1.860000000000000000e+02
1.400000000000000000e+02 1.200000000000000000e+01 0.000000000000000000e+00 1.433000000000000000e+03 1.510000000000000000e+02
1.600000000000000000e+02 1.200000000000000000e+01 2.000000000000000000e+00 1.383000000000000000e+03 1.720000000000000000e+02
1.570000000000000000e+02 1.900000000000000000e+01 2.000000000000000000e+00 1.206000000000000000e+03 1.780000000000000000e+02
1.260000000000000000e+02 1.200000000000000000e+01 1.000000000000000000e+00 1.281000000000000000e+03 1.390000000000000000e+02
1.070000000000000000e+02 1.100000000000000000e+01 0.000000000000000000e+00 1.204000000000000000e+03 1.180000000000000000e+02
1.580000000000000000e+02 8.000000000000000000e+00 0.000000000000000000e+00 1.297000000000000000e+03 1.650000000000000000e+02
1.390000000000000000e+02 1.200000000000000000e+01 0.000000000000000000e+00 1.309000000000000000e+03 1.510000000000000000e+02
1.440000000000000000e+02 1.400000000000000000e+01 0.000000000000000000e+00 1.423000000000000000e+03 1.560000000000000000e+02
1.420000000000000000e+02 2.300000000000000000e+01 0.000000000000000000e+00 1.212000000000000000e+03 1.640000000000000000e+02
1.250000000000000000e+02 2.400000000000000000e+01 0.000000000000000000e+00 1.229000000000000000e+03 1.490000000000000000e+02
