1.280000000000000000e+02 1.500000000000000000e+01 2.000000000000000000e+00 1.423000000000000000e+03 1.450000000000000000e+02
1.260000000000000000e+02 1.600000000000000000e+01 0.000000000000000000e+00 1.334000000000000000e+03 1.420000000000000000e+02
1.670000000000000000e+02 1.200000000000000000e+01 0.000000000000000000e+00 1.323000000000000000e+03 1.770000000000000000e+02
1.640000000000000000e+02 1.400000000000000000e+01 0.000000000000000000e+00 1.249000000000000000e+03 1.780000000000000000e+02
1.260000000000000000e+02 1.800000000000000000e+01 0.000000000000000000e+00 1.325000000000000000e+03 1.400000000000000000e+02
1.780000000000000000e+02 1.800000000000000000e+01 0.000000000000000000e+00 1.377000000000000000e+03 1.960000000000000000e+02
1.440000000000000000e+02 1.600000000000000000e+01 2.000000000000000000e+00 1.309000000000000000e+03 1.610000000000000000e+02
1.550000000000000000e+02 1.500000000000000000e+01 0.000000000000000000e+00 1.258000000000000000e+03 1.700000000000000000e+02
1.700000000000000000e+02 9.000000000000000000e+00 0.000000000000000000e+00 1.352000000000000000e+03 1.790000000000000000e+02
1.530000000000000000e+02 1.700000000000000000e+01 0.000000000000000000e+00 1.199000000000000000e+03 1.700000000000000000e+02
1.250000000000000000e+02 1.300000000000000000e+01 0.000000000000000000e+00 1.390000000000000000e+03 1.370000000000000000e+02
1.430000000000000000e+02 1.500000000000000000e+01 0.000000000000000000e+00 1.222000000000000000e+03 1.570000000000000000e+02
1.380000000000000000e+02 1.000000000000000000e+01 0.000000000000000000e+00 1.275000000000000000e+03 1.480000000000000000e+02
1.160000000000000000e+02 1.100000000000000000e+01 0.000000000000000000e+00 1.174000000000000000e+03 1.270000000000000000e+02
1.710000000000000000e+02 1.200000000000000000e+01 1.000000000000000000e+00 1.506000000000000000e+03 1.810000000000000000e+02
1.560000000000000000e+02 1.600000000000000000e+01 0.000000000000000000e+00 1.336000000000000000e+03 1.720000000000000000e+02
1.530000000000000000e+02 1.400000000000000000e+01 1.000000000000000000e+00 1.268000000000000000e+03 1.660000000000000000e+02
1.310000000000000000e+02 1.200000000000000000e+01 0.000000000000000000e+00 1.297000000000000000e+03 1.430000000000000000e+02
1.350000000000000000e+02 1.300000000000000000e+01 1.000000000000000000e+00 1.348000000000000000e+03 1.480000000000000000e+02
1.400000000000000000e+02 1.200000000000000000e+01 0.000000000000000000e+00 1.319000000000000000e+03 1.510000000000000000e+02
1.520000000000000000e+02 1.300000000000000000e+01 1.000000000000000000e+00 1.464000000000000000e+03 1.640000000000000000e+02
1.410000000000000000e+02 2.500000000000000000e+01 2.000000000000000000e+00 1.402000000000000000e+03 1.680000000000000000e+02
1.420000000000000000e+02 1.300000000000000000e+01 1.000000000000000000e+00 1.337000000000000000e+03 1.560000000000000000e+02
1.320000000000000000e+02 9.000000000000000000e+00 0.000000000000000000e+00 1.198000000000000000e+03 1.410000000000000000e+02
1.470000000000000000e+02 1.700000000000000000e+01 1.000000000000000000e+00 1.227000000000000000e+03 1.650000000000000000e+02
1.270000000000000000e+02 1.300000000000000000e+01 0.000000000000000000e+00 1.280000000000000000e+03 1.400000000000000000e+02
1.470000000000000000e+02 1.300000000000000000e+01 1.000000000000000000e+00 1.280000000000000000e+03 1.610000000000000000e+02
1.190000000000000000e+02 1.200000000000000000e+01 0.000000000000000000e+00 1.342000000000000000e+03 1.300000000000000000e+02
1.240000000000000000e+02 1.300000000000000000e+01 1.000000000000000000e+00 1.225000000000000000e+03 1.380000000000000000e+02
1.340000000000000000e+02 1.500000000000000000e+01 1.000000000000000000e+00 1.239000000000000000e+03 1.490000000000000000e+02
1.630000000000000000e+02 2.000000000000000000e+01 1.000000000000000000e+00 1.495000000000000000e+03 1.830000000000000000e+02
1.090000000000000000e+02 7.000000000000000000e+00 0.000000000000000000e+00 1.344000000000000000e+03 1.160000000000000000e+02
1.420000000000000000e+02 1.700000000000000000e+01 1.000000000000000000e+00 1.404000000000000000e+03 1.580000000000000000e+02
1.310000000000000000e+02 9.000000000000000000e+00 0.000000000000000000e+00 1.215000000000000000e+03 1.390000000000000000e+02
1.700000000000000000e+02 1.700000000000000000e+01 1.000000000000000000e+00 1.507000000000000000e+03 1.880000000000000000e+02
1.830000000000000000e+02 2.200000000000000000e+01 0.000000000000000000e+00 1.509000000000000000e+03 2.050000000000000000e+02
1.690000000000000000e+02 1.700000000000000000e+01 1.000000000000000000e+00 1.394000000000000000e+03 1.870000000000000000e+02
1.490000000000000000e+02 1.300000000000000000e+01 0.000000000000000000e+00 1.366000000000000000e+03 1.610000000000000000e+02
1.490000000000000000e+02 1.300000000000000000e+01 0.000000000000000000e+00 1.306000000000000000e+03 1.620000000000000000e+02
1.670000000000000000e+02 1.700000000000000000e+01 0.000000000000000000e+00 1.418000000000000000e+03 1.840000000000000000e+02
1.140000000000000000e+02 1.700000000000000000e+01 1.000000000000000000e+00 1.218000000000000000e+03 1.320000000000000000e+02
1.330000000000000000e+02 1.300000000000000000e+01 2.000000000000000000e+00 1.157000000000000000e+03 1.480000000000000000e+02
1.730000000000000000e+02 1.400000000000000000e+01 0.000000000000000000e+00 1.340000000000000000e+03 1.870000000000000000e+02
1.360000000000000000e+02 1.900000000000000000e+01 2.000000000000000000e+00 1.411000000000000000e+03 1.570000000000000000e+02
1.280000000000000000e+02 1.000000000000000000e+01 0.000000000000000000e+00 1.448000000000000000e+03 1.380000000000000000e+02
1.660000000000000000e+02 1.100000000000000000e+01 1.000000000000000000e+00 1.507000000000000000e+03 1.780000000000000000e+02
1.490000000000000000e+02 1.400000000000000000e+01 1.000000000000000000e+00 1.488000000000000000e+03 1.640000000000000000e+02
1.400000000000000000e+02 1.800000000000000000e+01 0.000000000000000000e+00 1.337000000000000000e+03 1.580000000000000000e+02
1.420000000000000000e+02 1.100000000000000000e+01 2.000000000000000000e+00 1.478000000000000000e+03 1.550000000000000000e+02
1.620000000000000000e+02 1.200000000000000000e+01 0.000000000000000000e+00 1.452000000000000000e+03 1.740000000000000000e+02
1.550000000000000000e+02 1.800000000000000000e+01 2.000000000000000000e+00 1.392000000000000000e+03 1.740000000000000000e+02
1.250000000000000000e+02 1.200000000000000000e+01 0.000000000000000000e+00 1.264000000000000000e+03 1.370000000000000000e+02
1.600000000000000000e+02 1.700000000000000000e+01 0.000000000000000000e+00 1.309000000000000000e+03 1.770000000000000000e+02
1.460000000000000000e+02 7.000000000000000000e+00 0.000000000000000000e+00 1.443000000000000000e+03 1.530000000000000000e+02
1.390000000000000000e+02 1.100000000000000000e+01 2.000000000000000000e+00 1.252000000000000000e+03 1.510000000000000000e+02
1.180000000000000000e+02 1.500000000000000000e+01 1.000000000000000000e+00 1.140000000000000000e+03 1.340000000000000000e+02
1.170000000000000000e+02 8.000000000000000000e+00 0.000000000000000000e+00 1.248000000000000000e+03 1.240000000000000000e+02
1.610000000000000000e+02 1.100000000000000000e+01 0.000000000000000000e+00 1.433000000000000000e+03 1.700000000000000000e+02
1.500000000000000000e+02 2.300000000000000000e+01 0.000000000000000000e+00 1.370000000000000000e+03 1.710000000000000000e+02
1.630000000000000000e+02 1.700000000000000000e+01 1.000000000000000000e+00 1.296000000000000000e+03 1.800000000000000000e+02
1.110000000000000000e+02 4.000000000000000000e+00 0.000000000000000000e+00 1.136000000000000000e+03 1.140000000000000000e+02
1.360000000000000000e+02 8.000000000000000000e+00 0.000000000000000000e+00 1.264000000000000000e+03 1.440000000000000000e+02
1.780000000000000000e+02 1.700000000000000000e+01 1.000000000000000000e+00 1.350000000000000000e+03 1.960000000000000000e+02
1.410000000000000000e+02 1.100000000000000000e+01 1.000000000000000000e+00 1.251000000000000000e+03 1.530000000000000000e+02
1.360000000000000000e+02 1.500000000000000000e+01 1.000000000000000000e+00 1.398000000000000000e+03 1.520000000000000000e+02
1.390000000000000000e+02 1.100000000000000000e+01 0.000000000000000000e+00 1.354000000000000000e+03 1.500000000000000000e+02
1.610000000000000000e+02 1.100000000000000000e+01 0.000000000000000000e+00 1.399000000000000000e+03 1.710000000000000000e+02
1.410000000000000000e+02 1.300000000000000000e+01 1.000000000000000000e+00 1.365000000000000000e+03 1.540000000000000000e+02
1.410000000000000000e+02 1.400000000000000000e+01 1.000000000000000000e+00 1.253000000000000000e+03 1.550000000000000000e+02
1.410000000000000000e+02 1.900000000000000000e+01 1.000000000000000000e+00 1.135000000000000000e+03 1.610000000000000000e+02
1.060000000000000000e+02 1.200000000000000000e+01 1.000000000000000000e+00 1.231000000000000000e+03 1.190000000000000000e+02
1.440000000000000000e+02 1.300000000000000000e+01 0.000000000000000000e+00 1.277000000000000000e+03 1.570000000000000000e+02
1.510000000000000000e+02 2.000000000000000000e+01 2.000000000000000000e+00 1.312000000000000000e+03 1.730000000000000000e+02
1.400000000000000000e+02 1.200000000000000000e+01 0.000000000000000000e+00 1.151000000000000000e+03 1.520000000000000000e+02
1.150000000000000000e+02 1.800000000000000000e+01 0.000000000000000000e+00 1.336000000000000000e+03 1.330000000000000000e+02
1.690000000000000000e+02 1.600000000000000000e+01 0.000000000000000000e+00 1.352000000000000000e+03 1.830000000000000000e+02
1.420000000000000000e+02 1.200000000000000000e+01 0.000000000000000000e+00 1.229000000000000000e+03 1.520000000000000000e+02
1.440000000000000000e+02 1.300000000000000000e+01 0.000000000000000000e+00 1.308000000000000000e+03 1.560000000000000000e+02
1.670000000000000000e+02 1.200000000000000000e+01 0.000000000000000000e+00 1.400000000000000000e+03 1.790000000000000000e+02
1.460000000000000000e+02 1.100000000000000000e+01 0.000000000000000000e+00 1.124000000000000000e+03 1.550000000000000000e+02
1.310000000000000000e+02 1.300000000000000000e+01 1.000000000000000000e+00 1.436000000000000000e+03 1.450000000000000000e+02
1.380000000000000000e+02 1.100000000000000000e+01 0.000000000000000000e+00 1.110000000000000000e+03 1.490000000000000000e+02
1.100000000000000000e+02 1.000000000000000000e+01 0.000000000000000000e+00 1.310000000000000000e+03 1.200000000000000000e+02
1.620000000000000000e+02 1.400000000000000000e+01 1.000000000000000000e+00 1.447000000000000000e+03 1.770000000000000000e+02
1.470000000000000000e+02 1.900000000000000000e+01 1.000000000000000000e+00 1.392000000000000000e+03 1.660000000000000000e+02
1.600000000000000000e+02 1.700000000000000000e+01 1.000000000000000000e+00 1.465000000000000000e+03 1.780000000000000000e+02
1.580000000000000000e+02 1.200000000000000000e+01 1.000000000000000000e+00 1.306000000000000000e+03 1.710000000000000000e+02
1.400000000000000000e+02 2.000000000000000000e+01 0.000000000000000000e+00 1.259000000000000000e+03 1.590000000000000000e+02
1.330000000000000000e+02 1.300000000000000000e+01 1.000000000000000000e+00 1.152000000000000000e+03 1.470000000000000000e+02
1.450000000000000000e+02 1.900000000000000000e+01 4.000000000000000000e+00 1.341000000000000000e+03 1.670000000000000000e+02
1.430000000000000000e+02 1.300000000000000000e+01 1.000000000000000000e+00 1.313000000000000000e+03 1.560000000000000000e+02
1.520000000000000000e+02 1.100000000000000000e+01 0.000000000000000000e+00 1.382000000000000000e+03 1.620000000000000000e+02
1.270000000000000000e+02 1.300000000000000000e+01 0.000000000000000000e+00 1.392000000000000000e+03 1.380000000000000000e+02
1.490000000000000000e+02 1.700000000000000000e+01 0.000000000000000000e+00 1.354000000000000000e+03 1.660000000000000000e+02
1.530000000000000000e+02 1.300000000000000000e+01 1.000000000000000000e+00 1.461000000000000000e+03 1.650000000000000000e+02
1.390000000000000000e+02 1.700000000000000000e+01 2.000000000000000000e+00 1.406000000000000000e+03 1.580000000000000000e+02
1.130000000000000000e+02 2.000000000000000000e+01 1.000000000000000000e+00 1.482000000000000000e+03 1.340000000000000000e+02
1.280000000000000000e+02 1.600000000000000000e+01 2.000000000000000000e+00 1.245000000000000000e+03 1.450000000000000000e+02
1.270000000000000000e+02 1.100000000000000000e+01 1.000000000000000000e+00 1.231000000000000000e+03 1.390000000000000000e+02
1.480000000000000000e+02 1.500000000000000000e+01 1.000000000000000000e+00 1.341000000000000000e+03 1.640000000000000000e+02
1.010000000000000000e+02 1.300000000000000000e+01 0.000000000000000000e+00 1.354000000000000000e+03 1.140000000000000000e+02
1.250000000000000000e+02 2.000000000000000000e+01 2.000000000000000000e+00 1.166000000000000000e+03 1.470000000000000000e+02
1.180000000000000000e+02 9.000000000000000000e+00 0.000000000000000000e+00 1.326000000000000000e+03 1.260000000000000000e+02
1.110000000000000000e+02 1.000000000000000000e+01 0.000000000000000000e+00 1.281000000000000000e+03 1.170000000000000000e+02
1.560000000000000000e+02 1.400000000000000000e+01 1.000000000000000000e+00 1.216000000000000000e+03 1.690000000000000000e+02
1.230000000000000000e+02 1.000000000000000000e+01 0.000000000000000000e+00 1.308000000000000000e+03 1.320000000000000000e+02
1.400000000000000000e+02 1.400000000000000000e+01 1.000000000000000000e+00 1.367000000000000000e+03 1.540000000000000000e+02
1.540000000000000000e+02 1.000000000000000000e+01 0.000000000000000000e+00 1.406000000000000000e+03 1.630000000000000000e+02
1.370000000000000000e+02 1.900000000000000000e+01 0.000000000000000000e+00 1.367000000000000000e+03 1.560000000000000000e+02
1.530000000000000000e+02 1.600000000000000000e+01 1.000000000000000000e+00 1.489000000000000000e+03 1.690000000000000000e+02
1.620000000000000000e+02 2.300000000000000000e+01 1.000000000000000000e+00 1.462000000000000000e+03 1.860000000000000000e+02
1.820000000000000000e+02 9.000000000000000000e+00 1.000000000000000000e+00 1.531000000000000000e+03 1.910000000000000000e+02
1.780000000000000000e+02 1.300000000000000000e+01 1.000000000000000000e+00 1.305000000000000000e+03 1.920000000000000000e+02
1.340000000000000000e+02 1.000000000000000000e+01 1.000000000000000000e+00 1.422000000000000000e+03 1.430000000000000000e+02
1.360000000000000000e+02 1.200000000000000000e+01 0.000000000000000000e+00 1.391000000000000000e+03 1.460000000000000000e+02
1.590000000000000000e+02 1.400000000000000000e+01 0.000000000000000000e+00 1.334000000000000000e+03 1.730000000000000000e+02
1.610000000000000000e+02 1.700000000000000000e+01 1.000000000000000000e+00 1.370000000000000000e+03 1.780000000000000000e+02
1.290000000000000000e+02 9.000000000000000000e+00 0.000000000000000000e+00 1.219000000000000000e+03 1.370000000000000000e+02
1.320000000000000000e+02 1.400000000000000000e+01 0.000000000000000000e+00 1.463000000000000000e+03 1.460000000000000000e+02
1.890000000000000000e+02 1.600000000000000000e+01 1.000000000000000000e+00 1.343000000000000000e+03 2.050000000000000000e+02
1.620000000000000000e+02 8.000000000000000000e+00 1.000000000000000000e+00 1.309000000000000000e+03 1.710000000000000000e+02
1.390000000000000000e+02 1.000000000000000000e+01 0.000000000000000000e+00 1.370000000000000000e+03 1.490000000000000000e+02
1.810000000000000000e+02 2.400000000000000000e+01 1.000000000000000000e+00 1.635000000000000000e+03 2.060000000000000000e+02
1.570000000000000000e+02 1.200000000000000000e+01 0.000000000000000000e+00 1.258000000000000000e+03 1.660000000000000000e+02
1.640000000000000000e+02 1.600000000000000000e+01 2.000000000000000000e+00 1.420000000000000000e+03 1.820000000000000000e+02
1.570000000000000000e+02 1.000000000000000000e+01 0.000000000000000000e+00 1.345000000000000000e+03 1.670000000000000000e+02
1.330000000000000000e+02 9.000000000000000000e+00 0.000000000000000000e+00 1.229000000000000000e+03 1.420000000000000000e+02
1.470000000000000000e+02 1.700000000000000000e+01 1.000000000000000000e+00 1.386000000000000000e+03 1.640000000000000000e+02
1.690000000000000000e+02 1.500000000000000000e+01 0.000000000000000000e+00 1.384000000000000000e+03 1.840000000000000000e+02
1.770000000000000000e+02 1.500000000000000000e+01 0.000000000000000000e+00 1.499000000000000000e+03 1.910000000000000000e+02
1.530000000000000000e+02 1.600000000000000000e+01 1.000000000000000000e+00 1.281000000000000000e+03 1.700000000000000000e+02
1.380000000000000000e+02 1.100000000000000000e+01 0.000000000000000000e+00 1.331000000000000000e+03 1.490000000000000000e+02
1.520000000000000000e+02 1.900000000000000000e+01 0.000000000000000000e+00 1.353000000000000000e+03 1.690000000000000000e+02
1.810000000000000000e+02 1.700000000000000000e+01 0.000000000000000000e+00 1.323000000000000000e+03 1.970000000000000000e+02
1.280000000000000000e+02 1.900000000000000000e+01 1.000000000000000000e+00 1.207000000000000000e+03 1.480000000000000000e+02
1.420000000000000000e+02 1.300000000000000000e+01 1.000000000000000000e+00 1.262000000000000000e+03 1.560000000000000000e+02
1.510000000000000000e+02 1.600000000000000000e+01 0.000000000000000000e+00 1.518000000000000000e+03 1.660000000000000000e+02
1.680000000000000000e+02 1.400000000000000000e+01 0.000000000000000000e+00 1.417000000000000000e+03 1.800000000000000000e+02
1.410000000000000000e+02 1.400000000000000000e+01 0.000000000000000000e+00 1.369000000000000000e+03 1.540000000000000000e+02
1.350000000000000000e+02 1.100000000000000000e+01 0.000000000000000000e+00 1.304000000000000000e+03 1.460000000000000000e+02
1.510000000000000000e+02 1.400000000000000000e+01 1.000000000000000000e+00 1.443000000000000000e+03 1.660000000000000000e+02
1.580000000000000000e+02 1.900000000000000000e+01 1.000000000000000000e+00 1.319000000000000000e+03 1.770000000000000000e+02
1.450000000000000000e+02 1.800000000000000000e+01 1.000000000000000000e+00 1.333000000000000000e+03 1.640000000000000000e+02
1.800000000000000000e+02 6.000000000000000000e+00 0.000000000000000000e+00 1.375000000000000000e+03 1.860000000000000000e+02
1.390000000000000000e+02 1.700000000000000000e+01 4.000000000000000000e+00 1.390000000000000000e+03 1.590000000000000000e+02
1.440000000000000000e+02 7.000000000000000000e+00 0.000000000000000000e+00 1.255000000000000000e+03 1.500000000000000000e+02
1.390000000000000000e+02 1.500000000000000000e+01 1.000000000000000000e+00 1.257000000000000000e+03 1.550000000000000000e+02
1.420000000000000000e+02 1.100000000000000000e+01 0.000000000000000000e+00 1.420000000000000000e+03 1.520000000000000000e+02
1.240000000000000000e+02 2.100000000000000000e+01 0.000000000000000000e+00 1.246000000000000000e+03 1.450000000000000000e+02
1.670000000000000000e+02 2.400000000000000000e+01 1.000000000000000000e+00 1.450000000000000000e+03 1.920000000000000000e+02
1.020000000000000000e+02 1.300000000000000000e+01 1.000000000000000000e+00 1.295000000000000000e+03 1.160000000000000000e+02
1.230000000000000000e+02 1.600000000000000000e+01 2.000000000000000000e+00 1.443000000000000000e+03 1.410000000000000000e+02
1.310000000000000000e+02 1.200000000000000000e+01 0.000000000000000000e+00 1.282000000000000000e+03 1.430000000000000000e+02
1.050000000000000000e+02 8.000000000000000000e+00 0.000000000000000000e+00 1.468000000000000000e+03 1.130000000000000000e+02
1.230000000000000000e+02 1.600000000000000000e+01 0.000000000000000000e+00 1.336000000000000000e+03 1.390000000000000000e+02
1.190000000000000000e+02 1.500000000000000000e+01 1.000000000000000000e+00 1.228000000000000000e+03 1.330000000000000000e+02
1.200000000000000000e+02 1.500000000000000000e+01 1.000000000000000000e+00 1.353000000000000000e+03 1.350000000000000000e+02
1.640000000000000000e+02 1.600000000000000000e+01 1.000000000000000000e+00 1.464000000000000000e+03 1.810000000000000000e+02
1.590000000000000000e+02 1.600000000000000000e+01 2.000000000000000000e+00 1.398000000000000000e+03 1.770000000000000000e+02
1.680000000000000000e+02 2.100000000000000000e+01 1.000000000000000000e+00 1.347000000000000000e+03 1.900000000000000000e+02
1.330000000000000000e+02 1.000000000000000000e+01 0.000000000000000000e+00 1.348000000000000000e+03 1.420000000000000000e+02
1.380000000000000000e+02 1.200000000000000000e+01 2.000000000000000000e+00 1.438000000000000000e+03 1.520000000000000000e+02
1.390000000000000000e+02 7.000000000000000000e+00 2.000000000000000000e+00 1.349000000000000000e+03 1.480000000000000000e+02
1.630000000000000000e+02 1.300000000000000000e+01 1.000000000000000000e+00 1.393000000000000000e+03 1.770000000000000000e+02
1.500000000000000000e+02 1.300000000000000000e+01 0.000000000000000000e+00 1.426000000000000000e+03 1.620000000000000000e+02
1.340000000000000000e+02 8.000000000000000000e+00 0.000000000000000000e+00 1.359000000000000000e+03 1.410000000000000000e+02
1.290000000000000000e+02 1.300000000000000000e+01 0.000000000000000000e+00 1.272000000000000000e+03 1.420000000000000000e+02
1.500000000000000000e+02 1.300000000000000000e+01 1.000000000000000000e+00 1.550000000000000000e+03 1.640000000000000000e+02
1.300000000000000000e+02 2.200000000000000000e+01 0.000000000000000000e+00 1.405000000000000000e+03 1.510000000000000000e+02
1.300000000000000000e+02 1.000000000000000000e+01 0.000000000000000000e+00 1.352000000000000000e+03 1.390000000000000000e+02
1.440000000000000000e+02 1.500000000000000000e+01 0.000000000000000000e+00 1.393000000000000000e+03 1.590000000000000000e+02
1.350000000000000000e+02 1.200000000000000000e+01 1.000000000000000000e+00 1.167000000000000000e+03 1.470000000000000000e+02
1.610000000000000000e+02 1.600000000000000000e+01 0.000000000000000000e+00 1.441000000000000000e+03 1.760000000000000000e+02
1.800000000000000000e+02 2.000000000000000000e+01 3.000000000000000000e+00 1.427000000000000000e+03 2.010000000000000000e+02
1.340000000000000000e+02 1.400000000000000000e+01 0.000000000000000000e+00 1.419000000000000000e+03 1.470000000000000000e+02
1.540000000000000000e+02 1.600000000000000000e+01 0.000000000000000000e+00 1.367000000000000000e+03 1.700000000000000000e+02
1.510000000000000000e+02 2.200000000000000000e+01 1.000000000000000000e+00 1.251000000000000000e+03 1.740000000000000000e+02
1.270000000000000000e+02 1.300000000000000000e+01 0.000000000000000000e+00 1.304000000000000000e+03 1.400000000000000000e+02
1.410000000000000000e+02 1.300000000000000000e+01 0.000000000000000000e+00 1.296000000000000000e+03 1.540000000000000000e+02
1.430000000000000000e+02 1.000000000000000000e+01 0.000000000000000000e+00 1.306000000000000000e+03 1.530000000000000000e+02
1.460000000000000000e+02 1.000000000000000000e+01 1.000000000000000000e+00 1.314000000000000000e+03 1.570000000000000000e+02
1.640000000000000000e+02 1.200000000000000000e+01 1.000000000000000000e+00 1.364000000000000000e+03 1.760000000000000000e+02
1.140000000000000000e+02 1.700000000000000000e+01 1.000000000000000000e+00 1.143000000000000000e+03 1.300000000000000000e+02
1.470000000000000000e+02 1.600000000000000000e+01 0.000000000000000000e+00 1.382000000000000000e+03 1.630000000000000000e+02
1.180000000000000000e+02 7.000000000000000000e+00 0.000000000000000000e+00 1.458000000000000000e+03 1.240000000000000000e+02
1.520000000000000000e+02 1.800000000000000000e+01 0.000000000000000000e+00 1.462000000000000000e+03 1.700000000000000000e+02
1.490000000000000000e+02 8.000000000000000000e+00 2.000000000000000000e+00 1.412000000000000000e+03 1.580000000000000000e+02
1.510000000000000000e+02 7.000000000000000000e+00 0.000000000000000000e+00 1.371000000000000000e+03 1.580000000000000000e+02
1.690000000000000000e+02 1.500000000000000000e+01 0.000000000000000000e+00 1.332000000000000000e+03 1.840000000000000000e+02
1.200000000000000000e+02 1.900000000000000000e+01 1.000000000000000000e+00 1.359000000000000000e+03 1.400000000000000000e+02
1.540000000000000000e+02 3.000000000000000000e+01 0.000000000000000000e+00 1.375000000000000000e+03 1.830000000000000000e+02
1.260000000000000000e+02 1.100000000000000000e+01 0.000000000000000000e+00 1.199000000000000000e+03 1.370000000000000000e+02
1.450000000000000000e+02 1.700000000000000000e+01 3.000000000000000000e+00 1.371000000000000000e+03 1.630000000000000000e+02
1.710000000000000000e+02 2.100000000000000000e+01 1.000000000000000000e+00 1.380000000000000000e+03 1.930000000000000000e+02
1.340000000000000000e+02 1.000000000000000000e+01 1.000000000000000000e+00 1.353000000000000000e+03 1.450000000000000000e+02
1.560000000000000000e+02 1.300000000000000000e+01 0.000000000000000000e+00 1.374000000000000000e+03 1.690000000000000000e+02
1.620000000000000000e+02 1.600000000000000000e+01 0.000000000000000000e+00 1.492000000000000000e+03 1.770000000000000000e+02
1.370000000000000000e+02 1.300000000000000000e+01 2.000000000000000000e+00 1.339000000000000000e+03 1.520000000000000000e+02
1.150000000000000000e+02 1.400000000000000000e+01 1.000000000000000000e+00 1.224000000000000000e+03 1.300000000000000000e+02
1.200000000000000000e+02 1.800000000000000000e+01 0.000000000000000000e+00 1.314000000000000000e+03 1.380000000000000000e+02
1.470000000000000000e+02 9.000000000000000000e+00 1.000000000000000000e+00 1.226000000000000000e+03 1.570000000000000000e+02
1.490000000000000000e+02 1.400000000000000000e+01 0.000000000000000000e+00 1.258000000000000000e+03 1.630000000000000000e+02
1.300000000000000000e+02 1.200000000000000000e+01 0.000000000000000000e+00 1.253000000000000000e+03 1.410000000000000000e+02
1.500000000000000000e+02 2.500000000000000000e+01 0.000000000000000000e+00 1.313000000000000000e+03 1.740000000000000000e+02
1.420000000000000000e+02 1.200000000000000000e+01 0.000000000000000000e+00 1.301000000000000000e+03 1.540000000000000000e+02
1.380000000000000000e+02 1.200000000000000000e+01 2.000000000000000000e+00 1.258000000000000000e+03 1.520000000000000000e+02
1.360000000000000000e+02 1.400000000000000000e+01 0.000000000000000000e+00 1.301000000000000000e+03 1.500000000000000000e+02
1.630000000000000000e+02 1.700000000000000000e+01 0.000000000000000000e+00 1.371000000000000000e+03 1.800000000000000000e+02
1.160000000000000000e+02 1.500000000000000000e+01 2.000000000000000000e+00 1.337000000000000000e+03 1.320000000000000000e+02
1.680000000000000000e+02 1.600000000000000000e+01 0.000000000000000000e+00 1.395000000000000000e+03 1.840000000000000000e+02
1.310000000000000000e+02 1.200000000000000000e+01 1.000000000000000000e+00 1.308000000000000000e+03 1.420000000000000000e+02
1.710000000000000000e+02 2.100000000000000000e+01 0.000000000000000000e+00 1.449000000000000000e+03 1.920000000000000000e+02
1.600000000000000000e+02 2.300000000000000000e+01 2.000000000000000000e+00 1.415000000000000000e+03 1.840000000000000000e+02
1.340000000000000000e+02 1.400000000000000000e+01 0.000000000000000000e+00 1.396000000000000000e+03 1.460000000000000000e+02
1.290000000000000000e+02 1.000000000000000000e+01 1.000000000000000000e+00 1.329000000000000000e+03 1.390000000000000000e+02
1.320000000000000000e+02 8.000000000000000000e+00 0.000000000000000000e+00 1.434000000000000000e+03 1.400000000000000000e+02
1.370000000000000000e+02 2.200000000000000000e+01 0.000000000000000000e+00 1.292000000000000000e+03 1.580000000000000000e+02
1.520000000000000000e+02 1.000000000000000000e+01 2.000000000000000000e+00 1.358000000000000000e+03 1.640000000000000000e+02
1.320000000000000000e+02 1.700000000000000000e+01 0.000000000000000000e+00 1.380000000000000000e+03 1.490000000000000000e+02
1.440000000000000000e+02 1.600000000000000000e+01 0.000000000000000000e+00 1.438000000000000000e+03 1.590000000000000000e+02
1.440000000000000000e+02 9.000000000000000000e+00 0.000000000000000000e+00 1.282000000000000000e+03 1.520000000000000000e+02
1.300000000000000000e+02 9.000000000000000000e+00 0.000000000000000000e+00 1.391000000000000000e+03 1.390000000000000000e+02
1.340000000000000000e+02 1.300000000000000000e+01 2.000000000000000000e+00 1.301000000000000000e+03 1.490000000000000000e+02
1.110000000000000000e+02 1.300000000000000000e+01 0.000000000000000000e+00 1.228000000000000000e+03 1.220000000000000000e+02
1.460000000000000000e+02 8.000000000000000000e+00 1.000000000000000000e+00 1.390000000000000000e+03 1.530000000000000000e+02
1.380000000000000000e+02 1.800000000000000000e+01 2.000000000000000000e+00 1.340000000000000000e+03 1.560000000000000000e+02
1.360000000000000000e+02 1.600000000000000000e+01 0.000000000000000000e+00 1.367000000000000000e+03 1.520000000000000000e+02
1.550000000000000000e+02 1.500000000000000000e+01 1.000000000000000000e+00 1.418000000000000000e+03 1.700000000000000000e+02
1.390000000000000000e+02 1.500000000000000000e+01 2.000000000000000000e+00 1.441000000000000000e+03 1.560000000000000000e+02
1.580000000000000000e+02 1.700000000000000000e+01 1.000000000000000000e+00 1.336000000000000000e+03 1.750000000000000000e+02
1.370000000000000000e+02 1.000000000000000000e+01 1.000000000000000000e+00 1.153000000000000000e+03 1.480000000000000000e+02
1.260000000000000000e+02 1.500000000000000000e+01 1.000000000000000000e+00 9.720000000000000000e+02 1.410000000000000000e+02
1.480000000000000000e+02 1.700000000000000000e+01 0.000000000000000000e+00 1.355000000000000000e+03 1.650000000000000000e+02
1.380000000000000000e+02 1.400000000000000000e+01 0.000000000000000000e+00 1.330000000000000000e+03 1.520000000000000000e+02
1.340000000000000000e+02 1.400000000000000000e+01 1.000000000000000000e+00 1.368000000000000000e+03 1.480000000000000000e+02
1.410000000000000000e+02 2.000000000000000000e+01 1.000000000000000000e+00 1.434000000000000000e+03 1.610000000000000000e+02
1.540000000000000000e+02 1.300000000000000000e+01 0.000000000000000000e+00 1.271000000000000000e+03 1.660000000000000000e+02
1.390000000000000000e+02 1.700000000000000000e+01 1.000000000000000000e+00 1.287000000000000000e+03 1.570000000000000000e+02
1.530000000000000000e+02 1.400000000000000000e+01 0.000000000000000000e+00 1.251000000000000000e+03 1.660000000000000000e+02
1.180000000000000000e+02 1.700000000000000000e+01 1.000000000000000000e+00 1.221000000000000000e+03 1.350000000000000000e+02
1.730000000000000000e+02 1.400000000000000000e+01 0.000000000000000000e+00 1.445000000000000000e+03 1.870000000000000000e+02
1.410000000000000000e+02 1.300000000000000000e+01 0.000000000000000000e+00 1.332000000000000000e+03 1.530000000000000000e+02
1.620000000000000000e+02 1.400000000000000000e+01 1.000000000000000000e+00 1.382000000000000000e+03 1.760000000000000000e+02
1.570000000000000000e+02 2.500000000000000000e+01 1.000000000000000000e+00 1.513000000000000000e+03 1.820000000000000000e+02
1.400000000000000000e+02 1.700000000000000000e+01 0.000000000000000000e+00 1.433000000000000000e+03 1.560000000000000000e+02
1.830000000000000000e+02 9.000000000000000000e+00 0.000000000000000000e+00 1.339000000000000000e+03 1.920000000000000000e+02
1.520000000000000000e+02 2.300000000000000000e+01 0.000000000000000000e+00 1.432000000000000000e+03 1.740000000000000000e+02
1.850000000000000000e+02 2.000000000000000000e+01 0.000000000000000000e+00 1.500000000000000000e+03 2.010000000000000000e+02
1.170000000000000000e+02 1.000000000000000000e+01 0.000000000000000000e+00 1.143000000000000000e+03 1.270000000000000000e+02
1.730000000000000000e+02 1.900000000000000000e+01 1.000000000000000000e+00 1.302000000000000000e+03 1.910000000000000000e+02
