2.090000000000000000e+02 6.700000000000000000e+01 1.000000000000000000e+00 1.554000000000000000e+03 2.750000000000000000e+02
1.790000000000000000e+02 5.900000000000000000e+01 4.000000000000000000e+00 1.236000000000000000e+03 2.380000000000000000e+02
2.020000000000000000e+02 6.900000000000000000e+01 6.000000000000000000e+00 1.462000000000000000e+03 2.720000000000000000e+02
2.170000000000000000e+02 6.300000000000000000e+01 5.000000000000000000e+00 1.461000000000000000e+03 2.830000000000000000e+02
2.260000000000000000e+02 6.900000000000000000e+01 2.000000000000000000e+00 1.215000000000000000e+03 2.950000000000000000e+02
2.280000000000000000e+02 8.000000000000000000e+01 4.000000000000000000e+00 1.551000000000000000e+03 3.090000000000000000e+02
2.220000000000000000e+02 6.000000000000000000e+01 1.000000000000000000e+00 1.569000000000000000e+03 2.740000000000000000e+02
2.140000000000000000e+02 6.000000000000000000e+01 2.000000000000000000e+00 1.525000000000000000e+03 2.710000000000000000e+02
2.440000000000000000e+02 7.100000000000000000e+01 5.000000000000000000e+00 1.934000000000000000e+03 3.170000000000000000e+02
2.310000000000000000e+02 7.900000000000000000e+01 3.000000000000000000e+00 1.624000000000000000e+03 3.060000000000000000e+02
1.960000000000000000e+02 7.000000000000000000e+01 3.000000000000000000e+00 1.518000000000000000e+03 2.650000000000000000e+02
2.290000000000000000e+02 7.800000000000000000e+01 5.000000000000000000e+00 1.584000000000000000e+03 3.110000000000000000e+02
2.370000000000000000e+02 6.500000000000000000e+01 2.000000000000000000e+00 1.558000000000000000e+03 3.000000000000000000e+02
2.100000000000000000e+02 7.300000000000000000e+01 5.000000000000000000e+00 1.589000000000000000e+03 2.830000000000000000e+02
2.620000000000000000e+02 7.100000000000000000e+01 4.000000000000000000e+00 2.089000000000000000e+03 3.280000000000000000e+02
2.420000000000000000e+02 7.400000000000000000e+01 2.000000000000000000e+00 1.506000000000000000e+03 3.100000000000000000e+02
2.380000000000000000e+02 6.300000000000000000e+01 5.000000000000000000e+00 1.552000000000000000e+03 3.020000000000000000e+02
2.390000000000000000e+02 8.200000000000000000e+01 5.000000000000000000e+00 2.074000000000000000e+03 3.120000000000000000e+02
2.160000000000000000e+02 6.600000000000000000e+01 3.000000000000000000e+00 1.615000000000000000e+03 2.830000000000000000e+02
2.460000000000000000e+02 5.800000000000000000e+01 0.000000000000000000e+00 1.708000000000000000e+03 3.000000000000000000e+02
2.710000000000000000e+02 8.600000000000000000e+01 8.000000000000000000e+00 2.080000000000000000e+03 3.620000000000000000e+02
1.980000000000000000e+02 6.600000000000000000e+01 4.000000000000000000e+00 1.396000000000000000e+03 2.630000000000000000e+02
2.220000000000000000e+02 8.200000000000000000e+01 3.000000000000000000e+00 1.624000000000000000e+03 3.060000000000000000e+02
2.600000000000000000e+02 6.000000000000000000e+01 4.000000000000000000e+00 2.040000000000000000e+03 3.200000000000000000e+02
2.740000000000000000e+02 6.500000000000000000e+01 5.000000000000000000e+00 1.817000000000000000e+03 3.390000000000000000e+02
1.940000000000000000e+02 6.200000000000000000e+01 5.000000000000000000e+00 1.179000000000000000e+03 2.610000000000000000e+02
2.410000000000000000e+02 7.400000000000000000e+01 5.000000000000000000e+00 1.978000000000000000e+03 3.150000000000000000e+02
2.630000000000000000e+02 7.900000000000000000e+01 6.000000000000000000e+00 1.689000000000000000e+03 3.440000000000000000e+02
2.510000000000000000e+02 7.300000000000000000e+01 1.000000000000000000e+00 1.863000000000000000e+03 3.130000000000000000e+02
2.660000000000000000e+02 7.800000000000000000e+01 8.000000000000000000e+00 1.754000000000000000e+03 3.470000000000000000e+02
2.520000000000000000e+02 6.900000000000000000e+01 5.000000000000000000e+00 1.793000000000000000e+03 3.210000000000000000e+02
2.740000000000000000e+02 7.600000000000000000e+01 1.100000000000000000e+01 2.078000000000000000e+03 3.530000000000000000e+02
2.070000000000000000e+02 7.900000000000000000e+01 7.000000000000000000e+00 1.581000000000000000e+03 2.870000000000000000e+02
2.440000000000000000e+02 7.000000000000000000e+01 4.000000000000000000e+00 1.920000000000000000e+03 3.080000000000000000e+02
2.280000000000000000e+02 7.900000000000000000e+01 2.000000000000000000e+00 1.667000000000000000e+03 3.000000000000000000e+02
2.410000000000000000e+02 6.700000000000000000e+01 3.000000000000000000e+00 1.842000000000000000e+03 3.070000000000000000e+02
2.740000000000000000e+02 6.200000000000000000e+01 4.000000000000000000e+00 2.007000000000000000e+03 3.270000000000000000e+02
2.420000000000000000e+02 4.800000000000000000e+01 2.000000000000000000e+00 1.670000000000000000e+03 2.880000000000000000e+02
2.640000000000000000e+02 6.600000000000000000e+01 6.000000000000000000e+00 1.552000000000000000e+03 3.270000000000000000e+02
2.640000000000000000e+02 6.900000000000000000e+01 3.000000000000000000e+00 1.702000000000000000e+03 3.310000000000000000e+02
2.250000000000000000e+02 6.000000000000000000e+01 2.000000000000000000e+00 1.642000000000000000e+03 2.770000000000000000e+02
2.040000000000000000e+02 7.300000000000000000e+01 6.000000000000000000e+00 1.491000000000000000e+03 2.780000000000000000e+02
2.690000000000000000e+02 6.400000000000000000e+01 4.000000000000000000e+00 1.672000000000000000e+03 3.260000000000000000e+02
2.530000000000000000e+02 7.000000000000000000e+01 1.000000000000000000e+00 1.776000000000000000e+03 3.210000000000000000e+02
2.480000000000000000e+02 6.500000000000000000e+01 5.000000000000000000e+00 1.469000000000000000e+03 3.110000000000000000e+02
2.260000000000000000e+02 6.600000000000000000e+01 5.000000000000000000e+00 1.489000000000000000e+03 2.910000000000000000e+02
2.470000000000000000e+02 7.000000000000000000e+01 4.000000000000000000e+00 1.991000000000000000e+03 3.150000000000000000e+02
2.090000000000000000e+02 5.400000000000000000e+01 2.000000000000000000e+00 1.480000000000000000e+03 2.620000000000000000e+02
2.040000000000000000e+02 7.500000000000000000e+01 1.000000000000000000e+00 1.683000000000000000e+03 2.740000000000000000e+02
2.330000000000000000e+02 7.100000000000000000e+01 1.000000000000000000e+00 1.873000000000000000e+03 2.960000000000000000e+02
2.450000000000000000e+02 8.000000000000000000e+01 4.000000000000000000e+00 2.022000000000000000e+03 3.250000000000000000e+02
1.590000000000000000e+02 5.700000000000000000e+01 2.000000000000000000e+00 7.640000000000000000e+02 2.140000000000000000e+02
2.420000000000000000e+02 7.000000000000000000e+01 3.000000000000000000e+00 1.877000000000000000e+03 3.110000000000000000e+02
2.320000000000000000e+02 5.700000000000000000e+01 3.000000000000000000e+00 1.568000000000000000e+03 2.870000000000000000e+02
2.090000000000000000e+02 7.200000000000000000e+01 6.000000000000000000e+00 1.483000000000000000e+03 2.850000000000000000e+02
2.680000000000000000e+02 5.800000000000000000e+01 3.000000000000000000e+00 1.986000000000000000e+03 3.240000000000000000e+02
2.350000000000000000e+02 7.200000000000000000e+01 3.000000000000000000e+00 1.723000000000000000e+03 3.020000000000000000e+02
2.860000000000000000e+02 7.100000000000000000e+01 1.000000000000000000e+00 2.150000000000000000e+03 3.510000000000000000e+02
2.200000000000000000e+02 6.000000000000000000e+01 2.000000000000000000e+00 1.596000000000000000e+03 2.760000000000000000e+02
2.280000000000000000e+02 7.600000000000000000e+01 5.000000000000000000e+00 1.505000000000000000e+03 3.040000000000000000e+02
2.580000000000000000e+02 7.700000000000000000e+01 3.000000000000000000e+00 1.952000000000000000e+03 3.310000000000000000e+02
2.160000000000000000e+02 6.500000000000000000e+01 4.000000000000000000e+00 1.787000000000000000e+03 2.820000000000000000e+02
2.010000000000000000e+02 5.600000000000000000e+01 4.000000000000000000e+00 1.219000000000000000e+03 2.590000000000000000e+02
2.290000000000000000e+02 7.000000000000000000e+01 6.000000000000000000e+00 1.739000000000000000e+03 2.990000000000000000e+02
2.240000000000000000e+02 7.800000000000000000e+01 3.000000000000000000e+00 1.725000000000000000e+03 3.030000000000000000e+02
2.720000000000000000e+02 6.800000000000000000e+01 2.000000000000000000e+00 1.872000000000000000e+03 3.330000000000000000e+02
2.200000000000000000e+02 5.200000000000000000e+01 1.000000000000000000e+00 1.770000000000000000e+03 2.660000000000000000e+02
2.190000000000000000e+02 6.400000000000000000e+01 5.000000000000000000e+00 1.495000000000000000e+03 2.850000000000000000e+02
2.390000000000000000e+02 8.200000000000000000e+01 5.000000000000000000e+00 1.833000000000000000e+03 3.210000000000000000e+02
2.570000000000000000e+02 7.300000000000000000e+01 6.000000000000000000e+00 2.066000000000000000e+03 3.350000000000000000e+02
2.310000000000000000e+02 5.000000000000000000e+01 0.000000000000000000e+00 1.183000000000000000e+03 2.760000000000000000e+02
1.790000000000000000e+02 4.600000000000000000e+01 5.000000000000000000e+00 9.670000000000000000e+02 2.230000000000000000e+02
2.320000000000000000e+02 6.800000000000000000e+01 5.000000000000000000e+00 1.725000000000000000e+03 2.960000000000000000e+02
2.810000000000000000e+02 9.100000000000000000e+01 6.000000000000000000e+00 1.954000000000000000e+03 3.640000000000000000e+02
2.240000000000000000e+02 6.800000000000000000e+01 4.000000000000000000e+00 1.834000000000000000e+03 2.880000000000000000e+02
2.300000000000000000e+02 6.300000000000000000e+01 4.000000000000000000e+00 1.754000000000000000e+03 2.910000000000000000e+02
2.440000000000000000e+02 6.200000000000000000e+01 4.000000000000000000e+00 1.696000000000000000e+03 3.080000000000000000e+02
1.780000000000000000e+02 5.700000000000000000e+01 3.000000000000000000e+00 7.750000000000000000e+02 2.350000000000000000e+02
2.330000000000000000e+02 8.500000000000000000e+01 1.000000000000000000e+00 1.654000000000000000e+03 3.080000000000000000e+02
2.170000000000000000e+02 5.300000000000000000e+01 3.000000000000000000e+00 1.465000000000000000e+03 2.670000000000000000e+02
2.200000000000000000e+02 5.300000000000000000e+01 5.000000000000000000e+00 1.614000000000000000e+03 2.760000000000000000e+02
2.100000000000000000e+02 9.100000000000000000e+01 1.000000000000000000e+00 1.919000000000000000e+03 2.950000000000000000e+02
2.560000000000000000e+02 7.900000000000000000e+01 5.000000000000000000e+00 1.850000000000000000e+03 3.310000000000000000e+02
2.620000000000000000e+02 6.900000000000000000e+01 5.000000000000000000e+00 1.907000000000000000e+03 3.300000000000000000e+02
2.380000000000000000e+02 7.600000000000000000e+01 2.000000000000000000e+00 1.668000000000000000e+03 3.090000000000000000e+02
2.380000000000000000e+02 6.900000000000000000e+01 0.000000000000000000e+00 1.797000000000000000e+03 2.980000000000000000e+02
2.320000000000000000e+02 6.300000000000000000e+01 2.000000000000000000e+00 1.808000000000000000e+03 2.940000000000000000e+02
2.280000000000000000e+02 7.100000000000000000e+01 2.000000000000000000e+00 1.726000000000000000e+03 2.990000000000000000e+02
2.390000000000000000e+02 6.700000000000000000e+01 3.000000000000000000e+00 1.904000000000000000e+03 3.070000000000000000e+02
2.470000000000000000e+02 6.200000000000000000e+01 2.000000000000000000e+00 1.675000000000000000e+03 3.080000000000000000e+02
2.380000000000000000e+02 7.200000000000000000e+01 1.000000000000000000e+00 1.614000000000000000e+03 3.020000000000000000e+02
1.990000000000000000e+02 6.800000000000000000e+01 6.000000000000000000e+00 1.281000000000000000e+03 2.650000000000000000e+02
3.180000000000000000e+02 8.800000000000000000e+01 3.000000000000000000e+00 1.981000000000000000e+03 3.890000000000000000e+02
2.150000000000000000e+02 4.900000000000000000e+01 1.000000000000000000e+00 1.492000000000000000e+03 2.580000000000000000e+02
2.220000000000000000e+02 7.100000000000000000e+01 5.000000000000000000e+00 1.737000000000000000e+03 2.950000000000000000e+02
2.400000000000000000e+02 6.700000000000000000e+01 2.000000000000000000e+00 1.653000000000000000e+03 3.060000000000000000e+02
2.840000000000000000e+02 7.000000000000000000e+01 3.000000000000000000e+00 2.038000000000000000e+03 3.450000000000000000e+02
2.610000000000000000e+02 6.600000000000000000e+01 3.000000000000000000e+00 1.825000000000000000e+03 3.290000000000000000e+02
2.100000000000000000e+02 6.100000000000000000e+01 2.000000000000000000e+00 1.733000000000000000e+03 2.660000000000000000e+02
2.560000000000000000e+02 6.200000000000000000e+01 6.000000000000000000e+00 2.000000000000000000e+03 3.150000000000000000e+02
2.180000000000000000e+02 4.700000000000000000e+01 2.000000000000000000e+00 1.611000000000000000e+03 2.600000000000000000e+02
2.020000000000000000e+02 7.400000000000000000e+01 4.000000000000000000e+00 1.585000000000000000e+03 2.740000000000000000e+02
2.130000000000000000e+02 6.400000000000000000e+01 3.000000000000000000e+00 1.892000000000000000e+03 2.720000000000000000e+02
2.380000000000000000e+02 8.300000000000000000e+01 2.000000000000000000e+00 1.721000000000000000e+03 3.180000000000000000e+02
2.410000000000000000e+02 5.500000000000000000e+01 2.000000000000000000e+00 1.687000000000000000e+03 2.880000000000000000e+02
2.350000000000000000e+02 6.800000000000000000e+01 4.000000000000000000e+00 1.905000000000000000e+03 3.040000000000000000e+02
2.400000000000000000e+02 7.300000000000000000e+01 1.000000000000000000e+01 1.790000000000000000e+03 3.180000000000000000e+02
2.630000000000000000e+02 6.500000000000000000e+01 5.000000000000000000e+00 1.881000000000000000e+03 3.330000000000000000e+02
2.300000000000000000e+02 7.700000000000000000e+01 2.000000000000000000e+00 1.565000000000000000e+03 3.040000000000000000e+02
2.230000000000000000e+02 7.500000000000000000e+01 2.000000000000000000e+00 1.807000000000000000e+03 2.940000000000000000e+02
2.720000000000000000e+02 7.600000000000000000e+01 3.000000000000000000e+00 1.883000000000000000e+03 3.310000000000000000e+02
2.180000000000000000e+02 7.400000000000000000e+01 4.000000000000000000e+00 1.797000000000000000e+03 2.930000000000000000e+02
1.970000000000000000e+02 6.900000000000000000e+01 7.000000000000000000e+00 1.041000000000000000e+03 2.690000000000000000e+02
2.090000000000000000e+02 7.300000000000000000e+01 4.000000000000000000e+00 1.676000000000000000e+03 2.810000000000000000e+02
2.270000000000000000e+02 6.800000000000000000e+01 3.000000000000000000e+00 1.545000000000000000e+03 2.970000000000000000e+02
1.890000000000000000e+02 6.500000000000000000e+01 6.000000000000000000e+00 1.463000000000000000e+03 2.570000000000000000e+02
2.350000000000000000e+02 7.600000000000000000e+01 4.000000000000000000e+00 1.732000000000000000e+03 3.130000000000000000e+02
2.110000000000000000e+02 5.800000000000000000e+01 1.000000000000000000e+00 1.509000000000000000e+03 2.660000000000000000e+02
2.080000000000000000e+02 6.800000000000000000e+01 4.000000000000000000e+00 1.493000000000000000e+03 2.730000000000000000e+02
2.720000000000000000e+02 7.600000000000000000e+01 9.000000000000000000e+00 2.027000000000000000e+03 3.410000000000000000e+02
1.970000000000000000e+02 7.100000000000000000e+01 0.000000000000000000e+00 1.369000000000000000e+03 2.600000000000000000e+02
2.580000000000000000e+02 7.100000000000000000e+01 3.000000000000000000e+00 1.709000000000000000e+03 3.210000000000000000e+02
2.230000000000000000e+02 5.300000000000000000e+01 2.000000000000000000e+00 1.706000000000000000e+03 2.750000000000000000e+02
2.420000000000000000e+02 6.100000000000000000e+01 3.000000000000000000e+00 1.602000000000000000e+03 2.970000000000000000e+02
2.730000000000000000e+02 7.000000000000000000e+01 7.000000000000000000e+00 1.837000000000000000e+03 3.470000000000000000e+02
2.940000000000000000e+02 8.100000000000000000e+01 4.000000000000000000e+00 1.944000000000000000e+03 3.650000000000000000e+02
2.260000000000000000e+02 8.200000000000000000e+01 1.000000000000000000e+00 1.726000000000000000e+03 3.030000000000000000e+02
2.550000000000000000e+02 6.300000000000000000e+01 0.000000000000000000e+00 1.838000000000000000e+03 3.140000000000000000e+02
2.570000000000000000e+02 5.400000000000000000e+01 4.000000000000000000e+00 1.643000000000000000e+03 3.030000000000000000e+02
1.980000000000000000e+02 6.500000000000000000e+01 3.000000000000000000e+00 1.278000000000000000e+03 2.640000000000000000e+02
2.500000000000000000e+02 7.400000000000000000e+01 4.000000000000000000e+00 1.905000000000000000e+03 3.190000000000000000e+02
1.880000000000000000e+02 6.000000000000000000e+01 3.000000000000000000e+00 1.540000000000000000e+03 2.500000000000000000e+02
2.290000000000000000e+02 5.300000000000000000e+01 2.000000000000000000e+00 1.676000000000000000e+03 2.800000000000000000e+02
2.170000000000000000e+02 5.600000000000000000e+01 4.000000000000000000e+00 1.654000000000000000e+03 2.730000000000000000e+02
2.340000000000000000e+02 7.000000000000000000e+01 3.000000000000000000e+00 1.963000000000000000e+03 3.050000000000000000e+02
2.270000000000000000e+02 7.400000000000000000e+01 3.000000000000000000e+00 1.645000000000000000e+03 2.990000000000000000e+02
2.740000000000000000e+02 8.100000000000000000e+01 4.000000000000000000e+00 1.917000000000000000e+03 3.430000000000000000e+02
1.990000000000000000e+02 8.000000000000000000e+01 3.000000000000000000e+00 1.376000000000000000e+03 2.780000000000000000e+02
2.260000000000000000e+02 7.700000000000000000e+01 4.000000000000000000e+00 1.717000000000000000e+03 3.010000000000000000e+02
1.890000000000000000e+02 5.200000000000000000e+01 6.000000000000000000e+00 1.133000000000000000e+03 2.430000000000000000e+02
2.380000000000000000e+02 4.500000000000000000e+01 1.000000000000000000e+00 1.670000000000000000e+03 2.800000000000000000e+02
2.450000000000000000e+02 7.600000000000000000e+01 5.000000000000000000e+00 1.612000000000000000e+03 3.180000000000000000e+02
2.430000000000000000e+02 5.400000000000000000e+01 4.000000000000000000e+00 1.767000000000000000e+03 2.960000000000000000e+02
2.370000000000000000e+02 7.200000000000000000e+01 7.000000000000000000e+00 1.865000000000000000e+03 3.080000000000000000e+02
1.900000000000000000e+02 5.900000000000000000e+01 7.000000000000000000e+00 1.273000000000000000e+03 2.520000000000000000e+02
2.290000000000000000e+02 7.800000000000000000e+01 4.000000000000000000e+00 1.456000000000000000e+03 3.040000000000000000e+02
2.290000000000000000e+02 5.000000000000000000e+01 0.000000000000000000e+00 1.639000000000000000e+03 2.700000000000000000e+02
2.030000000000000000e+02 6.600000000000000000e+01 4.000000000000000000e+00 1.128000000000000000e+03 2.670000000000000000e+02
2.510000000000000000e+02 8.100000000000000000e+01 3.000000000000000000e+00 1.831000000000000000e+03 3.310000000000000000e+02
2.210000000000000000e+02 6.900000000000000000e+01 5.000000000000000000e+00 1.763000000000000000e+03 2.860000000000000000e+02
2.440000000000000000e+02 7.700000000000000000e+01 3.000000000000000000e+00 1.762000000000000000e+03 3.160000000000000000e+02
2.350000000000000000e+02 6.100000000000000000e+01 1.000000000000000000e+00 1.690000000000000000e+03 2.930000000000000000e+02
2.520000000000000000e+02 5.600000000000000000e+01 5.000000000000000000e+00 1.629000000000000000e+03 3.100000000000000000e+02
2.650000000000000000e+02 7.300000000000000000e+01 2.000000000000000000e+00 2.021000000000000000e+03 3.330000000000000000e+02
1.830000000000000000e+02 5.700000000000000000e+01 1.000000000000000000e+00 1.141000000000000000e+03 2.400000000000000000e+02
2.340000000000000000e+02 8.100000000000000000e+01 5.000000000000000000e+00 1.671000000000000000e+03 3.160000000000000000e+02
2.260000000000000000e+02 8.600000000000000000e+01 3.000000000000000000e+00 1.527000000000000000e+03 3.150000000000000000e+02
2.560000000000000000e+02 7.100000000000000000e+01 3.000000000000000000e+00 1.913000000000000000e+03 3.220000000000000000e+02
2.170000000000000000e+02 7.600000000000000000e+01 5.000000000000000000e+00 1.607000000000000000e+03 2.920000000000000000e+02
2.470000000000000000e+02 7.500000000000000000e+01 5.000000000000000000e+00 1.978000000000000000e+03 3.250000000000000000e+02
2.590000000000000000e+02 6.100000000000000000e+01 4.000000000000000000e+00 1.954000000000000000e+03 3.120000000000000000e+02
2.250000000000000000e+02 5.700000000000000000e+01 2.000000000000000000e+00 1.542000000000000000e+03 2.790000000000000000e+02
2.350000000000000000e+02 8.100000000000000000e+01 3.000000000000000000e+00 1.889000000000000000e+03 3.070000000000000000e+02
2.270000000000000000e+02 6.300000000000000000e+01 5.000000000000000000e+00 1.479000000000000000e+03 2.930000000000000000e+02
2.410000000000000000e+02 6.800000000000000000e+01 5.000000000000000000e+00 1.648000000000000000e+03 3.070000000000000000e+02
2.140000000000000000e+02 8.700000000000000000e+01 5.000000000000000000e+00 1.595000000000000000e+03 3.000000000000000000e+02
2.350000000000000000e+02 5.500000000000000000e+01 3.000000000000000000e+00 1.659000000000000000e+03 2.860000000000000000e+02
2.340000000000000000e+02 6.900000000000000000e+01 2.000000000000000000e+00 1.926000000000000000e+03 2.990000000000000000e+02
2.120000000000000000e+02 5.600000000000000000e+01 6.000000000000000000e+00 1.295000000000000000e+03 2.640000000000000000e+02
2.250000000000000000e+02 6.700000000000000000e+01 0.000000000000000000e+00 1.697000000000000000e+03 2.880000000000000000e+02
2.460000000000000000e+02 7.600000000000000000e+01 5.000000000000000000e+00 1.535000000000000000e+03 3.220000000000000000e+02
2.080000000000000000e+02 5.300000000000000000e+01 3.000000000000000000e+00 1.173000000000000000e+03 2.600000000000000000e+02
2.410000000000000000e+02 7.200000000000000000e+01 3.000000000000000000e+00 1.804000000000000000e+03 3.060000000000000000e+02
2.600000000000000000e+02 7.900000000000000000e+01 1.000000000000000000e+00 2.255000000000000000e+03 3.330000000000000000e+02
2.840000000000000000e+02 7.600000000000000000e+01 5.000000000000000000e+00 1.852000000000000000e+03 3.440000000000000000e+02
2.020000000000000000e+02 5.300000000000000000e+01 2.000000000000000000e+00 1.604000000000000000e+03 2.530000000000000000e+02
2.470000000000000000e+02 5.800000000000000000e+01 2.000000000000000000e+00 1.740000000000000000e+03 2.990000000000000000e+02
2.240000000000000000e+02 6.300000000000000000e+01 4.000000000000000000e+00 1.696000000000000000e+03 2.890000000000000000e+02
2.420000000000000000e+02 8.100000000000000000e+01 5.000000000000000000e+00 1.814000000000000000e+03 3.220000000000000000e+02
2.200000000000000000e+02 8.900000000000000000e+01 6.000000000000000000e+00 2.000000000000000000e+03 3.070000000000000000e+02
2.500000000000000000e+02 7.200000000000000000e+01 3.000000000000000000e+00 1.870000000000000000e+03 3.220000000000000000e+02
2.030000000000000000e+02 5.100000000000000000e+01 1.000000000000000000e+00 1.625000000000000000e+03 2.510000000000000000e+02
1.350000000000000000e+02 3.000000000000000000e+01 2.000000000000000000e+00 7.900000000000000000e+01 1.670000000000000000e+02
2.560000000000000000e+02 7.000000000000000000e+01 2.000000000000000000e+00 2.002000000000000000e+03 3.180000000000000000e+02
2.620000000000000000e+02 8.200000000000000000e+01 7.000000000000000000e+00 2.001000000000000000e+03 3.320000000000000000e+02
2.720000000000000000e+02 7.900000000000000000e+01 3.000000000000000000e+00 1.828000000000000000e+03 3.480000000000000000e+02
2.340000000000000000e+02 5.800000000000000000e+01 6.000000000000000000e+00 1.380000000000000000e+03 2.950000000000000000e+02
2.340000000000000000e+02 7.200000000000000000e+01 2.000000000000000000e+00 1.756000000000000000e+03 3.020000000000000000e+02
2.530000000000000000e+02 6.200000000000000000e+01 2.000000000000000000e+00 1.381000000000000000e+03 3.140000000000000000e+02
2.230000000000000000e+02 4.600000000000000000e+01 4.000000000000000000e+00 1.346000000000000000e+03 2.670000000000000000e+02
2.340000000000000000e+02 6.100000000000000000e+01 5.000000000000000000e+00 1.686000000000000000e+03 2.970000000000000000e+02
2.440000000000000000e+02 5.800000000000000000e+01 2.000000000000000000e+00 1.538000000000000000e+03 2.950000000000000000e+02
2.650000000000000000e+02 8.700000000000000000e+01 4.000000000000000000e+00 1.839000000000000000e+03 3.540000000000000000e+02
2.460000000000000000e+02 7.300000000000000000e+01 5.000000000000000000e+00 1.826000000000000000e+03 3.190000000000000000e+02
2.530000000000000000e+02 6.300000000000000000e+01 0.000000000000000000e+00 1.350000000000000000e+03 3.110000000000000000e+02
2.450000000000000000e+02 7.900000000000000000e+01 8.000000000000000000e+00 1.845000000000000000e+03 3.250000000000000000e+02
2.080000000000000000e+02 7.100000000000000000e+01 1.000000000000000000e+00 1.748000000000000000e+03 2.750000000000000000e+02
2.120000000000000000e+02 6.500000000000000000e+01 3.000000000000000000e+00 1.676000000000000000e+03 2.730000000000000000e+02
2.330000000000000000e+02 7.300000000000000000e+01 7.000000000000000000e+00 1.735000000000000000e+03 3.050000000000000000e+02
2.440000000000000000e+02 7.500000000000000000e+01 4.000000000000000000e+00 1.900000000000000000e+03 3.140000000000000000e+02
1.910000000000000000e+02 6.500000000000000000e+01 5.000000000000000000e+00 9.310000000000000000e+02 2.570000000000000000e+02
2.430000000000000000e+02 7.500000000000000000e+01 3.000000000000000000e+00 1.980000000000000000e+03 3.170000000000000000e+02
1.920000000000000000e+02 5.200000000000000000e+01 4.000000000000000000e+00 1.460000000000000000e+03 2.420000000000000000e+02
2.050000000000000000e+02 6.200000000000000000e+01 2.000000000000000000e+00 1.458000000000000000e+03 2.610000000000000000e+02
2.410000000000000000e+02 8.400000000000000000e+01 3.000000000000000000e+00 1.566000000000000000e+03 3.190000000000000000e+02
2.180000000000000000e+02 6.700000000000000000e+01 4.000000000000000000e+00 1.725000000000000000e+03 2.850000000000000000e+02
2.520000000000000000e+02 8.900000000000000000e+01 6.000000000000000000e+00 1.941000000000000000e+03 3.410000000000000000e+02
2.380000000000000000e+02 7.700000000000000000e+01 5.000000000000000000e+00 1.717000000000000000e+03 3.120000000000000000e+02
2.470000000000000000e+02 6.500000000000000000e+01 2.000000000000000000e+00 1.995000000000000000e+03 3.110000000000000000e+02
2.190000000000000000e+02 7.600000000000000000e+01 4.000000000000000000e+00 1.675000000000000000e+03 2.960000000000000000e+02
1.890000000000000000e+02 6.300000000000000000e+01 8.000000000000000000e+00 1.279000000000000000e+03 2.550000000000000000e+02
2.290000000000000000e+02 8.300000000000000000e+01 4.000000000000000000e+00 1.592000000000000000e+03 3.080000000000000000e+02
2.320000000000000000e+02 6.700000000000000000e+01 2.000000000000000000e+00 1.568000000000000000e+03 2.930000000000000000e+02
1.970000000000000000e+02 5.600000000000000000e+01 3.000000000000000000e+00 1.547000000000000000e+03 2.490000000000000000e+02
2.700000000000000000e+02 6.000000000000000000e+01 3.000000000000000000e+00 1.927000000000000000e+03 3.230000000000000000e+02
2.290000000000000000e+02 6.200000000000000000e+01 6.000000000000000000e+00 2.059000000000000000e+03 2.940000000000000000e+02
1.700000000000000000e+02 5.200000000000000000e+01 4.000000000000000000e+00 6.090000000000000000e+02 2.220000000000000000e+02
2.500000000000000000e+02 7.400000000000000000e+01 3.000000000000000000e+00 1.715000000000000000e+03 3.230000000000000000e+02
2.230000000000000000e+02 6.400000000000000000e+01 4.000000000000000000e+00 1.528000000000000000e+03 2.900000000000000000e+02
2.210000000000000000e+02 5.800000000000000000e+01 3.000000000000000000e+00 1.417000000000000000e+03 2.730000000000000000e+02
2.210000000000000000e+02 7.400000000000000000e+01 4.000000000000000000e+00 1.823000000000000000e+03 2.920000000000000000e+02
2.340000000000000000e+02 7.500000000000000000e+01 5.000000000000000000e+00 1.799000000000000000e+03 3.100000000000000000e+02
2.510000000000000000e+02 6.900000000000000000e+01 4.000000000000000000e+00 1.863000000000000000e+03 3.140000000000000000e+02
2.410000000000000000e+02 9.100000000000000000e+01 6.000000000000000000e+00 1.908000000000000000e+03 3.350000000000000000e+02
2.540000000000000000e+02 7.500000000000000000e+01 3.000000000000000000e+00 1.631000000000000000e+03 3.250000000000000000e+02
2.270000000000000000e+02 6.400000000000000000e+01 2.000000000000000000e+00 1.855000000000000000e+03 2.910000000000000000e+02
2.430000000000000000e+02 8.100000000000000000e+01 2.000000000000000000e+00 1.731000000000000000e+03 3.220000000000000000e+02
2.370000000000000000e+02 8.300000000000000000e+01 4.000000000000000000e+00 1.832000000000000000e+03 3.210000000000000000e+02
2.300000000000000000e+02 5.700000000000000000e+01 3.000000000000000000e+00 1.127000000000000000e+03 2.840000000000000000e+02
2.390000000000000000e+02 7.200000000000000000e+01 4.000000000000000000e+00 1.791000000000000000e+03 3.040000000000000000e+02
2.230000000000000000e+02 7.800000000000000000e+01 0.000000000000000000e+00 1.736000000000000000e+03 2.980000000000000000e+02
2.190000000000000000e+02 6.200000000000000000e+01 2.000000000000000000e+00 1.600000000000000000e+03 2.750000000000000000e+02
2.450000000000000000e+02 8.500000000000000000e+01 4.000000000000000000e+00 1.872000000000000000e+03 3.260000000000000000e+02
2.330000000000000000e+02 7.600000000000000000e+01 2.000000000000000000e+00 2.066000000000000000e+03 3.060000000000000000e+02
2.570000000000000000e+02 5.400000000000000000e+01 3.000000000000000000e+00 1.411000000000000000e+03 3.100000000000000000e+02
2.190000000000000000e+02 6.500000000000000000e+01 6.000000000000000000e+00 1.572000000000000000e+03 2.870000000000000000e+02
2.460000000000000000e+02 6.600000000000000000e+01 9.000000000000000000e+00 1.934000000000000000e+03 3.170000000000000000e+02
2.260000000000000000e+02 7.000000000000000000e+01 1.000000000000000000e+00 1.777000000000000000e+03 2.950000000000000000e+02
2.870000000000000000e+02 8.000000000000000000e+01 4.000000000000000000e+00 1.895000000000000000e+03 3.670000000000000000e+02
2.520000000000000000e+02 7.400000000000000000e+01 7.000000000000000000e+00 1.913000000000000000e+03 3.280000000000000000e+02
1.960000000000000000e+02 6.600000000000000000e+01 7.000000000000000000e+00 1.441000000000000000e+03 2.640000000000000000e+02
2.150000000000000000e+02 9.200000000000000000e+01 5.000000000000000000e+00 1.763000000000000000e+03 3.090000000000000000e+02
2.390000000000000000e+02 6.100000000000000000e+01 3.000000000000000000e+00 1.611000000000000000e+03 3.020000000000000000e+02
2.660000000000000000e+02 6.700000000000000000e+01 3.000000000000000000e+00 1.990000000000000000e+03 3.320000000000000000e+02
2.320000000000000000e+02 7.900000000000000000e+01 2.000000000000000000e+00 1.537000000000000000e+03 3.080000000000000000e+02
2.320000000000000000e+02 6.900000000000000000e+01 4.000000000000000000e+00 1.751000000000000000e+03 3.020000000000000000e+02
2.350000000000000000e+02 6.900000000000000000e+01 3.000000000000000000e+00 1.542000000000000000e+03 3.040000000000000000e+02
2.300000000000000000e+02 5.900000000000000000e+01 2.000000000000000000e+00 1.668000000000000000e+03 2.840000000000000000e+02
2.250000000000000000e+02 7.500000000000000000e+01 5.000000000000000000e+00 1.595000000000000000e+03 3.020000000000000000e+02
2.190000000000000000e+02 5.500000000000000000e+01 4.000000000000000000e+00 1.782000000000000000e+03 2.720000000000000000e+02
