2.966000000000000000e+03 1.040000000000000000e+02 7.000000000000000000e+00 7.855000000000000000e+03 1.773000000000000000e+03
2.522000000000000000e+03 8.400000000000000000e+01 4.000000000000000000e+00 6.359000000000000000e+03 1.669000000000000000e+03
2.250000000000000000e+03 9.500000000000000000e+01 2.000000000000000000e+00 6.383000000000000000e+03 1.615000000000000000e+03
2.798000000000000000e+03 1.060000000000000000e+02 5.000000000000000000e+00 7.290000000000000000e+03 1.728000000000000000e+03
2.726000000000000000e+03 8.600000000000000000e+01 7.000000000000000000e+00 8.006000000000000000e+03 1.740000000000000000e+03
2.783000000000000000e+03 1.010000000000000000e+02 1.300000000000000000e+01 7.642000000000000000e+03 1.721000000000000000e+03
2.794000000000000000e+03 1.160000000000000000e+02 7.000000000000000000e+00 7.372000000000000000e+03 1.735000000000000000e+03
2.873000000000000000e+03 9.900000000000000000e+01 7.000000000000000000e+00 7.763000000000000000e+03 1.770000000000000000e+03
2.630000000000000000e+03 8.400000000000000000e+01 8.000000000000000000e+00 7.446000000000000000e+03 1.725000000000000000e+03
2.387000000000000000e+03 7.700000000000000000e+01 9.000000000000000000e+00 6.007000000000000000e+03 1.614000000000000000e+03
2.147000000000000000e+03 8.100000000000000000e+01 3.000000000000000000e+00 6.209000000000000000e+03 1.602000000000000000e+03
2.561000000000000000e+03 9.100000000000000000e+01 4.000000000000000000e+00 7.057000000000000000e+03 1.737000000000000000e+03
2.457000000000000000e+03 9.100000000000000000e+01 9.000000000000000000e+00 6.365000000000000000e+03 1.631000000000000000e+03
2.810000000000000000e+03 9.800000000000000000e+01 1.000000000000000000e+00 7.523000000000000000e+03 1.695000000000000000e+03
2.932000000000000000e+03 8.700000000000000000e+01 5.000000000000000000e+00 7.716000000000000000e+03 1.736000000000000000e+03
2.211000000000000000e+03 8.500000000000000000e+01 7.000000000000000000e+00 6.868000000000000000e+03 1.588000000000000000e+03
2.669000000000000000e+03 1.130000000000000000e+02 5.000000000000000000e+00 6.937000000000000000e+03 1.721000000000000000e+03
2.868000000000000000e+03 9.300000000000000000e+01 5.000000000000000000e+00 7.501000000000000000e+03 1.702000000000000000e+03
2.738000000000000000e+03 8.400000000000000000e+01 6.000000000000000000e+00 7.102000000000000000e+03 1.646000000000000000e+03
2.757000000000000000e+03 9.300000000000000000e+01 1.000000000000000000e+00 6.704000000000000000e+03 1.727000000000000000e+03
2.014000000000000000e+03 8.900000000000000000e+01 8.000000000000000000e+00 5.373000000000000000e+03 1.561000000000000000e+03
2.213000000000000000e+03 8.200000000000000000e+01 7.000000000000000000e+00 5.918000000000000000e+03 1.591000000000000000e+03
2.607000000000000000e+03 1.130000000000000000e+02 7.000000000000000000e+00 6.969000000000000000e+03 1.720000000000000000e+03
2.388000000000000000e+03 8.000000000000000000e+01 8.000000000000000000e+00 6.044000000000000000e+03 1.620000000000000000e+03
2.674000000000000000e+03 9.600000000000000000e+01 2.000000000000000000e+00 7.713000000000000000e+03 1.716000000000000000e+03
2.387000000000000000e+03 8.700000000000000000e+01 6.000000000000000000e+00 6.727000000000000000e+03 1.619000000000000000e+03
2.354000000000000000e+03 1.020000000000000000e+02 7.000000000000000000e+00 5.085000000000000000e+03 1.617000000000000000e+03
2.763000000000000000e+03 1.020000000000000000e+02 1.000000000000000000e+01 7.795000000000000000e+03 1.725000000000000000e+03
2.710000000000000000e+03 1.090000000000000000e+02 9.000000000000000000e+00 6.982000000000000000e+03 1.725000000000000000e+03
2.370000000000000000e+03 9.900000000000000000e+01 5.000000000000000000e+00 6.125000000000000000e+03 1.660000000000000000e+03
2.825000000000000000e+03 1.040000000000000000e+02 7.000000000000000000e+00 6.924000000000000000e+03 1.761000000000000000e+03
2.655000000000000000e+03 8.300000000000000000e+01 2.000000000000000000e+00 6.825000000000000000e+03 1.627000000000000000e+03
2.516000000000000000e+03 9.300000000000000000e+01 5.000000000000000000e+00 6.125000000000000000e+03 1.681000000000000000e+03
2.872000000000000000e+03 8.200000000000000000e+01 7.000000000000000000e+00 7.409000000000000000e+03 1.749000000000000000e+03
2.976000000000000000e+03 1.090000000000000000e+02 9.000000000000000000e+00 7.459000000000000000e+03 1.758000000000000000e+03
2.108000000000000000e+03 1.050000000000000000e+02 2.000000000000000000e+00 5.546000000000000000e+03 1.566000000000000000e+03
3.050000000000000000e+03 9.800000000000000000e+01 1.000000000000000000e+01 8.006000000000000000e+03 1.773000000000000000e+03
2.663000000000000000e+03 9.900000000000000000e+01 6.000000000000000000e+00 7.225000000000000000e+03 1.726000000000000000e+03
2.709000000000000000e+03 1.120000000000000000e+02 8.000000000000000000e+00 7.408000000000000000e+03 1.708000000000000000e+03
2.950000000000000000e+03 8.400000000000000000e+01 2.000000000000000000e+00 7.827000000000000000e+03 1.752000000000000000e+03
3.043000000000000000e+03 1.030000000000000000e+02 1.000000000000000000e+01 8.641000000000000000e+03 1.778000000000000000e+03
2.469000000000000000e+03 1.200000000000000000e+02 3.000000000000000000e+00 7.495000000000000000e+03 1.695000000000000000e+03
2.707000000000000000e+03 1.050000000000000000e+02 8.000000000000000000e+00 7.509000000000000000e+03 1.675000000000000000e+03
2.338000000000000000e+03 8.600000000000000000e+01 9.000000000000000000e+00 6.196000000000000000e+03 1.602000000000000000e+03
2.855000000000000000e+03 1.100000000000000000e+02 5.000000000000000000e+00 7.327000000000000000e+03 1.708000000000000000e+03
2.031000000000000000e+03 8.600000000000000000e+01 4.000000000000000000e+00 5.487000000000000000e+03 1.599000000000000000e+03
2.704000000000000000e+03 9.200000000000000000e+01 1.000000000000000000e+01 7.448000000000000000e+03 1.704000000000000000e+03
2.169000000000000000e+03 9.400000000000000000e+01 2.000000000000000000e+00 5.866000000000000000e+03 1.659000000000000000e+03
3.133000000000000000e+03 1.080000000000000000e+02 7.000000000000000000e+00 7.828000000000000000e+03 1.788000000000000000e+03
2.000000000000000000e+03 8.900000000000000000e+01 5.000000000000000000e+00 5.417000000000000000e+03 1.491000000000000000e+03
2.690000000000000000e+03 9.700000000000000000e+01 2.000000000000000000e+00 7.368000000000000000e+03 1.726000000000000000e+03
2.775000000000000000e+03 9.200000000000000000e+01 6.000000000000000000e+00 7.803000000000000000e+03 1.682000000000000000e+03
2.500000000000000000e+03 1.140000000000000000e+02 8.000000000000000000e+00 6.889000000000000000e+03 1.675000000000000000e+03
2.045000000000000000e+03 7.500000000000000000e+01 8.000000000000000000e+00 5.143000000000000000e+03 1.566000000000000000e+03
2.354000000000000000e+03 8.900000000000000000e+01 9.000000000000000000e+00 6.633000000000000000e+03 1.709000000000000000e+03
2.697000000000000000e+03 8.500000000000000000e+01 7.000000000000000000e+00 6.608000000000000000e+03 1.701000000000000000e+03
3.038000000000000000e+03 8.000000000000000000e+01 5.000000000000000000e+00 7.383000000000000000e+03 1.753000000000000000e+03
3.394000000000000000e+03 9.100000000000000000e+01 1.000000000000000000e+01 8.694000000000000000e+03 1.819000000000000000e+03
2.673000000000000000e+03 9.000000000000000000e+01 9.000000000000000000e+00 7.642000000000000000e+03 1.709000000000000000e+03
2.807000000000000000e+03 1.050000000000000000e+02 5.000000000000000000e+00 7.739000000000000000e+03 1.745000000000000000e+03
3.012000000000000000e+03 9.400000000000000000e+01 6.000000000000000000e+00 8.276000000000000000e+03 1.817000000000000000e+03
2.363000000000000000e+03 9.300000000000000000e+01 5.000000000000000000e+00 6.107000000000000000e+03 1.609000000000000000e+03
2.474000000000000000e+03 8.300000000000000000e+01 2.000000000000000000e+00 6.762000000000000000e+03 1.653000000000000000e+03
1.641000000000000000e+03 8.100000000000000000e+01 7.000000000000000000e+00 3.165000000000000000e+03 1.402000000000000000e+03
2.216000000000000000e+03 8.400000000000000000e+01 6.000000000000000000e+00 5.486000000000000000e+03 1.602000000000000000e+03
2.715000000000000000e+03 9.700000000000000000e+01 9.000000000000000000e+00 7.469000000000000000e+03 1.732000000000000000e+03
2.578000000000000000e+03 9.900000000000000000e+01 8.000000000000000000e+00 7.358000000000000000e+03 1.682000000000000000e+03
2.424000000000000000e+03 8.000000000000000000e+01 5.000000000000000000e+00 6.764000000000000000e+03 1.637000000000000000e+03
2.862000000000000000e+03 1.150000000000000000e+02 7.000000000000000000e+00 7.362000000000000000e+03 1.714000000000000000e+03
2.543000000000000000e+03 7.800000000000000000e+01 9.000000000000000000e+00 6.361000000000000000e+03 1.624000000000000000e+03
2.643000000000000000e+03 1.170000000000000000e+02 7.000000000000000000e+00 6.800000000000000000e+03 1.709000000000000000e+03
2.504000000000000000e+03 8.000000000000000000e+01 8.000000000000000000e+00 6.850000000000000000e+03 1.610000000000000000e+03
2.103000000000000000e+03 8.600000000000000000e+01 4.000000000000000000e+00 5.279000000000000000e+03 1.531000000000000000e+03
2.399000000000000000e+03 1.000000000000000000e+02 8.000000000000000000e+00 6.780000000000000000e+03 1.612000000000000000e+03
2.640000000000000000e+03 8.500000000000000000e+01 4.000000000000000000e+00 7.168000000000000000e+03 1.650000000000000000e+03
3.131000000000000000e+03 8.800000000000000000e+01 6.000000000000000000e+00 8.016000000000000000e+03 1.788000000000000000e+03
2.943000000000000000e+03 9.000000000000000000e+01 5.000000000000000000e+00 7.920000000000000000e+03 1.785000000000000000e+03
2.918000000000000000e+03 1.060000000000000000e+02 9.000000000000000000e+00 7.841000000000000000e+03 1.732000000000000000e+03
2.621000000000000000e+03 9.900000000000000000e+01 7.000000000000000000e+00 7.263000000000000000e+03 1.647000000000000000e+03
2.512000000000000000e+03 1.100000000000000000e+02 9.000000000000000000e+00 7.395000000000000000e+03 1.721000000000000000e+03
2.695000000000000000e+03 1.200000000000000000e+02 8.000000000000000000e+00 6.819000000000000000e+03 1.668000000000000000e+03
3.122000000000000000e+03 9.700000000000000000e+01 2.000000000000000000e+00 7.390000000000000000e+03 1.811000000000000000e+03
2.593000000000000000e+03 1.110000000000000000e+02 7.000000000000000000e+00 7.196000000000000000e+03 1.674000000000000000e+03
2.855000000000000000e+03 1.080000000000000000e+02 4.000000000000000000e+00 7.448000000000000000e+03 1.724000000000000000e+03
2.713000000000000000e+03 9.100000000000000000e+01 6.000000000000000000e+00 6.984000000000000000e+03 1.667000000000000000e+03
2.408000000000000000e+03 8.100000000000000000e+01 3.000000000000000000e+00 5.684000000000000000e+03 1.640000000000000000e+03
2.444000000000000000e+03 1.070000000000000000e+02 5.000000000000000000e+00 6.695000000000000000e+03 1.637000000000000000e+03
2.788000000000000000e+03 1.050000000000000000e+02 7.000000000000000000e+00 7.659000000000000000e+03 1.707000000000000000e+03
2.465000000000000000e+03 1.000000000000000000e+02 8.000000000000000000e+00 6.610000000000000000e+03 1.693000000000000000e+03
2.504000000000000000e+03 7.700000000000000000e+01 2.000000000000000000e+00 7.355000000000000000e+03 1.674000000000000000e+03
2.683000000000000000e+03 9.200000000000000000e+01 8.000000000000000000e+00 6.919000000000000000e+03 1.676000000000000000e+03
2.670000000000000000e+03 1.070000000000000000e+02 1.100000000000000000e+01 7.674000000000000000e+03 1.689000000000000000e+03
2.609000000000000000e+03 1.070000000000000000e+02 3.000000000000000000e+00 6.976000000000000000e+03 1.698000000000000000e+03
2.420000000000000000e+03 8.100000000000000000e+01 1.100000000000000000e+01 7.690000000000000000e+03 1.691000000000000000e+03
2.894000000000000000e+03 1.170000000000000000e+02 9.000000000000000000e+00 7.420000000000000000e+03 1.782000000000000000e+03
2.828000000000000000e+03 1.050000000000000000e+02 9.000000000000000000e+00 7.478000000000000000e+03 1.738000000000000000e+03
3.106000000000000000e+03 1.070000000000000000e+02 7.000000000000000000e+00 8.260000000000000000e+03 1.807000000000000000e+03
2.843000000000000000e+03 8.200000000000000000e+01 4.000000000000000000e+00 7.446000000000000000e+03 1.733000000000000000e+03
2.502000000000000000e+03 1.080000000000000000e+02 1.300000000000000000e+01 6.692000000000000000e+03 1.664000000000000000e+03
2.327000000000000000e+03 9.500000000000000000e+01 1.200000000000000000e+01 6.678000000000000000e+03 1.617000000000000000e+03
2.713000000000000000e+03 9.000000000000000000e+01 9.000000000000000000e+00 7.066000000000000000e+03 1.697000000000000000e+03
2.114000000000000000e+03 8.600000000000000000e+01 1.100000000000000000e+01 5.205000000000000000e+03 1.596000000000000000e+03
2.942000000000000000e+03 1.150000000000000000e+02 8.000000000000000000e+00 7.342000000000000000e+03 1.751000000000000000e+03
2.455000000000000000e+03 9.400000000000000000e+01 7.000000000000000000e+00 7.486000000000000000e+03 1.644000000000000000e+03
2.518000000000000000e+03 8.200000000000000000e+01 7.000000000000000000e+00 7.439000000000000000e+03 1.657000000000000000e+03
2.769000000000000000e+03 9.500000000000000000e+01 1.100000000000000000e+01 7.525000000000000000e+03 1.746000000000000000e+03
2.700000000000000000e+03 9.800000000000000000e+01 1.000000000000000000e+01 7.218000000000000000e+03 1.672000000000000000e+03
2.808000000000000000e+03 9.200000000000000000e+01 3.000000000000000000e+00 7.570000000000000000e+03 1.713000000000000000e+03
2.915000000000000000e+03 9.300000000000000000e+01 1.000000000000000000e+01 7.333000000000000000e+03 1.747000000000000000e+03
3.224000000000000000e+03 9.500000000000000000e+01 1.300000000000000000e+01 7.726000000000000000e+03 1.808000000000000000e+03
2.868000000000000000e+03 1.060000000000000000e+02 5.000000000000000000e+00 7.035000000000000000e+03 1.743000000000000000e+03
2.590000000000000000e+03 1.070000000000000000e+02 1.000000000000000000e+01 7.241000000000000000e+03 1.684000000000000000e+03
2.602000000000000000e+03 1.080000000000000000e+02 9.000000000000000000e+00 7.611000000000000000e+03 1.722000000000000000e+03
3.018000000000000000e+03 9.100000000000000000e+01 2.000000000000000000e+00 8.093000000000000000e+03 1.780000000000000000e+03
2.959000000000000000e+03 8.500000000000000000e+01 1.100000000000000000e+01 7.491000000000000000e+03 1.738000000000000000e+03
2.609000000000000000e+03 9.000000000000000000e+01 1.100000000000000000e+01 6.398000000000000000e+03 1.704000000000000000e+03
2.554000000000000000e+03 9.500000000000000000e+01 3.000000000000000000e+00 7.136000000000000000e+03 1.651000000000000000e+03
3.181000000000000000e+03 9.500000000000000000e+01 8.000000000000000000e+00 7.882000000000000000e+03 1.823000000000000000e+03
2.529000000000000000e+03 9.300000000000000000e+01 5.000000000000000000e+00 6.059000000000000000e+03 1.650000000000000000e+03
2.789000000000000000e+03 1.030000000000000000e+02 6.000000000000000000e+00 7.665000000000000000e+03 1.716000000000000000e+03
2.674000000000000000e+03 8.000000000000000000e+01 6.000000000000000000e+00 6.580000000000000000e+03 1.714000000000000000e+03
2.673000000000000000e+03 1.020000000000000000e+02 2.000000000000000000e+00 6.894000000000000000e+03 1.731000000000000000e+03
2.656000000000000000e+03 1.020000000000000000e+02 9.000000000000000000e+00 7.498000000000000000e+03 1.694000000000000000e+03
3.051000000000000000e+03 1.240000000000000000e+02 8.000000000000000000e+00 7.521000000000000000e+03 1.762000000000000000e+03
2.895000000000000000e+03 1.000000000000000000e+02 3.000000000000000000e+00 7.403000000000000000e+03 1.726000000000000000e+03
2.619000000000000000e+03 1.080000000000000000e+02 5.000000000000000000e+00 7.631000000000000000e+03 1.736000000000000000e+03
2.080000000000000000e+03 8.600000000000000000e+01 8.000000000000000000e+00 5.772000000000000000e+03 1.606000000000000000e+03
2.624000000000000000e+03 9.600000000000000000e+01 6.000000000000000000e+00 7.393000000000000000e+03 1.698000000000000000e+03
2.297000000000000000e+03 1.050000000000000000e+02 8.000000000000000000e+00 6.116000000000000000e+03 1.585000000000000000e+03
1.981000000000000000e+03 9.900000000000000000e+01 8.000000000000000000e+00 5.771000000000000000e+03 1.590000000000000000e+03
2.491000000000000000e+03 1.070000000000000000e+02 7.000000000000000000e+00 7.301000000000000000e+03 1.677000000000000000e+03
2.911000000000000000e+03 9.400000000000000000e+01 9.000000000000000000e+00 7.849000000000000000e+03 1.804000000000000000e+03
2.256000000000000000e+03 9.300000000000000000e+01 1.000000000000000000e+01 6.314000000000000000e+03 1.620000000000000000e+03
2.421000000000000000e+03 9.000000000000000000e+01 9.000000000000000000e+00 6.218000000000000000e+03 1.633000000000000000e+03
2.256000000000000000e+03 9.700000000000000000e+01 8.000000000000000000e+00 5.947000000000000000e+03 1.573000000000000000e+03
2.241000000000000000e+03 9.200000000000000000e+01 8.000000000000000000e+00 6.137000000000000000e+03 1.586000000000000000e+03
2.855000000000000000e+03 1.000000000000000000e+02 5.000000000000000000e+00 7.071000000000000000e+03 1.732000000000000000e+03
2.580000000000000000e+03 1.030000000000000000e+02 7.000000000000000000e+00 6.533000000000000000e+03 1.664000000000000000e+03
2.607000000000000000e+03 8.500000000000000000e+01 5.000000000000000000e+00 6.710000000000000000e+03 1.761000000000000000e+03
3.079000000000000000e+03 1.070000000000000000e+02 4.000000000000000000e+00 7.287000000000000000e+03 1.782000000000000000e+03
2.606000000000000000e+03 8.600000000000000000e+01 1.000000000000000000e+01 6.347000000000000000e+03 1.697000000000000000e+03
2.456000000000000000e+03 1.060000000000000000e+02 8.000000000000000000e+00 6.560000000000000000e+03 1.666000000000000000e+03
3.063000000000000000e+03 1.090000000000000000e+02 1.000000000000000000e+00 7.619000000000000000e+03 1.774000000000000000e+03
1.858000000000000000e+03 7.200000000000000000e+01 1.000000000000000000e+01 4.542000000000000000e+03 1.481000000000000000e+03
2.709000000000000000e+03 1.020000000000000000e+02 1.000000000000000000e+01 7.951000000000000000e+03 1.742000000000000000e+03
2.469000000000000000e+03 8.200000000000000000e+01 2.000000000000000000e+00 6.587000000000000000e+03 1.598000000000000000e+03
2.996000000000000000e+03 1.010000000000000000e+02 1.000000000000000000e+01 7.220000000000000000e+03 1.755000000000000000e+03
2.305000000000000000e+03 9.900000000000000000e+01 8.000000000000000000e+00 6.783000000000000000e+03 1.633000000000000000e+03
2.791000000000000000e+03 1.000000000000000000e+02 5.000000000000000000e+00 7.695000000000000000e+03 1.773000000000000000e+03
2.647000000000000000e+03 9.500000000000000000e+01 9.000000000000000000e+00 7.054000000000000000e+03 1.717000000000000000e+03
2.272000000000000000e+03 9.900000000000000000e+01 1.600000000000000000e+01 7.204000000000000000e+03 1.572000000000000000e+03
2.636000000000000000e+03 1.030000000000000000e+02 6.000000000000000000e+00 7.581000000000000000e+03 1.749000000000000000e+03
2.097000000000000000e+03 1.010000000000000000e+02 1.300000000000000000e+01 6.058000000000000000e+03 1.630000000000000000e+03
2.401000000000000000e+03 1.010000000000000000e+02 2.000000000000000000e+00 7.513000000000000000e+03 1.694000000000000000e+03
2.621000000000000000e+03 9.300000000000000000e+01 8.000000000000000000e+00 7.118000000000000000e+03 1.705000000000000000e+03
2.689000000000000000e+03 1.030000000000000000e+02 5.000000000000000000e+00 7.177000000000000000e+03 1.719000000000000000e+03
2.780000000000000000e+03 1.060000000000000000e+02 6.000000000000000000e+00 7.873000000000000000e+03 1.719000000000000000e+03
2.247000000000000000e+03 9.900000000000000000e+01 8.000000000000000000e+00 7.007000000000000000e+03 1.596000000000000000e+03
2.736000000000000000e+03 1.060000000000000000e+02 1.000000000000000000e+01 7.825000000000000000e+03 1.730000000000000000e+03
2.739000000000000000e+03 9.800000000000000000e+01 9.000000000000000000e+00 7.215000000000000000e+03 1.716000000000000000e+03
2.685000000000000000e+03 9.100000000000000000e+01 3.000000000000000000e+00 6.386000000000000000e+03 1.654000000000000000e+03
2.259000000000000000e+03 6.800000000000000000e+01 5.000000000000000000e+00 6.695000000000000000e+03 1.585000000000000000e+03
3.137000000000000000e+03 1.020000000000000000e+02 8.000000000000000000e+00 7.723000000000000000e+03 1.781000000000000000e+03
2.548000000000000000e+03 1.010000000000000000e+02 8.000000000000000000e+00 7.169000000000000000e+03 1.684000000000000000e+03
1.816000000000000000e+03 9.300000000000000000e+01 1.000000000000000000e+01 4.565000000000000000e+03 1.562000000000000000e+03
3.097000000000000000e+03 1.000000000000000000e+02 7.000000000000000000e+00 7.545000000000000000e+03 1.806000000000000000e+03
2.849000000000000000e+03 9.800000000000000000e+01 9.000000000000000000e+00 7.740000000000000000e+03 1.723000000000000000e+03
2.771000000000000000e+03 1.100000000000000000e+02 6.000000000000000000e+00 7.897000000000000000e+03 1.736000000000000000e+03
2.722000000000000000e+03 1.140000000000000000e+02 8.000000000000000000e+00 6.911000000000000000e+03 1.737000000000000000e+03
2.979000000000000000e+03 1.040000000000000000e+02 4.000000000000000000e+00 7.287000000000000000e+03 1.733000000000000000e+03
2.842000000000000000e+03 1.000000000000000000e+02 3.000000000000000000e+00 6.650000000000000000e+03 1.727000000000000000e+03
2.023000000000000000e+03 8.000000000000000000e+01 4.000000000000000000e+00 5.078000000000000000e+03 1.517000000000000000e+03
2.685000000000000000e+03 7.900000000000000000e+01 7.000000000000000000e+00 6.920000000000000000e+03 1.700000000000000000e+03
2.822000000000000000e+03 9.900000000000000000e+01 6.000000000000000000e+00 7.413000000000000000e+03 1.734000000000000000e+03
2.279000000000000000e+03 6.800000000000000000e+01 4.000000000000000000e+00 6.363000000000000000e+03 1.602000000000000000e+03
2.856000000000000000e+03 9.400000000000000000e+01 4.000000000000000000e+00 7.277000000000000000e+03 1.737000000000000000e+03
2.527000000000000000e+03 1.010000000000000000e+02 7.000000000000000000e+00 7.448000000000000000e+03 1.712000000000000000e+03
3.249000000000000000e+03 1.140000000000000000e+02 8.000000000000000000e+00 7.946000000000000000e+03 1.837000000000000000e+03
2.627000000000000000e+03 9.400000000000000000e+01 3.000000000000000000e+00 7.266000000000000000e+03 1.725000000000000000e+03
2.348000000000000000e+03 8.700000000000000000e+01 6.000000000000000000e+00 6.157000000000000000e+03 1.624000000000000000e+03
2.522000000000000000e+03 8.200000000000000000e+01 6.000000000000000000e+00 7.908000000000000000e+03 1.753000000000000000e+03
2.893000000000000000e+03 8.200000000000000000e+01 5.000000000000000000e+00 8.258000000000000000e+03 1.798000000000000000e+03
2.543000000000000000e+03 1.090000000000000000e+02 6.000000000000000000e+00 7.243000000000000000e+03 1.637000000000000000e+03
3.115000000000000000e+03 1.000000000000000000e+02 8.000000000000000000e+00 7.728000000000000000e+03 1.814000000000000000e+03
2.198000000000000000e+03 8.000000000000000000e+01 3.000000000000000000e+00 6.487000000000000000e+03 1.637000000000000000e+03
3.065000000000000000e+03 1.060000000000000000e+02 1.200000000000000000e+01 8.396000000000000000e+03 1.781000000000000000e+03
2.220000000000000000e+03 1.020000000000000000e+02 1.000000000000000000e+01 5.311000000000000000e+03 1.557000000000000000e+03
2.678000000000000000e+03 7.500000000000000000e+01 1.000000000000000000e+00 7.310000000000000000e+03 1.738000000000000000e+03
2.471000000000000000e+03 8.600000000000000000e+01 2.000000000000000000e+00 6.238000000000000000e+03 1.650000000000000000e+03
2.634000000000000000e+03 1.160000000000000000e+02 1.300000000000000000e+01 7.172000000000000000e+03 1.718000000000000000e+03
2.654000000000000000e+03 1.000000000000000000e+02 2.000000000000000000e+00 6.775000000000000000e+03 1.685000000000000000e+03
2.870000000000000000e+03 1.200000000000000000e+02 3.000000000000000000e+00 7.813000000000000000e+03 1.772000000000000000e+03
2.831000000000000000e+03 1.270000000000000000e+02 7.000000000000000000e+00 7.265000000000000000e+03 1.768000000000000000e+03
2.099000000000000000e+03 9.900000000000000000e+01 7.000000000000000000e+00 5.242000000000000000e+03 1.537000000000000000e+03
2.573000000000000000e+03 1.050000000000000000e+02 6.000000000000000000e+00 6.711000000000000000e+03 1.726000000000000000e+03
2.984000000000000000e+03 1.020000000000000000e+02 5.000000000000000000e+00 7.641000000000000000e+03 1.778000000000000000e+03
2.097000000000000000e+03 8.000000000000000000e+01 5.000000000000000000e+00 5.488000000000000000e+03 1.563000000000000000e+03
2.380000000000000000e+03 9.600000000000000000e+01 6.000000000000000000e+00 6.592000000000000000e+03 1.646000000000000000e+03
2.722000000000000000e+03 1.030000000000000000e+02 5.000000000000000000e+00 7.487000000000000000e+03 1.690000000000000000e+03
1.897000000000000000e+03 7.800000000000000000e+01 5.000000000000000000e+00 4.262000000000000000e+03 1.466000000000000000e+03
2.998000000000000000e+03 9.300000000000000000e+01 1.000000000000000000e+01 7.360000000000000000e+03 1.755000000000000000e+03
2.736000000000000000e+03 8.400000000000000000e+01 5.000000000000000000e+00 6.943000000000000000e+03 1.739000000000000000e+03
2.616000000000000000e+03 8.700000000000000000e+01 7.000000000000000000e+00 7.355000000000000000e+03 1.758000000000000000e+03
2.733000000000000000e+03 1.020000000000000000e+02 1.000000000000000000e+01 6.900000000000000000e+03 1.714000000000000000e+03
2.459000000000000000e+03 8.000000000000000000e+01 6.000000000000000000e+00 6.706000000000000000e+03 1.627000000000000000e+03
2.212000000000000000e+03 8.900000000000000000e+01 4.000000000000000000e+00 5.331000000000000000e+03 1.592000000000000000e+03
2.394000000000000000e+03 1.180000000000000000e+02 9.000000000000000000e+00 6.703000000000000000e+03 1.663000000000000000e+03
2.806000000000000000e+03 8.600000000000000000e+01 4.000000000000000000e+00 7.267000000000000000e+03 1.742000000000000000e+03
2.781000000000000000e+03 9.800000000000000000e+01 1.400000000000000000e+01 7.560000000000000000e+03 1.742000000000000000e+03
2.889000000000000000e+03 9.200000000000000000e+01 4.000000000000000000e+00 8.032000000000000000e+03 1.745000000000000000e+03
2.891000000000000000e+03 8.500000000000000000e+01 6.000000000000000000e+00 7.947000000000000000e+03 1.795000000000000000e+03
2.661000000000000000e+03 1.000000000000000000e+02 4.000000000000000000e+00 6.818000000000000000e+03 1.731000000000000000e+03
3.292000000000000000e+03 1.180000000000000000e+02 7.000000000000000000e+00 8.037000000000000000e+03 1.779000000000000000e+03
2.489000000000000000e+03 8.700000000000000000e+01 7.000000000000000000e+00 6.345000000000000000e+03 1.685000000000000000e+03
2.498000000000000000e+03 1.130000000000000000e+02 1.000000000000000000e+01 7.342000000000000000e+03 1.694000000000000000e+03
2.901000000000000000e+03 8.700000000000000000e+01 4.000000000000000000e+00 8.204000000000000000e+03 1.785000000000000000e+03
3.043000000000000000e+03 1.090000000000000000e+02 9.000000000000000000e+00 7.855000000000000000e+03 1.786000000000000000e+03
2.631000000000000000e+03 8.500000000000000000e+01 7.000000000000000000e+00 7.378000000000000000e+03 1.710000000000000000e+03
3.056000000000000000e+03 1.000000000000000000e+02 1.000000000000000000e+01 7.799000000000000000e+03 1.815000000000000000e+03
2.730000000000000000e+03 1.070000000000000000e+02 3.000000000000000000e+00 7.584000000000000000e+03 1.730000000000000000e+03
2.674000000000000000e+03 1.110000000000000000e+02 7.000000000000000000e+00 6.790000000000000000e+03 1.693000000000000000e+03
2.352000000000000000e+03 1.020000000000000000e+02 7.000000000000000000e+00 6.342000000000000000e+03 1.636000000000000000e+03
2.911000000000000000e+03 1.090000000000000000e+02 7.000000000000000000e+00 7.698000000000000000e+03 1.772000000000000000e+03
2.442000000000000000e+03 1.030000000000000000e+02 1.200000000000000000e+01 6.521000000000000000e+03 1.622000000000000000e+03
2.504000000000000000e+03 9.500000000000000000e+01 1.500000000000000000e+01 7.444000000000000000e+03 1.689000000000000000e+03
2.721000000000000000e+03 1.020000000000000000e+02 1.000000000000000000e+01 7.438000000000000000e+03 1.734000000000000000e+03
2.384000000000000000e+03 8.100000000000000000e+01 4.000000000000000000e+00 6.291000000000000000e+03 1.637000000000000000e+03
2.816000000000000000e+03 1.060000000000000000e+02 6.000000000000000000e+00 7.796000000000000000e+03 1.736000000000000000e+03
2.951000000000000000e+03 1.010000000000000000e+02 1.000000000000000000e+01 7.550000000000000000e+03 1.788000000000000000e+03
2.738000000000000000e+03 1.080000000000000000e+02 1.000000000000000000e+01 7.358000000000000000e+03 1.779000000000000000e+03
2.788000000000000000e+03 8.800000000000000000e+01 3.000000000000000000e+00 7.135000000000000000e+03 1.772000000000000000e+03
2.772000000000000000e+03 8.300000000000000000e+01 9.000000000000000000e+00 7.386000000000000000e+03 1.686000000000000000e+03
2.306000000000000000e+03 1.090000000000000000e+02 6.000000000000000000e+00 7.324000000000000000e+03 1.667000000000000000e+03
2.921000000000000000e+03 1.070000000000000000e+02 6.000000000000000000e+00 7.901000000000000000e+03 1.792000000000000000e+03
2.488000000000000000e+03 8.600000000000000000e+01 4.000000000000000000e+00 5.904000000000000000e+03 1.658000000000000000e+03
3.165000000000000000e+03 9.500000000000000000e+01 7.000000000000000000e+00 8.009000000000000000e+03 1.770000000000000000e+03
2.625000000000000000e+03 9.100000000000000000e+01 1.000000000000000000e+01 7.279000000000000000e+03 1.709000000000000000e+03
2.746000000000000000e+03 9.700000000000000000e+01 7.000000000000000000e+00 6.899000000000000000e+03 1.699000000000000000e+03
2.472000000000000000e+03 1.020000000000000000e+02 6.000000000000000000e+00 6.789000000000000000e+03 1.657000000000000000e+03
2.686000000000000000e+03 1.080000000000000000e+02 9.000000000000000000e+00 7.184000000000000000e+03 1.724000000000000000e+03
2.908000000000000000e+03 1.170000000000000000e+02 4.000000000000000000e+00 8.090000000000000000e+03 1.765000000000000000e+03
2.348000000000000000e+03 1.010000000000000000e+02 5.000000000000000000e+00 5.906000000000000000e+03 1.665000000000000000e+03
2.365000000000000000e+03 7.600000000000000000e+01 4.000000000000000000e+00 6.107000000000000000e+03 1.623000000000000000e+03
2.600000000000000000e+03 1.160000000000000000e+02 1.200000000000000000e+01 7.794000000000000000e+03 1.722000000000000000e+03
2.548000000000000000e+03 8.200000000000000000e+01 5.000000000000000000e+00 6.279000000000000000e+03 1.657000000000000000e+03
2.568000000000000000e+03 8.400000000000000000e+01 5.000000000000000000e+00 7.707000000000000000e+03 1.734000000000000000e+03
2.796000000000000000e+03 1.040000000000000000e+02 6.000000000000000000e+00 7.731000000000000000e+03 1.741000000000000000e+03
2.060000000000000000e+03 9.200000000000000000e+01 7.000000000000000000e+00 5.188000000000000000e+03 1.530000000000000000e+03
2.575000000000000000e+03 1.040000000000000000e+02 4.000000000000000000e+00 6.256000000000000000e+03 1.670000000000000000e+03
2.641000000000000000e+03 1.080000000000000000e+02 9.000000000000000000e+00 7.170000000000000000e+03 1.721000000000000000e+03
