1.330000000000000000e+02 4.600000000000000000e+01 9.000000000000000000e+00 1.283000000000000000e+03 1.880000000000000000e+02
1.670000000000000000e+02 6.900000000000000000e+01 7.000000000000000000e+00 1.501000000000000000e+03 2.420000000000000000e+02
1.080000000000000000e+02 5.100000000000000000e+01 4.000000000000000000e+00 1.419000000000000000e+03 1.630000000000000000e+02
1.190000000000000000e+02 6.400000000000000000e+01 4.000000000000000000e+00 1.383000000000000000e+03 1.830000000000000000e+02
1.340000000000000000e+02 4.800000000000000000e+01 6.000000000000000000e+00 1.434000000000000000e+03 1.860000000000000000e+02
1.130000000000000000e+02 3.900000000000000000e+01 5.000000000000000000e+00 1.181000000000000000e+03 1.560000000000000000e+02
1.280000000000000000e+02 4.400000000000000000e+01 5.000000000000000000e+00 1.318000000000000000e+03 1.760000000000000000e+02
1.610000000000000000e+02 6.400000000000000000e+01 4.000000000000000000e+00 1.537000000000000000e+03 2.270000000000000000e+02
1.100000000000000000e+02 3.500000000000000000e+01 3.000000000000000000e+00 1.164000000000000000e+03 1.450000000000000000e+02
1.110000000000000000e+02 5.000000000000000000e+01 4.000000000000000000e+00 1.587000000000000000e+03 1.630000000000000000e+02
1.420000000000000000e+02 5.600000000000000000e+01 4.000000000000000000e+00 1.452000000000000000e+03 2.010000000000000000e+02
1.410000000000000000e+02 4.600000000000000000e+01 3.000000000000000000e+00 1.559000000000000000e+03 1.890000000000000000e+02
1.310000000000000000e+02 4.200000000000000000e+01 4.000000000000000000e+00 1.396000000000000000e+03 1.760000000000000000e+02
1.310000000000000000e+02 4.800000000000000000e+01 4.000000000000000000e+00 1.335000000000000000e+03 1.810000000000000000e+02
1.120000000000000000e+02 5.500000000000000000e+01 9.000000000000000000e+00 1.453000000000000000e+03 1.760000000000000000e+02
1.610000000000000000e+02 4.300000000000000000e+01 4.000000000000000000e+00 1.495000000000000000e+03 2.080000000000000000e+02
1.730000000000000000e+02 5.800000000000000000e+01 4.000000000000000000e+00 1.524000000000000000e+03 2.350000000000000000e+02
1.480000000000000000e+02 4.500000000000000000e+01 5.000000000000000000e+00 1.456000000000000000e+03 1.960000000000000000e+02
1.510000000000000000e+02 5.100000000000000000e+01 7.000000000000000000e+00 1.461000000000000000e+03 2.080000000000000000e+02
1.150000000000000000e+02 4.000000000000000000e+01 6.000000000000000000e+00 1.385000000000000000e+03 1.600000000000000000e+02
1.460000000000000000e+02 4.300000000000000000e+01 6.000000000000000000e+00 1.334000000000000000e+03 1.950000000000000000e+02
1.190000000000000000e+02 4.300000000000000000e+01 4.000000000000000000e+00 1.309000000000000000e+03 1.660000000000000000e+02
1.460000000000000000e+02 4.500000000000000000e+01 3.000000000000000000e+00 1.520000000000000000e+03 1.930000000000000000e+02
1.070000000000000000e+02 4.400000000000000000e+01 5.000000000000000000e+00 1.300000000000000000e+03 1.520000000000000000e+02
1.390000000000000000e+02 4.000000000000000000e+01 3.000000000000000000e+00 1.507000000000000000e+03 1.790000000000000000e+02
1.580000000000000000e+02 5.100000000000000000e+01 5.000000000000000000e+00 1.394000000000000000e+03 2.140000000000000000e+02
1.610000000000000000e+02 5.300000000000000000e+01 7.000000000000000000e+00 1.642000000000000000e+03 2.200000000000000000e+02
1.550000000000000000e+02 5.900000000000000000e+01 1.000000000000000000e+01 1.572000000000000000e+03 2.230000000000000000e+02
1.190000000000000000e+02 3.700000000000000000e+01 4.000000000000000000e+00 1.247000000000000000e+03 1.580000000000000000e+02
1.240000000000000000e+02 4.800000000000000000e+01 1.000000000000000000e+01 1.477000000000000000e+03 1.810000000000000000e+02
1.480000000000000000e+02 5.000000000000000000e+01 7.000000000000000000e+00 1.564000000000000000e+03 2.020000000000000000e+02
1.140000000000000000e+02 5.800000000000000000e+01 1.200000000000000000e+01 1.426000000000000000e+03 1.810000000000000000e+02
1.280000000000000000e+02 4.900000000000000000e+01 3.000000000000000000e+00 1.399000000000000000e+03 1.790000000000000000e+02
1.590000000000000000e+02 4.200000000000000000e+01 9.000000000000000000e+00 1.464000000000000000e+03 2.100000000000000000e+02
1.370000000000000000e+02 5.700000000000000000e+01 8.000000000000000000e+00 1.565000000000000000e+03 1.990000000000000000e+02
1.440000000000000000e+02 4.000000000000000000e+01 4.000000000000000000e+00 1.644000000000000000e+03 1.830000000000000000e+02
1.400000000000000000e+02 5.100000000000000000e+01 5.000000000000000000e+00 1.354000000000000000e+03 1.960000000000000000e+02
1.260000000000000000e+02 3.200000000000000000e+01 6.000000000000000000e+00 1.396000000000000000e+03 1.630000000000000000e+02
1.310000000000000000e+02 5.800000000000000000e+01 8.000000000000000000e+00 1.532000000000000000e+03 1.970000000000000000e+02
1.800000000000000000e+02 7.700000000000000000e+01 1.300000000000000000e+01 1.587000000000000000e+03 2.680000000000000000e+02
1.290000000000000000e+02 4.700000000000000000e+01 6.000000000000000000e+00 1.311000000000000000e+03 1.820000000000000000e+02
1.460000000000000000e+02 4.600000000000000000e+01 7.000000000000000000e+00 1.415000000000000000e+03 1.960000000000000000e+02
1.380000000000000000e+02 5.200000000000000000e+01 6.000000000000000000e+00 1.404000000000000000e+03 1.960000000000000000e+02
1.250000000000000000e+02 3.800000000000000000e+01 5.000000000000000000e+00 1.277000000000000000e+03 1.660000000000000000e+02
1.290000000000000000e+02 4.000000000000000000e+01 5.000000000000000000e+00 1.475000000000000000e+03 1.710000000000000000e+02
1.660000000000000000e+02 5.500000000000000000e+01 6.000000000000000000e+00 1.570000000000000000e+03 2.260000000000000000e+02
1.320000000000000000e+02 3.600000000000000000e+01 4.000000000000000000e+00 1.263000000000000000e+03 1.690000000000000000e+02
1.380000000000000000e+02 5.000000000000000000e+01 8.000000000000000000e+00 1.387000000000000000e+03 1.950000000000000000e+02
1.210000000000000000e+02 4.300000000000000000e+01 9.000000000000000000e+00 1.429000000000000000e+03 1.720000000000000000e+02
1.150000000000000000e+02 6.400000000000000000e+01 7.000000000000000000e+00 1.412000000000000000e+03 1.830000000000000000e+02
1.170000000000000000e+02 3.700000000000000000e+01 5.000000000000000000e+00 1.410000000000000000e+03 1.580000000000000000e+02
1.240000000000000000e+02 3.900000000000000000e+01 2.000000000000000000e+00 1.505000000000000000e+03 1.640000000000000000e+02
1.610000000000000000e+02 5.200000000000000000e+01 6.000000000000000000e+00 1.497000000000000000e+03 2.170000000000000000e+02
1.280000000000000000e+02 5.500000000000000000e+01 5.000000000000000000e+00 1.419000000000000000e+03 1.870000000000000000e+02
1.350000000000000000e+02 5.700000000000000000e+01 7.000000000000000000e+00 1.388000000000000000e+03 1.980000000000000000e+02
9.800000000000000000e+01 4.600000000000000000e+01 1.400000000000000000e+01 1.456000000000000000e+03 1.570000000000000000e+02
1.390000000000000000e+02 6.500000000000000000e+01 6.000000000000000000e+00 1.537000000000000000e+03 2.070000000000000000e+02
1.290000000000000000e+02 4.200000000000000000e+01 9.000000000000000000e+00 1.318000000000000000e+03 1.800000000000000000e+02
1.120000000000000000e+02 4.200000000000000000e+01 9.000000000000000000e+00 1.362000000000000000e+03 1.620000000000000000e+02
1.530000000000000000e+02 4.100000000000000000e+01 4.000000000000000000e+00 1.452000000000000000e+03 1.980000000000000000e+02
1.470000000000000000e+02 4.100000000000000000e+01 3.000000000000000000e+00 1.498000000000000000e+03 1.880000000000000000e+02
9.200000000000000000e+01 4.900000000000000000e+01 8.000000000000000000e+00 1.452000000000000000e+03 1.470000000000000000e+02
1.070000000000000000e+02 5.400000000000000000e+01 7.000000000000000000e+00 1.481000000000000000e+03 1.660000000000000000e+02
1.500000000000000000e+02 5.600000000000000000e+01 8.000000000000000000e+00 1.434000000000000000e+03 2.130000000000000000e+02
1.590000000000000000e+02 4.500000000000000000e+01 4.000000000000000000e+00 1.460000000000000000e+03 2.080000000000000000e+02
1.280000000000000000e+02 3.300000000000000000e+01 1.000000000000000000e+00 1.030000000000000000e+03 1.610000000000000000e+02
1.430000000000000000e+02 5.100000000000000000e+01 1.000000000000000000e+00 1.519000000000000000e+03 1.950000000000000000e+02
1.070000000000000000e+02 4.800000000000000000e+01 5.000000000000000000e+00 1.419000000000000000e+03 1.600000000000000000e+02
1.380000000000000000e+02 4.900000000000000000e+01 8.000000000000000000e+00 1.473000000000000000e+03 1.950000000000000000e+02
1.340000000000000000e+02 5.500000000000000000e+01 6.000000000000000000e+00 1.390000000000000000e+03 1.930000000000000000e+02
1.200000000000000000e+02 5.100000000000000000e+01 6.000000000000000000e+00 1.002000000000000000e+03 1.770000000000000000e+02
1.490000000000000000e+02 6.100000000000000000e+01 5.000000000000000000e+00 1.584000000000000000e+03 2.140000000000000000e+02
9.500000000000000000e+01 3.900000000000000000e+01 8.000000000000000000e+00 1.475000000000000000e+03 1.410000000000000000e+02
1.410000000000000000e+02 5.300000000000000000e+01 7.000000000000000000e+00 1.398000000000000000e+03 1.990000000000000000e+02
1.090000000000000000e+02 5.300000000000000000e+01 6.000000000000000000e+00 1.456000000000000000e+03 1.670000000000000000e+02
1.290000000000000000e+02 6.200000000000000000e+01 9.000000000000000000e+00 1.668000000000000000e+03 1.990000000000000000e+02
1.210000000000000000e+02 5.000000000000000000e+01 7.000000000000000000e+00 1.335000000000000000e+03 1.770000000000000000e+02
1.310000000000000000e+02 3.800000000000000000e+01 5.000000000000000000e+00 1.506000000000000000e+03 1.720000000000000000e+02
1.450000000000000000e+02 5.300000000000000000e+01 5.000000000000000000e+00 1.652000000000000000e+03 2.020000000000000000e+02
1.680000000000000000e+02 5.200000000000000000e+01 5.000000000000000000e+00 1.446000000000000000e+03 2.230000000000000000e+02
1.310000000000000000e+02 5.800000000000000000e+01 6.000000000000000000e+00 1.507000000000000000e+03 1.940000000000000000e+02
1.580000000000000000e+02 5.500000000000000000e+01 4.000000000000000000e+00 1.475000000000000000e+03 2.160000000000000000e+02
1.730000000000000000e+02 6.200000000000000000e+01 5.000000000000000000e+00 1.451000000000000000e+03 2.400000000000000000e+02
1.310000000000000000e+02 4.600000000000000000e+01 5.000000000000000000e+00 1.445000000000000000e+03 1.800000000000000000e+02
1.260000000000000000e+02 4.000000000000000000e+01 3.000000000000000000e+00 1.196000000000000000e+03 1.690000000000000000e+02
1.710000000000000000e+02 5.000000000000000000e+01 7.000000000000000000e+00 1.556000000000000000e+03 2.280000000000000000e+02
1.260000000000000000e+02 6.000000000000000000e+01 1.100000000000000000e+01 1.419000000000000000e+03 1.960000000000000000e+02
1.280000000000000000e+02 4.600000000000000000e+01 8.000000000000000000e+00 1.426000000000000000e+03 1.820000000000000000e+02
1.560000000000000000e+02 4.200000000000000000e+01 1.000000000000000000e+00 1.223000000000000000e+03 1.980000000000000000e+02
1.230000000000000000e+02 4.100000000000000000e+01 4.000000000000000000e+00 1.287000000000000000e+03 1.660000000000000000e+02
1.540000000000000000e+02 6.000000000000000000e+01 6.000000000000000000e+00 1.575000000000000000e+03 2.170000000000000000e+02
1.060000000000000000e+02 4.000000000000000000e+01 6.000000000000000000e+00 1.257000000000000000e+03 1.510000000000000000e+02
1.710000000000000000e+02 5.400000000000000000e+01 4.000000000000000000e+00 1.520000000000000000e+03 2.290000000000000000e+02
1.420000000000000000e+02 6.400000000000000000e+01 7.000000000000000000e+00 1.521000000000000000e+03 2.110000000000000000e+02
1.360000000000000000e+02 4.200000000000000000e+01 6.000000000000000000e+00 1.252000000000000000e+03 1.800000000000000000e+02
1.440000000000000000e+02 4.600000000000000000e+01 7.000000000000000000e+00 1.135000000000000000e+03 1.970000000000000000e+02
1.240000000000000000e+02 4.300000000000000000e+01 1.000000000000000000e+00 1.689000000000000000e+03 1.640000000000000000e+02
1.330000000000000000e+02 5.600000000000000000e+01 4.000000000000000000e+00 1.483000000000000000e+03 1.910000000000000000e+02
1.330000000000000000e+02 6.300000000000000000e+01 7.000000000000000000e+00 1.564000000000000000e+03 2.020000000000000000e+02
1.360000000000000000e+02 4.700000000000000000e+01 1.100000000000000000e+01 1.521000000000000000e+03 1.920000000000000000e+02
1.410000000000000000e+02 5.500000000000000000e+01 6.000000000000000000e+00 1.644000000000000000e+03 2.010000000000000000e+02
1.410000000000000000e+02 3.000000000000000000e+01 3.000000000000000000e+00 1.470000000000000000e+03 1.730000000000000000e+02
1.160000000000000000e+02 4.900000000000000000e+01 0.000000000000000000e+00 1.411000000000000000e+03 1.640000000000000000e+02
1.050000000000000000e+02 3.900000000000000000e+01 4.000000000000000000e+00 1.432000000000000000e+03 1.470000000000000000e+02
1.460000000000000000e+02 5.100000000000000000e+01 4.000000000000000000e+00 1.462000000000000000e+03 1.990000000000000000e+02
1.370000000000000000e+02 4.300000000000000000e+01 5.000000000000000000e+00 1.250000000000000000e+03 1.840000000000000000e+02
1.490000000000000000e+02 5.900000000000000000e+01 4.000000000000000000e+00 1.521000000000000000e+03 2.090000000000000000e+02
1.320000000000000000e+02 5.100000000000000000e+01 1.100000000000000000e+01 1.527000000000000000e+03 1.940000000000000000e+02
1.360000000000000000e+02 4.200000000000000000e+01 8.000000000000000000e+00 1.334000000000000000e+03 1.840000000000000000e+02
1.590000000000000000e+02 5.500000000000000000e+01 6.000000000000000000e+00 1.439000000000000000e+03 2.180000000000000000e+02
1.710000000000000000e+02 6.600000000000000000e+01 6.000000000000000000e+00 1.567000000000000000e+03 2.410000000000000000e+02
1.580000000000000000e+02 5.500000000000000000e+01 9.000000000000000000e+00 1.527000000000000000e+03 2.220000000000000000e+02
1.160000000000000000e+02 4.800000000000000000e+01 5.000000000000000000e+00 1.366000000000000000e+03 1.680000000000000000e+02
1.270000000000000000e+02 4.500000000000000000e+01 8.000000000000000000e+00 1.408000000000000000e+03 1.760000000000000000e+02
1.450000000000000000e+02 3.900000000000000000e+01 7.000000000000000000e+00 1.526000000000000000e+03 1.890000000000000000e+02
1.630000000000000000e+02 4.800000000000000000e+01 3.000000000000000000e+00 1.448000000000000000e+03 2.100000000000000000e+02
1.630000000000000000e+02 4.400000000000000000e+01 4.000000000000000000e+00 1.467000000000000000e+03 2.110000000000000000e+02
1.460000000000000000e+02 5.200000000000000000e+01 1.000000000000000000e+01 1.460000000000000000e+03 2.040000000000000000e+02
1.680000000000000000e+02 4.000000000000000000e+01 7.000000000000000000e+00 1.422000000000000000e+03 2.140000000000000000e+02
1.420000000000000000e+02 4.300000000000000000e+01 4.000000000000000000e+00 1.573000000000000000e+03 1.880000000000000000e+02
1.300000000000000000e+02 3.800000000000000000e+01 4.000000000000000000e+00 1.458000000000000000e+03 1.720000000000000000e+02
1.130000000000000000e+02 4.700000000000000000e+01 5.000000000000000000e+00 1.307000000000000000e+03 1.640000000000000000e+02
1.400000000000000000e+02 4.300000000000000000e+01 5.000000000000000000e+00 1.551000000000000000e+03 1.880000000000000000e+02
1.330000000000000000e+02 4.300000000000000000e+01 3.000000000000000000e+00 1.417000000000000000e+03 1.780000000000000000e+02
1.310000000000000000e+02 5.100000000000000000e+01 5.000000000000000000e+00 1.517000000000000000e+03 1.860000000000000000e+02
1.590000000000000000e+02 6.200000000000000000e+01 3.000000000000000000e+00 1.482000000000000000e+03 2.220000000000000000e+02
1.440000000000000000e+02 5.300000000000000000e+01 6.000000000000000000e+00 1.335000000000000000e+03 2.020000000000000000e+02
1.220000000000000000e+02 5.500000000000000000e+01 8.000000000000000000e+00 1.519000000000000000e+03 1.830000000000000000e+02
1.520000000000000000e+02 4.400000000000000000e+01 4.000000000000000000e+00 1.377000000000000000e+03 2.000000000000000000e+02
1.580000000000000000e+02 4.500000000000000000e+01 8.000000000000000000e+00 1.512000000000000000e+03 2.090000000000000000e+02
1.330000000000000000e+02 4.900000000000000000e+01 7.000000000000000000e+00 1.493000000000000000e+03 1.880000000000000000e+02
1.390000000000000000e+02 5.100000000000000000e+01 8.000000000000000000e+00 1.514000000000000000e+03 1.980000000000000000e+02
1.190000000000000000e+02 3.700000000000000000e+01 4.000000000000000000e+00 1.389000000000000000e+03 1.590000000000000000e+02
1.450000000000000000e+02 4.400000000000000000e+01 7.000000000000000000e+00 1.242000000000000000e+03 1.950000000000000000e+02
1.300000000000000000e+02 4.300000000000000000e+01 5.000000000000000000e+00 1.421000000000000000e+03 1.780000000000000000e+02
1.320000000000000000e+02 4.400000000000000000e+01 9.000000000000000000e+00 1.374000000000000000e+03 1.850000000000000000e+02
1.530000000000000000e+02 4.700000000000000000e+01 3.000000000000000000e+00 1.592000000000000000e+03 2.010000000000000000e+02
1.420000000000000000e+02 5.800000000000000000e+01 7.000000000000000000e+00 1.521000000000000000e+03 2.050000000000000000e+02
1.770000000000000000e+02 6.400000000000000000e+01 6.000000000000000000e+00 1.651000000000000000e+03 2.450000000000000000e+02
1.520000000000000000e+02 6.100000000000000000e+01 5.000000000000000000e+00 1.438000000000000000e+03 2.180000000000000000e+02
1.480000000000000000e+02 3.800000000000000000e+01 2.000000000000000000e+00 1.613000000000000000e+03 1.880000000000000000e+02
1.430000000000000000e+02 4.500000000000000000e+01 5.000000000000000000e+00 1.294000000000000000e+03 1.920000000000000000e+02
1.040000000000000000e+02 6.400000000000000000e+01 5.000000000000000000e+00 1.504000000000000000e+03 1.720000000000000000e+02
1.310000000000000000e+02 5.000000000000000000e+01 6.000000000000000000e+00 1.498000000000000000e+03 1.870000000000000000e+02
1.350000000000000000e+02 4.400000000000000000e+01 7.000000000000000000e+00 1.497000000000000000e+03 1.840000000000000000e+02
1.400000000000000000e+02 3.200000000000000000e+01 4.000000000000000000e+00 1.358000000000000000e+03 1.740000000000000000e+02
1.380000000000000000e+02 5.200000000000000000e+01 8.000000000000000000e+00 1.537000000000000000e+03 1.960000000000000000e+02
1.360000000000000000e+02 4.500000000000000000e+01 7.000000000000000000e+00 1.437000000000000000e+03 1.880000000000000000e+02
1.450000000000000000e+02 4.500000000000000000e+01 3.000000000000000000e+00 1.405000000000000000e+03 1.920000000000000000e+02
1.500000000000000000e+02 4.600000000000000000e+01 7.000000000000000000e+00 1.319000000000000000e+03 2.000000000000000000e+02
1.440000000000000000e+02 5.300000000000000000e+01 9.000000000000000000e+00 1.463000000000000000e+03 2.050000000000000000e+02
1.280000000000000000e+02 4.400000000000000000e+01 5.000000000000000000e+00 1.529000000000000000e+03 1.760000000000000000e+02
1.480000000000000000e+02 6.300000000000000000e+01 5.000000000000000000e+00 1.597000000000000000e+03 2.150000000000000000e+02
9.300000000000000000e+01 4.300000000000000000e+01 2.000000000000000000e+00 1.183000000000000000e+03 1.360000000000000000e+02
9.400000000000000000e+01 6.400000000000000000e+01 1.500000000000000000e+01 1.232000000000000000e+03 1.710000000000000000e+02
1.330000000000000000e+02 4.900000000000000000e+01 5.000000000000000000e+00 1.528000000000000000e+03 1.860000000000000000e+02
1.260000000000000000e+02 4.400000000000000000e+01 4.000000000000000000e+00 1.323000000000000000e+03 1.730000000000000000e+02
1.270000000000000000e+02 5.500000000000000000e+01 5.000000000000000000e+00 1.343000000000000000e+03 1.860000000000000000e+02
1.420000000000000000e+02 6.400000000000000000e+01 9.000000000000000000e+00 1.396000000000000000e+03 2.140000000000000000e+02
1.600000000000000000e+02 4.200000000000000000e+01 7.000000000000000000e+00 1.413000000000000000e+03 2.090000000000000000e+02
1.200000000000000000e+02 3.800000000000000000e+01 2.000000000000000000e+00 1.271000000000000000e+03 1.590000000000000000e+02
1.430000000000000000e+02 5.200000000000000000e+01 4.000000000000000000e+00 1.291000000000000000e+03 1.980000000000000000e+02
1.110000000000000000e+02 4.800000000000000000e+01 6.000000000000000000e+00 1.539000000000000000e+03 1.630000000000000000e+02
1.330000000000000000e+02 5.500000000000000000e+01 9.000000000000000000e+00 1.544000000000000000e+03 1.970000000000000000e+02
1.350000000000000000e+02 4.000000000000000000e+01 6.000000000000000000e+00 1.403000000000000000e+03 1.800000000000000000e+02
1.630000000000000000e+02 4.800000000000000000e+01 6.000000000000000000e+00 1.408000000000000000e+03 2.150000000000000000e+02
1.450000000000000000e+02 3.600000000000000000e+01 4.000000000000000000e+00 1.475000000000000000e+03 1.850000000000000000e+02
1.170000000000000000e+02 5.500000000000000000e+01 7.000000000000000000e+00 1.257000000000000000e+03 1.780000000000000000e+02
1.260000000000000000e+02 3.700000000000000000e+01 6.000000000000000000e+00 1.109000000000000000e+03 1.690000000000000000e+02
1.260000000000000000e+02 4.700000000000000000e+01 9.000000000000000000e+00 1.508000000000000000e+03 1.810000000000000000e+02
1.070000000000000000e+02 4.000000000000000000e+01 5.000000000000000000e+00 1.252000000000000000e+03 1.500000000000000000e+02
1.380000000000000000e+02 5.300000000000000000e+01 6.000000000000000000e+00 1.443000000000000000e+03 1.950000000000000000e+02
1.270000000000000000e+02 4.500000000000000000e+01 5.000000000000000000e+00 1.653000000000000000e+03 1.750000000000000000e+02
1.560000000000000000e+02 5.200000000000000000e+01 4.000000000000000000e+00 1.562000000000000000e+03 2.090000000000000000e+02
1.760000000000000000e+02 5.600000000000000000e+01 3.000000000000000000e+00 1.693000000000000000e+03 2.340000000000000000e+02
1.110000000000000000e+02 4.800000000000000000e+01 5.000000000000000000e+00 1.402000000000000000e+03 1.640000000000000000e+02
1.180000000000000000e+02 3.300000000000000000e+01 4.000000000000000000e+00 1.114000000000000000e+03 1.540000000000000000e+02
1.410000000000000000e+02 6.800000000000000000e+01 1.200000000000000000e+01 1.564000000000000000e+03 2.210000000000000000e+02
1.400000000000000000e+02 5.700000000000000000e+01 2.000000000000000000e+00 1.510000000000000000e+03 1.990000000000000000e+02
1.270000000000000000e+02 4.600000000000000000e+01 7.000000000000000000e+00 1.315000000000000000e+03 1.800000000000000000e+02
1.500000000000000000e+02 5.000000000000000000e+01 1.000000000000000000e+01 1.539000000000000000e+03 2.100000000000000000e+02
1.520000000000000000e+02 5.100000000000000000e+01 5.000000000000000000e+00 1.536000000000000000e+03 2.060000000000000000e+02
1.080000000000000000e+02 5.300000000000000000e+01 4.000000000000000000e+00 1.472000000000000000e+03 1.640000000000000000e+02
1.320000000000000000e+02 5.300000000000000000e+01 9.000000000000000000e+00 1.331000000000000000e+03 1.910000000000000000e+02
9.400000000000000000e+01 5.500000000000000000e+01 8.000000000000000000e+00 1.413000000000000000e+03 1.570000000000000000e+02
1.300000000000000000e+02 3.700000000000000000e+01 5.000000000000000000e+00 1.392000000000000000e+03 1.720000000000000000e+02
1.350000000000000000e+02 5.000000000000000000e+01 5.000000000000000000e+00 1.410000000000000000e+03 1.900000000000000000e+02
1.660000000000000000e+02 5.100000000000000000e+01 3.000000000000000000e+00 1.662000000000000000e+03 2.190000000000000000e+02
1.140000000000000000e+02 4.700000000000000000e+01 6.000000000000000000e+00 1.541000000000000000e+03 1.650000000000000000e+02
1.650000000000000000e+02 5.200000000000000000e+01 1.200000000000000000e+01 1.583000000000000000e+03 2.260000000000000000e+02
1.280000000000000000e+02 3.300000000000000000e+01 5.000000000000000000e+00 1.494000000000000000e+03 1.660000000000000000e+02
1.240000000000000000e+02 4.400000000000000000e+01 4.000000000000000000e+00 1.509000000000000000e+03 1.690000000000000000e+02
1.260000000000000000e+02 4.700000000000000000e+01 5.000000000000000000e+00 1.441000000000000000e+03 1.780000000000000000e+02
1.210000000000000000e+02 5.000000000000000000e+01 4.000000000000000000e+00 1.533000000000000000e+03 1.740000000000000000e+02
1.480000000000000000e+02 4.000000000000000000e+01 3.000000000000000000e+00 1.591000000000000000e+03 1.900000000000000000e+02
1.260000000000000000e+02 4.700000000000000000e+01 3.000000000000000000e+00 1.566000000000000000e+03 1.740000000000000000e+02
1.200000000000000000e+02 4.900000000000000000e+01 8.000000000000000000e+00 1.581000000000000000e+03 1.770000000000000000e+02
1.340000000000000000e+02 3.800000000000000000e+01 9.000000000000000000e+00 1.575000000000000000e+03 1.800000000000000000e+02
1.290000000000000000e+02 5.900000000000000000e+01 7.000000000000000000e+00 1.551000000000000000e+03 1.920000000000000000e+02
1.210000000000000000e+02 4.800000000000000000e+01 8.000000000000000000e+00 1.098000000000000000e+03 1.770000000000000000e+02
1.250000000000000000e+02 4.900000000000000000e+01 8.000000000000000000e+00 1.336000000000000000e+03 1.810000000000000000e+02
1.230000000000000000e+02 5.300000000000000000e+01 3.000000000000000000e+00 1.484000000000000000e+03 1.790000000000000000e+02
1.390000000000000000e+02 4.900000000000000000e+01 3.000000000000000000e+00 1.383000000000000000e+03 1.910000000000000000e+02
1.380000000000000000e+02 4.600000000000000000e+01 2.000000000000000000e+00 1.364000000000000000e+03 1.860000000000000000e+02
1.410000000000000000e+02 5.100000000000000000e+01 3.000000000000000000e+00 1.414000000000000000e+03 1.940000000000000000e+02
1.070000000000000000e+02 4.300000000000000000e+01 5.000000000000000000e+00 1.433000000000000000e+03 1.550000000000000000e+02
1.150000000000000000e+02 5.100000000000000000e+01 6.000000000000000000e+00 1.367000000000000000e+03 1.710000000000000000e+02
1.290000000000000000e+02 3.200000000000000000e+01 6.000000000000000000e+00 1.424000000000000000e+03 1.670000000000000000e+02
1.490000000000000000e+02 6.500000000000000000e+01 4.000000000000000000e+00 1.672000000000000000e+03 2.150000000000000000e+02
1.310000000000000000e+02 5.200000000000000000e+01 4.000000000000000000e+00 1.573000000000000000e+03 1.860000000000000000e+02
1.480000000000000000e+02 4.800000000000000000e+01 1.000000000000000000e+01 1.575000000000000000e+03 2.030000000000000000e+02
1.250000000000000000e+02 5.100000000000000000e+01 5.000000000000000000e+00 1.444000000000000000e+03 1.800000000000000000e+02
1.180000000000000000e+02 5.800000000000000000e+01 3.000000000000000000e+00 1.413000000000000000e+03 1.760000000000000000e+02
1.120000000000000000e+02 6.300000000000000000e+01 1.000000000000000000e+01 1.555000000000000000e+03 1.840000000000000000e+02
1.190000000000000000e+02 4.400000000000000000e+01 6.000000000000000000e+00 1.379000000000000000e+03 1.660000000000000000e+02
1.440000000000000000e+02 5.900000000000000000e+01 8.000000000000000000e+00 1.320000000000000000e+03 2.090000000000000000e+02
1.230000000000000000e+02 5.500000000000000000e+01 6.000000000000000000e+00 1.271000000000000000e+03 1.820000000000000000e+02
1.260000000000000000e+02 3.700000000000000000e+01 8.000000000000000000e+00 1.446000000000000000e+03 1.700000000000000000e+02
1.280000000000000000e+02 3.800000000000000000e+01 3.000000000000000000e+00 1.249000000000000000e+03 1.690000000000000000e+02
1.430000000000000000e+02 4.100000000000000000e+01 6.000000000000000000e+00 1.494000000000000000e+03 1.880000000000000000e+02
1.300000000000000000e+02 5.000000000000000000e+01 4.000000000000000000e+00 1.503000000000000000e+03 1.820000000000000000e+02
1.090000000000000000e+02 5.300000000000000000e+01 9.000000000000000000e+00 1.322000000000000000e+03 1.690000000000000000e+02
1.160000000000000000e+02 3.900000000000000000e+01 1.100000000000000000e+01 1.370000000000000000e+03 1.640000000000000000e+02
1.030000000000000000e+02 4.000000000000000000e+01 6.000000000000000000e+00 1.308000000000000000e+03 1.480000000000000000e+02
1.680000000000000000e+02 4.400000000000000000e+01 2.000000000000000000e+00 1.472000000000000000e+03 2.120000000000000000e+02
1.300000000000000000e+02 6.000000000000000000e+01 9.000000000000000000e+00 1.459000000000000000e+03 1.980000000000000000e+02
1.720000000000000000e+02 5.000000000000000000e+01 3.000000000000000000e+00 1.493000000000000000e+03 2.230000000000000000e+02
1.430000000000000000e+02 5.000000000000000000e+01 2.000000000000000000e+00 1.357000000000000000e+03 1.910000000000000000e+02
1.520000000000000000e+02 4.900000000000000000e+01 2.000000000000000000e+00 1.607000000000000000e+03 2.010000000000000000e+02
1.310000000000000000e+02 5.000000000000000000e+01 8.000000000000000000e+00 1.650000000000000000e+03 1.890000000000000000e+02
1.250000000000000000e+02 5.300000000000000000e+01 1.200000000000000000e+01 1.591000000000000000e+03 1.900000000000000000e+02
1.590000000000000000e+02 5.800000000000000000e+01 5.000000000000000000e+00 1.492000000000000000e+03 2.210000000000000000e+02
1.370000000000000000e+02 4.900000000000000000e+01 5.000000000000000000e+00 1.430000000000000000e+03 1.900000000000000000e+02
1.420000000000000000e+02 3.300000000000000000e+01 3.000000000000000000e+00 1.491000000000000000e+03 1.760000000000000000e+02
1.430000000000000000e+02 5.100000000000000000e+01 7.000000000000000000e+00 1.289000000000000000e+03 2.010000000000000000e+02
1.210000000000000000e+02 3.900000000000000000e+01 5.000000000000000000e+00 1.511000000000000000e+03 1.640000000000000000e+02
1.320000000000000000e+02 4.300000000000000000e+01 5.000000000000000000e+00 1.409000000000000000e+03 1.760000000000000000e+02
1.230000000000000000e+02 4.800000000000000000e+01 6.000000000000000000e+00 1.543000000000000000e+03 1.750000000000000000e+02
1.580000000000000000e+02 6.000000000000000000e+01 1.100000000000000000e+01 1.464000000000000000e+03 2.280000000000000000e+02
1.660000000000000000e+02 5.700000000000000000e+01 1.000000000000000000e+00 1.545000000000000000e+03 2.240000000000000000e+02
1.370000000000000000e+02 4.500000000000000000e+01 5.000000000000000000e+00 1.424000000000000000e+03 1.870000000000000000e+02
1.410000000000000000e+02 4.600000000000000000e+01 5.000000000000000000e+00 1.567000000000000000e+03 1.910000000000000000e+02
1.480000000000000000e+02 4.800000000000000000e+01 1.200000000000000000e+01 1.584000000000000000e+03 2.080000000000000000e+02
1.520000000000000000e+02 4.800000000000000000e+01 2.000000000000000000e+00 1.638000000000000000e+03 2.000000000000000000e+02
1.140000000000000000e+02 5.300000000000000000e+01 1.000000000000000000e+01 1.395000000000000000e+03 1.740000000000000000e+02
1.560000000000000000e+02 5.500000000000000000e+01 7.000000000000000000e+00 1.507000000000000000e+03 2.150000000000000000e+02
1.440000000000000000e+02 6.800000000000000000e+01 6.000000000000000000e+00 1.670000000000000000e+03 2.150000000000000000e+02
1.430000000000000000e+02 4.400000000000000000e+01 4.000000000000000000e+00 1.320000000000000000e+03 1.880000000000000000e+02
1.250000000000000000e+02 4.000000000000000000e+01 5.000000000000000000e+00 1.329000000000000000e+03 1.680000000000000000e+02
1.170000000000000000e+02 3.800000000000000000e+01 5.000000000000000000e+00 1.135000000000000000e+03 1.590000000000000000e+02
