2.340000000000000000e+02 5.700000000000000000e+01 1.100000000000000000e+01 2.186000000000000000e+03 2.980000000000000000e+02
2.060000000000000000e+02 4.600000000000000000e+01 8.000000000000000000e+00 2.191000000000000000e+03 2.600000000000000000e+02
2.650000000000000000e+02 4.600000000000000000e+01 2.000000000000000000e+00 2.276000000000000000e+03 3.130000000000000000e+02
2.470000000000000000e+02 6.100000000000000000e+01 5.000000000000000000e+00 2.271000000000000000e+03 3.120000000000000000e+02
2.170000000000000000e+02 5.800000000000000000e+01 7.000000000000000000e+00 2.115000000000000000e+03 2.800000000000000000e+02
1.860000000000000000e+02 3.000000000000000000e+01 1.000000000000000000e+00 1.931000000000000000e+03 2.170000000000000000e+02
2.900000000000000000e+02 8.900000000000000000e+01 1.100000000000000000e+01 2.279000000000000000e+03 3.870000000000000000e+02
1.840000000000000000e+02 3.900000000000000000e+01 7.000000000000000000e+00 2.119000000000000000e+03 2.300000000000000000e+02
3.020000000000000000e+02 4.900000000000000000e+01 7.000000000000000000e+00 2.522000000000000000e+03 3.540000000000000000e+02
2.040000000000000000e+02 3.800000000000000000e+01 1.000000000000000000e+00 2.238000000000000000e+03 2.430000000000000000e+02
2.100000000000000000e+02 5.100000000000000000e+01 1.000000000000000000e+00 1.872000000000000000e+03 2.610000000000000000e+02
2.080000000000000000e+02 4.000000000000000000e+01 5.000000000000000000e+00 2.233000000000000000e+03 2.530000000000000000e+02
1.560000000000000000e+02 3.200000000000000000e+01 3.000000000000000000e+00 1.852000000000000000e+03 1.910000000000000000e+02
2.400000000000000000e+02 5.300000000000000000e+01 2.000000000000000000e+00 2.124000000000000000e+03 2.950000000000000000e+02
1.810000000000000000e+02 4.900000000000000000e+01 6.000000000000000000e+00 2.161000000000000000e+03 2.350000000000000000e+02
1.700000000000000000e+02 2.500000000000000000e+01 4.000000000000000000e+00 1.988000000000000000e+03 1.990000000000000000e+02
2.960000000000000000e+02 6.500000000000000000e+01 1.000000000000000000e+01 2.257000000000000000e+03 3.700000000000000000e+02
2.400000000000000000e+02 5.800000000000000000e+01 7.000000000000000000e+00 2.217000000000000000e+03 3.040000000000000000e+02
2.060000000000000000e+02 4.700000000000000000e+01 1.000000000000000000e+01 2.037000000000000000e+03 2.610000000000000000e+02
2.210000000000000000e+02 4.800000000000000000e+01 2.000000000000000000e+00 2.308000000000000000e+03 2.700000000000000000e+02
2.190000000000000000e+02 5.700000000000000000e+01 4.000000000000000000e+00 2.095000000000000000e+03 2.800000000000000000e+02
3.310000000000000000e+02 5.000000000000000000e+01 2.000000000000000000e+00 2.494000000000000000e+03 3.810000000000000000e+02
2.860000000000000000e+02 5.100000000000000000e+01 4.000000000000000000e+00 2.174000000000000000e+03 3.400000000000000000e+02
2.300000000000000000e+02 3.700000000000000000e+01 7.000000000000000000e+00 2.130000000000000000e+03 2.710000000000000000e+02
2.580000000000000000e+02 4.600000000000000000e+01 1.000000000000000000e+01 2.258000000000000000e+03 3.140000000000000000e+02
2.130000000000000000e+02 4.600000000000000000e+01 1.000000000000000000e+00 2.272000000000000000e+03 2.600000000000000000e+02
2.530000000000000000e+02 5.100000000000000000e+01 4.000000000000000000e+00 2.353000000000000000e+03 3.070000000000000000e+02
2.230000000000000000e+02 5.000000000000000000e+01 5.000000000000000000e+00 2.033000000000000000e+03 2.770000000000000000e+02
2.320000000000000000e+02 4.900000000000000000e+01 7.000000000000000000e+00 2.179000000000000000e+03 2.860000000000000000e+02
2.340000000000000000e+02 6.000000000000000000e+01 6.000000000000000000e+00 2.266000000000000000e+03 3.000000000000000000e+02
2.350000000000000000e+02 5.400000000000000000e+01 5.000000000000000000e+00 2.154000000000000000e+03 2.940000000000000000e+02
2.190000000000000000e+02 3.500000000000000000e+01 5.000000000000000000e+00 2.132000000000000000e+03 2.580000000000000000e+02
2.700000000000000000e+02 5.900000000000000000e+01 7.000000000000000000e+00 2.412000000000000000e+03 3.350000000000000000e+02
1.840000000000000000e+02 5.000000000000000000e+01 4.000000000000000000e+00 1.900000000000000000e+03 2.380000000000000000e+02
2.080000000000000000e+02 5.600000000000000000e+01 1.000000000000000000e+01 2.189000000000000000e+03 2.730000000000000000e+02
1.970000000000000000e+02 4.300000000000000000e+01 6.000000000000000000e+00 2.110000000000000000e+03 2.450000000000000000e+02
2.430000000000000000e+02 5.300000000000000000e+01 6.000000000000000000e+00 2.283000000000000000e+03 3.020000000000000000e+02
2.290000000000000000e+02 5.000000000000000000e+01 4.000000000000000000e+00 2.143000000000000000e+03 2.820000000000000000e+02
1.860000000000000000e+02 4.100000000000000000e+01 9.000000000000000000e+00 1.987000000000000000e+03 2.360000000000000000e+02
1.940000000000000000e+02 4.200000000000000000e+01 2.000000000000000000e+00 1.957000000000000000e+03 2.370000000000000000e+02
1.740000000000000000e+02 4.400000000000000000e+01 5.000000000000000000e+00 1.957000000000000000e+03 2.230000000000000000e+02
2.490000000000000000e+02 5.400000000000000000e+01 9.000000000000000000e+00 2.266000000000000000e+03 3.120000000000000000e+02
2.370000000000000000e+02 5.600000000000000000e+01 4.000000000000000000e+00 2.134000000000000000e+03 2.970000000000000000e+02
1.960000000000000000e+02 4.200000000000000000e+01 6.000000000000000000e+00 2.280000000000000000e+03 2.430000000000000000e+02
2.210000000000000000e+02 5.000000000000000000e+01 4.000000000000000000e+00 1.928000000000000000e+03 2.740000000000000000e+02
2.460000000000000000e+02 5.000000000000000000e+01 4.000000000000000000e+00 2.125000000000000000e+03 3.000000000000000000e+02
2.770000000000000000e+02 5.300000000000000000e+01 7.000000000000000000e+00 2.404000000000000000e+03 3.360000000000000000e+02
2.510000000000000000e+02 5.400000000000000000e+01 7.000000000000000000e+00 2.351000000000000000e+03 3.120000000000000000e+02
1.840000000000000000e+02 4.500000000000000000e+01 2.000000000000000000e+00 2.050000000000000000e+03 2.310000000000000000e+02
1.950000000000000000e+02 3.700000000000000000e+01 7.000000000000000000e+00 2.000000000000000000e+03 2.390000000000000000e+02
2.260000000000000000e+02 4.500000000000000000e+01 3.000000000000000000e+00 2.308000000000000000e+03 2.740000000000000000e+02
2.110000000000000000e+02 5.000000000000000000e+01 6.000000000000000000e+00 2.321000000000000000e+03 2.660000000000000000e+02
2.070000000000000000e+02 4.500000000000000000e+01 6.000000000000000000e+00 2.092000000000000000e+03 2.580000000000000000e+02
2.020000000000000000e+02 6.100000000000000000e+01 9.000000000000000000e+00 2.127000000000000000e+03 2.710000000000000000e+02
2.490000000000000000e+02 5.900000000000000000e+01 4.000000000000000000e+00 2.102000000000000000e+03 3.080000000000000000e+02
1.980000000000000000e+02 5.700000000000000000e+01 9.000000000000000000e+00 2.404000000000000000e+03 2.630000000000000000e+02
2.410000000000000000e+02 5.500000000000000000e+01 8.000000000000000000e+00 2.040000000000000000e+03 3.040000000000000000e+02
2.270000000000000000e+02 4.600000000000000000e+01 2.000000000000000000e+00 2.186000000000000000e+03 2.750000000000000000e+02
2.450000000000000000e+02 4.500000000000000000e+01 6.000000000000000000e+00 2.260000000000000000e+03 2.950000000000000000e+02
1.910000000000000000e+02 4.000000000000000000e+01 7.000000000000000000e+00 2.252000000000000000e+03 2.380000000000000000e+02
1.970000000000000000e+02 3.300000000000000000e+01 1.000000000000000000e+00 2.049000000000000000e+03 2.280000000000000000e+02
3.370000000000000000e+02 6.600000000000000000e+01 9.000000000000000000e+00 2.374000000000000000e+03 4.100000000000000000e+02
2.590000000000000000e+02 5.800000000000000000e+01 4.000000000000000000e+00 2.361000000000000000e+03 3.210000000000000000e+02
2.810000000000000000e+02 6.500000000000000000e+01 7.000000000000000000e+00 2.418000000000000000e+03 3.530000000000000000e+02
3.090000000000000000e+02 7.300000000000000000e+01 5.000000000000000000e+00 2.188000000000000000e+03 3.830000000000000000e+02
2.040000000000000000e+02 4.600000000000000000e+01 4.000000000000000000e+00 2.203000000000000000e+03 2.540000000000000000e+02
2.370000000000000000e+02 4.200000000000000000e+01 3.000000000000000000e+00 2.194000000000000000e+03 2.810000000000000000e+02
1.920000000000000000e+02 4.500000000000000000e+01 3.000000000000000000e+00 2.296000000000000000e+03 2.390000000000000000e+02
2.570000000000000000e+02 5.300000000000000000e+01 7.000000000000000000e+00 2.326000000000000000e+03 3.170000000000000000e+02
3.400000000000000000e+02 7.500000000000000000e+01 9.000000000000000000e+00 2.469000000000000000e+03 4.210000000000000000e+02
1.970000000000000000e+02 4.200000000000000000e+01 4.000000000000000000e+00 2.101000000000000000e+03 2.400000000000000000e+02
1.620000000000000000e+02 3.600000000000000000e+01 4.000000000000000000e+00 1.935000000000000000e+03 2.020000000000000000e+02
1.940000000000000000e+02 4.200000000000000000e+01 5.000000000000000000e+00 1.988000000000000000e+03 2.400000000000000000e+02
1.960000000000000000e+02 4.200000000000000000e+01 6.000000000000000000e+00 2.272000000000000000e+03 2.440000000000000000e+02
2.330000000000000000e+02 5.900000000000000000e+01 8.000000000000000000e+00 2.343000000000000000e+03 2.980000000000000000e+02
1.740000000000000000e+02 3.200000000000000000e+01 4.000000000000000000e+00 2.064000000000000000e+03 2.080000000000000000e+02
1.970000000000000000e+02 4.300000000000000000e+01 5.000000000000000000e+00 1.934000000000000000e+03 2.450000000000000000e+02
2.670000000000000000e+02 5.200000000000000000e+01 9.000000000000000000e+00 2.337000000000000000e+03 3.260000000000000000e+02
1.900000000000000000e+02 5.400000000000000000e+01 8.000000000000000000e+00 2.054000000000000000e+03 2.520000000000000000e+02
2.220000000000000000e+02 5.800000000000000000e+01 3.000000000000000000e+00 2.294000000000000000e+03 2.820000000000000000e+02
2.350000000000000000e+02 4.400000000000000000e+01 4.000000000000000000e+00 2.340000000000000000e+03 2.830000000000000000e+02
2.940000000000000000e+02 5.900000000000000000e+01 4.000000000000000000e+00 2.393000000000000000e+03 3.560000000000000000e+02
2.320000000000000000e+02 4.100000000000000000e+01 3.000000000000000000e+00 2.054000000000000000e+03 2.760000000000000000e+02
1.900000000000000000e+02 6.000000000000000000e+01 1.100000000000000000e+01 2.294000000000000000e+03 2.610000000000000000e+02
3.120000000000000000e+02 4.800000000000000000e+01 3.000000000000000000e+00 2.307000000000000000e+03 3.620000000000000000e+02
1.720000000000000000e+02 3.300000000000000000e+01 5.000000000000000000e+00 1.947000000000000000e+03 2.100000000000000000e+02
1.910000000000000000e+02 4.300000000000000000e+01 6.000000000000000000e+00 2.128000000000000000e+03 2.380000000000000000e+02
2.900000000000000000e+02 7.300000000000000000e+01 4.000000000000000000e+00 2.484000000000000000e+03 3.660000000000000000e+02
2.470000000000000000e+02 5.100000000000000000e+01 8.000000000000000000e+00 2.300000000000000000e+03 3.050000000000000000e+02
2.110000000000000000e+02 5.700000000000000000e+01 7.000000000000000000e+00 2.366000000000000000e+03 2.720000000000000000e+02
2.170000000000000000e+02 4.200000000000000000e+01 3.000000000000000000e+00 2.021000000000000000e+03 2.610000000000000000e+02
2.070000000000000000e+02 5.000000000000000000e+01 4.000000000000000000e+00 2.269000000000000000e+03 2.600000000000000000e+02
2.130000000000000000e+02 5.400000000000000000e+01 6.000000000000000000e+00 2.238000000000000000e+03 2.730000000000000000e+02
2.130000000000000000e+02 5.100000000000000000e+01 1.000000000000000000e+00 2.088000000000000000e+03 2.610000000000000000e+02
2.170000000000000000e+02 4.300000000000000000e+01 2.000000000000000000e+00 2.243000000000000000e+03 2.620000000000000000e+02
1.950000000000000000e+02 4.000000000000000000e+01 3.000000000000000000e+00 2.055000000000000000e+03 2.350000000000000000e+02
1.640000000000000000e+02 4.800000000000000000e+01 1.000000000000000000e+00 1.914000000000000000e+03 2.120000000000000000e+02
2.360000000000000000e+02 6.400000000000000000e+01 8.000000000000000000e+00 2.418000000000000000e+03 3.070000000000000000e+02
2.330000000000000000e+02 3.300000000000000000e+01 6.000000000000000000e+00 2.099000000000000000e+03 2.720000000000000000e+02
1.600000000000000000e+02 3.800000000000000000e+01 9.000000000000000000e+00 1.950000000000000000e+03 2.070000000000000000e+02
2.340000000000000000e+02 4.400000000000000000e+01 7.000000000000000000e+00 2.187000000000000000e+03 2.840000000000000000e+02
2.200000000000000000e+02 4.700000000000000000e+01 5.000000000000000000e+00 2.270000000000000000e+03 2.710000000000000000e+02
2.860000000000000000e+02 5.800000000000000000e+01 7.000000000000000000e+00 2.158000000000000000e+03 3.490000000000000000e+02
2.500000000000000000e+02 5.100000000000000000e+01 6.000000000000000000e+00 2.460000000000000000e+03 3.060000000000000000e+02
2.290000000000000000e+02 4.400000000000000000e+01 1.000000000000000000e+00 1.981000000000000000e+03 2.700000000000000000e+02
2.470000000000000000e+02 5.400000000000000000e+01 8.000000000000000000e+00 2.204000000000000000e+03 3.080000000000000000e+02
2.350000000000000000e+02 4.300000000000000000e+01 6.000000000000000000e+00 2.222000000000000000e+03 2.840000000000000000e+02
2.250000000000000000e+02 4.400000000000000000e+01 4.000000000000000000e+00 2.230000000000000000e+03 2.730000000000000000e+02
2.990000000000000000e+02 5.500000000000000000e+01 4.000000000000000000e+00 2.320000000000000000e+03 3.570000000000000000e+02
1.500000000000000000e+02 4.400000000000000000e+01 6.000000000000000000e+00 2.028000000000000000e+03 2.000000000000000000e+02
2.040000000000000000e+02 6.400000000000000000e+01 8.000000000000000000e+00 1.938000000000000000e+03 2.750000000000000000e+02
2.230000000000000000e+02 5.400000000000000000e+01 6.000000000000000000e+00 2.204000000000000000e+03 2.810000000000000000e+02
2.500000000000000000e+02 4.100000000000000000e+01 1.000000000000000000e+01 2.233000000000000000e+03 3.000000000000000000e+02
1.900000000000000000e+02 4.400000000000000000e+01 7.000000000000000000e+00 2.094000000000000000e+03 2.410000000000000000e+02
1.570000000000000000e+02 2.900000000000000000e+01 3.000000000000000000e+00 1.906000000000000000e+03 1.890000000000000000e+02
2.210000000000000000e+02 5.200000000000000000e+01 5.000000000000000000e+00 2.127000000000000000e+03 2.780000000000000000e+02
1.980000000000000000e+02 6.400000000000000000e+01 6.000000000000000000e+00 2.200000000000000000e+03 2.660000000000000000e+02
2.040000000000000000e+02 4.800000000000000000e+01 7.000000000000000000e+00 2.180000000000000000e+03 2.590000000000000000e+02
2.270000000000000000e+02 5.300000000000000000e+01 6.000000000000000000e+00 2.267000000000000000e+03 2.830000000000000000e+02
2.600000000000000000e+02 5.200000000000000000e+01 6.000000000000000000e+00 2.204000000000000000e+03 3.180000000000000000e+02
2.200000000000000000e+02 6.200000000000000000e+01 1.000000000000000000e+01 2.367000000000000000e+03 2.910000000000000000e+02
1.620000000000000000e+02 3.700000000000000000e+01 5.000000000000000000e+00 2.071000000000000000e+03 2.040000000000000000e+02
1.840000000000000000e+02 3.700000000000000000e+01 4.000000000000000000e+00 2.034000000000000000e+03 2.240000000000000000e+02
2.530000000000000000e+02 5.800000000000000000e+01 8.000000000000000000e+00 2.218000000000000000e+03 3.150000000000000000e+02
2.920000000000000000e+02 6.300000000000000000e+01 1.100000000000000000e+01 2.356000000000000000e+03 3.630000000000000000e+02
2.400000000000000000e+02 5.300000000000000000e+01 8.000000000000000000e+00 2.269000000000000000e+03 3.000000000000000000e+02
2.300000000000000000e+02 4.400000000000000000e+01 6.000000000000000000e+00 2.086000000000000000e+03 2.780000000000000000e+02
2.710000000000000000e+02 7.200000000000000000e+01 7.000000000000000000e+00 2.304000000000000000e+03 3.470000000000000000e+02
1.570000000000000000e+02 2.900000000000000000e+01 6.000000000000000000e+00 1.959000000000000000e+03 1.920000000000000000e+02
2.240000000000000000e+02 4.900000000000000000e+01 5.000000000000000000e+00 2.017000000000000000e+03 2.780000000000000000e+02
1.680000000000000000e+02 5.200000000000000000e+01 7.000000000000000000e+00 2.205000000000000000e+03 2.270000000000000000e+02
2.170000000000000000e+02 4.000000000000000000e+01 6.000000000000000000e+00 2.162000000000000000e+03 2.610000000000000000e+02
2.490000000000000000e+02 6.100000000000000000e+01 1.000000000000000000e+01 2.297000000000000000e+03 3.190000000000000000e+02
1.830000000000000000e+02 5.300000000000000000e+01 7.000000000000000000e+00 1.945000000000000000e+03 2.420000000000000000e+02
1.920000000000000000e+02 5.100000000000000000e+01 8.000000000000000000e+00 2.329000000000000000e+03 2.510000000000000000e+02
2.890000000000000000e+02 5.300000000000000000e+01 2.000000000000000000e+00 2.233000000000000000e+03 3.440000000000000000e+02
2.730000000000000000e+02 6.500000000000000000e+01 8.000000000000000000e+00 2.369000000000000000e+03 3.450000000000000000e+02
2.130000000000000000e+02 5.000000000000000000e+01 1.100000000000000000e+01 2.250000000000000000e+03 2.730000000000000000e+02
1.970000000000000000e+02 4.900000000000000000e+01 4.000000000000000000e+00 2.229000000000000000e+03 2.500000000000000000e+02
2.200000000000000000e+02 4.900000000000000000e+01 8.000000000000000000e+00 2.255000000000000000e+03 2.770000000000000000e+02
2.140000000000000000e+02 4.000000000000000000e+01 4.000000000000000000e+00 2.159000000000000000e+03 2.570000000000000000e+02
2.890000000000000000e+02 5.300000000000000000e+01 7.000000000000000000e+00 2.397000000000000000e+03 3.460000000000000000e+02
1.630000000000000000e+02 3.200000000000000000e+01 6.000000000000000000e+00 2.089000000000000000e+03 2.010000000000000000e+02
2.570000000000000000e+02 5.400000000000000000e+01 1.100000000000000000e+01 2.547000000000000000e+03 3.220000000000000000e+02
1.750000000000000000e+02 4.900000000000000000e+01 2.000000000000000000e+00 2.173000000000000000e+03 2.260000000000000000e+02
1.610000000000000000e+02 4.400000000000000000e+01 4.000000000000000000e+00 1.951000000000000000e+03 2.090000000000000000e+02
1.780000000000000000e+02 5.300000000000000000e+01 6.000000000000000000e+00 2.080000000000000000e+03 2.370000000000000000e+02
2.070000000000000000e+02 5.700000000000000000e+01 5.000000000000000000e+00 2.312000000000000000e+03 2.680000000000000000e+02
1.950000000000000000e+02 4.400000000000000000e+01 7.000000000000000000e+00 2.128000000000000000e+03 2.450000000000000000e+02
2.600000000000000000e+02 5.300000000000000000e+01 5.000000000000000000e+00 2.134000000000000000e+03 3.180000000000000000e+02
3.100000000000000000e+02 5.900000000000000000e+01 1.000000000000000000e+01 2.433000000000000000e+03 3.780000000000000000e+02
1.990000000000000000e+02 3.700000000000000000e+01 2.000000000000000000e+00 2.037000000000000000e+03 2.380000000000000000e+02
2.030000000000000000e+02 4.900000000000000000e+01 6.000000000000000000e+00 2.164000000000000000e+03 2.580000000000000000e+02
3.000000000000000000e+02 5.400000000000000000e+01 4.000000000000000000e+00 2.201000000000000000e+03 3.580000000000000000e+02
1.870000000000000000e+02 4.300000000000000000e+01 1.000000000000000000e+00 2.077000000000000000e+03 2.310000000000000000e+02
1.970000000000000000e+02 6.100000000000000000e+01 8.000000000000000000e+00 2.016000000000000000e+03 2.660000000000000000e+02
1.960000000000000000e+02 5.000000000000000000e+01 4.000000000000000000e+00 2.002000000000000000e+03 2.500000000000000000e+02
2.130000000000000000e+02 5.700000000000000000e+01 5.000000000000000000e+00 2.277000000000000000e+03 2.750000000000000000e+02
1.800000000000000000e+02 3.500000000000000000e+01 4.000000000000000000e+00 2.131000000000000000e+03 2.180000000000000000e+02
2.070000000000000000e+02 3.900000000000000000e+01 4.000000000000000000e+00 2.199000000000000000e+03 2.500000000000000000e+02
1.730000000000000000e+02 3.600000000000000000e+01 3.000000000000000000e+00 1.959000000000000000e+03 2.120000000000000000e+02
2.080000000000000000e+02 3.400000000000000000e+01 4.000000000000000000e+00 1.959000000000000000e+03 2.460000000000000000e+02
2.100000000000000000e+02 5.700000000000000000e+01 6.000000000000000000e+00 2.240000000000000000e+03 2.710000000000000000e+02
2.680000000000000000e+02 6.400000000000000000e+01 7.000000000000000000e+00 2.271000000000000000e+03 3.340000000000000000e+02
2.060000000000000000e+02 4.200000000000000000e+01 4.000000000000000000e+00 2.181000000000000000e+03 2.510000000000000000e+02
2.660000000000000000e+02 4.600000000000000000e+01 5.000000000000000000e+00 2.151000000000000000e+03 3.170000000000000000e+02
2.150000000000000000e+02 5.400000000000000000e+01 6.000000000000000000e+00 2.109000000000000000e+03 2.740000000000000000e+02
2.150000000000000000e+02 4.400000000000000000e+01 1.000000000000000000e+00 2.272000000000000000e+03 2.590000000000000000e+02
2.440000000000000000e+02 4.500000000000000000e+01 6.000000000000000000e+00 2.021000000000000000e+03 2.940000000000000000e+02
1.930000000000000000e+02 4.600000000000000000e+01 4.000000000000000000e+00 1.959000000000000000e+03 2.430000000000000000e+02
1.690000000000000000e+02 3.700000000000000000e+01 6.000000000000000000e+00 1.831000000000000000e+03 2.110000000000000000e+02
1.780000000000000000e+02 3.900000000000000000e+01 5.000000000000000000e+00 2.122000000000000000e+03 2.220000000000000000e+02
1.890000000000000000e+02 5.500000000000000000e+01 8.000000000000000000e+00 2.087000000000000000e+03 2.520000000000000000e+02
1.630000000000000000e+02 3.800000000000000000e+01 8.000000000000000000e+00 1.829000000000000000e+03 2.080000000000000000e+02
2.620000000000000000e+02 4.200000000000000000e+01 3.000000000000000000e+00 2.108000000000000000e+03 3.060000000000000000e+02
2.160000000000000000e+02 4.400000000000000000e+01 4.000000000000000000e+00 2.124000000000000000e+03 2.630000000000000000e+02
2.090000000000000000e+02 4.900000000000000000e+01 4.000000000000000000e+00 2.036000000000000000e+03 2.610000000000000000e+02
2.430000000000000000e+02 4.600000000000000000e+01 6.000000000000000000e+00 2.298000000000000000e+03 2.920000000000000000e+02
1.610000000000000000e+02 5.100000000000000000e+01 8.000000000000000000e+00 2.169000000000000000e+03 2.200000000000000000e+02
1.810000000000000000e+02 4.200000000000000000e+01 3.000000000000000000e+00 1.855000000000000000e+03 2.260000000000000000e+02
1.990000000000000000e+02 4.900000000000000000e+01 3.000000000000000000e+00 2.066000000000000000e+03 2.500000000000000000e+02
2.850000000000000000e+02 6.800000000000000000e+01 5.000000000000000000e+00 2.303000000000000000e+03 3.580000000000000000e+02
1.970000000000000000e+02 5.300000000000000000e+01 5.000000000000000000e+00 2.185000000000000000e+03 2.540000000000000000e+02
2.490000000000000000e+02 4.400000000000000000e+01 7.000000000000000000e+00 2.155000000000000000e+03 3.000000000000000000e+02
2.490000000000000000e+02 6.500000000000000000e+01 8.000000000000000000e+00 2.265000000000000000e+03 3.200000000000000000e+02
2.490000000000000000e+02 3.700000000000000000e+01 3.000000000000000000e+00 2.237000000000000000e+03 2.890000000000000000e+02
1.810000000000000000e+02 4.000000000000000000e+01 2.000000000000000000e+00 2.051000000000000000e+03 2.230000000000000000e+02
1.620000000000000000e+02 3.600000000000000000e+01 4.000000000000000000e+00 2.011000000000000000e+03 2.000000000000000000e+02
2.880000000000000000e+02 6.600000000000000000e+01 8.000000000000000000e+00 2.251000000000000000e+03 3.610000000000000000e+02
3.020000000000000000e+02 5.700000000000000000e+01 1.000000000000000000e+01 2.439000000000000000e+03 3.680000000000000000e+02
1.700000000000000000e+02 3.600000000000000000e+01 5.000000000000000000e+00 1.936000000000000000e+03 2.110000000000000000e+02
2.470000000000000000e+02 6.100000000000000000e+01 9.000000000000000000e+00 2.100000000000000000e+03 3.140000000000000000e+02
1.990000000000000000e+02 4.800000000000000000e+01 4.000000000000000000e+00 1.993000000000000000e+03 2.510000000000000000e+02
3.100000000000000000e+02 7.400000000000000000e+01 5.000000000000000000e+00 2.497000000000000000e+03 3.880000000000000000e+02
2.200000000000000000e+02 6.300000000000000000e+01 3.000000000000000000e+00 2.107000000000000000e+03 2.850000000000000000e+02
2.420000000000000000e+02 3.700000000000000000e+01 1.000000000000000000e+01 2.374000000000000000e+03 2.880000000000000000e+02
2.380000000000000000e+02 5.600000000000000000e+01 6.000000000000000000e+00 2.243000000000000000e+03 2.990000000000000000e+02
1.990000000000000000e+02 5.300000000000000000e+01 3.000000000000000000e+00 1.978000000000000000e+03 2.520000000000000000e+02
2.070000000000000000e+02 5.800000000000000000e+01 9.000000000000000000e+00 2.161000000000000000e+03 2.730000000000000000e+02
2.410000000000000000e+02 4.400000000000000000e+01 6.000000000000000000e+00 2.267000000000000000e+03 2.910000000000000000e+02
1.450000000000000000e+02 1.500000000000000000e+01 1.000000000000000000e+00 1.781000000000000000e+03 1.610000000000000000e+02
1.820000000000000000e+02 4.000000000000000000e+01 5.000000000000000000e+00 2.016000000000000000e+03 2.270000000000000000e+02
2.440000000000000000e+02 4.700000000000000000e+01 4.000000000000000000e+00 2.332000000000000000e+03 2.920000000000000000e+02
2.690000000000000000e+02 5.900000000000000000e+01 8.000000000000000000e+00 2.253000000000000000e+03 3.340000000000000000e+02
3.170000000000000000e+02 5.700000000000000000e+01 8.000000000000000000e+00 2.415000000000000000e+03 3.810000000000000000e+02
2.060000000000000000e+02 4.700000000000000000e+01 9.000000000000000000e+00 2.254000000000000000e+03 2.600000000000000000e+02
1.700000000000000000e+02 4.200000000000000000e+01 9.000000000000000000e+00 2.015000000000000000e+03 2.200000000000000000e+02
2.110000000000000000e+02 4.900000000000000000e+01 9.000000000000000000e+00 2.231000000000000000e+03 2.670000000000000000e+02
2.300000000000000000e+02 5.100000000000000000e+01 7.000000000000000000e+00 2.008000000000000000e+03 2.860000000000000000e+02
2.600000000000000000e+02 5.500000000000000000e+01 1.000000000000000000e+01 2.366000000000000000e+03 3.250000000000000000e+02
2.270000000000000000e+02 4.300000000000000000e+01 3.000000000000000000e+00 2.148000000000000000e+03 2.730000000000000000e+02
2.660000000000000000e+02 4.800000000000000000e+01 6.000000000000000000e+00 2.244000000000000000e+03 3.200000000000000000e+02
2.840000000000000000e+02 5.000000000000000000e+01 7.000000000000000000e+00 2.336000000000000000e+03 3.410000000000000000e+02
2.300000000000000000e+02 4.600000000000000000e+01 4.000000000000000000e+00 2.138000000000000000e+03 2.790000000000000000e+02
1.960000000000000000e+02 5.500000000000000000e+01 7.000000000000000000e+00 2.084000000000000000e+03 2.580000000000000000e+02
2.110000000000000000e+02 5.000000000000000000e+01 2.000000000000000000e+00 2.014000000000000000e+03 2.620000000000000000e+02
1.500000000000000000e+02 4.400000000000000000e+01 5.000000000000000000e+00 1.983000000000000000e+03 1.990000000000000000e+02
1.900000000000000000e+02 5.600000000000000000e+01 9.000000000000000000e+00 2.316000000000000000e+03 2.540000000000000000e+02
1.720000000000000000e+02 4.100000000000000000e+01 4.000000000000000000e+00 2.036000000000000000e+03 2.170000000000000000e+02
1.510000000000000000e+02 4.400000000000000000e+01 4.000000000000000000e+00 2.133000000000000000e+03 1.990000000000000000e+02
1.710000000000000000e+02 4.400000000000000000e+01 9.000000000000000000e+00 1.982000000000000000e+03 2.240000000000000000e+02
2.720000000000000000e+02 4.400000000000000000e+01 5.000000000000000000e+00 2.341000000000000000e+03 3.210000000000000000e+02
2.500000000000000000e+02 5.500000000000000000e+01 2.000000000000000000e+00 2.209000000000000000e+03 3.050000000000000000e+02
2.650000000000000000e+02 4.400000000000000000e+01 5.000000000000000000e+00 2.092000000000000000e+03 3.130000000000000000e+02
2.070000000000000000e+02 4.600000000000000000e+01 3.000000000000000000e+00 2.291000000000000000e+03 2.540000000000000000e+02
1.810000000000000000e+02 3.600000000000000000e+01 5.000000000000000000e+00 1.778000000000000000e+03 2.220000000000000000e+02
1.750000000000000000e+02 4.200000000000000000e+01 4.000000000000000000e+00 1.982000000000000000e+03 2.210000000000000000e+02
2.910000000000000000e+02 6.700000000000000000e+01 9.000000000000000000e+00 2.403000000000000000e+03 3.660000000000000000e+02
1.760000000000000000e+02 4.300000000000000000e+01 5.000000000000000000e+00 1.982000000000000000e+03 2.230000000000000000e+02
2.610000000000000000e+02 4.500000000000000000e+01 2.000000000000000000e+00 2.336000000000000000e+03 3.070000000000000000e+02
2.470000000000000000e+02 4.500000000000000000e+01 7.000000000000000000e+00 2.171000000000000000e+03 2.990000000000000000e+02
1.410000000000000000e+02 4.300000000000000000e+01 2.000000000000000000e+00 1.937000000000000000e+03 1.860000000000000000e+02
1.860000000000000000e+02 5.000000000000000000e+01 7.000000000000000000e+00 2.187000000000000000e+03 2.410000000000000000e+02
2.390000000000000000e+02 4.500000000000000000e+01 5.000000000000000000e+00 2.231000000000000000e+03 2.890000000000000000e+02
1.500000000000000000e+02 4.400000000000000000e+01 3.000000000000000000e+00 2.051000000000000000e+03 1.970000000000000000e+02
1.800000000000000000e+02 4.600000000000000000e+01 2.000000000000000000e+00 2.018000000000000000e+03 2.280000000000000000e+02
2.000000000000000000e+02 4.800000000000000000e+01 3.000000000000000000e+00 2.236000000000000000e+03 2.490000000000000000e+02
2.210000000000000000e+02 6.000000000000000000e+01 6.000000000000000000e+00 2.075000000000000000e+03 2.860000000000000000e+02
1.790000000000000000e+02 3.800000000000000000e+01 5.000000000000000000e+00 2.050000000000000000e+03 2.210000000000000000e+02
1.920000000000000000e+02 3.000000000000000000e+01 1.000000000000000000e+00 1.928000000000000000e+03 2.230000000000000000e+02
1.760000000000000000e+02 4.500000000000000000e+01 3.000000000000000000e+00 1.799000000000000000e+03 2.240000000000000000e+02
2.170000000000000000e+02 4.400000000000000000e+01 4.000000000000000000e+00 2.183000000000000000e+03 2.640000000000000000e+02
1.910000000000000000e+02 4.200000000000000000e+01 4.000000000000000000e+00 2.092000000000000000e+03 2.370000000000000000e+02
2.560000000000000000e+02 4.700000000000000000e+01 5.000000000000000000e+00 2.096000000000000000e+03 3.070000000000000000e+02
1.660000000000000000e+02 3.700000000000000000e+01 8.000000000000000000e+00 1.871000000000000000e+03 2.110000000000000000e+02
2.310000000000000000e+02 5.100000000000000000e+01 7.000000000000000000e+00 2.184000000000000000e+03 2.880000000000000000e+02
1.720000000000000000e+02 2.600000000000000000e+01 3.000000000000000000e+00 1.957000000000000000e+03 2.000000000000000000e+02
3.250000000000000000e+02 5.200000000000000000e+01 4.000000000000000000e+00 2.371000000000000000e+03 3.790000000000000000e+02
2.310000000000000000e+02 4.300000000000000000e+01 5.000000000000000000e+00 1.955000000000000000e+03 2.780000000000000000e+02
2.620000000000000000e+02 5.200000000000000000e+01 4.000000000000000000e+00 2.197000000000000000e+03 3.180000000000000000e+02
