3.060000000000000000e+02 3.670000000000000000e+02 1.190000000000000000e+02 3.022000000000000000e+03 6.870000000000000000e+02
1.690000000000000000e+02 2.740000000000000000e+02 1.130000000000000000e+02 2.881000000000000000e+03 5.360000000000000000e+02
3.480000000000000000e+02 2.920000000000000000e+02 9.400000000000000000e+01 2.862000000000000000e+03 6.860000000000000000e+02
1.860000000000000000e+02 2.410000000000000000e+02 9.500000000000000000e+01 2.572000000000000000e+03 5.140000000000000000e+02
1.950000000000000000e+02 2.970000000000000000e+02 1.170000000000000000e+02 2.963000000000000000e+03 5.930000000000000000e+02
5.510000000000000000e+02 4.530000000000000000e+02 1.590000000000000000e+02 3.946000000000000000e+03 9.340000000000000000e+02
2.330000000000000000e+02 2.590000000000000000e+02 1.100000000000000000e+02 2.918000000000000000e+03 5.920000000000000000e+02
2.130000000000000000e+02 2.390000000000000000e+02 9.400000000000000000e+01 3.144000000000000000e+03 5.440000000000000000e+02
3.500000000000000000e+01 1.750000000000000000e+02 1.090000000000000000e+02 2.579000000000000000e+03 3.110000000000000000e+02
3.710000000000000000e+02 3.660000000000000000e+02 1.190000000000000000e+02 3.466000000000000000e+03 7.390000000000000000e+02
5.000000000000000000e+02 4.510000000000000000e+02 1.630000000000000000e+02 3.940000000000000000e+03 8.860000000000000000e+02
2.810000000000000000e+02 2.930000000000000000e+02 1.220000000000000000e+02 3.076000000000000000e+03 6.570000000000000000e+02
2.060000000000000000e+02 2.350000000000000000e+02 8.700000000000000000e+01 2.779000000000000000e+03 5.280000000000000000e+02
6.100000000000000000e+01 2.610000000000000000e+02 1.060000000000000000e+02 2.421000000000000000e+03 4.170000000000000000e+02
2.360000000000000000e+02 3.040000000000000000e+02 1.090000000000000000e+02 3.043000000000000000e+03 6.190000000000000000e+02
3.330000000000000000e+02 2.740000000000000000e+02 1.020000000000000000e+02 3.170000000000000000e+03 6.620000000000000000e+02
4.020000000000000000e+02 3.840000000000000000e+02 1.240000000000000000e+02 3.867000000000000000e+03 8.290000000000000000e+02
3.600000000000000000e+02 3.580000000000000000e+02 1.190000000000000000e+02 3.262000000000000000e+03 7.210000000000000000e+02
3.900000000000000000e+02 3.490000000000000000e+02 9.900000000000000000e+01 3.357000000000000000e+03 7.150000000000000000e+02
3.100000000000000000e+01 1.570000000000000000e+02 8.100000000000000000e+01 2.047000000000000000e+03 2.660000000000000000e+02
1.450000000000000000e+02 2.290000000000000000e+02 1.010000000000000000e+02 2.350000000000000000e+03 4.710000000000000000e+02
3.020000000000000000e+02 3.220000000000000000e+02 1.100000000000000000e+02 3.076000000000000000e+03 7.080000000000000000e+02
2.570000000000000000e+02 2.460000000000000000e+02 9.800000000000000000e+01 3.030000000000000000e+03 5.900000000000000000e+02
1.660000000000000000e+02 2.300000000000000000e+02 8.800000000000000000e+01 2.322000000000000000e+03 4.620000000000000000e+02
3.090000000000000000e+02 3.000000000000000000e+02 1.060000000000000000e+02 3.269000000000000000e+03 7.060000000000000000e+02
2.360000000000000000e+02 2.320000000000000000e+02 9.300000000000000000e+01 2.934000000000000000e+03 5.600000000000000000e+02
3.100000000000000000e+01 2.090000000000000000e+02 1.020000000000000000e+02 2.476000000000000000e+03 3.310000000000000000e+02
1.630000000000000000e+02 2.470000000000000000e+02 1.130000000000000000e+02 2.685000000000000000e+03 5.100000000000000000e+02
1.730000000000000000e+02 2.670000000000000000e+02 1.030000000000000000e+02 2.822000000000000000e+03 5.320000000000000000e+02
3.500000000000000000e+02 3.350000000000000000e+02 9.600000000000000000e+01 3.374000000000000000e+03 7.360000000000000000e+02
3.260000000000000000e+02 3.680000000000000000e+02 1.100000000000000000e+02 3.390000000000000000e+03 7.060000000000000000e+02
3.440000000000000000e+02 3.400000000000000000e+02 1.360000000000000000e+02 3.411000000000000000e+03 7.220000000000000000e+02
3.650000000000000000e+02 3.240000000000000000e+02 1.210000000000000000e+02 3.668000000000000000e+03 7.780000000000000000e+02
1.160000000000000000e+02 2.200000000000000000e+02 8.900000000000000000e+01 3.084000000000000000e+03 4.190000000000000000e+02
4.100000000000000000e+01 1.980000000000000000e+02 7.300000000000000000e+01 2.348000000000000000e+03 3.030000000000000000e+02
3.220000000000000000e+02 3.570000000000000000e+02 1.100000000000000000e+02 2.903000000000000000e+03 6.940000000000000000e+02
2.760000000000000000e+02 2.650000000000000000e+02 8.900000000000000000e+01 3.126000000000000000e+03 5.940000000000000000e+02
7.400000000000000000e+01 2.340000000000000000e+02 1.040000000000000000e+02 2.649000000000000000e+03 4.090000000000000000e+02
3.240000000000000000e+02 3.210000000000000000e+02 1.050000000000000000e+02 3.260000000000000000e+03 6.880000000000000000e+02
4.550000000000000000e+02 4.230000000000000000e+02 1.290000000000000000e+02 3.768000000000000000e+03 8.430000000000000000e+02
9.000000000000000000e+00 1.860000000000000000e+02 9.200000000000000000e+01 2.405000000000000000e+03 2.780000000000000000e+02
1.700000000000000000e+01 2.070000000000000000e+02 1.040000000000000000e+02 2.452000000000000000e+03 3.220000000000000000e+02
1.730000000000000000e+02 2.950000000000000000e+02 1.110000000000000000e+02 3.160000000000000000e+03 5.510000000000000000e+02
1.670000000000000000e+02 2.640000000000000000e+02 1.300000000000000000e+02 2.927000000000000000e+03 5.410000000000000000e+02
2.750000000000000000e+02 2.800000000000000000e+02 9.200000000000000000e+01 2.918000000000000000e+03 6.080000000000000000e+02
4.190000000000000000e+02 3.550000000000000000e+02 1.240000000000000000e+02 3.259000000000000000e+03 7.850000000000000000e+02
2.310000000000000000e+02 3.010000000000000000e+02 1.140000000000000000e+02 2.846000000000000000e+03 6.000000000000000000e+02
3.550000000000000000e+02 3.160000000000000000e+02 9.300000000000000000e+01 2.981000000000000000e+03 6.900000000000000000e+02
2.270000000000000000e+02 2.650000000000000000e+02 1.100000000000000000e+02 2.899000000000000000e+03 5.960000000000000000e+02
3.150000000000000000e+02 3.280000000000000000e+02 1.100000000000000000e+02 3.252000000000000000e+03 6.880000000000000000e+02
3.880000000000000000e+02 3.340000000000000000e+02 1.140000000000000000e+02 3.347000000000000000e+03 7.410000000000000000e+02
2.400000000000000000e+01 1.880000000000000000e+02 8.900000000000000000e+01 2.758000000000000000e+03 2.930000000000000000e+02
4.180000000000000000e+02 3.520000000000000000e+02 1.280000000000000000e+02 3.654000000000000000e+03 7.900000000000000000e+02
2.210000000000000000e+02 2.670000000000000000e+02 1.060000000000000000e+02 2.682000000000000000e+03 5.650000000000000000e+02
2.690000000000000000e+02 2.820000000000000000e+02 9.500000000000000000e+01 3.196000000000000000e+03 6.330000000000000000e+02
2.260000000000000000e+02 2.710000000000000000e+02 9.800000000000000000e+01 2.823000000000000000e+03 5.620000000000000000e+02
2.940000000000000000e+02 2.680000000000000000e+02 8.500000000000000000e+01 2.916000000000000000e+03 6.410000000000000000e+02
8.900000000000000000e+01 2.010000000000000000e+02 9.700000000000000000e+01 2.860000000000000000e+03 3.850000000000000000e+02
2.380000000000000000e+02 2.220000000000000000e+02 8.000000000000000000e+01 2.868000000000000000e+03 5.360000000000000000e+02
3.250000000000000000e+02 3.220000000000000000e+02 1.080000000000000000e+02 3.401000000000000000e+03 7.060000000000000000e+02
3.900000000000000000e+01 1.580000000000000000e+02 8.000000000000000000e+01 2.262000000000000000e+03 2.680000000000000000e+02
2.690000000000000000e+02 2.910000000000000000e+02 1.050000000000000000e+02 3.210000000000000000e+03 6.260000000000000000e+02
8.000000000000000000e+00 2.200000000000000000e+02 9.600000000000000000e+01 2.532000000000000000e+03 3.150000000000000000e+02
1.210000000000000000e+02 2.040000000000000000e+02 9.300000000000000000e+01 2.547000000000000000e+03 4.150000000000000000e+02
2.470000000000000000e+02 2.550000000000000000e+02 9.600000000000000000e+01 2.842000000000000000e+03 5.920000000000000000e+02
3.130000000000000000e+02 2.540000000000000000e+02 9.800000000000000000e+01 3.424000000000000000e+03 6.560000000000000000e+02
2.250000000000000000e+02 2.420000000000000000e+02 8.300000000000000000e+01 2.849000000000000000e+03 5.370000000000000000e+02
3.520000000000000000e+02 3.490000000000000000e+02 1.210000000000000000e+02 3.455000000000000000e+03 7.220000000000000000e+02
3.020000000000000000e+02 3.020000000000000000e+02 1.150000000000000000e+02 3.040000000000000000e+03 6.900000000000000000e+02
3.220000000000000000e+02 3.070000000000000000e+02 1.020000000000000000e+02 3.129000000000000000e+03 6.900000000000000000e+02
2.350000000000000000e+02 2.500000000000000000e+02 9.100000000000000000e+01 2.919000000000000000e+03 5.560000000000000000e+02
3.690000000000000000e+02 3.180000000000000000e+02 1.200000000000000000e+02 3.533000000000000000e+03 7.460000000000000000e+02
2.720000000000000000e+02 2.970000000000000000e+02 1.240000000000000000e+02 3.220000000000000000e+03 6.520000000000000000e+02
1.960000000000000000e+02 2.640000000000000000e+02 1.080000000000000000e+02 2.462000000000000000e+03 5.480000000000000000e+02
1.410000000000000000e+02 2.510000000000000000e+02 9.300000000000000000e+01 2.907000000000000000e+03 4.790000000000000000e+02
2.090000000000000000e+02 2.550000000000000000e+02 8.500000000000000000e+01 2.912000000000000000e+03 5.330000000000000000e+02
3.390000000000000000e+02 3.210000000000000000e+02 9.900000000000000000e+01 3.248000000000000000e+03 7.380000000000000000e+02
4.440000000000000000e+02 3.410000000000000000e+02 1.010000000000000000e+02 3.440000000000000000e+03 7.790000000000000000e+02
3.080000000000000000e+02 3.170000000000000000e+02 9.800000000000000000e+01 2.954000000000000000e+03 6.750000000000000000e+02
1.610000000000000000e+02 2.420000000000000000e+02 9.700000000000000000e+01 2.998000000000000000e+03 4.980000000000000000e+02
4.500000000000000000e+02 3.640000000000000000e+02 1.170000000000000000e+02 3.558000000000000000e+03 8.080000000000000000e+02
3.100000000000000000e+02 2.960000000000000000e+02 1.100000000000000000e+02 2.785000000000000000e+03 6.480000000000000000e+02
1.510000000000000000e+02 2.000000000000000000e+02 7.200000000000000000e+01 2.594000000000000000e+03 4.160000000000000000e+02
2.600000000000000000e+01 1.820000000000000000e+02 8.800000000000000000e+01 2.197000000000000000e+03 2.870000000000000000e+02
1.590000000000000000e+02 2.070000000000000000e+02 8.600000000000000000e+01 2.549000000000000000e+03 4.510000000000000000e+02
3.260000000000000000e+02 2.850000000000000000e+02 8.400000000000000000e+01 3.508000000000000000e+03 6.790000000000000000e+02
3.750000000000000000e+02 3.310000000000000000e+02 1.250000000000000000e+02 3.241000000000000000e+03 7.190000000000000000e+02
2.680000000000000000e+02 2.790000000000000000e+02 8.300000000000000000e+01 2.785000000000000000e+03 6.110000000000000000e+02
2.170000000000000000e+02 2.340000000000000000e+02 9.900000000000000000e+01 2.755000000000000000e+03 5.400000000000000000e+02
2.370000000000000000e+02 2.540000000000000000e+02 9.900000000000000000e+01 2.739000000000000000e+03 5.650000000000000000e+02
1.960000000000000000e+02 2.560000000000000000e+02 8.500000000000000000e+01 2.719000000000000000e+03 5.260000000000000000e+02
3.040000000000000000e+02 2.770000000000000000e+02 1.050000000000000000e+02 3.413000000000000000e+03 6.430000000000000000e+02
3.830000000000000000e+02 3.800000000000000000e+02 1.240000000000000000e+02 3.681000000000000000e+03 7.570000000000000000e+02
3.810000000000000000e+02 3.450000000000000000e+02 1.110000000000000000e+02 3.178000000000000000e+03 7.140000000000000000e+02
2.560000000000000000e+02 2.600000000000000000e+02 9.700000000000000000e+01 3.177000000000000000e+03 5.930000000000000000e+02
3.350000000000000000e+02 3.070000000000000000e+02 1.060000000000000000e+02 3.109000000000000000e+03 6.580000000000000000e+02
1.470000000000000000e+02 2.010000000000000000e+02 1.010000000000000000e+02 2.526000000000000000e+03 4.450000000000000000e+02
3.180000000000000000e+02 3.260000000000000000e+02 1.110000000000000000e+02 2.795000000000000000e+03 6.830000000000000000e+02
2.840000000000000000e+02 2.610000000000000000e+02 9.100000000000000000e+01 3.114000000000000000e+03 5.940000000000000000e+02
3.190000000000000000e+02 3.000000000000000000e+02 1.160000000000000000e+02 2.893000000000000000e+03 6.890000000000000000e+02
3.230000000000000000e+02 2.980000000000000000e+02 9.800000000000000000e+01 3.052000000000000000e+03 6.690000000000000000e+02
8.300000000000000000e+01 2.180000000000000000e+02 9.600000000000000000e+01 2.577000000000000000e+03 3.870000000000000000e+02
1.830000000000000000e+02 2.100000000000000000e+02 9.300000000000000000e+01 2.793000000000000000e+03 4.700000000000000000e+02
4.930000000000000000e+02 4.250000000000000000e+02 1.200000000000000000e+02 3.764000000000000000e+03 8.420000000000000000e+02
3.020000000000000000e+02 3.070000000000000000e+02 1.090000000000000000e+02 2.908000000000000000e+03 6.390000000000000000e+02
2.120000000000000000e+02 2.290000000000000000e+02 9.200000000000000000e+01 2.731000000000000000e+03 5.220000000000000000e+02
2.290000000000000000e+02 2.890000000000000000e+02 1.240000000000000000e+02 3.000000000000000000e+03 6.230000000000000000e+02
3.000000000000000000e+02 3.340000000000000000e+02 1.130000000000000000e+02 3.234000000000000000e+03 7.120000000000000000e+02
2.630000000000000000e+02 3.140000000000000000e+02 1.120000000000000000e+02 3.386000000000000000e+03 6.760000000000000000e+02
3.300000000000000000e+02 3.250000000000000000e+02 1.240000000000000000e+02 3.516000000000000000e+03 7.410000000000000000e+02
1.510000000000000000e+02 2.230000000000000000e+02 9.000000000000000000e+01 2.688000000000000000e+03 4.600000000000000000e+02
9.000000000000000000e+00 1.820000000000000000e+02 8.600000000000000000e+01 2.255000000000000000e+03 2.640000000000000000e+02
1.540000000000000000e+02 2.360000000000000000e+02 9.700000000000000000e+01 2.728000000000000000e+03 4.850000000000000000e+02
3.350000000000000000e+02 3.070000000000000000e+02 9.100000000000000000e+01 2.978000000000000000e+03 6.860000000000000000e+02
1.130000000000000000e+02 2.370000000000000000e+02 7.700000000000000000e+01 2.595000000000000000e+03 4.210000000000000000e+02
1.540000000000000000e+02 2.060000000000000000e+02 9.300000000000000000e+01 2.229000000000000000e+03 4.480000000000000000e+02
2.600000000000000000e+02 2.590000000000000000e+02 1.010000000000000000e+02 3.166000000000000000e+03 6.060000000000000000e+02
1.900000000000000000e+01 1.900000000000000000e+02 1.000000000000000000e+02 2.520000000000000000e+03 3.030000000000000000e+02
3.850000000000000000e+02 3.660000000000000000e+02 1.270000000000000000e+02 3.758000000000000000e+03 7.640000000000000000e+02
3.310000000000000000e+02 2.920000000000000000e+02 1.060000000000000000e+02 3.094000000000000000e+03 6.840000000000000000e+02
2.320000000000000000e+02 2.570000000000000000e+02 8.100000000000000000e+01 2.594000000000000000e+03 5.550000000000000000e+02
3.220000000000000000e+02 3.190000000000000000e+02 1.190000000000000000e+02 3.106000000000000000e+03 6.750000000000000000e+02
2.050000000000000000e+02 2.190000000000000000e+02 8.400000000000000000e+01 2.605000000000000000e+03 5.030000000000000000e+02
2.230000000000000000e+02 2.520000000000000000e+02 9.500000000000000000e+01 3.077000000000000000e+03 5.480000000000000000e+02
2.500000000000000000e+02 2.730000000000000000e+02 9.000000000000000000e+01 2.802000000000000000e+03 5.550000000000000000e+02
3.650000000000000000e+02 3.670000000000000000e+02 1.050000000000000000e+02 3.367000000000000000e+03 7.390000000000000000e+02
1.400000000000000000e+01 1.890000000000000000e+02 9.900000000000000000e+01 2.038000000000000000e+03 2.950000000000000000e+02
2.940000000000000000e+02 3.030000000000000000e+02 8.900000000000000000e+01 3.092000000000000000e+03 6.570000000000000000e+02
2.350000000000000000e+02 2.890000000000000000e+02 1.010000000000000000e+02 3.131000000000000000e+03 5.910000000000000000e+02
2.230000000000000000e+02 2.600000000000000000e+02 1.050000000000000000e+02 2.582000000000000000e+03 5.620000000000000000e+02
3.090000000000000000e+02 2.930000000000000000e+02 8.300000000000000000e+01 3.352000000000000000e+03 6.360000000000000000e+02
3.560000000000000000e+02 3.280000000000000000e+02 1.150000000000000000e+02 3.323000000000000000e+03 6.950000000000000000e+02
3.040000000000000000e+02 2.290000000000000000e+02 8.800000000000000000e+01 3.062000000000000000e+03 5.870000000000000000e+02
2.410000000000000000e+02 2.670000000000000000e+02 1.000000000000000000e+02 3.160000000000000000e+03 5.900000000000000000e+02
2.330000000000000000e+02 2.510000000000000000e+02 1.060000000000000000e+02 2.996000000000000000e+03 5.690000000000000000e+02
1.030000000000000000e+02 2.070000000000000000e+02 1.010000000000000000e+02 2.600000000000000000e+03 4.080000000000000000e+02
3.480000000000000000e+02 3.160000000000000000e+02 1.150000000000000000e+02 3.194000000000000000e+03 6.880000000000000000e+02
3.550000000000000000e+02 3.800000000000000000e+02 1.370000000000000000e+02 3.815000000000000000e+03 7.940000000000000000e+02
2.700000000000000000e+02 3.180000000000000000e+02 1.100000000000000000e+02 2.789000000000000000e+03 6.200000000000000000e+02
3.330000000000000000e+02 3.140000000000000000e+02 1.190000000000000000e+02 3.420000000000000000e+03 6.990000000000000000e+02
2.530000000000000000e+02 2.650000000000000000e+02 1.100000000000000000e+02 3.227000000000000000e+03 6.060000000000000000e+02
2.290000000000000000e+02 2.800000000000000000e+02 9.800000000000000000e+01 3.006000000000000000e+03 5.820000000000000000e+02
2.620000000000000000e+02 2.890000000000000000e+02 1.210000000000000000e+02 3.176000000000000000e+03 6.390000000000000000e+02
3.380000000000000000e+02 3.110000000000000000e+02 1.040000000000000000e+02 3.241000000000000000e+03 7.110000000000000000e+02
2.200000000000000000e+02 2.670000000000000000e+02 8.300000000000000000e+01 2.833000000000000000e+03 5.510000000000000000e+02
1.500000000000000000e+01 1.770000000000000000e+02 9.400000000000000000e+01 2.093000000000000000e+03 2.730000000000000000e+02
2.470000000000000000e+02 2.330000000000000000e+02 9.500000000000000000e+01 2.791000000000000000e+03 5.730000000000000000e+02
1.740000000000000000e+02 2.620000000000000000e+02 1.290000000000000000e+02 2.828000000000000000e+03 5.340000000000000000e+02
3.950000000000000000e+02 3.730000000000000000e+02 1.410000000000000000e+02 3.691000000000000000e+03 8.120000000000000000e+02
3.740000000000000000e+02 3.370000000000000000e+02 9.700000000000000000e+01 3.061000000000000000e+03 7.080000000000000000e+02
2.730000000000000000e+02 2.720000000000000000e+02 1.050000000000000000e+02 3.285000000000000000e+03 5.920000000000000000e+02
2.790000000000000000e+02 2.330000000000000000e+02 8.400000000000000000e+01 2.634000000000000000e+03 5.670000000000000000e+02
3.050000000000000000e+02 2.920000000000000000e+02 9.900000000000000000e+01 3.070000000000000000e+03 6.740000000000000000e+02
2.980000000000000000e+02 2.880000000000000000e+02 8.100000000000000000e+01 3.217000000000000000e+03 6.340000000000000000e+02
3.290000000000000000e+02 2.910000000000000000e+02 9.800000000000000000e+01 3.137000000000000000e+03 6.950000000000000000e+02
1.850000000000000000e+02 2.330000000000000000e+02 8.600000000000000000e+01 2.642000000000000000e+03 4.990000000000000000e+02
1.290000000000000000e+02 2.190000000000000000e+02 9.200000000000000000e+01 2.849000000000000000e+03 4.370000000000000000e+02
2.840000000000000000e+02 3.010000000000000000e+02 9.600000000000000000e+01 3.134000000000000000e+03 6.450000000000000000e+02
2.580000000000000000e+02 2.410000000000000000e+02 9.700000000000000000e+01 2.751000000000000000e+03 5.650000000000000000e+02
2.330000000000000000e+02 2.510000000000000000e+02 9.800000000000000000e+01 2.703000000000000000e+03 5.710000000000000000e+02
2.630000000000000000e+02 2.710000000000000000e+02 9.700000000000000000e+01 2.986000000000000000e+03 6.080000000000000000e+02
3.750000000000000000e+02 3.260000000000000000e+02 1.140000000000000000e+02 3.283000000000000000e+03 7.030000000000000000e+02
2.170000000000000000e+02 2.780000000000000000e+02 9.500000000000000000e+01 3.183000000000000000e+03 5.700000000000000000e+02
2.710000000000000000e+02 3.110000000000000000e+02 8.700000000000000000e+01 2.979000000000000000e+03 6.540000000000000000e+02
2.750000000000000000e+02 2.940000000000000000e+02 1.010000000000000000e+02 2.949000000000000000e+03 6.230000000000000000e+02
2.220000000000000000e+02 2.830000000000000000e+02 9.000000000000000000e+01 2.742000000000000000e+03 5.740000000000000000e+02
2.610000000000000000e+02 3.040000000000000000e+02 1.080000000000000000e+02 2.968000000000000000e+03 6.400000000000000000e+02
3.100000000000000000e+01 2.230000000000000000e+02 1.010000000000000000e+02 2.399000000000000000e+03 3.540000000000000000e+02
5.300000000000000000e+01 1.990000000000000000e+02 8.800000000000000000e+01 2.378000000000000000e+03 3.310000000000000000e+02
9.700000000000000000e+01 2.480000000000000000e+02 1.140000000000000000e+02 2.422000000000000000e+03 4.560000000000000000e+02
2.360000000000000000e+02 2.850000000000000000e+02 1.050000000000000000e+02 3.021000000000000000e+03 6.200000000000000000e+02
7.800000000000000000e+01 2.270000000000000000e+02 1.000000000000000000e+02 2.632000000000000000e+03 4.020000000000000000e+02
2.640000000000000000e+02 2.640000000000000000e+02 9.900000000000000000e+01 2.627000000000000000e+03 5.830000000000000000e+02
2.070000000000000000e+02 2.720000000000000000e+02 1.000000000000000000e+02 2.983000000000000000e+03 5.700000000000000000e+02
2.440000000000000000e+02 2.420000000000000000e+02 1.110000000000000000e+02 3.067000000000000000e+03 5.820000000000000000e+02
2.360000000000000000e+02 2.570000000000000000e+02 9.100000000000000000e+01 2.618000000000000000e+03 5.640000000000000000e+02
2.590000000000000000e+02 2.890000000000000000e+02 9.700000000000000000e+01 2.894000000000000000e+03 6.060000000000000000e+02
3.290000000000000000e+02 3.340000000000000000e+02 9.900000000000000000e+01 3.019000000000000000e+03 6.960000000000000000e+02
4.520000000000000000e+02 3.680000000000000000e+02 1.310000000000000000e+02 3.547000000000000000e+03 8.120000000000000000e+02
5.800000000000000000e+01 1.860000000000000000e+02 8.600000000000000000e+01 2.562000000000000000e+03 3.200000000000000000e+02
2.600000000000000000e+02 2.950000000000000000e+02 1.030000000000000000e+02 2.700000000000000000e+03 6.060000000000000000e+02
2.830000000000000000e+02 3.070000000000000000e+02 9.600000000000000000e+01 3.397000000000000000e+03 6.650000000000000000e+02
2.150000000000000000e+02 2.650000000000000000e+02 9.100000000000000000e+01 2.971000000000000000e+03 5.520000000000000000e+02
5.700000000000000000e+01 1.870000000000000000e+02 8.600000000000000000e+01 2.579000000000000000e+03 3.200000000000000000e+02
3.700000000000000000e+02 3.570000000000000000e+02 1.130000000000000000e+02 3.254000000000000000e+03 7.540000000000000000e+02
2.830000000000000000e+02 3.060000000000000000e+02 1.310000000000000000e+02 3.367000000000000000e+03 6.430000000000000000e+02
1.500000000000000000e+01 1.900000000000000000e+02 9.700000000000000000e+01 2.434000000000000000e+03 2.870000000000000000e+02
2.360000000000000000e+02 2.490000000000000000e+02 9.500000000000000000e+01 2.860000000000000000e+03 5.630000000000000000e+02
3.130000000000000000e+02 2.980000000000000000e+02 9.300000000000000000e+01 3.194000000000000000e+03 6.510000000000000000e+02
2.170000000000000000e+02 2.640000000000000000e+02 1.080000000000000000e+02 3.383000000000000000e+03 5.700000000000000000e+02
1.390000000000000000e+02 2.520000000000000000e+02 9.900000000000000000e+01 2.883000000000000000e+03 4.820000000000000000e+02
2.350000000000000000e+02 2.670000000000000000e+02 9.000000000000000000e+01 2.934000000000000000e+03 5.700000000000000000e+02
2.420000000000000000e+02 2.630000000000000000e+02 1.080000000000000000e+02 3.017000000000000000e+03 6.020000000000000000e+02
3.750000000000000000e+02 3.630000000000000000e+02 1.180000000000000000e+02 3.375000000000000000e+03 7.360000000000000000e+02
7.800000000000000000e+01 2.170000000000000000e+02 9.400000000000000000e+01 2.470000000000000000e+03 3.840000000000000000e+02
2.320000000000000000e+02 2.290000000000000000e+02 8.900000000000000000e+01 2.989000000000000000e+03 5.490000000000000000e+02
1.680000000000000000e+02 2.480000000000000000e+02 8.900000000000000000e+01 2.892000000000000000e+03 4.960000000000000000e+02
3.350000000000000000e+02 3.880000000000000000e+02 1.140000000000000000e+02 3.672000000000000000e+03 7.510000000000000000e+02
4.050000000000000000e+02 4.260000000000000000e+02 1.310000000000000000e+02 3.837000000000000000e+03 8.200000000000000000e+02
2.730000000000000000e+02 2.760000000000000000e+02 9.800000000000000000e+01 3.654000000000000000e+03 6.280000000000000000e+02
3.760000000000000000e+02 3.600000000000000000e+02 1.160000000000000000e+02 3.748000000000000000e+03 7.710000000000000000e+02
2.870000000000000000e+02 3.350000000000000000e+02 1.170000000000000000e+02 3.332000000000000000e+03 6.830000000000000000e+02
1.810000000000000000e+02 2.290000000000000000e+02 9.700000000000000000e+01 2.924000000000000000e+03 5.000000000000000000e+02
3.750000000000000000e+02 3.650000000000000000e+02 1.100000000000000000e+02 3.364000000000000000e+03 7.350000000000000000e+02
3.640000000000000000e+02 4.210000000000000000e+02 1.140000000000000000e+02 3.318000000000000000e+03 7.890000000000000000e+02
1.890000000000000000e+02 2.480000000000000000e+02 1.000000000000000000e+02 2.906000000000000000e+03 5.180000000000000000e+02
4.900000000000000000e+02 3.880000000000000000e+02 1.200000000000000000e+02 3.305000000000000000e+03 8.230000000000000000e+02
1.000000000000000000e+02 2.150000000000000000e+02 9.800000000000000000e+01 2.613000000000000000e+03 4.070000000000000000e+02
7.600000000000000000e+01 2.080000000000000000e+02 1.010000000000000000e+02 2.741000000000000000e+03 3.790000000000000000e+02
3.800000000000000000e+01 2.050000000000000000e+02 1.140000000000000000e+02 2.491000000000000000e+03 3.420000000000000000e+02
5.020000000000000000e+02 4.280000000000000000e+02 1.280000000000000000e+02 3.821000000000000000e+03 8.130000000000000000e+02
1.940000000000000000e+02 2.670000000000000000e+02 1.010000000000000000e+02 2.692000000000000000e+03 5.390000000000000000e+02
2.610000000000000000e+02 2.770000000000000000e+02 1.070000000000000000e+02 3.201000000000000000e+03 6.160000000000000000e+02
3.380000000000000000e+02 3.560000000000000000e+02 1.030000000000000000e+02 3.480000000000000000e+03 6.750000000000000000e+02
3.000000000000000000e+00 1.820000000000000000e+02 6.900000000000000000e+01 2.142000000000000000e+03 2.490000000000000000e+02
3.470000000000000000e+02 3.290000000000000000e+02 1.270000000000000000e+02 2.443000000000000000e+03 7.180000000000000000e+02
3.400000000000000000e+01 2.150000000000000000e+02 8.500000000000000000e+01 2.402000000000000000e+03 3.300000000000000000e+02
1.490000000000000000e+02 2.650000000000000000e+02 1.190000000000000000e+02 2.400000000000000000e+03 5.250000000000000000e+02
1.030000000000000000e+02 2.480000000000000000e+02 1.020000000000000000e+02 2.615000000000000000e+03 4.450000000000000000e+02
3.200000000000000000e+02 3.410000000000000000e+02 1.240000000000000000e+02 2.850000000000000000e+03 6.800000000000000000e+02
3.810000000000000000e+02 3.640000000000000000e+02 1.310000000000000000e+02 3.537000000000000000e+03 8.080000000000000000e+02
3.350000000000000000e+02 3.180000000000000000e+02 8.900000000000000000e+01 3.177000000000000000e+03 6.800000000000000000e+02
2.470000000000000000e+02 3.080000000000000000e+02 1.160000000000000000e+02 3.029000000000000000e+03 6.270000000000000000e+02
1.980000000000000000e+02 2.410000000000000000e+02 8.200000000000000000e+01 2.812000000000000000e+03 5.120000000000000000e+02
3.860000000000000000e+02 3.510000000000000000e+02 1.020000000000000000e+02 3.582000000000000000e+03 7.580000000000000000e+02
2.390000000000000000e+02 2.710000000000000000e+02 1.120000000000000000e+02 3.027000000000000000e+03 6.200000000000000000e+02
3.930000000000000000e+02 3.670000000000000000e+02 1.280000000000000000e+02 3.426000000000000000e+03 7.720000000000000000e+02
2.600000000000000000e+02 2.290000000000000000e+02 1.020000000000000000e+02 2.790000000000000000e+03 5.620000000000000000e+02
1.200000000000000000e+02 2.470000000000000000e+02 7.700000000000000000e+01 2.574000000000000000e+03 4.240000000000000000e+02
2.760000000000000000e+02 2.860000000000000000e+02 1.040000000000000000e+02 3.370000000000000000e+03 6.410000000000000000e+02
2.840000000000000000e+02 3.000000000000000000e+02 1.040000000000000000e+02 3.248000000000000000e+03 6.710000000000000000e+02
2.600000000000000000e+02 2.630000000000000000e+02 1.170000000000000000e+02 2.957000000000000000e+03 5.900000000000000000e+02
1.920000000000000000e+02 2.510000000000000000e+02 9.400000000000000000e+01 3.129000000000000000e+03 5.340000000000000000e+02
3.230000000000000000e+02 2.880000000000000000e+02 1.040000000000000000e+02 3.439000000000000000e+03 6.800000000000000000e+02
3.250000000000000000e+02 3.180000000000000000e+02 1.080000000000000000e+02 3.345000000000000000e+03 7.380000000000000000e+02
3.440000000000000000e+02 3.190000000000000000e+02 1.310000000000000000e+02 3.168000000000000000e+03 7.210000000000000000e+02
1.720000000000000000e+02 2.350000000000000000e+02 9.600000000000000000e+01 2.755000000000000000e+03 4.940000000000000000e+02
2.940000000000000000e+02 2.600000000000000000e+02 1.010000000000000000e+02 3.215000000000000000e+03 6.270000000000000000e+02
3.740000000000000000e+02 3.910000000000000000e+02 1.390000000000000000e+02 3.250000000000000000e+03 7.860000000000000000e+02
3.150000000000000000e+02 3.190000000000000000e+02 1.260000000000000000e+02 3.211000000000000000e+03 6.970000000000000000e+02
2.820000000000000000e+02 3.060000000000000000e+02 1.100000000000000000e+02 2.916000000000000000e+03 6.380000000000000000e+02
3.660000000000000000e+02 3.530000000000000000e+02 1.190000000000000000e+02 3.530000000000000000e+03 7.910000000000000000e+02
1.630000000000000000e+02 2.380000000000000000e+02 9.400000000000000000e+01 2.689000000000000000e+03 4.910000000000000000e+02
2.040000000000000000e+02 2.380000000000000000e+02 7.700000000000000000e+01 2.709000000000000000e+03 5.070000000000000000e+02
4.090000000000000000e+02 4.070000000000000000e+02 1.440000000000000000e+02 3.410000000000000000e+03 8.390000000000000000e+02
2.580000000000000000e+02 2.920000000000000000e+02 1.150000000000000000e+02 2.778000000000000000e+03 6.230000000000000000e+02
2.730000000000000000e+02 3.410000000000000000e+02 1.330000000000000000e+02 3.119000000000000000e+03 6.840000000000000000e+02
3.700000000000000000e+02 3.440000000000000000e+02 1.260000000000000000e+02 3.547000000000000000e+03 7.400000000000000000e+02
1.370000000000000000e+02 1.910000000000000000e+02 9.100000000000000000e+01 2.608000000000000000e+03 4.170000000000000000e+02
1.910000000000000000e+02 2.520000000000000000e+02 1.010000000000000000e+02 2.965000000000000000e+03 5.410000000000000000e+02
