1.380000000000000000e+02 2.200000000000000000e+01 0.000000000000000000e+00 8.080000000000000000e+02 1.590000000000000000e+02
1.320000000000000000e+02 1.500000000000000000e+01 0.000000000000000000e+00 9.520000000000000000e+02 1.470000000000000000e+02
1.260000000000000000e+02 2.500000000000000000e+01 3.000000000000000000e+00 8.370000000000000000e+02 1.530000000000000000e+02
1.400000000000000000e+02 1.600000000000000000e+01 0.000000000000000000e+00 9.370000000000000000e+02 1.550000000000000000e+02
1.160000000000000000e+02 1.600000000000000000e+01 1.000000000000000000e+00 9.170000000000000000e+02 1.320000000000000000e+02
1.150000000000000000e+02 1.800000000000000000e+01 3.000000000000000000e+00 8.510000000000000000e+02 1.340000000000000000e+02
1.140000000000000000e+02 2.500000000000000000e+01 0.000000000000000000e+00 8.700000000000000000e+02 1.360000000000000000e+02
1.240000000000000000e+02 2.700000000000000000e+01 2.000000000000000000e+00 9.620000000000000000e+02 1.510000000000000000e+02
8.600000000000000000e+01 2.100000000000000000e+01 2.000000000000000000e+00 5.310000000000000000e+02 1.090000000000000000e+02
9.500000000000000000e+01 1.600000000000000000e+01 1.000000000000000000e+00 7.580000000000000000e+02 1.120000000000000000e+02
1.210000000000000000e+02 1.600000000000000000e+01 0.000000000000000000e+00 6.750000000000000000e+02 1.340000000000000000e+02
1.380000000000000000e+02 1.800000000000000000e+01 1.000000000000000000e+00 8.510000000000000000e+02 1.570000000000000000e+02
1.340000000000000000e+02 2.000000000000000000e+01 2.000000000000000000e+00 9.550000000000000000e+02 1.550000000000000000e+02
1.120000000000000000e+02 8.000000000000000000e+00 1.000000000000000000e+00 9.680000000000000000e+02 1.210000000000000000e+02
1.220000000000000000e+02 2.000000000000000000e+01 0.000000000000000000e+00 7.570000000000000000e+02 1.420000000000000000e+02
1.200000000000000000e+02 1.200000000000000000e+01 0.000000000000000000e+00 8.140000000000000000e+02 1.310000000000000000e+02
1.280000000000000000e+02 2.400000000000000000e+01 1.000000000000000000e+00 9.470000000000000000e+02 1.520000000000000000e+02
1.480000000000000000e+02 1.400000000000000000e+01 0.000000000000000000e+00 9.720000000000000000e+02 1.610000000000000000e+02
1.390000000000000000e+02 2.300000000000000000e+01 0.000000000000000000e+00 1.049000000000000000e+03 1.620000000000000000e+02
1.350000000000000000e+02 1.800000000000000000e+01 2.000000000000000000e+00 9.340000000000000000e+02 1.530000000000000000e+02
9.100000000000000000e+01 2.800000000000000000e+01 2.000000000000000000e+00 8.180000000000000000e+02 1.200000000000000000e+02
1.230000000000000000e+02 1.600000000000000000e+01 0.000000000000000000e+00 9.380000000000000000e+02 1.370000000000000000e+02
1.270000000000000000e+02 1.100000000000000000e+01 0.000000000000000000e+00 7.560000000000000000e+02 1.380000000000000000e+02
1.530000000000000000e+02 1.100000000000000000e+01 0.000000000000000000e+00 8.910000000000000000e+02 1.620000000000000000e+02
1.120000000000000000e+02 1.300000000000000000e+01 0.000000000000000000e+00 7.390000000000000000e+02 1.250000000000000000e+02
1.170000000000000000e+02 2.300000000000000000e+01 0.000000000000000000e+00 8.320000000000000000e+02 1.390000000000000000e+02
1.150000000000000000e+02 2.200000000000000000e+01 1.000000000000000000e+00 9.890000000000000000e+02 1.380000000000000000e+02
1.280000000000000000e+02 1.700000000000000000e+01 1.000000000000000000e+00 9.380000000000000000e+02 1.460000000000000000e+02
1.240000000000000000e+02 2.100000000000000000e+01 0.000000000000000000e+00 9.190000000000000000e+02 1.440000000000000000e+02
1.190000000000000000e+02 1.400000000000000000e+01 0.000000000000000000e+00 8.690000000000000000e+02 1.320000000000000000e+02
1.350000000000000000e+02 1.700000000000000000e+01 1.000000000000000000e+00 9.490000000000000000e+02 1.530000000000000000e+02
1.060000000000000000e+02 1.200000000000000000e+01 0.000000000000000000e+00 8.680000000000000000e+02 1.170000000000000000e+02
1.460000000000000000e+02 1.600000000000000000e+01 1.000000000000000000e+00 9.850000000000000000e+02 1.620000000000000000e+02
1.120000000000000000e+02 1.900000000000000000e+01 1.000000000000000000e+00 7.360000000000000000e+02 1.320000000000000000e+02
1.300000000000000000e+02 2.000000000000000000e+01 0.000000000000000000e+00 1.028000000000000000e+03 1.500000000000000000e+02
1.330000000000000000e+02 1.700000000000000000e+01 0.000000000000000000e+00 7.550000000000000000e+02 1.500000000000000000e+02
1.290000000000000000e+02 1.800000000000000000e+01 2.000000000000000000e+00 7.800000000000000000e+02 1.480000000000000000e+02
1.250000000000000000e+02 2.100000000000000000e+01 1.000000000000000000e+00 9.180000000000000000e+02 1.460000000000000000e+02
1.100000000000000000e+02 1.500000000000000000e+01 0.000000000000000000e+00 9.500000000000000000e+02 1.250000000000000000e+02
1.240000000000000000e+02 1.300000000000000000e+01 2.000000000000000000e+00 9.720000000000000000e+02 1.390000000000000000e+02
1.230000000000000000e+02 1.700000000000000000e+01 1.000000000000000000e+00 9.590000000000000000e+02 1.410000000000000000e+02
1.380000000000000000e+02 1.900000000000000000e+01 2.000000000000000000e+00 8.470000000000000000e+02 1.580000000000000000e+02
1.290000000000000000e+02 2.100000000000000000e+01 1.000000000000000000e+00 1.071000000000000000e+03 1.490000000000000000e+02
1.310000000000000000e+02 2.600000000000000000e+01 0.000000000000000000e+00 9.310000000000000000e+02 1.570000000000000000e+02
1.290000000000000000e+02 2.100000000000000000e+01 2.000000000000000000e+00 8.500000000000000000e+02 1.500000000000000000e+02
1.300000000000000000e+02 1.100000000000000000e+01 0.000000000000000000e+00 7.320000000000000000e+02 1.400000000000000000e+02
1.180000000000000000e+02 1.800000000000000000e+01 1.000000000000000000e+00 1.057000000000000000e+03 1.370000000000000000e+02
1.130000000000000000e+02 1.800000000000000000e+01 0.000000000000000000e+00 1.042000000000000000e+03 1.300000000000000000e+02
1.450000000000000000e+02 2.200000000000000000e+01 0.000000000000000000e+00 9.400000000000000000e+02 1.650000000000000000e+02
1.300000000000000000e+02 1.600000000000000000e+01 0.000000000000000000e+00 1.030000000000000000e+03 1.460000000000000000e+02
1.410000000000000000e+02 2.500000000000000000e+01 0.000000000000000000e+00 9.090000000000000000e+02 1.640000000000000000e+02
1.250000000000000000e+02 1.700000000000000000e+01 2.000000000000000000e+00 1.017000000000000000e+03 1.430000000000000000e+02
1.430000000000000000e+02 2.200000000000000000e+01 1.000000000000000000e+00 9.840000000000000000e+02 1.660000000000000000e+02
1.120000000000000000e+02 2.200000000000000000e+01 0.000000000000000000e+00 9.540000000000000000e+02 1.330000000000000000e+02
1.040000000000000000e+02 1.600000000000000000e+01 0.000000000000000000e+00 1.062000000000000000e+03 1.200000000000000000e+02
1.380000000000000000e+02 1.200000000000000000e+01 1.000000000000000000e+00 9.380000000000000000e+02 1.500000000000000000e+02
1.270000000000000000e+02 1.600000000000000000e+01 1.000000000000000000e+00 8.980000000000000000e+02 1.440000000000000000e+02
1.170000000000000000e+02 2.100000000000000000e+01 0.000000000000000000e+00 9.820000000000000000e+02 1.380000000000000000e+02
1.110000000000000000e+02 1.600000000000000000e+01 0.000000000000000000e+00 8.780000000000000000e+02 1.270000000000000000e+02
1.070000000000000000e+02 1.700000000000000000e+01 0.000000000000000000e+00 8.600000000000000000e+02 1.230000000000000000e+02
1.170000000000000000e+02 2.700000000000000000e+01 1.000000000000000000e+00 8.690000000000000000e+02 1.430000000000000000e+02
1.160000000000000000e+02 2.600000000000000000e+01 0.000000000000000000e+00 8.440000000000000000e+02 1.420000000000000000e+02
1.210000000000000000e+02 2.200000000000000000e+01 1.000000000000000000e+00 9.360000000000000000e+02 1.440000000000000000e+02
1.360000000000000000e+02 1.600000000000000000e+01 0.000000000000000000e+00 9.370000000000000000e+02 1.520000000000000000e+02
1.240000000000000000e+02 1.900000000000000000e+01 1.000000000000000000e+00 9.220000000000000000e+02 1.430000000000000000e+02
1.270000000000000000e+02 1.000000000000000000e+01 1.000000000000000000e+00 8.820000000000000000e+02 1.370000000000000000e+02
1.330000000000000000e+02 2.400000000000000000e+01 1.000000000000000000e+00 9.600000000000000000e+02 1.580000000000000000e+02
1.300000000000000000e+02 1.200000000000000000e+01 0.000000000000000000e+00 1.080000000000000000e+03 1.410000000000000000e+02
1.240000000000000000e+02 1.800000000000000000e+01 0.000000000000000000e+00 9.020000000000000000e+02 1.400000000000000000e+02
1.090000000000000000e+02 2.100000000000000000e+01 0.000000000000000000e+00 7.260000000000000000e+02 1.280000000000000000e+02
1.250000000000000000e+02 2.200000000000000000e+01 0.000000000000000000e+00 9.090000000000000000e+02 1.450000000000000000e+02
1.120000000000000000e+02 2.200000000000000000e+01 0.000000000000000000e+00 8.470000000000000000e+02 1.340000000000000000e+02
1.280000000000000000e+02 2.000000000000000000e+01 0.000000000000000000e+00 9.840000000000000000e+02 1.480000000000000000e+02
1.360000000000000000e+02 1.300000000000000000e+01 0.000000000000000000e+00 9.790000000000000000e+02 1.470000000000000000e+02
1.330000000000000000e+02 1.800000000000000000e+01 0.000000000000000000e+00 9.330000000000000000e+02 1.500000000000000000e+02
1.240000000000000000e+02 2.300000000000000000e+01 1.000000000000000000e+00 9.810000000000000000e+02 1.480000000000000000e+02
1.400000000000000000e+02 2.200000000000000000e+01 0.000000000000000000e+00 1.039000000000000000e+03 1.620000000000000000e+02
1.140000000000000000e+02 2.200000000000000000e+01 0.000000000000000000e+00 8.760000000000000000e+02 1.360000000000000000e+02
1.290000000000000000e+02 1.100000000000000000e+01 0.000000000000000000e+00 6.710000000000000000e+02 1.390000000000000000e+02
1.320000000000000000e+02 1.900000000000000000e+01 0.000000000000000000e+00 9.970000000000000000e+02 1.500000000000000000e+02
1.320000000000000000e+02 1.200000000000000000e+01 0.000000000000000000e+00 8.940000000000000000e+02 1.420000000000000000e+02
1.210000000000000000e+02 1.100000000000000000e+01 1.000000000000000000e+00 9.370000000000000000e+02 1.320000000000000000e+02
1.460000000000000000e+02 1.800000000000000000e+01 0.000000000000000000e+00 9.110000000000000000e+02 1.630000000000000000e+02
1.040000000000000000e+02 1.500000000000000000e+01 1.000000000000000000e+00 6.380000000000000000e+02 1.200000000000000000e+02
1.310000000000000000e+02 1.500000000000000000e+01 2.000000000000000000e+00 8.350000000000000000e+02 1.450000000000000000e+02
1.470000000000000000e+02 2.200000000000000000e+01 1.000000000000000000e+00 1.140000000000000000e+03 1.670000000000000000e+02
1.500000000000000000e+02 1.000000000000000000e+01 0.000000000000000000e+00 9.860000000000000000e+02 1.570000000000000000e+02
1.210000000000000000e+02 1.800000000000000000e+01 0.000000000000000000e+00 8.550000000000000000e+02 1.370000000000000000e+02
1.230000000000000000e+02 2.100000000000000000e+01 2.000000000000000000e+00 1.048000000000000000e+03 1.460000000000000000e+02
1.150000000000000000e+02 2.700000000000000000e+01 0.000000000000000000e+00 1.001000000000000000e+03 1.410000000000000000e+02
1.150000000000000000e+02 8.000000000000000000e+00 0.000000000000000000e+00 8.160000000000000000e+02 1.220000000000000000e+02
1.360000000000000000e+02 1.300000000000000000e+01 1.000000000000000000e+00 9.890000000000000000e+02 1.500000000000000000e+02
1.000000000000000000e+02 1.800000000000000000e+01 1.000000000000000000e+00 7.480000000000000000e+02 1.170000000000000000e+02
1.340000000000000000e+02 2.900000000000000000e+01 0.000000000000000000e+00 9.530000000000000000e+02 1.610000000000000000e+02
1.330000000000000000e+02 2.100000000000000000e+01 0.000000000000000000e+00 9.940000000000000000e+02 1.530000000000000000e+02
1.280000000000000000e+02 2.000000000000000000e+01 1.000000000000000000e+00 8.560000000000000000e+02 1.470000000000000000e+02
1.210000000000000000e+02 1.600000000000000000e+01 0.000000000000000000e+00 9.200000000000000000e+02 1.360000000000000000e+02
1.160000000000000000e+02 1.900000000000000000e+01 2.000000000000000000e+00 8.990000000000000000e+02 1.370000000000000000e+02
1.230000000000000000e+02 1.900000000000000000e+01 1.000000000000000000e+00 1.047000000000000000e+03 1.420000000000000000e+02
1.290000000000000000e+02 1.600000000000000000e+01 0.000000000000000000e+00 8.830000000000000000e+02 1.440000000000000000e+02
1.070000000000000000e+02 1.300000000000000000e+01 0.000000000000000000e+00 8.490000000000000000e+02 1.160000000000000000e+02
1.160000000000000000e+02 1.600000000000000000e+01 0.000000000000000000e+00 7.630000000000000000e+02 1.320000000000000000e+02
1.160000000000000000e+02 2.900000000000000000e+01 1.000000000000000000e+00 9.280000000000000000e+02 1.460000000000000000e+02
1.330000000000000000e+02 2.700000000000000000e+01 0.000000000000000000e+00 1.060000000000000000e+03 1.590000000000000000e+02
1.350000000000000000e+02 1.400000000000000000e+01 1.000000000000000000e+00 8.830000000000000000e+02 1.490000000000000000e+02
1.460000000000000000e+02 2.400000000000000000e+01 1.000000000000000000e+00 8.770000000000000000e+02 1.710000000000000000e+02
1.480000000000000000e+02 2.300000000000000000e+01 0.000000000000000000e+00 1.064000000000000000e+03 1.710000000000000000e+02
1.160000000000000000e+02 1.700000000000000000e+01 2.000000000000000000e+00 8.200000000000000000e+02 1.340000000000000000e+02
1.110000000000000000e+02 2.600000000000000000e+01 1.000000000000000000e+00 9.210000000000000000e+02 1.360000000000000000e+02
1.460000000000000000e+02 1.800000000000000000e+01 0.000000000000000000e+00 1.001000000000000000e+03 1.640000000000000000e+02
1.170000000000000000e+02 1.500000000000000000e+01 0.000000000000000000e+00 7.690000000000000000e+02 1.310000000000000000e+02
1.280000000000000000e+02 1.000000000000000000e+01 0.000000000000000000e+00 9.080000000000000000e+02 1.360000000000000000e+02
1.240000000000000000e+02 1.300000000000000000e+01 0.000000000000000000e+00 5.580000000000000000e+02 1.360000000000000000e+02
1.050000000000000000e+02 2.600000000000000000e+01 3.000000000000000000e+00 9.770000000000000000e+02 1.330000000000000000e+02
1.270000000000000000e+02 1.300000000000000000e+01 0.000000000000000000e+00 8.400000000000000000e+02 1.400000000000000000e+02
1.260000000000000000e+02 2.100000000000000000e+01 1.000000000000000000e+00 1.029000000000000000e+03 1.470000000000000000e+02
1.160000000000000000e+02 1.100000000000000000e+01 0.000000000000000000e+00 5.180000000000000000e+02 1.260000000000000000e+02
1.250000000000000000e+02 2.400000000000000000e+01 2.000000000000000000e+00 1.026000000000000000e+03 1.510000000000000000e+02
1.200000000000000000e+02 2.000000000000000000e+01 0.000000000000000000e+00 9.400000000000000000e+02 1.390000000000000000e+02
1.250000000000000000e+02 2.500000000000000000e+01 1.000000000000000000e+00 8.910000000000000000e+02 1.510000000000000000e+02
1.320000000000000000e+02 1.800000000000000000e+01 0.000000000000000000e+00 8.810000000000000000e+02 1.490000000000000000e+02
1.520000000000000000e+02 2.400000000000000000e+01 1.000000000000000000e+00 1.071000000000000000e+03 1.760000000000000000e+02
1.270000000000000000e+02 1.200000000000000000e+01 0.000000000000000000e+00 5.860000000000000000e+02 1.380000000000000000e+02
1.220000000000000000e+02 2.000000000000000000e+01 0.000000000000000000e+00 8.470000000000000000e+02 1.420000000000000000e+02
1.280000000000000000e+02 1.700000000000000000e+01 0.000000000000000000e+00 1.042000000000000000e+03 1.450000000000000000e+02
1.180000000000000000e+02 1.500000000000000000e+01 0.000000000000000000e+00 5.190000000000000000e+02 1.320000000000000000e+02
1.230000000000000000e+02 2.200000000000000000e+01 0.000000000000000000e+00 7.770000000000000000e+02 1.440000000000000000e+02
1.120000000000000000e+02 1.300000000000000000e+01 0.000000000000000000e+00 8.440000000000000000e+02 1.250000000000000000e+02
1.140000000000000000e+02 1.900000000000000000e+01 0.000000000000000000e+00 9.590000000000000000e+02 1.330000000000000000e+02
1.290000000000000000e+02 1.300000000000000000e+01 1.000000000000000000e+00 6.490000000000000000e+02 1.430000000000000000e+02
1.360000000000000000e+02 2.200000000000000000e+01 1.000000000000000000e+00 7.910000000000000000e+02 1.590000000000000000e+02
1.130000000000000000e+02 1.200000000000000000e+01 1.000000000000000000e+00 8.860000000000000000e+02 1.250000000000000000e+02
1.200000000000000000e+02 1.900000000000000000e+01 0.000000000000000000e+00 1.077000000000000000e+03 1.370000000000000000e+02
1.500000000000000000e+02 2.300000000000000000e+01 0.000000000000000000e+00 8.550000000000000000e+02 1.720000000000000000e+02
1.260000000000000000e+02 2.300000000000000000e+01 1.000000000000000000e+00 1.057000000000000000e+03 1.500000000000000000e+02
1.240000000000000000e+02 2.400000000000000000e+01 1.000000000000000000e+00 8.500000000000000000e+02 1.480000000000000000e+02
1.270000000000000000e+02 2.900000000000000000e+01 1.000000000000000000e+00 9.860000000000000000e+02 1.550000000000000000e+02
1.210000000000000000e+02 1.600000000000000000e+01 1.000000000000000000e+00 7.110000000000000000e+02 1.380000000000000000e+02
1.350000000000000000e+02 2.500000000000000000e+01 2.000000000000000000e+00 8.400000000000000000e+02 1.610000000000000000e+02
1.180000000000000000e+02 3.000000000000000000e+01 0.000000000000000000e+00 8.340000000000000000e+02 1.480000000000000000e+02
1.310000000000000000e+02 1.800000000000000000e+01 2.000000000000000000e+00 9.310000000000000000e+02 1.510000000000000000e+02
1.250000000000000000e+02 2.200000000000000000e+01 0.000000000000000000e+00 8.290000000000000000e+02 1.450000000000000000e+02
1.510000000000000000e+02 2.000000000000000000e+01 1.000000000000000000e+00 1.062000000000000000e+03 1.700000000000000000e+02
1.260000000000000000e+02 1.200000000000000000e+01 1.000000000000000000e+00 8.960000000000000000e+02 1.380000000000000000e+02
1.280000000000000000e+02 2.000000000000000000e+01 1.000000000000000000e+00 9.110000000000000000e+02 1.490000000000000000e+02
1.250000000000000000e+02 2.600000000000000000e+01 2.000000000000000000e+00 1.101000000000000000e+03 1.520000000000000000e+02
1.310000000000000000e+02 1.600000000000000000e+01 1.000000000000000000e+00 9.760000000000000000e+02 1.470000000000000000e+02
1.160000000000000000e+02 1.900000000000000000e+01 0.000000000000000000e+00 9.180000000000000000e+02 1.330000000000000000e+02
1.180000000000000000e+02 1.300000000000000000e+01 1.000000000000000000e+00 7.850000000000000000e+02 1.290000000000000000e+02
1.260000000000000000e+02 1.000000000000000000e+01 0.000000000000000000e+00 8.800000000000000000e+02 1.350000000000000000e+02
1.360000000000000000e+02 1.100000000000000000e+01 2.000000000000000000e+00 8.370000000000000000e+02 1.490000000000000000e+02
1.300000000000000000e+02 2.200000000000000000e+01 1.000000000000000000e+00 8.870000000000000000e+02 1.520000000000000000e+02
1.290000000000000000e+02 2.300000000000000000e+01 0.000000000000000000e+00 8.910000000000000000e+02 1.500000000000000000e+02
1.340000000000000000e+02 1.700000000000000000e+01 0.000000000000000000e+00 8.960000000000000000e+02 1.510000000000000000e+02
1.140000000000000000e+02 1.500000000000000000e+01 0.000000000000000000e+00 7.930000000000000000e+02 1.280000000000000000e+02
1.400000000000000000e+02 2.700000000000000000e+01 0.000000000000000000e+00 1.069000000000000000e+03 1.660000000000000000e+02
1.310000000000000000e+02 1.700000000000000000e+01 2.000000000000000000e+00 1.003000000000000000e+03 1.490000000000000000e+02
1.120000000000000000e+02 2.400000000000000000e+01 1.000000000000000000e+00 1.065000000000000000e+03 1.350000000000000000e+02
1.330000000000000000e+02 1.900000000000000000e+01 2.000000000000000000e+00 9.760000000000000000e+02 1.520000000000000000e+02
1.400000000000000000e+02 1.800000000000000000e+01 0.000000000000000000e+00 8.580000000000000000e+02 1.580000000000000000e+02
1.140000000000000000e+02 1.800000000000000000e+01 0.000000000000000000e+00 8.190000000000000000e+02 1.320000000000000000e+02
1.290000000000000000e+02 1.700000000000000000e+01 1.000000000000000000e+00 1.037000000000000000e+03 1.460000000000000000e+02
1.110000000000000000e+02 8.000000000000000000e+00 1.000000000000000000e+00 9.010000000000000000e+02 1.200000000000000000e+02
1.400000000000000000e+02 1.900000000000000000e+01 1.000000000000000000e+00 9.060000000000000000e+02 1.600000000000000000e+02
1.170000000000000000e+02 1.800000000000000000e+01 1.000000000000000000e+00 8.920000000000000000e+02 1.320000000000000000e+02
1.270000000000000000e+02 1.300000000000000000e+01 0.000000000000000000e+00 8.190000000000000000e+02 1.400000000000000000e+02
1.290000000000000000e+02 2.100000000000000000e+01 1.000000000000000000e+00 8.100000000000000000e+02 1.490000000000000000e+02
1.360000000000000000e+02 2.200000000000000000e+01 2.000000000000000000e+00 9.970000000000000000e+02 1.590000000000000000e+02
1.230000000000000000e+02 1.600000000000000000e+01 0.000000000000000000e+00 9.340000000000000000e+02 1.390000000000000000e+02
1.400000000000000000e+02 1.900000000000000000e+01 1.000000000000000000e+00 1.007000000000000000e+03 1.580000000000000000e+02
1.050000000000000000e+02 1.800000000000000000e+01 0.000000000000000000e+00 7.700000000000000000e+02 1.230000000000000000e+02
1.250000000000000000e+02 1.600000000000000000e+01 0.000000000000000000e+00 8.240000000000000000e+02 1.400000000000000000e+02
1.270000000000000000e+02 2.100000000000000000e+01 1.000000000000000000e+00 9.110000000000000000e+02 1.490000000000000000e+02
1.400000000000000000e+02 2.500000000000000000e+01 0.000000000000000000e+00 9.430000000000000000e+02 1.610000000000000000e+02
1.470000000000000000e+02 2.000000000000000000e+01 2.000000000000000000e+00 1.071000000000000000e+03 1.650000000000000000e+02
1.070000000000000000e+02 1.700000000000000000e+01 1.000000000000000000e+00 1.027000000000000000e+03 1.230000000000000000e+02
1.390000000000000000e+02 2.000000000000000000e+01 1.000000000000000000e+00 8.950000000000000000e+02 1.570000000000000000e+02
1.300000000000000000e+02 1.900000000000000000e+01 2.000000000000000000e+00 8.550000000000000000e+02 1.510000000000000000e+02
1.360000000000000000e+02 1.200000000000000000e+01 0.000000000000000000e+00 7.940000000000000000e+02 1.460000000000000000e+02
1.110000000000000000e+02 2.000000000000000000e+01 1.000000000000000000e+00 9.350000000000000000e+02 1.320000000000000000e+02
1.070000000000000000e+02 1.700000000000000000e+01 3.000000000000000000e+00 8.940000000000000000e+02 1.240000000000000000e+02
1.170000000000000000e+02 2.000000000000000000e+01 0.000000000000000000e+00 9.600000000000000000e+02 1.360000000000000000e+02
1.400000000000000000e+02 2.400000000000000000e+01 1.000000000000000000e+00 1.098000000000000000e+03 1.630000000000000000e+02
1.310000000000000000e+02 1.900000000000000000e+01 0.000000000000000000e+00 8.970000000000000000e+02 1.470000000000000000e+02
1.100000000000000000e+02 1.800000000000000000e+01 0.000000000000000000e+00 8.930000000000000000e+02 1.280000000000000000e+02
1.210000000000000000e+02 1.600000000000000000e+01 0.000000000000000000e+00 7.130000000000000000e+02 1.370000000000000000e+02
1.390000000000000000e+02 1.600000000000000000e+01 1.000000000000000000e+00 8.910000000000000000e+02 1.540000000000000000e+02
1.210000000000000000e+02 2.400000000000000000e+01 0.000000000000000000e+00 9.980000000000000000e+02 1.430000000000000000e+02
1.490000000000000000e+02 1.500000000000000000e+01 0.000000000000000000e+00 1.032000000000000000e+03 1.620000000000000000e+02
1.210000000000000000e+02 1.800000000000000000e+01 0.000000000000000000e+00 8.760000000000000000e+02 1.380000000000000000e+02
1.100000000000000000e+02 2.200000000000000000e+01 0.000000000000000000e+00 1.007000000000000000e+03 1.310000000000000000e+02
1.350000000000000000e+02 2.300000000000000000e+01 5.000000000000000000e+00 8.540000000000000000e+02 1.630000000000000000e+02
1.220000000000000000e+02 2.100000000000000000e+01 2.000000000000000000e+00 8.370000000000000000e+02 1.440000000000000000e+02
1.110000000000000000e+02 1.600000000000000000e+01 0.000000000000000000e+00 6.650000000000000000e+02 1.260000000000000000e+02
1.290000000000000000e+02 1.600000000000000000e+01 0.000000000000000000e+00 1.022000000000000000e+03 1.420000000000000000e+02
1.460000000000000000e+02 1.700000000000000000e+01 1.000000000000000000e+00 1.039000000000000000e+03 1.640000000000000000e+02
1.390000000000000000e+02 2.000000000000000000e+01 2.000000000000000000e+00 1.079000000000000000e+03 1.610000000000000000e+02
1.170000000000000000e+02 1.800000000000000000e+01 1.000000000000000000e+00 8.390000000000000000e+02 1.330000000000000000e+02
1.270000000000000000e+02 2.200000000000000000e+01 0.000000000000000000e+00 8.120000000000000000e+02 1.490000000000000000e+02
1.280000000000000000e+02 2.500000000000000000e+01 1.000000000000000000e+00 8.940000000000000000e+02 1.530000000000000000e+02
1.430000000000000000e+02 2.000000000000000000e+01 2.000000000000000000e+00 9.930000000000000000e+02 1.650000000000000000e+02
1.290000000000000000e+02 1.200000000000000000e+01 0.000000000000000000e+00 7.330000000000000000e+02 1.390000000000000000e+02
1.250000000000000000e+02 1.700000000000000000e+01 0.000000000000000000e+00 9.460000000000000000e+02 1.410000000000000000e+02
1.210000000000000000e+02 1.900000000000000000e+01 0.000000000000000000e+00 8.880000000000000000e+02 1.390000000000000000e+02
1.220000000000000000e+02 1.600000000000000000e+01 0.000000000000000000e+00 9.440000000000000000e+02 1.380000000000000000e+02
1.490000000000000000e+02 1.900000000000000000e+01 2.000000000000000000e+00 1.040000000000000000e+03 1.690000000000000000e+02
1.180000000000000000e+02 1.600000000000000000e+01 1.000000000000000000e+00 8.440000000000000000e+02 1.340000000000000000e+02
1.310000000000000000e+02 2.500000000000000000e+01 1.000000000000000000e+00 9.100000000000000000e+02 1.560000000000000000e+02
1.520000000000000000e+02 2.400000000000000000e+01 0.000000000000000000e+00 1.059000000000000000e+03 1.760000000000000000e+02
1.220000000000000000e+02 1.900000000000000000e+01 1.000000000000000000e+00 8.810000000000000000e+02 1.390000000000000000e+02
1.320000000000000000e+02 1.600000000000000000e+01 0.000000000000000000e+00 9.640000000000000000e+02 1.460000000000000000e+02
1.580000000000000000e+02 2.000000000000000000e+01 2.000000000000000000e+00 9.150000000000000000e+02 1.790000000000000000e+02
1.290000000000000000e+02 1.400000000000000000e+01 0.000000000000000000e+00 1.053000000000000000e+03 1.420000000000000000e+02
1.270000000000000000e+02 1.900000000000000000e+01 0.000000000000000000e+00 9.840000000000000000e+02 1.430000000000000000e+02
1.530000000000000000e+02 2.300000000000000000e+01 1.000000000000000000e+00 1.045000000000000000e+03 1.770000000000000000e+02
1.190000000000000000e+02 1.300000000000000000e+01 0.000000000000000000e+00 7.050000000000000000e+02 1.310000000000000000e+02
1.390000000000000000e+02 2.200000000000000000e+01 0.000000000000000000e+00 1.057000000000000000e+03 1.600000000000000000e+02
8.800000000000000000e+01 2.000000000000000000e+01 1.000000000000000000e+00 4.980000000000000000e+02 1.090000000000000000e+02
1.160000000000000000e+02 1.200000000000000000e+01 2.000000000000000000e+00 6.930000000000000000e+02 1.300000000000000000e+02
1.300000000000000000e+02 2.000000000000000000e+01 0.000000000000000000e+00 9.700000000000000000e+02 1.490000000000000000e+02
1.250000000000000000e+02 1.700000000000000000e+01 0.000000000000000000e+00 8.130000000000000000e+02 1.410000000000000000e+02
1.300000000000000000e+02 1.700000000000000000e+01 0.000000000000000000e+00 1.060000000000000000e+03 1.460000000000000000e+02
1.360000000000000000e+02 1.900000000000000000e+01 0.000000000000000000e+00 1.000000000000000000e+03 1.550000000000000000e+02
1.410000000000000000e+02 1.600000000000000000e+01 0.000000000000000000e+00 8.530000000000000000e+02 1.550000000000000000e+02
1.270000000000000000e+02 1.200000000000000000e+01 0.000000000000000000e+00 9.560000000000000000e+02 1.370000000000000000e+02
1.230000000000000000e+02 1.300000000000000000e+01 0.000000000000000000e+00 9.930000000000000000e+02 1.350000000000000000e+02
1.280000000000000000e+02 1.900000000000000000e+01 1.000000000000000000e+00 9.560000000000000000e+02 1.480000000000000000e+02
1.180000000000000000e+02 2.200000000000000000e+01 1.000000000000000000e+00 8.660000000000000000e+02 1.410000000000000000e+02
1.260000000000000000e+02 3.200000000000000000e+01 1.000000000000000000e+00 8.630000000000000000e+02 1.580000000000000000e+02
1.300000000000000000e+02 1.700000000000000000e+01 0.000000000000000000e+00 7.860000000000000000e+02 1.470000000000000000e+02
1.240000000000000000e+02 2.200000000000000000e+01 1.000000000000000000e+00 9.570000000000000000e+02 1.470000000000000000e+02
1.570000000000000000e+02 2.000000000000000000e+01 1.000000000000000000e+00 1.145000000000000000e+03 1.780000000000000000e+02
9.600000000000000000e+01 1.600000000000000000e+01 1.000000000000000000e+00 5.340000000000000000e+02 1.120000000000000000e+02
1.180000000000000000e+02 2.400000000000000000e+01 0.000000000000000000e+00 7.270000000000000000e+02 1.410000000000000000e+02
1.390000000000000000e+02 1.600000000000000000e+01 0.000000000000000000e+00 9.100000000000000000e+02 1.540000000000000000e+02
1.260000000000000000e+02 1.500000000000000000e+01 3.000000000000000000e+00 7.880000000000000000e+02 1.440000000000000000e+02
1.180000000000000000e+02 2.300000000000000000e+01 4.000000000000000000e+00 8.570000000000000000e+02 1.440000000000000000e+02
1.030000000000000000e+02 1.700000000000000000e+01 2.000000000000000000e+00 9.040000000000000000e+02 1.210000000000000000e+02
1.200000000000000000e+02 2.100000000000000000e+01 5.000000000000000000e+00 7.970000000000000000e+02 1.460000000000000000e+02
1.280000000000000000e+02 2.100000000000000000e+01 3.000000000000000000e+00 1.051000000000000000e+03 1.520000000000000000e+02
1.230000000000000000e+02 2.500000000000000000e+01 2.000000000000000000e+00 9.380000000000000000e+02 1.490000000000000000e+02
1.210000000000000000e+02 2.900000000000000000e+01 3.000000000000000000e+00 1.112000000000000000e+03 1.520000000000000000e+02
1.050000000000000000e+02 1.600000000000000000e+01 1.000000000000000000e+00 7.990000000000000000e+02 1.210000000000000000e+02
1.400000000000000000e+02 1.600000000000000000e+01 0.000000000000000000e+00 9.760000000000000000e+02 1.530000000000000000e+02
1.160000000000000000e+02 1.200000000000000000e+01 0.000000000000000000e+00 9.990000000000000000e+02 1.270000000000000000e+02
1.360000000000000000e+02 2.300000000000000000e+01 2.000000000000000000e+00 1.020000000000000000e+03 1.610000000000000000e+02
1.620000000000000000e+02 2.100000000000000000e+01 1.000000000000000000e+00 9.030000000000000000e+02 1.830000000000000000e+02
9.400000000000000000e+01 1.800000000000000000e+01 0.000000000000000000e+00 1.006000000000000000e+03 1.120000000000000000e+02
1.200000000000000000e+02 2.900000000000000000e+01 0.000000000000000000e+00 8.920000000000000000e+02 1.470000000000000000e+02
9.100000000000000000e+01 1.600000000000000000e+01 3.000000000000000000e+00 8.120000000000000000e+02 1.080000000000000000e+02
