1.817000000000000000e+03 1.410000000000000000e+02 2.500000000000000000e+01 6.433000000000000000e+03 1.361000000000000000e+03
1.947000000000000000e+03 1.850000000000000000e+02 2.100000000000000000e+01 6.767000000000000000e+03 1.383000000000000000e+03
1.734000000000000000e+03 1.340000000000000000e+02 1.700000000000000000e+01 6.350000000000000000e+03 1.258000000000000000e+03
1.560000000000000000e+03 1.460000000000000000e+02 1.900000000000000000e+01 6.479000000000000000e+03 1.278000000000000000e+03
2.512000000000000000e+03 1.610000000000000000e+02 2.600000000000000000e+01 6.599000000000000000e+03 1.520000000000000000e+03
1.766000000000000000e+03 1.560000000000000000e+02 2.500000000000000000e+01 6.423000000000000000e+03 1.279000000000000000e+03
1.581000000000000000e+03 1.580000000000000000e+02 3.500000000000000000e+01 6.467000000000000000e+03 1.257000000000000000e+03
1.594000000000000000e+03 1.330000000000000000e+02 2.600000000000000000e+01 6.226000000000000000e+03 1.273000000000000000e+03
2.032000000000000000e+03 1.620000000000000000e+02 2.400000000000000000e+01 6.578000000000000000e+03 1.361000000000000000e+03
1.626000000000000000e+03 1.570000000000000000e+02 1.400000000000000000e+01 6.268000000000000000e+03 1.267000000000000000e+03
1.651000000000000000e+03 1.310000000000000000e+02 1.500000000000000000e+01 6.491000000000000000e+03 1.282000000000000000e+03
2.097000000000000000e+03 1.650000000000000000e+02 3.700000000000000000e+01 6.917000000000000000e+03 1.457000000000000000e+03
2.073000000000000000e+03 1.750000000000000000e+02 3.400000000000000000e+01 6.981000000000000000e+03 1.455000000000000000e+03
1.616000000000000000e+03 1.380000000000000000e+02 2.400000000000000000e+01 6.230000000000000000e+03 1.249000000000000000e+03
1.872000000000000000e+03 1.310000000000000000e+02 2.800000000000000000e+01 6.755000000000000000e+03 1.408000000000000000e+03
1.255000000000000000e+03 1.360000000000000000e+02 2.500000000000000000e+01 5.590000000000000000e+03 1.138000000000000000e+03
2.145000000000000000e+03 1.800000000000000000e+02 4.000000000000000000e+01 6.955000000000000000e+03 1.479000000000000000e+03
1.549000000000000000e+03 1.230000000000000000e+02 9.000000000000000000e+00 6.175000000000000000e+03 1.233000000000000000e+03
1.494000000000000000e+03 1.500000000000000000e+02 3.600000000000000000e+01 5.918000000000000000e+03 1.224000000000000000e+03
1.902000000000000000e+03 1.360000000000000000e+02 1.700000000000000000e+01 6.767000000000000000e+03 1.332000000000000000e+03
2.069000000000000000e+03 1.540000000000000000e+02 2.800000000000000000e+01 6.857000000000000000e+03 1.405000000000000000e+03
1.488000000000000000e+03 1.120000000000000000e+02 2.100000000000000000e+01 6.753000000000000000e+03 1.232000000000000000e+03
1.807000000000000000e+03 1.650000000000000000e+02 2.500000000000000000e+01 6.437000000000000000e+03 1.340000000000000000e+03
1.827000000000000000e+03 1.440000000000000000e+02 2.500000000000000000e+01 6.026000000000000000e+03 1.263000000000000000e+03
1.550000000000000000e+03 1.410000000000000000e+02 2.300000000000000000e+01 5.901000000000000000e+03 1.237000000000000000e+03
1.555000000000000000e+03 1.630000000000000000e+02 1.900000000000000000e+01 6.630000000000000000e+03 1.294000000000000000e+03
1.595000000000000000e+03 1.570000000000000000e+02 2.400000000000000000e+01 5.931000000000000000e+03 1.231000000000000000e+03
1.588000000000000000e+03 1.360000000000000000e+02 1.300000000000000000e+01 6.341000000000000000e+03 1.240000000000000000e+03
1.678000000000000000e+03 1.340000000000000000e+02 1.900000000000000000e+01 6.233000000000000000e+03 1.237000000000000000e+03
2.322000000000000000e+03 1.730000000000000000e+02 3.100000000000000000e+01 6.996000000000000000e+03 1.496000000000000000e+03
2.186000000000000000e+03 1.690000000000000000e+02 2.300000000000000000e+01 6.814000000000000000e+03 1.475000000000000000e+03
1.599000000000000000e+03 1.420000000000000000e+02 2.800000000000000000e+01 6.146000000000000000e+03 1.253000000000000000e+03
1.615000000000000000e+03 1.380000000000000000e+02 1.500000000000000000e+01 6.462000000000000000e+03 1.285000000000000000e+03
1.719000000000000000e+03 1.460000000000000000e+02 1.700000000000000000e+01 6.722000000000000000e+03 1.270000000000000000e+03
2.120000000000000000e+03 1.600000000000000000e+02 2.800000000000000000e+01 7.392000000000000000e+03 1.426000000000000000e+03
1.785000000000000000e+03 1.580000000000000000e+02 2.600000000000000000e+01 6.864000000000000000e+03 1.325000000000000000e+03
1.669000000000000000e+03 1.650000000000000000e+02 2.800000000000000000e+01 6.095000000000000000e+03 1.253000000000000000e+03
1.848000000000000000e+03 1.450000000000000000e+02 3.100000000000000000e+01 6.862000000000000000e+03 1.374000000000000000e+03
1.327000000000000000e+03 1.290000000000000000e+02 1.500000000000000000e+01 5.966000000000000000e+03 1.147000000000000000e+03
1.547000000000000000e+03 1.380000000000000000e+02 2.800000000000000000e+01 6.578000000000000000e+03 1.229000000000000000e+03
1.712000000000000000e+03 1.500000000000000000e+02 2.100000000000000000e+01 6.605000000000000000e+03 1.297000000000000000e+03
1.385000000000000000e+03 1.350000000000000000e+02 1.900000000000000000e+01 5.838000000000000000e+03 1.182000000000000000e+03
1.759000000000000000e+03 1.250000000000000000e+02 1.700000000000000000e+01 6.661000000000000000e+03 1.318000000000000000e+03
1.952000000000000000e+03 1.110000000000000000e+02 3.700000000000000000e+01 6.674000000000000000e+03 1.385000000000000000e+03
1.928000000000000000e+03 1.750000000000000000e+02 1.800000000000000000e+01 7.106000000000000000e+03 1.314000000000000000e+03
1.480000000000000000e+03 1.180000000000000000e+02 2.100000000000000000e+01 5.985000000000000000e+03 1.200000000000000000e+03
1.682000000000000000e+03 1.580000000000000000e+02 2.400000000000000000e+01 6.357000000000000000e+03 1.295000000000000000e+03
2.234000000000000000e+03 1.380000000000000000e+02 2.500000000000000000e+01 7.065000000000000000e+03 1.457000000000000000e+03
2.000000000000000000e+03 1.570000000000000000e+02 3.000000000000000000e+01 6.608000000000000000e+03 1.384000000000000000e+03
1.655000000000000000e+03 1.460000000000000000e+02 2.100000000000000000e+01 6.378000000000000000e+03 1.286000000000000000e+03
1.695000000000000000e+03 1.230000000000000000e+02 1.100000000000000000e+01 6.789000000000000000e+03 1.289000000000000000e+03
2.000000000000000000e+03 1.520000000000000000e+02 2.500000000000000000e+01 6.613000000000000000e+03 1.410000000000000000e+03
1.945000000000000000e+03 1.580000000000000000e+02 1.700000000000000000e+01 6.402000000000000000e+03 1.294000000000000000e+03
2.024000000000000000e+03 1.570000000000000000e+02 1.800000000000000000e+01 6.474000000000000000e+03 1.411000000000000000e+03
2.109000000000000000e+03 1.230000000000000000e+02 1.500000000000000000e+01 6.804000000000000000e+03 1.425000000000000000e+03
1.753000000000000000e+03 1.640000000000000000e+02 1.700000000000000000e+01 6.443000000000000000e+03 1.298000000000000000e+03
1.695000000000000000e+03 1.560000000000000000e+02 2.800000000000000000e+01 6.774000000000000000e+03 1.255000000000000000e+03
1.710000000000000000e+03 1.860000000000000000e+02 2.400000000000000000e+01 6.790000000000000000e+03 1.303000000000000000e+03
1.765000000000000000e+03 1.380000000000000000e+02 1.700000000000000000e+01 6.420000000000000000e+03 1.301000000000000000e+03
1.448000000000000000e+03 1.150000000000000000e+02 1.400000000000000000e+01 6.578000000000000000e+03 1.195000000000000000e+03
1.593000000000000000e+03 1.470000000000000000e+02 2.700000000000000000e+01 6.266000000000000000e+03 1.251000000000000000e+03
1.844000000000000000e+03 1.420000000000000000e+02 2.300000000000000000e+01 6.601000000000000000e+03 1.330000000000000000e+03
1.842000000000000000e+03 1.490000000000000000e+02 2.400000000000000000e+01 6.802000000000000000e+03 1.323000000000000000e+03
2.193000000000000000e+03 1.730000000000000000e+02 2.800000000000000000e+01 6.827000000000000000e+03 1.502000000000000000e+03
2.120000000000000000e+03 1.510000000000000000e+02 1.700000000000000000e+01 7.058000000000000000e+03 1.434000000000000000e+03
1.701000000000000000e+03 1.490000000000000000e+02 1.700000000000000000e+01 6.634000000000000000e+03 1.310000000000000000e+03
1.988000000000000000e+03 1.560000000000000000e+02 3.600000000000000000e+01 6.817000000000000000e+03 1.315000000000000000e+03
2.111000000000000000e+03 1.800000000000000000e+02 2.600000000000000000e+01 7.211000000000000000e+03 1.457000000000000000e+03
1.930000000000000000e+03 1.830000000000000000e+02 2.400000000000000000e+01 6.534000000000000000e+03 1.376000000000000000e+03
1.723000000000000000e+03 1.470000000000000000e+02 2.200000000000000000e+01 6.221000000000000000e+03 1.282000000000000000e+03
1.560000000000000000e+03 1.480000000000000000e+02 3.000000000000000000e+01 6.540000000000000000e+03 1.311000000000000000e+03
1.268000000000000000e+03 9.100000000000000000e+01 1.400000000000000000e+01 5.519000000000000000e+03 1.144000000000000000e+03
1.743000000000000000e+03 1.630000000000000000e+02 4.000000000000000000e+01 6.427000000000000000e+03 1.282000000000000000e+03
1.671000000000000000e+03 1.460000000000000000e+02 2.000000000000000000e+01 6.376000000000000000e+03 1.305000000000000000e+03
1.729000000000000000e+03 1.620000000000000000e+02 2.300000000000000000e+01 6.588000000000000000e+03 1.342000000000000000e+03
1.944000000000000000e+03 1.730000000000000000e+02 3.100000000000000000e+01 6.942000000000000000e+03 1.385000000000000000e+03
1.571000000000000000e+03 1.670000000000000000e+02 3.100000000000000000e+01 6.489000000000000000e+03 1.273000000000000000e+03
1.773000000000000000e+03 1.600000000000000000e+02 2.700000000000000000e+01 6.796000000000000000e+03 1.275000000000000000e+03
1.736000000000000000e+03 1.430000000000000000e+02 2.100000000000000000e+01 6.194000000000000000e+03 1.278000000000000000e+03
2.139000000000000000e+03 1.250000000000000000e+02 2.500000000000000000e+01 6.949000000000000000e+03 1.391000000000000000e+03
2.083000000000000000e+03 1.900000000000000000e+02 2.700000000000000000e+01 6.857000000000000000e+03 1.381000000000000000e+03
1.453000000000000000e+03 1.430000000000000000e+02 2.400000000000000000e+01 6.219000000000000000e+03 1.214000000000000000e+03
1.394000000000000000e+03 1.220000000000000000e+02 1.600000000000000000e+01 6.424000000000000000e+03 1.160000000000000000e+03
1.696000000000000000e+03 1.310000000000000000e+02 2.100000000000000000e+01 6.360000000000000000e+03 1.276000000000000000e+03
1.744000000000000000e+03 1.690000000000000000e+02 1.900000000000000000e+01 6.476000000000000000e+03 1.270000000000000000e+03
1.634000000000000000e+03 1.270000000000000000e+02 1.600000000000000000e+01 6.341000000000000000e+03 1.278000000000000000e+03
2.100000000000000000e+03 1.570000000000000000e+02 1.700000000000000000e+01 6.806000000000000000e+03 1.399000000000000000e+03
2.132000000000000000e+03 1.660000000000000000e+02 2.800000000000000000e+01 6.991000000000000000e+03 1.489000000000000000e+03
1.649000000000000000e+03 1.700000000000000000e+02 3.100000000000000000e+01 6.349000000000000000e+03 1.243000000000000000e+03
2.319000000000000000e+03 1.820000000000000000e+02 2.100000000000000000e+01 6.760000000000000000e+03 1.536000000000000000e+03
2.012000000000000000e+03 1.570000000000000000e+02 2.300000000000000000e+01 6.446000000000000000e+03 1.372000000000000000e+03
1.506000000000000000e+03 1.450000000000000000e+02 1.900000000000000000e+01 6.589000000000000000e+03 1.192000000000000000e+03
2.046000000000000000e+03 1.460000000000000000e+02 2.200000000000000000e+01 6.524000000000000000e+03 1.427000000000000000e+03
2.134000000000000000e+03 1.540000000000000000e+02 2.200000000000000000e+01 7.187000000000000000e+03 1.418000000000000000e+03
2.008000000000000000e+03 1.760000000000000000e+02 2.700000000000000000e+01 6.578000000000000000e+03 1.363000000000000000e+03
1.554000000000000000e+03 1.720000000000000000e+02 1.800000000000000000e+01 6.383000000000000000e+03 1.290000000000000000e+03
1.995000000000000000e+03 1.570000000000000000e+02 2.500000000000000000e+01 6.947000000000000000e+03 1.382000000000000000e+03
2.231000000000000000e+03 1.820000000000000000e+02 2.600000000000000000e+01 7.356000000000000000e+03 1.497000000000000000e+03
2.350000000000000000e+03 1.650000000000000000e+02 2.600000000000000000e+01 7.334000000000000000e+03 1.500000000000000000e+03
1.722000000000000000e+03 1.710000000000000000e+02 2.300000000000000000e+01 6.712000000000000000e+03 1.262000000000000000e+03
1.702000000000000000e+03 1.250000000000000000e+02 1.800000000000000000e+01 6.386000000000000000e+03 1.269000000000000000e+03
1.413000000000000000e+03 1.490000000000000000e+02 3.000000000000000000e+01 6.541000000000000000e+03 1.219000000000000000e+03
1.855000000000000000e+03 1.470000000000000000e+02 1.900000000000000000e+01 6.595000000000000000e+03 1.337000000000000000e+03
1.819000000000000000e+03 1.560000000000000000e+02 3.200000000000000000e+01 6.425000000000000000e+03 1.379000000000000000e+03
1.860000000000000000e+03 1.730000000000000000e+02 2.700000000000000000e+01 6.626000000000000000e+03 1.308000000000000000e+03
1.888000000000000000e+03 1.680000000000000000e+02 2.600000000000000000e+01 6.655000000000000000e+03 1.312000000000000000e+03
2.015000000000000000e+03 1.620000000000000000e+02 2.400000000000000000e+01 6.639000000000000000e+03 1.338000000000000000e+03
1.935000000000000000e+03 1.370000000000000000e+02 1.500000000000000000e+01 6.613000000000000000e+03 1.324000000000000000e+03
1.874000000000000000e+03 1.350000000000000000e+02 2.300000000000000000e+01 6.865000000000000000e+03 1.333000000000000000e+03
2.250000000000000000e+03 1.700000000000000000e+02 2.600000000000000000e+01 7.115000000000000000e+03 1.513000000000000000e+03
1.665000000000000000e+03 1.600000000000000000e+02 2.900000000000000000e+01 6.217000000000000000e+03 1.316000000000000000e+03
1.906000000000000000e+03 1.380000000000000000e+02 2.200000000000000000e+01 6.663000000000000000e+03 1.317000000000000000e+03
1.815000000000000000e+03 1.470000000000000000e+02 2.600000000000000000e+01 6.837000000000000000e+03 1.349000000000000000e+03
1.829000000000000000e+03 1.470000000000000000e+02 2.300000000000000000e+01 6.505000000000000000e+03 1.289000000000000000e+03
1.867000000000000000e+03 1.550000000000000000e+02 2.200000000000000000e+01 6.825000000000000000e+03 1.369000000000000000e+03
1.691000000000000000e+03 1.440000000000000000e+02 2.100000000000000000e+01 7.014000000000000000e+03 1.318000000000000000e+03
1.885000000000000000e+03 1.670000000000000000e+02 2.100000000000000000e+01 7.039000000000000000e+03 1.344000000000000000e+03
1.571000000000000000e+03 1.350000000000000000e+02 3.300000000000000000e+01 6.220000000000000000e+03 1.296000000000000000e+03
1.681000000000000000e+03 1.190000000000000000e+02 3.700000000000000000e+01 6.638000000000000000e+03 1.261000000000000000e+03
1.542000000000000000e+03 1.340000000000000000e+02 3.100000000000000000e+01 6.099000000000000000e+03 1.252000000000000000e+03
2.000000000000000000e+03 1.470000000000000000e+02 1.900000000000000000e+01 6.288000000000000000e+03 1.410000000000000000e+03
1.348000000000000000e+03 1.130000000000000000e+02 2.000000000000000000e+01 5.087000000000000000e+03 1.132000000000000000e+03
2.113000000000000000e+03 1.630000000000000000e+02 3.600000000000000000e+01 6.982000000000000000e+03 1.473000000000000000e+03
1.802000000000000000e+03 1.690000000000000000e+02 2.500000000000000000e+01 6.541000000000000000e+03 1.321000000000000000e+03
1.853000000000000000e+03 1.400000000000000000e+02 2.900000000000000000e+01 6.336000000000000000e+03 1.324000000000000000e+03
1.662000000000000000e+03 1.350000000000000000e+02 2.100000000000000000e+01 6.223000000000000000e+03 1.284000000000000000e+03
1.706000000000000000e+03 1.800000000000000000e+02 3.300000000000000000e+01 6.153000000000000000e+03 1.258000000000000000e+03
1.597000000000000000e+03 1.320000000000000000e+02 1.900000000000000000e+01 6.525000000000000000e+03 1.295000000000000000e+03
1.758000000000000000e+03 1.700000000000000000e+02 3.200000000000000000e+01 6.845000000000000000e+03 1.343000000000000000e+03
1.689000000000000000e+03 1.550000000000000000e+02 2.600000000000000000e+01 6.487000000000000000e+03 1.315000000000000000e+03
1.577000000000000000e+03 1.440000000000000000e+02 2.700000000000000000e+01 5.674000000000000000e+03 1.253000000000000000e+03
1.633000000000000000e+03 1.030000000000000000e+02 1.900000000000000000e+01 5.759000000000000000e+03 1.274000000000000000e+03
1.915000000000000000e+03 1.420000000000000000e+02 2.300000000000000000e+01 6.384000000000000000e+03 1.316000000000000000e+03
2.060000000000000000e+03 1.560000000000000000e+02 2.600000000000000000e+01 6.897000000000000000e+03 1.390000000000000000e+03
1.809000000000000000e+03 1.350000000000000000e+02 2.000000000000000000e+01 6.829000000000000000e+03 1.338000000000000000e+03
1.962000000000000000e+03 1.410000000000000000e+02 2.100000000000000000e+01 7.511000000000000000e+03 1.438000000000000000e+03
1.769000000000000000e+03 1.370000000000000000e+02 1.700000000000000000e+01 6.272000000000000000e+03 1.355000000000000000e+03
2.101000000000000000e+03 1.550000000000000000e+02 2.600000000000000000e+01 6.652000000000000000e+03 1.414000000000000000e+03
1.777000000000000000e+03 1.770000000000000000e+02 2.100000000000000000e+01 6.825000000000000000e+03 1.382000000000000000e+03
1.680000000000000000e+03 1.410000000000000000e+02 2.100000000000000000e+01 6.570000000000000000e+03 1.288000000000000000e+03
1.655000000000000000e+03 1.640000000000000000e+02 2.800000000000000000e+01 6.969000000000000000e+03 1.362000000000000000e+03
1.468000000000000000e+03 1.340000000000000000e+02 2.600000000000000000e+01 5.985000000000000000e+03 1.218000000000000000e+03
1.929000000000000000e+03 1.530000000000000000e+02 1.900000000000000000e+01 6.554000000000000000e+03 1.365000000000000000e+03
1.815000000000000000e+03 1.350000000000000000e+02 1.500000000000000000e+01 6.222000000000000000e+03 1.278000000000000000e+03
2.083000000000000000e+03 1.420000000000000000e+02 1.900000000000000000e+01 7.085000000000000000e+03 1.410000000000000000e+03
1.962000000000000000e+03 1.560000000000000000e+02 2.000000000000000000e+01 7.001000000000000000e+03 1.338000000000000000e+03
1.456000000000000000e+03 1.500000000000000000e+02 2.300000000000000000e+01 6.188000000000000000e+03 1.253000000000000000e+03
1.479000000000000000e+03 1.340000000000000000e+02 1.900000000000000000e+01 6.221000000000000000e+03 1.235000000000000000e+03
1.494000000000000000e+03 1.680000000000000000e+02 1.900000000000000000e+01 6.398000000000000000e+03 1.260000000000000000e+03
1.340000000000000000e+03 1.320000000000000000e+02 1.400000000000000000e+01 6.225000000000000000e+03 1.164000000000000000e+03
1.736000000000000000e+03 1.310000000000000000e+02 2.500000000000000000e+01 6.661000000000000000e+03 1.331000000000000000e+03
1.604000000000000000e+03 1.510000000000000000e+02 1.400000000000000000e+01 6.134000000000000000e+03 1.209000000000000000e+03
1.736000000000000000e+03 1.570000000000000000e+02 2.100000000000000000e+01 6.061000000000000000e+03 1.298000000000000000e+03
1.746000000000000000e+03 1.420000000000000000e+02 3.000000000000000000e+01 6.698000000000000000e+03 1.324000000000000000e+03
2.110000000000000000e+03 1.520000000000000000e+02 2.400000000000000000e+01 6.716000000000000000e+03 1.409000000000000000e+03
1.796000000000000000e+03 1.340000000000000000e+02 2.600000000000000000e+01 6.347000000000000000e+03 1.328000000000000000e+03
1.554000000000000000e+03 1.360000000000000000e+02 2.400000000000000000e+01 6.481000000000000000e+03 1.243000000000000000e+03
1.572000000000000000e+03 1.510000000000000000e+02 2.500000000000000000e+01 6.346000000000000000e+03 1.249000000000000000e+03
1.929000000000000000e+03 1.660000000000000000e+02 2.700000000000000000e+01 6.168000000000000000e+03 1.312000000000000000e+03
1.914000000000000000e+03 1.720000000000000000e+02 2.100000000000000000e+01 6.145000000000000000e+03 1.332000000000000000e+03
2.097000000000000000e+03 1.830000000000000000e+02 2.200000000000000000e+01 7.236000000000000000e+03 1.447000000000000000e+03
1.971000000000000000e+03 1.730000000000000000e+02 3.000000000000000000e+01 6.433000000000000000e+03 1.337000000000000000e+03
2.154000000000000000e+03 1.940000000000000000e+02 2.300000000000000000e+01 7.070000000000000000e+03 1.467000000000000000e+03
1.816000000000000000e+03 1.290000000000000000e+02 1.900000000000000000e+01 7.131000000000000000e+03 1.340000000000000000e+03
1.999000000000000000e+03 1.600000000000000000e+02 2.700000000000000000e+01 6.789000000000000000e+03 1.391000000000000000e+03
1.990000000000000000e+03 1.530000000000000000e+02 2.400000000000000000e+01 6.538000000000000000e+03 1.347000000000000000e+03
1.760000000000000000e+03 1.660000000000000000e+02 2.400000000000000000e+01 6.581000000000000000e+03 1.320000000000000000e+03
1.510000000000000000e+03 1.260000000000000000e+02 1.800000000000000000e+01 6.255000000000000000e+03 1.213000000000000000e+03
1.803000000000000000e+03 1.470000000000000000e+02 2.500000000000000000e+01 6.870000000000000000e+03 1.344000000000000000e+03
1.879000000000000000e+03 1.400000000000000000e+02 2.000000000000000000e+01 6.743000000000000000e+03 1.382000000000000000e+03
1.700000000000000000e+03 1.460000000000000000e+02 2.000000000000000000e+01 6.351000000000000000e+03 1.285000000000000000e+03
1.614000000000000000e+03 1.270000000000000000e+02 1.800000000000000000e+01 6.480000000000000000e+03 1.237000000000000000e+03
1.788000000000000000e+03 1.670000000000000000e+02 2.200000000000000000e+01 6.833000000000000000e+03 1.345000000000000000e+03
1.578000000000000000e+03 1.450000000000000000e+02 1.500000000000000000e+01 6.169000000000000000e+03 1.231000000000000000e+03
1.691000000000000000e+03 1.480000000000000000e+02 1.800000000000000000e+01 6.219000000000000000e+03 1.327000000000000000e+03
1.524000000000000000e+03 1.420000000000000000e+02 3.200000000000000000e+01 5.622000000000000000e+03 1.177000000000000000e+03
1.717000000000000000e+03 1.440000000000000000e+02 2.300000000000000000e+01 6.515000000000000000e+03 1.288000000000000000e+03
1.445000000000000000e+03 1.430000000000000000e+02 1.700000000000000000e+01 6.203000000000000000e+03 1.204000000000000000e+03
1.546000000000000000e+03 1.290000000000000000e+02 2.500000000000000000e+01 6.369000000000000000e+03 1.250000000000000000e+03
1.717000000000000000e+03 1.630000000000000000e+02 1.900000000000000000e+01 6.353000000000000000e+03 1.301000000000000000e+03
2.652000000000000000e+03 2.060000000000000000e+02 3.000000000000000000e+01 7.432000000000000000e+03 1.596000000000000000e+03
1.695000000000000000e+03 1.710000000000000000e+02 2.900000000000000000e+01 6.004000000000000000e+03 1.287000000000000000e+03
1.978000000000000000e+03 1.280000000000000000e+02 1.700000000000000000e+01 6.502000000000000000e+03 1.323000000000000000e+03
1.686000000000000000e+03 1.440000000000000000e+02 2.200000000000000000e+01 6.542000000000000000e+03 1.289000000000000000e+03
1.239000000000000000e+03 1.360000000000000000e+02 2.000000000000000000e+01 5.480000000000000000e+03 1.106000000000000000e+03
2.083000000000000000e+03 1.970000000000000000e+02 2.500000000000000000e+01 6.896000000000000000e+03 1.424000000000000000e+03
1.427000000000000000e+03 1.100000000000000000e+02 1.400000000000000000e+01 5.717000000000000000e+03 1.187000000000000000e+03
1.636000000000000000e+03 1.420000000000000000e+02 1.800000000000000000e+01 6.515000000000000000e+03 1.296000000000000000e+03
2.316000000000000000e+03 1.640000000000000000e+02 1.700000000000000000e+01 6.765000000000000000e+03 1.453000000000000000e+03
2.211000000000000000e+03 1.700000000000000000e+02 2.000000000000000000e+01 7.000000000000000000e+03 1.460000000000000000e+03
1.630000000000000000e+03 1.390000000000000000e+02 1.800000000000000000e+01 6.149000000000000000e+03 1.261000000000000000e+03
2.197000000000000000e+03 1.590000000000000000e+02 2.600000000000000000e+01 6.758000000000000000e+03 1.432000000000000000e+03
2.110000000000000000e+03 1.540000000000000000e+02 2.400000000000000000e+01 6.858000000000000000e+03 1.376000000000000000e+03
1.820000000000000000e+03 1.560000000000000000e+02 2.900000000000000000e+01 6.526000000000000000e+03 1.321000000000000000e+03
2.207000000000000000e+03 1.730000000000000000e+02 3.500000000000000000e+01 6.725000000000000000e+03 1.415000000000000000e+03
1.921000000000000000e+03 1.980000000000000000e+02 2.300000000000000000e+01 6.827000000000000000e+03 1.391000000000000000e+03
1.722000000000000000e+03 1.820000000000000000e+02 2.400000000000000000e+01 6.634000000000000000e+03 1.308000000000000000e+03
1.870000000000000000e+03 1.690000000000000000e+02 2.400000000000000000e+01 6.789000000000000000e+03 1.348000000000000000e+03
1.933000000000000000e+03 1.560000000000000000e+02 2.400000000000000000e+01 6.698000000000000000e+03 1.330000000000000000e+03
1.761000000000000000e+03 1.580000000000000000e+02 2.200000000000000000e+01 6.621000000000000000e+03 1.316000000000000000e+03
2.114000000000000000e+03 1.560000000000000000e+02 1.800000000000000000e+01 6.606000000000000000e+03 1.427000000000000000e+03
2.087000000000000000e+03 1.480000000000000000e+02 2.500000000000000000e+01 6.702000000000000000e+03 1.426000000000000000e+03
1.276000000000000000e+03 1.190000000000000000e+02 1.500000000000000000e+01 6.100000000000000000e+03 1.164000000000000000e+03
1.085000000000000000e+03 9.400000000000000000e+01 1.200000000000000000e+01 4.986000000000000000e+03 9.960000000000000000e+02
1.586000000000000000e+03 1.120000000000000000e+02 1.300000000000000000e+01 6.800000000000000000e+03 1.258000000000000000e+03
1.937000000000000000e+03 1.520000000000000000e+02 3.700000000000000000e+01 6.165000000000000000e+03 1.338000000000000000e+03
1.720000000000000000e+03 1.430000000000000000e+02 2.400000000000000000e+01 6.683000000000000000e+03 1.282000000000000000e+03
1.772000000000000000e+03 1.150000000000000000e+02 2.100000000000000000e+01 6.272000000000000000e+03 1.273000000000000000e+03
1.555000000000000000e+03 1.350000000000000000e+02 1.900000000000000000e+01 6.363000000000000000e+03 1.298000000000000000e+03
1.620000000000000000e+03 1.440000000000000000e+02 2.000000000000000000e+01 6.222000000000000000e+03 1.226000000000000000e+03
2.044000000000000000e+03 1.710000000000000000e+02 2.200000000000000000e+01 6.758000000000000000e+03 1.406000000000000000e+03
1.668000000000000000e+03 1.620000000000000000e+02 2.400000000000000000e+01 6.991000000000000000e+03 1.349000000000000000e+03
1.513000000000000000e+03 1.530000000000000000e+02 2.400000000000000000e+01 6.574000000000000000e+03 1.234000000000000000e+03
1.995000000000000000e+03 1.580000000000000000e+02 2.700000000000000000e+01 7.058000000000000000e+03 1.403000000000000000e+03
2.132000000000000000e+03 1.290000000000000000e+02 2.300000000000000000e+01 7.108000000000000000e+03 1.447000000000000000e+03
1.902000000000000000e+03 1.490000000000000000e+02 2.400000000000000000e+01 6.706000000000000000e+03 1.383000000000000000e+03
1.300000000000000000e+03 1.220000000000000000e+02 1.800000000000000000e+01 5.689000000000000000e+03 1.094000000000000000e+03
1.709000000000000000e+03 1.620000000000000000e+02 2.100000000000000000e+01 6.318000000000000000e+03 1.330000000000000000e+03
1.725000000000000000e+03 1.830000000000000000e+02 2.700000000000000000e+01 6.325000000000000000e+03 1.330000000000000000e+03
1.338000000000000000e+03 1.470000000000000000e+02 2.000000000000000000e+01 5.976000000000000000e+03 1.198000000000000000e+03
2.369000000000000000e+03 1.630000000000000000e+02 2.400000000000000000e+01 7.449000000000000000e+03 1.531000000000000000e+03
1.634000000000000000e+03 1.400000000000000000e+02 1.800000000000000000e+01 6.506000000000000000e+03 1.243000000000000000e+03
2.058000000000000000e+03 1.450000000000000000e+02 2.300000000000000000e+01 6.934000000000000000e+03 1.381000000000000000e+03
1.719000000000000000e+03 1.660000000000000000e+02 3.800000000000000000e+01 6.854000000000000000e+03 1.298000000000000000e+03
1.740000000000000000e+03 1.600000000000000000e+02 2.200000000000000000e+01 6.385000000000000000e+03 1.331000000000000000e+03
1.742000000000000000e+03 1.230000000000000000e+02 1.700000000000000000e+01 6.331000000000000000e+03 1.314000000000000000e+03
1.739000000000000000e+03 1.580000000000000000e+02 1.200000000000000000e+01 6.120000000000000000e+03 1.283000000000000000e+03
1.730000000000000000e+03 1.330000000000000000e+02 1.700000000000000000e+01 6.633000000000000000e+03 1.267000000000000000e+03
1.510000000000000000e+03 1.210000000000000000e+02 2.300000000000000000e+01 6.501000000000000000e+03 1.165000000000000000e+03
2.145000000000000000e+03 1.640000000000000000e+02 2.700000000000000000e+01 7.319000000000000000e+03 1.454000000000000000e+03
1.678000000000000000e+03 1.260000000000000000e+02 2.100000000000000000e+01 6.592000000000000000e+03 1.295000000000000000e+03
1.977000000000000000e+03 1.800000000000000000e+02 2.300000000000000000e+01 6.767000000000000000e+03 1.374000000000000000e+03
1.510000000000000000e+03 1.400000000000000000e+02 3.600000000000000000e+01 5.975000000000000000e+03 1.229000000000000000e+03
1.677000000000000000e+03 1.250000000000000000e+02 2.100000000000000000e+01 6.156000000000000000e+03 1.203000000000000000e+03
1.660000000000000000e+03 1.460000000000000000e+02 1.600000000000000000e+01 6.641000000000000000e+03 1.316000000000000000e+03
1.760000000000000000e+03 1.620000000000000000e+02 3.000000000000000000e+01 6.441000000000000000e+03 1.342000000000000000e+03
2.119000000000000000e+03 1.650000000000000000e+02 2.400000000000000000e+01 6.437000000000000000e+03 1.431000000000000000e+03
1.593000000000000000e+03 1.640000000000000000e+02 1.600000000000000000e+01 6.462000000000000000e+03 1.260000000000000000e+03
2.238000000000000000e+03 1.580000000000000000e+02 2.000000000000000000e+01 6.551000000000000000e+03 1.425000000000000000e+03
1.658000000000000000e+03 1.480000000000000000e+02 2.600000000000000000e+01 6.247000000000000000e+03 1.275000000000000000e+03
1.693000000000000000e+03 1.480000000000000000e+02 1.800000000000000000e+01 6.805000000000000000e+03 1.329000000000000000e+03
2.053000000000000000e+03 1.460000000000000000e+02 3.100000000000000000e+01 6.869000000000000000e+03 1.458000000000000000e+03
1.911000000000000000e+03 1.410000000000000000e+02 1.700000000000000000e+01 6.691000000000000000e+03 1.350000000000000000e+03
1.367000000000000000e+03 1.360000000000000000e+02 2.100000000000000000e+01 6.470000000000000000e+03 1.219000000000000000e+03
2.323000000000000000e+03 1.790000000000000000e+02 2.600000000000000000e+01 6.758000000000000000e+03 1.460000000000000000e+03
1.673000000000000000e+03 1.640000000000000000e+02 2.400000000000000000e+01 6.634000000000000000e+03 1.320000000000000000e+03
1.767000000000000000e+03 1.590000000000000000e+02 1.800000000000000000e+01 6.434000000000000000e+03 1.314000000000000000e+03
1.437000000000000000e+03 1.530000000000000000e+02 1.500000000000000000e+01 6.189000000000000000e+03 1.256000000000000000e+03
1.870000000000000000e+03 1.570000000000000000e+02 1.600000000000000000e+01 6.919000000000000000e+03 1.391000000000000000e+03
1.665000000000000000e+03 1.580000000000000000e+02 3.100000000000000000e+01 6.100000000000000000e+03 1.275000000000000000e+03
