2.490000000000000000e+02 2.500000000000000000e+01 0.000000000000000000e+00 2.168000000000000000e+03 2.730000000000000000e+02
2.360000000000000000e+02 3.000000000000000000e+01 1.000000000000000000e+00 2.136000000000000000e+03 2.660000000000000000e+02
2.370000000000000000e+02 2.800000000000000000e+01 3.000000000000000000e+00 2.187000000000000000e+03 2.680000000000000000e+02
2.330000000000000000e+02 4.900000000000000000e+01 1.000000000000000000e+00 2.254000000000000000e+03 2.820000000000000000e+02
1.840000000000000000e+02 3.000000000000000000e+01 0.000000000000000000e+00 1.913000000000000000e+03 2.140000000000000000e+02
1.780000000000000000e+02 2.500000000000000000e+01 0.000000000000000000e+00 2.061000000000000000e+03 2.030000000000000000e+02
1.800000000000000000e+02 4.200000000000000000e+01 2.000000000000000000e+00 2.057000000000000000e+03 2.240000000000000000e+02
1.730000000000000000e+02 3.800000000000000000e+01 2.000000000000000000e+00 1.858000000000000000e+03 2.120000000000000000e+02
2.530000000000000000e+02 4.000000000000000000e+01 2.000000000000000000e+00 1.979000000000000000e+03 2.950000000000000000e+02
2.380000000000000000e+02 2.700000000000000000e+01 2.000000000000000000e+00 2.122000000000000000e+03 2.640000000000000000e+02
1.550000000000000000e+02 2.100000000000000000e+01 2.000000000000000000e+00 1.996000000000000000e+03 1.780000000000000000e+02
1.710000000000000000e+02 3.500000000000000000e+01 1.000000000000000000e+00 2.035000000000000000e+03 2.060000000000000000e+02
1.870000000000000000e+02 3.600000000000000000e+01 3.000000000000000000e+00 1.891000000000000000e+03 2.260000000000000000e+02
1.850000000000000000e+02 2.800000000000000000e+01 3.000000000000000000e+00 1.989000000000000000e+03 2.150000000000000000e+02
2.330000000000000000e+02 4.400000000000000000e+01 2.000000000000000000e+00 2.181000000000000000e+03 2.790000000000000000e+02
1.850000000000000000e+02 2.500000000000000000e+01 1.000000000000000000e+00 2.060000000000000000e+03 2.070000000000000000e+02
1.790000000000000000e+02 2.600000000000000000e+01 0.000000000000000000e+00 2.032000000000000000e+03 2.030000000000000000e+02
2.070000000000000000e+02 3.200000000000000000e+01 2.000000000000000000e+00 2.249000000000000000e+03 2.400000000000000000e+02
1.920000000000000000e+02 3.100000000000000000e+01 2.000000000000000000e+00 2.041000000000000000e+03 2.230000000000000000e+02
2.330000000000000000e+02 3.300000000000000000e+01 0.000000000000000000e+00 1.984000000000000000e+03 2.650000000000000000e+02
1.410000000000000000e+02 4.000000000000000000e+01 3.000000000000000000e+00 2.069000000000000000e+03 1.830000000000000000e+02
1.810000000000000000e+02 2.800000000000000000e+01 1.000000000000000000e+00 1.971000000000000000e+03 2.090000000000000000e+02
2.010000000000000000e+02 3.700000000000000000e+01 0.000000000000000000e+00 2.177000000000000000e+03 2.360000000000000000e+02
2.350000000000000000e+02 2.800000000000000000e+01 2.000000000000000000e+00 2.127000000000000000e+03 2.650000000000000000e+02
2.530000000000000000e+02 3.000000000000000000e+01 0.000000000000000000e+00 2.220000000000000000e+03 2.830000000000000000e+02
2.170000000000000000e+02 2.300000000000000000e+01 2.000000000000000000e+00 2.100000000000000000e+03 2.400000000000000000e+02
2.670000000000000000e+02 4.200000000000000000e+01 3.000000000000000000e+00 2.323000000000000000e+03 3.120000000000000000e+02
2.020000000000000000e+02 3.600000000000000000e+01 3.000000000000000000e+00 1.989000000000000000e+03 2.400000000000000000e+02
2.380000000000000000e+02 4.100000000000000000e+01 4.000000000000000000e+00 2.305000000000000000e+03 2.820000000000000000e+02
1.630000000000000000e+02 3.400000000000000000e+01 1.000000000000000000e+00 2.066000000000000000e+03 1.980000000000000000e+02
2.390000000000000000e+02 3.300000000000000000e+01 3.000000000000000000e+00 2.086000000000000000e+03 2.750000000000000000e+02
1.640000000000000000e+02 2.800000000000000000e+01 1.000000000000000000e+00 2.000000000000000000e+03 1.900000000000000000e+02
2.170000000000000000e+02 4.000000000000000000e+01 1.000000000000000000e+00 2.081000000000000000e+03 2.560000000000000000e+02
2.450000000000000000e+02 3.300000000000000000e+01 2.000000000000000000e+00 2.476000000000000000e+03 2.800000000000000000e+02
2.620000000000000000e+02 4.900000000000000000e+01 4.000000000000000000e+00 2.188000000000000000e+03 3.140000000000000000e+02
2.140000000000000000e+02 3.800000000000000000e+01 3.000000000000000000e+00 2.186000000000000000e+03 2.550000000000000000e+02
2.580000000000000000e+02 2.900000000000000000e+01 0.000000000000000000e+00 2.366000000000000000e+03 2.860000000000000000e+02
2.340000000000000000e+02 3.500000000000000000e+01 3.000000000000000000e+00 2.151000000000000000e+03 2.700000000000000000e+02
1.810000000000000000e+02 2.200000000000000000e+01 3.000000000000000000e+00 1.829000000000000000e+03 2.030000000000000000e+02
1.920000000000000000e+02 2.300000000000000000e+01 2.000000000000000000e+00 1.999000000000000000e+03 2.150000000000000000e+02
1.740000000000000000e+02 3.200000000000000000e+01 1.000000000000000000e+00 2.011000000000000000e+03 2.060000000000000000e+02
1.980000000000000000e+02 3.200000000000000000e+01 4.000000000000000000e+00 2.193000000000000000e+03 2.330000000000000000e+02
2.280000000000000000e+02 3.600000000000000000e+01 2.000000000000000000e+00 2.049000000000000000e+03 2.660000000000000000e+02
2.230000000000000000e+02 2.300000000000000000e+01 2.000000000000000000e+00 1.995000000000000000e+03 2.460000000000000000e+02
2.350000000000000000e+02 4.200000000000000000e+01 3.000000000000000000e+00 2.085000000000000000e+03 2.800000000000000000e+02
2.310000000000000000e+02 3.800000000000000000e+01 3.000000000000000000e+00 2.164000000000000000e+03 2.720000000000000000e+02
1.770000000000000000e+02 2.200000000000000000e+01 0.000000000000000000e+00 2.022000000000000000e+03 1.990000000000000000e+02
2.140000000000000000e+02 2.200000000000000000e+01 3.000000000000000000e+00 1.959000000000000000e+03 2.380000000000000000e+02
2.050000000000000000e+02 3.600000000000000000e+01 3.000000000000000000e+00 2.082000000000000000e+03 2.440000000000000000e+02
2.510000000000000000e+02 2.700000000000000000e+01 0.000000000000000000e+00 2.046000000000000000e+03 2.780000000000000000e+02
2.820000000000000000e+02 4.300000000000000000e+01 1.000000000000000000e+00 2.081000000000000000e+03 3.260000000000000000e+02
1.620000000000000000e+02 2.100000000000000000e+01 0.000000000000000000e+00 1.708000000000000000e+03 1.830000000000000000e+02
1.820000000000000000e+02 2.000000000000000000e+01 0.000000000000000000e+00 2.085000000000000000e+03 2.000000000000000000e+02
2.120000000000000000e+02 2.900000000000000000e+01 0.000000000000000000e+00 2.036000000000000000e+03 2.390000000000000000e+02
2.590000000000000000e+02 4.200000000000000000e+01 4.000000000000000000e+00 2.144000000000000000e+03 3.050000000000000000e+02
2.000000000000000000e+02 2.800000000000000000e+01 5.000000000000000000e+00 2.238000000000000000e+03 2.330000000000000000e+02
2.060000000000000000e+02 3.300000000000000000e+01 2.000000000000000000e+00 2.031000000000000000e+03 2.410000000000000000e+02
2.390000000000000000e+02 3.300000000000000000e+01 3.000000000000000000e+00 2.329000000000000000e+03 2.730000000000000000e+02
2.320000000000000000e+02 3.400000000000000000e+01 4.000000000000000000e+00 2.159000000000000000e+03 2.700000000000000000e+02
2.080000000000000000e+02 3.400000000000000000e+01 2.000000000000000000e+00 2.084000000000000000e+03 2.440000000000000000e+02
1.890000000000000000e+02 2.700000000000000000e+01 2.000000000000000000e+00 2.011000000000000000e+03 2.180000000000000000e+02
2.360000000000000000e+02 5.100000000000000000e+01 3.000000000000000000e+00 2.239000000000000000e+03 2.890000000000000000e+02
2.170000000000000000e+02 3.400000000000000000e+01 5.000000000000000000e+00 1.914000000000000000e+03 2.550000000000000000e+02
1.660000000000000000e+02 3.500000000000000000e+01 2.000000000000000000e+00 1.784000000000000000e+03 2.030000000000000000e+02
1.680000000000000000e+02 2.800000000000000000e+01 4.000000000000000000e+00 1.828000000000000000e+03 2.000000000000000000e+02
2.460000000000000000e+02 3.400000000000000000e+01 0.000000000000000000e+00 1.994000000000000000e+03 2.790000000000000000e+02
1.590000000000000000e+02 2.800000000000000000e+01 3.000000000000000000e+00 1.662000000000000000e+03 1.900000000000000000e+02
2.020000000000000000e+02 3.200000000000000000e+01 1.000000000000000000e+00 2.049000000000000000e+03 2.350000000000000000e+02
1.840000000000000000e+02 2.900000000000000000e+01 2.000000000000000000e+00 2.091000000000000000e+03 2.130000000000000000e+02
2.270000000000000000e+02 4.100000000000000000e+01 3.000000000000000000e+00 2.145000000000000000e+03 2.700000000000000000e+02
2.610000000000000000e+02 4.400000000000000000e+01 3.000000000000000000e+00 2.268000000000000000e+03 3.050000000000000000e+02
1.950000000000000000e+02 3.000000000000000000e+01 2.000000000000000000e+00 1.980000000000000000e+03 2.260000000000000000e+02
2.610000000000000000e+02 4.400000000000000000e+01 3.000000000000000000e+00 2.382000000000000000e+03 3.070000000000000000e+02
1.900000000000000000e+02 2.100000000000000000e+01 1.000000000000000000e+00 1.899000000000000000e+03 2.110000000000000000e+02
2.610000000000000000e+02 2.500000000000000000e+01 2.000000000000000000e+00 2.146000000000000000e+03 2.880000000000000000e+02
1.990000000000000000e+02 4.000000000000000000e+01 3.000000000000000000e+00 2.149000000000000000e+03 2.420000000000000000e+02
1.940000000000000000e+02 3.100000000000000000e+01 3.000000000000000000e+00 1.980000000000000000e+03 2.270000000000000000e+02
2.050000000000000000e+02 3.000000000000000000e+01 1.000000000000000000e+00 1.905000000000000000e+03 2.320000000000000000e+02
2.040000000000000000e+02 3.100000000000000000e+01 2.000000000000000000e+00 2.222000000000000000e+03 2.350000000000000000e+02
2.410000000000000000e+02 3.200000000000000000e+01 3.000000000000000000e+00 2.095000000000000000e+03 2.730000000000000000e+02
2.940000000000000000e+02 4.500000000000000000e+01 3.000000000000000000e+00 2.382000000000000000e+03 3.400000000000000000e+02
2.020000000000000000e+02 3.600000000000000000e+01 1.000000000000000000e+00 2.090000000000000000e+03 2.370000000000000000e+02
2.610000000000000000e+02 4.600000000000000000e+01 1.000000000000000000e+00 2.226000000000000000e+03 3.050000000000000000e+02
3.370000000000000000e+02 5.200000000000000000e+01 1.000000000000000000e+00 2.457000000000000000e+03 3.890000000000000000e+02
2.440000000000000000e+02 3.700000000000000000e+01 1.000000000000000000e+00 2.193000000000000000e+03 2.790000000000000000e+02
2.470000000000000000e+02 3.600000000000000000e+01 3.000000000000000000e+00 2.166000000000000000e+03 2.860000000000000000e+02
1.920000000000000000e+02 2.700000000000000000e+01 0.000000000000000000e+00 1.986000000000000000e+03 2.190000000000000000e+02
2.820000000000000000e+02 2.900000000000000000e+01 2.000000000000000000e+00 2.279000000000000000e+03 3.130000000000000000e+02
2.000000000000000000e+02 3.600000000000000000e+01 4.000000000000000000e+00 2.055000000000000000e+03 2.390000000000000000e+02
1.930000000000000000e+02 3.800000000000000000e+01 4.000000000000000000e+00 1.792000000000000000e+03 2.340000000000000000e+02
2.770000000000000000e+02 4.500000000000000000e+01 1.000000000000000000e+00 2.003000000000000000e+03 3.210000000000000000e+02
1.960000000000000000e+02 3.300000000000000000e+01 3.000000000000000000e+00 2.089000000000000000e+03 2.320000000000000000e+02
2.070000000000000000e+02 3.200000000000000000e+01 3.000000000000000000e+00 2.242000000000000000e+03 2.420000000000000000e+02
2.400000000000000000e+02 3.100000000000000000e+01 4.000000000000000000e+00 2.044000000000000000e+03 2.740000000000000000e+02
1.490000000000000000e+02 3.100000000000000000e+01 1.000000000000000000e+00 1.958000000000000000e+03 1.800000000000000000e+02
2.400000000000000000e+02 3.300000000000000000e+01 2.000000000000000000e+00 2.219000000000000000e+03 2.750000000000000000e+02
2.760000000000000000e+02 5.100000000000000000e+01 1.000000000000000000e+00 2.297000000000000000e+03 3.280000000000000000e+02
2.030000000000000000e+02 3.500000000000000000e+01 1.000000000000000000e+00 2.184000000000000000e+03 2.370000000000000000e+02
2.110000000000000000e+02 1.900000000000000000e+01 3.000000000000000000e+00 1.829000000000000000e+03 2.330000000000000000e+02
2.390000000000000000e+02 3.900000000000000000e+01 2.000000000000000000e+00 1.994000000000000000e+03 2.800000000000000000e+02
2.460000000000000000e+02 4.500000000000000000e+01 0.000000000000000000e+00 2.028000000000000000e+03 2.900000000000000000e+02
2.000000000000000000e+02 3.500000000000000000e+01 3.000000000000000000e+00 2.057000000000000000e+03 2.370000000000000000e+02
2.090000000000000000e+02 3.800000000000000000e+01 2.000000000000000000e+00 2.209000000000000000e+03 2.490000000000000000e+02
2.080000000000000000e+02 2.900000000000000000e+01 2.000000000000000000e+00 1.986000000000000000e+03 2.380000000000000000e+02
2.340000000000000000e+02 3.900000000000000000e+01 5.000000000000000000e+00 2.247000000000000000e+03 2.760000000000000000e+02
2.110000000000000000e+02 3.500000000000000000e+01 1.000000000000000000e+00 2.084000000000000000e+03 2.450000000000000000e+02
2.260000000000000000e+02 2.600000000000000000e+01 3.000000000000000000e+00 2.022000000000000000e+03 2.540000000000000000e+02
2.610000000000000000e+02 3.600000000000000000e+01 1.000000000000000000e+00 2.197000000000000000e+03 2.960000000000000000e+02
2.370000000000000000e+02 2.400000000000000000e+01 2.000000000000000000e+00 2.230000000000000000e+03 2.620000000000000000e+02
2.420000000000000000e+02 4.500000000000000000e+01 5.000000000000000000e+00 2.339000000000000000e+03 2.920000000000000000e+02
2.440000000000000000e+02 3.400000000000000000e+01 0.000000000000000000e+00 2.060000000000000000e+03 2.780000000000000000e+02
2.140000000000000000e+02 3.200000000000000000e+01 1.000000000000000000e+00 2.180000000000000000e+03 2.460000000000000000e+02
1.620000000000000000e+02 3.000000000000000000e+01 2.000000000000000000e+00 1.915000000000000000e+03 1.940000000000000000e+02
2.910000000000000000e+02 3.400000000000000000e+01 3.000000000000000000e+00 2.214000000000000000e+03 3.270000000000000000e+02
2.290000000000000000e+02 3.200000000000000000e+01 2.000000000000000000e+00 1.976000000000000000e+03 2.620000000000000000e+02
2.720000000000000000e+02 3.400000000000000000e+01 2.000000000000000000e+00 2.312000000000000000e+03 3.050000000000000000e+02
2.070000000000000000e+02 3.000000000000000000e+01 3.000000000000000000e+00 1.949000000000000000e+03 2.400000000000000000e+02
2.170000000000000000e+02 2.500000000000000000e+01 1.000000000000000000e+00 1.864000000000000000e+03 2.420000000000000000e+02
2.710000000000000000e+02 4.600000000000000000e+01 3.000000000000000000e+00 2.283000000000000000e+03 3.200000000000000000e+02
1.840000000000000000e+02 3.900000000000000000e+01 1.000000000000000000e+00 1.866000000000000000e+03 2.240000000000000000e+02
2.440000000000000000e+02 3.600000000000000000e+01 3.000000000000000000e+00 2.145000000000000000e+03 2.830000000000000000e+02
2.010000000000000000e+02 3.700000000000000000e+01 2.000000000000000000e+00 2.031000000000000000e+03 2.390000000000000000e+02
2.260000000000000000e+02 3.100000000000000000e+01 1.000000000000000000e+00 2.118000000000000000e+03 2.570000000000000000e+02
2.830000000000000000e+02 4.200000000000000000e+01 5.000000000000000000e+00 2.304000000000000000e+03 3.290000000000000000e+02
2.410000000000000000e+02 3.200000000000000000e+01 1.000000000000000000e+00 2.047000000000000000e+03 2.740000000000000000e+02
2.040000000000000000e+02 3.500000000000000000e+01 0.000000000000000000e+00 2.151000000000000000e+03 2.360000000000000000e+02
1.860000000000000000e+02 3.500000000000000000e+01 5.000000000000000000e+00 2.076000000000000000e+03 2.240000000000000000e+02
2.420000000000000000e+02 3.000000000000000000e+01 2.000000000000000000e+00 2.231000000000000000e+03 2.740000000000000000e+02
2.840000000000000000e+02 3.800000000000000000e+01 2.000000000000000000e+00 2.322000000000000000e+03 3.230000000000000000e+02
2.700000000000000000e+02 4.200000000000000000e+01 1.000000000000000000e+00 2.228000000000000000e+03 3.130000000000000000e+02
2.320000000000000000e+02 3.300000000000000000e+01 3.000000000000000000e+00 2.109000000000000000e+03 2.660000000000000000e+02
1.850000000000000000e+02 2.300000000000000000e+01 3.000000000000000000e+00 1.985000000000000000e+03 2.110000000000000000e+02
2.130000000000000000e+02 4.200000000000000000e+01 1.000000000000000000e+00 2.243000000000000000e+03 2.540000000000000000e+02
2.290000000000000000e+02 3.300000000000000000e+01 1.000000000000000000e+00 2.192000000000000000e+03 2.620000000000000000e+02
2.270000000000000000e+02 2.100000000000000000e+01 0.000000000000000000e+00 1.954000000000000000e+03 2.480000000000000000e+02
2.670000000000000000e+02 4.800000000000000000e+01 2.000000000000000000e+00 2.350000000000000000e+03 3.170000000000000000e+02
1.440000000000000000e+02 3.500000000000000000e+01 1.000000000000000000e+00 2.214000000000000000e+03 1.800000000000000000e+02
1.630000000000000000e+02 3.000000000000000000e+01 0.000000000000000000e+00 1.896000000000000000e+03 1.910000000000000000e+02
2.360000000000000000e+02 2.700000000000000000e+01 2.000000000000000000e+00 2.132000000000000000e+03 2.640000000000000000e+02
1.870000000000000000e+02 2.800000000000000000e+01 1.000000000000000000e+00 1.876000000000000000e+03 2.160000000000000000e+02
2.000000000000000000e+02 3.400000000000000000e+01 4.000000000000000000e+00 1.934000000000000000e+03 2.370000000000000000e+02
1.900000000000000000e+02 3.000000000000000000e+01 1.000000000000000000e+00 2.161000000000000000e+03 2.210000000000000000e+02
2.230000000000000000e+02 3.800000000000000000e+01 2.000000000000000000e+00 2.315000000000000000e+03 2.600000000000000000e+02
2.450000000000000000e+02 4.000000000000000000e+01 3.000000000000000000e+00 2.096000000000000000e+03 2.880000000000000000e+02
1.840000000000000000e+02 2.400000000000000000e+01 1.000000000000000000e+00 1.735000000000000000e+03 2.060000000000000000e+02
2.480000000000000000e+02 3.300000000000000000e+01 1.000000000000000000e+00 2.141000000000000000e+03 2.780000000000000000e+02
2.030000000000000000e+02 2.200000000000000000e+01 3.000000000000000000e+00 2.142000000000000000e+03 2.270000000000000000e+02
2.170000000000000000e+02 3.000000000000000000e+01 1.000000000000000000e+00 1.841000000000000000e+03 2.460000000000000000e+02
1.980000000000000000e+02 1.900000000000000000e+01 0.000000000000000000e+00 2.090000000000000000e+03 2.170000000000000000e+02
1.890000000000000000e+02 2.000000000000000000e+01 0.000000000000000000e+00 1.728000000000000000e+03 2.090000000000000000e+02
1.950000000000000000e+02 2.900000000000000000e+01 3.000000000000000000e+00 2.046000000000000000e+03 2.260000000000000000e+02
1.670000000000000000e+02 2.700000000000000000e+01 1.000000000000000000e+00 1.882000000000000000e+03 1.940000000000000000e+02
1.920000000000000000e+02 2.800000000000000000e+01 3.000000000000000000e+00 2.088000000000000000e+03 2.220000000000000000e+02
1.940000000000000000e+02 4.200000000000000000e+01 2.000000000000000000e+00 2.030000000000000000e+03 2.360000000000000000e+02
2.440000000000000000e+02 3.400000000000000000e+01 3.000000000000000000e+00 2.138000000000000000e+03 2.800000000000000000e+02
2.190000000000000000e+02 3.700000000000000000e+01 3.000000000000000000e+00 2.136000000000000000e+03 2.570000000000000000e+02
2.470000000000000000e+02 5.100000000000000000e+01 4.000000000000000000e+00 2.298000000000000000e+03 3.000000000000000000e+02
2.000000000000000000e+02 3.300000000000000000e+01 1.000000000000000000e+00 2.070000000000000000e+03 2.340000000000000000e+02
2.460000000000000000e+02 3.100000000000000000e+01 2.000000000000000000e+00 1.987000000000000000e+03 2.790000000000000000e+02
2.120000000000000000e+02 3.600000000000000000e+01 4.000000000000000000e+00 1.955000000000000000e+03 2.500000000000000000e+02
2.410000000000000000e+02 3.300000000000000000e+01 2.000000000000000000e+00 2.112000000000000000e+03 2.760000000000000000e+02
2.300000000000000000e+02 4.600000000000000000e+01 1.000000000000000000e+00 2.222000000000000000e+03 2.740000000000000000e+02
1.720000000000000000e+02 3.700000000000000000e+01 1.000000000000000000e+00 1.889000000000000000e+03 2.090000000000000000e+02
1.800000000000000000e+02 2.000000000000000000e+01 1.000000000000000000e+00 1.950000000000000000e+03 2.010000000000000000e+02
2.670000000000000000e+02 3.400000000000000000e+01 1.000000000000000000e+00 2.305000000000000000e+03 3.010000000000000000e+02
1.570000000000000000e+02 3.000000000000000000e+01 2.000000000000000000e+00 1.758000000000000000e+03 1.890000000000000000e+02
3.010000000000000000e+02 4.400000000000000000e+01 1.000000000000000000e+00 2.308000000000000000e+03 3.460000000000000000e+02
2.230000000000000000e+02 3.100000000000000000e+01 4.000000000000000000e+00 2.250000000000000000e+03 2.570000000000000000e+02
2.200000000000000000e+02 4.200000000000000000e+01 2.000000000000000000e+00 2.047000000000000000e+03 2.640000000000000000e+02
2.690000000000000000e+02 3.400000000000000000e+01 3.000000000000000000e+00 2.262000000000000000e+03 3.060000000000000000e+02
2.400000000000000000e+02 2.000000000000000000e+01 0.000000000000000000e+00 1.981000000000000000e+03 2.590000000000000000e+02
2.120000000000000000e+02 4.100000000000000000e+01 2.000000000000000000e+00 2.142000000000000000e+03 2.540000000000000000e+02
1.950000000000000000e+02 3.100000000000000000e+01 2.000000000000000000e+00 1.890000000000000000e+03 2.270000000000000000e+02
2.400000000000000000e+02 4.000000000000000000e+01 1.000000000000000000e+00 2.281000000000000000e+03 2.810000000000000000e+02
2.060000000000000000e+02 2.800000000000000000e+01 2.000000000000000000e+00 2.257000000000000000e+03 2.350000000000000000e+02
2.120000000000000000e+02 3.400000000000000000e+01 1.000000000000000000e+00 2.217000000000000000e+03 2.460000000000000000e+02
2.280000000000000000e+02 4.000000000000000000e+01 1.000000000000000000e+00 2.059000000000000000e+03 2.660000000000000000e+02
2.130000000000000000e+02 3.100000000000000000e+01 2.000000000000000000e+00 2.258000000000000000e+03 2.450000000000000000e+02
2.450000000000000000e+02 2.900000000000000000e+01 1.000000000000000000e+00 2.291000000000000000e+03 2.750000000000000000e+02
2.190000000000000000e+02 3.200000000000000000e+01 2.000000000000000000e+00 2.052000000000000000e+03 2.530000000000000000e+02
2.400000000000000000e+02 4.700000000000000000e+01 7.000000000000000000e+00 2.045000000000000000e+03 2.920000000000000000e+02
1.910000000000000000e+02 3.500000000000000000e+01 1.000000000000000000e+00 2.116000000000000000e+03 2.270000000000000000e+02
2.390000000000000000e+02 3.000000000000000000e+01 0.000000000000000000e+00 2.112000000000000000e+03 2.680000000000000000e+02
1.890000000000000000e+02 2.200000000000000000e+01 2.000000000000000000e+00 1.938000000000000000e+03 2.130000000000000000e+02
1.990000000000000000e+02 2.500000000000000000e+01 1.000000000000000000e+00 1.834000000000000000e+03 2.240000000000000000e+02
2.130000000000000000e+02 4.700000000000000000e+01 5.000000000000000000e+00 2.269000000000000000e+03 2.650000000000000000e+02
1.960000000000000000e+02 2.700000000000000000e+01 1.000000000000000000e+00 2.030000000000000000e+03 2.230000000000000000e+02
2.490000000000000000e+02 4.300000000000000000e+01 3.000000000000000000e+00 2.163000000000000000e+03 2.940000000000000000e+02
2.350000000000000000e+02 3.800000000000000000e+01 1.000000000000000000e+00 2.189000000000000000e+03 2.740000000000000000e+02
2.370000000000000000e+02 3.000000000000000000e+01 1.000000000000000000e+00 2.135000000000000000e+03 2.660000000000000000e+02
2.170000000000000000e+02 4.400000000000000000e+01 4.000000000000000000e+00 2.050000000000000000e+03 2.630000000000000000e+02
2.500000000000000000e+02 3.500000000000000000e+01 3.000000000000000000e+00 2.173000000000000000e+03 2.870000000000000000e+02
2.410000000000000000e+02 3.400000000000000000e+01 1.000000000000000000e+00 2.355000000000000000e+03 2.750000000000000000e+02
2.030000000000000000e+02 3.200000000000000000e+01 1.000000000000000000e+00 2.141000000000000000e+03 2.360000000000000000e+02
1.920000000000000000e+02 3.200000000000000000e+01 4.000000000000000000e+00 2.003000000000000000e+03 2.280000000000000000e+02
2.410000000000000000e+02 3.000000000000000000e+01 0.000000000000000000e+00 2.115000000000000000e+03 2.700000000000000000e+02
2.040000000000000000e+02 3.100000000000000000e+01 1.000000000000000000e+00 2.236000000000000000e+03 2.350000000000000000e+02
2.480000000000000000e+02 4.000000000000000000e+01 5.000000000000000000e+00 2.164000000000000000e+03 2.920000000000000000e+02
2.490000000000000000e+02 3.800000000000000000e+01 4.000000000000000000e+00 2.167000000000000000e+03 2.910000000000000000e+02
2.910000000000000000e+02 3.400000000000000000e+01 4.000000000000000000e+00 2.080000000000000000e+03 3.280000000000000000e+02
2.400000000000000000e+02 2.700000000000000000e+01 3.000000000000000000e+00 2.329000000000000000e+03 2.700000000000000000e+02
2.200000000000000000e+02 3.000000000000000000e+01 0.000000000000000000e+00 1.984000000000000000e+03 2.500000000000000000e+02
2.160000000000000000e+02 3.000000000000000000e+01 4.000000000000000000e+00 2.211000000000000000e+03 2.490000000000000000e+02
2.120000000000000000e+02 2.700000000000000000e+01 1.000000000000000000e+00 2.130000000000000000e+03 2.400000000000000000e+02
1.600000000000000000e+02 2.300000000000000000e+01 1.000000000000000000e+00 1.826000000000000000e+03 1.830000000000000000e+02
2.510000000000000000e+02 2.900000000000000000e+01 1.000000000000000000e+00 1.996000000000000000e+03 2.800000000000000000e+02
1.350000000000000000e+02 1.500000000000000000e+01 0.000000000000000000e+00 1.612000000000000000e+03 1.490000000000000000e+02
2.360000000000000000e+02 3.800000000000000000e+01 4.000000000000000000e+00 2.144000000000000000e+03 2.780000000000000000e+02
2.590000000000000000e+02 4.600000000000000000e+01 2.000000000000000000e+00 2.084000000000000000e+03 3.070000000000000000e+02
2.780000000000000000e+02 3.800000000000000000e+01 0.000000000000000000e+00 2.362000000000000000e+03 3.150000000000000000e+02
2.490000000000000000e+02 5.100000000000000000e+01 4.000000000000000000e+00 2.307000000000000000e+03 2.990000000000000000e+02
2.740000000000000000e+02 5.200000000000000000e+01 6.000000000000000000e+00 2.328000000000000000e+03 3.320000000000000000e+02
2.790000000000000000e+02 3.900000000000000000e+01 3.000000000000000000e+00 2.219000000000000000e+03 3.200000000000000000e+02
1.700000000000000000e+02 2.500000000000000000e+01 4.000000000000000000e+00 1.931000000000000000e+03 1.980000000000000000e+02
2.440000000000000000e+02 4.500000000000000000e+01 2.000000000000000000e+00 2.431000000000000000e+03 2.900000000000000000e+02
1.810000000000000000e+02 3.100000000000000000e+01 4.000000000000000000e+00 2.031000000000000000e+03 2.140000000000000000e+02
2.210000000000000000e+02 2.500000000000000000e+01 2.000000000000000000e+00 2.025000000000000000e+03 2.480000000000000000e+02
2.410000000000000000e+02 2.600000000000000000e+01 2.000000000000000000e+00 2.039000000000000000e+03 2.670000000000000000e+02
2.260000000000000000e+02 3.900000000000000000e+01 3.000000000000000000e+00 2.243000000000000000e+03 2.650000000000000000e+02
2.340000000000000000e+02 4.700000000000000000e+01 1.000000000000000000e+00 2.074000000000000000e+03 2.810000000000000000e+02
2.400000000000000000e+02 3.800000000000000000e+01 2.000000000000000000e+00 2.258000000000000000e+03 2.800000000000000000e+02
2.100000000000000000e+02 3.600000000000000000e+01 2.000000000000000000e+00 2.160000000000000000e+03 2.470000000000000000e+02
2.420000000000000000e+02 3.000000000000000000e+01 3.000000000000000000e+00 1.938000000000000000e+03 2.750000000000000000e+02
2.240000000000000000e+02 3.300000000000000000e+01 2.000000000000000000e+00 2.240000000000000000e+03 2.570000000000000000e+02
2.260000000000000000e+02 3.200000000000000000e+01 1.000000000000000000e+00 2.052000000000000000e+03 2.590000000000000000e+02
2.270000000000000000e+02 2.900000000000000000e+01 2.000000000000000000e+00 2.219000000000000000e+03 2.580000000000000000e+02
2.120000000000000000e+02 2.500000000000000000e+01 1.000000000000000000e+00 2.038000000000000000e+03 2.380000000000000000e+02
2.020000000000000000e+02 3.300000000000000000e+01 0.000000000000000000e+00 2.039000000000000000e+03 2.330000000000000000e+02
2.410000000000000000e+02 3.800000000000000000e+01 1.000000000000000000e+00 2.258000000000000000e+03 2.800000000000000000e+02
2.360000000000000000e+02 4.100000000000000000e+01 4.000000000000000000e+00 2.235000000000000000e+03 2.800000000000000000e+02
2.250000000000000000e+02 2.800000000000000000e+01 1.000000000000000000e+00 2.147000000000000000e+03 2.540000000000000000e+02
2.530000000000000000e+02 4.000000000000000000e+01 3.000000000000000000e+00 2.276000000000000000e+03 2.960000000000000000e+02
2.750000000000000000e+02 3.900000000000000000e+01 2.000000000000000000e+00 2.333000000000000000e+03 3.150000000000000000e+02
1.840000000000000000e+02 3.600000000000000000e+01 0.000000000000000000e+00 1.980000000000000000e+03 2.190000000000000000e+02
2.120000000000000000e+02 3.300000000000000000e+01 1.000000000000000000e+00 2.029000000000000000e+03 2.440000000000000000e+02
2.060000000000000000e+02 3.300000000000000000e+01 3.000000000000000000e+00 2.000000000000000000e+03 2.390000000000000000e+02
1.950000000000000000e+02 3.100000000000000000e+01 2.000000000000000000e+00 2.145000000000000000e+03 2.260000000000000000e+02
3.040000000000000000e+02 3.500000000000000000e+01 2.000000000000000000e+00 2.358000000000000000e+03 3.410000000000000000e+02
2.080000000000000000e+02 2.500000000000000000e+01 2.000000000000000000e+00 2.175000000000000000e+03 2.330000000000000000e+02
2.020000000000000000e+02 3.200000000000000000e+01 0.000000000000000000e+00 2.041000000000000000e+03 2.320000000000000000e+02
2.300000000000000000e+02 3.400000000000000000e+01 2.000000000000000000e+00 2.240000000000000000e+03 2.650000000000000000e+02
2.330000000000000000e+02 3.600000000000000000e+01 2.000000000000000000e+00 2.100000000000000000e+03 2.700000000000000000e+02
2.550000000000000000e+02 3.200000000000000000e+01 1.000000000000000000e+00 2.257000000000000000e+03 2.860000000000000000e+02
2.340000000000000000e+02 3.300000000000000000e+01 0.000000000000000000e+00 2.226000000000000000e+03 2.660000000000000000e+02
1.690000000000000000e+02 3.500000000000000000e+01 2.000000000000000000e+00 1.798000000000000000e+03 2.040000000000000000e+02
1.570000000000000000e+02 2.500000000000000000e+01 0.000000000000000000e+00 1.940000000000000000e+03 1.810000000000000000e+02
2.130000000000000000e+02 2.100000000000000000e+01 2.000000000000000000e+00 2.009000000000000000e+03 2.340000000000000000e+02
2.440000000000000000e+02 3.600000000000000000e+01 1.000000000000000000e+00 2.257000000000000000e+03 2.790000000000000000e+02
2.050000000000000000e+02 2.900000000000000000e+01 2.000000000000000000e+00 2.209000000000000000e+03 2.360000000000000000e+02
2.960000000000000000e+02 3.500000000000000000e+01 2.000000000000000000e+00 2.405000000000000000e+03 3.330000000000000000e+02
