3.586000000000000000e+03 5.150000000000000000e+02 5.100000000000000000e+01 1.599500000000000000e+04 1.867000000000000000e+03
3.655000000000000000e+03 4.740000000000000000e+02 3.900000000000000000e+01 1.453200000000000000e+04 1.927000000000000000e+03
3.143000000000000000e+03 5.040000000000000000e+02 3.200000000000000000e+01 1.334900000000000000e+04 1.825000000000000000e+03
2.913000000000000000e+03 4.460000000000000000e+02 2.700000000000000000e+01 1.206800000000000000e+04 1.816000000000000000e+03
3.651000000000000000e+03 5.020000000000000000e+02 3.800000000000000000e+01 1.563900000000000000e+04 1.841000000000000000e+03
3.479000000000000000e+03 5.250000000000000000e+02 3.800000000000000000e+01 1.478100000000000000e+04 1.901000000000000000e+03
2.712000000000000000e+03 4.510000000000000000e+02 2.900000000000000000e+01 1.097400000000000000e+04 1.791000000000000000e+03
3.148000000000000000e+03 5.030000000000000000e+02 3.500000000000000000e+01 1.397800000000000000e+04 1.847000000000000000e+03
3.543000000000000000e+03 4.880000000000000000e+02 3.800000000000000000e+01 1.443200000000000000e+04 1.880000000000000000e+03
3.195000000000000000e+03 5.320000000000000000e+02 3.400000000000000000e+01 1.382100000000000000e+04 1.910000000000000000e+03
3.494000000000000000e+03 5.190000000000000000e+02 3.100000000000000000e+01 1.445000000000000000e+04 1.886000000000000000e+03
3.640000000000000000e+03 4.780000000000000000e+02 4.200000000000000000e+01 1.495700000000000000e+04 1.910000000000000000e+03
3.456000000000000000e+03 4.910000000000000000e+02 2.900000000000000000e+01 1.445800000000000000e+04 1.875000000000000000e+03
3.866000000000000000e+03 5.300000000000000000e+02 3.500000000000000000e+01 1.587900000000000000e+04 1.948000000000000000e+03
3.714000000000000000e+03 5.100000000000000000e+02 3.600000000000000000e+01 1.617300000000000000e+04 1.829000000000000000e+03
3.039000000000000000e+03 4.720000000000000000e+02 3.200000000000000000e+01 1.295700000000000000e+04 1.838000000000000000e+03
3.568000000000000000e+03 5.260000000000000000e+02 3.000000000000000000e+01 1.510800000000000000e+04 1.916000000000000000e+03
3.514000000000000000e+03 5.440000000000000000e+02 3.600000000000000000e+01 1.451000000000000000e+04 1.916000000000000000e+03
3.664000000000000000e+03 4.460000000000000000e+02 2.400000000000000000e+01 1.576200000000000000e+04 1.858000000000000000e+03
3.461000000000000000e+03 5.320000000000000000e+02 3.600000000000000000e+01 1.454500000000000000e+04 1.876000000000000000e+03
3.870000000000000000e+03 4.690000000000000000e+02 3.800000000000000000e+01 1.680400000000000000e+04 1.796000000000000000e+03
4.019000000000000000e+03 5.110000000000000000e+02 3.200000000000000000e+01 1.728700000000000000e+04 1.821000000000000000e+03
3.708000000000000000e+03 5.030000000000000000e+02 2.600000000000000000e+01 1.539600000000000000e+04 1.857000000000000000e+03
4.058000000000000000e+03 4.900000000000000000e+02 3.100000000000000000e+01 1.685600000000000000e+04 1.873000000000000000e+03
3.757000000000000000e+03 4.310000000000000000e+02 3.500000000000000000e+01 1.715300000000000000e+04 1.699000000000000000e+03
2.986000000000000000e+03 4.880000000000000000e+02 3.900000000000000000e+01 1.241600000000000000e+04 1.787000000000000000e+03
3.762000000000000000e+03 4.720000000000000000e+02 3.000000000000000000e+01 1.510300000000000000e+04 1.892000000000000000e+03
3.552000000000000000e+03 5.100000000000000000e+02 3.200000000000000000e+01 1.478000000000000000e+04 1.874000000000000000e+03
3.515000000000000000e+03 5.040000000000000000e+02 2.600000000000000000e+01 1.584700000000000000e+04 1.818000000000000000e+03
3.420000000000000000e+03 4.810000000000000000e+02 3.800000000000000000e+01 1.368500000000000000e+04 1.886000000000000000e+03
3.810000000000000000e+03 4.360000000000000000e+02 3.500000000000000000e+01 1.680700000000000000e+04 1.699000000000000000e+03
3.383000000000000000e+03 4.920000000000000000e+02 3.900000000000000000e+01 1.318700000000000000e+04 1.914000000000000000e+03
3.856000000000000000e+03 5.270000000000000000e+02 3.000000000000000000e+01 1.668400000000000000e+04 1.819000000000000000e+03
3.445000000000000000e+03 5.000000000000000000e+02 3.100000000000000000e+01 1.402200000000000000e+04 1.833000000000000000e+03
3.349000000000000000e+03 4.980000000000000000e+02 4.000000000000000000e+01 1.434200000000000000e+04 1.857000000000000000e+03
3.008000000000000000e+03 4.390000000000000000e+02 3.100000000000000000e+01 1.134900000000000000e+04 1.759000000000000000e+03
3.342000000000000000e+03 4.940000000000000000e+02 2.100000000000000000e+01 1.408200000000000000e+04 1.819000000000000000e+03
3.527000000000000000e+03 5.140000000000000000e+02 2.700000000000000000e+01 1.475300000000000000e+04 1.902000000000000000e+03
3.893000000000000000e+03 4.650000000000000000e+02 2.200000000000000000e+01 1.643700000000000000e+04 1.869000000000000000e+03
3.795000000000000000e+03 4.500000000000000000e+02 2.600000000000000000e+01 1.713400000000000000e+04 1.697000000000000000e+03
3.733000000000000000e+03 5.480000000000000000e+02 3.200000000000000000e+01 1.481600000000000000e+04 1.996000000000000000e+03
3.778000000000000000e+03 5.360000000000000000e+02 3.700000000000000000e+01 1.536900000000000000e+04 1.909000000000000000e+03
3.186000000000000000e+03 4.920000000000000000e+02 3.200000000000000000e+01 1.310700000000000000e+04 1.865000000000000000e+03
3.859000000000000000e+03 4.880000000000000000e+02 3.000000000000000000e+01 1.587700000000000000e+04 1.926000000000000000e+03
3.634000000000000000e+03 5.180000000000000000e+02 3.900000000000000000e+01 1.486200000000000000e+04 1.876000000000000000e+03
3.877000000000000000e+03 4.960000000000000000e+02 3.800000000000000000e+01 1.597400000000000000e+04 1.842000000000000000e+03
3.303000000000000000e+03 4.950000000000000000e+02 4.100000000000000000e+01 1.312600000000000000e+04 1.919000000000000000e+03
3.616000000000000000e+03 4.910000000000000000e+02 3.400000000000000000e+01 1.456900000000000000e+04 1.897000000000000000e+03
3.328000000000000000e+03 5.040000000000000000e+02 3.100000000000000000e+01 1.417600000000000000e+04 1.840000000000000000e+03
3.524000000000000000e+03 5.220000000000000000e+02 4.400000000000000000e+01 1.588300000000000000e+04 1.816000000000000000e+03
3.274000000000000000e+03 5.530000000000000000e+02 4.900000000000000000e+01 1.379700000000000000e+04 1.921000000000000000e+03
3.790000000000000000e+03 4.620000000000000000e+02 3.000000000000000000e+01 1.692400000000000000e+04 1.776000000000000000e+03
3.247000000000000000e+03 4.910000000000000000e+02 3.300000000000000000e+01 1.308700000000000000e+04 1.819000000000000000e+03
3.882000000000000000e+03 5.130000000000000000e+02 2.800000000000000000e+01 1.685700000000000000e+04 1.874000000000000000e+03
3.917000000000000000e+03 5.240000000000000000e+02 3.000000000000000000e+01 1.641000000000000000e+04 1.875000000000000000e+03
3.792000000000000000e+03 5.080000000000000000e+02 3.000000000000000000e+01 1.658000000000000000e+04 1.844000000000000000e+03
3.646000000000000000e+03 4.930000000000000000e+02 2.500000000000000000e+01 1.537400000000000000e+04 1.814000000000000000e+03
3.480000000000000000e+03 5.240000000000000000e+02 4.500000000000000000e+01 1.570200000000000000e+04 1.816000000000000000e+03
3.771000000000000000e+03 4.930000000000000000e+02 3.000000000000000000e+01 1.698200000000000000e+04 1.900000000000000000e+03
3.522000000000000000e+03 4.490000000000000000e+02 3.100000000000000000e+01 1.624900000000000000e+04 1.688000000000000000e+03
3.464000000000000000e+03 4.690000000000000000e+02 2.600000000000000000e+01 1.478000000000000000e+04 1.871000000000000000e+03
3.316000000000000000e+03 5.060000000000000000e+02 2.900000000000000000e+01 1.472100000000000000e+04 1.801000000000000000e+03
4.019000000000000000e+03 5.440000000000000000e+02 2.600000000000000000e+01 1.648700000000000000e+04 1.862000000000000000e+03
3.586000000000000000e+03 5.450000000000000000e+02 3.800000000000000000e+01 1.444100000000000000e+04 1.910000000000000000e+03
3.741000000000000000e+03 4.890000000000000000e+02 3.000000000000000000e+01 1.588300000000000000e+04 1.917000000000000000e+03
3.640000000000000000e+03 4.960000000000000000e+02 3.400000000000000000e+01 1.448000000000000000e+04 1.897000000000000000e+03
3.093000000000000000e+03 4.580000000000000000e+02 3.100000000000000000e+01 1.265300000000000000e+04 1.730000000000000000e+03
3.457000000000000000e+03 4.440000000000000000e+02 3.000000000000000000e+01 1.407400000000000000e+04 1.851000000000000000e+03
3.671000000000000000e+03 4.720000000000000000e+02 3.600000000000000000e+01 1.542600000000000000e+04 1.912000000000000000e+03
3.837000000000000000e+03 4.870000000000000000e+02 2.400000000000000000e+01 1.656600000000000000e+04 1.862000000000000000e+03
3.936000000000000000e+03 4.630000000000000000e+02 2.600000000000000000e+01 1.594500000000000000e+04 1.874000000000000000e+03
3.888000000000000000e+03 5.060000000000000000e+02 2.900000000000000000e+01 1.652500000000000000e+04 1.854000000000000000e+03
3.891000000000000000e+03 4.490000000000000000e+02 3.600000000000000000e+01 1.728700000000000000e+04 1.673000000000000000e+03
3.628000000000000000e+03 5.120000000000000000e+02 3.200000000000000000e+01 1.514300000000000000e+04 1.875000000000000000e+03
3.300000000000000000e+03 4.740000000000000000e+02 2.600000000000000000e+01 1.423800000000000000e+04 1.826000000000000000e+03
3.800000000000000000e+03 4.710000000000000000e+02 2.100000000000000000e+01 1.608400000000000000e+04 1.752000000000000000e+03
3.578000000000000000e+03 4.870000000000000000e+02 2.500000000000000000e+01 1.569700000000000000e+04 1.873000000000000000e+03
3.472000000000000000e+03 4.800000000000000000e+02 3.100000000000000000e+01 1.376300000000000000e+04 1.857000000000000000e+03
3.872000000000000000e+03 4.340000000000000000e+02 3.100000000000000000e+01 1.737300000000000000e+04 1.586000000000000000e+03
3.079000000000000000e+03 5.140000000000000000e+02 2.500000000000000000e+01 1.303000000000000000e+04 1.800000000000000000e+03
2.875000000000000000e+03 4.790000000000000000e+02 3.200000000000000000e+01 1.184100000000000000e+04 1.778000000000000000e+03
3.904000000000000000e+03 5.040000000000000000e+02 3.800000000000000000e+01 1.615800000000000000e+04 1.899000000000000000e+03
3.083000000000000000e+03 4.860000000000000000e+02 4.400000000000000000e+01 1.222100000000000000e+04 1.824000000000000000e+03
2.503000000000000000e+03 4.310000000000000000e+02 2.100000000000000000e+01 9.854000000000000000e+03 1.697000000000000000e+03
3.270000000000000000e+03 5.020000000000000000e+02 3.200000000000000000e+01 1.379800000000000000e+04 1.863000000000000000e+03
3.338000000000000000e+03 4.840000000000000000e+02 3.500000000000000000e+01 1.507900000000000000e+04 1.804000000000000000e+03
3.596000000000000000e+03 4.780000000000000000e+02 3.100000000000000000e+01 1.349200000000000000e+04 1.971000000000000000e+03
2.964000000000000000e+03 4.500000000000000000e+02 3.300000000000000000e+01 1.196900000000000000e+04 1.779000000000000000e+03
3.600000000000000000e+03 5.260000000000000000e+02 3.300000000000000000e+01 1.512900000000000000e+04 1.917000000000000000e+03
3.860000000000000000e+03 5.170000000000000000e+02 2.600000000000000000e+01 1.622100000000000000e+04 1.876000000000000000e+03
3.757000000000000000e+03 4.560000000000000000e+02 3.200000000000000000e+01 1.736000000000000000e+04 1.657000000000000000e+03
3.311000000000000000e+03 4.860000000000000000e+02 3.400000000000000000e+01 1.419400000000000000e+04 1.859000000000000000e+03
3.628000000000000000e+03 5.180000000000000000e+02 3.500000000000000000e+01 1.543600000000000000e+04 1.850000000000000000e+03
3.362000000000000000e+03 5.260000000000000000e+02 3.900000000000000000e+01 1.386800000000000000e+04 1.907000000000000000e+03
3.600000000000000000e+03 4.460000000000000000e+02 3.000000000000000000e+01 1.544400000000000000e+04 1.849000000000000000e+03
3.354000000000000000e+03 4.750000000000000000e+02 4.000000000000000000e+01 1.351500000000000000e+04 1.830000000000000000e+03
3.610000000000000000e+03 5.500000000000000000e+02 2.800000000000000000e+01 1.596200000000000000e+04 1.892000000000000000e+03
3.389000000000000000e+03 4.950000000000000000e+02 2.900000000000000000e+01 1.368900000000000000e+04 1.796000000000000000e+03
3.876000000000000000e+03 4.430000000000000000e+02 3.100000000000000000e+01 1.746700000000000000e+04 1.736000000000000000e+03
3.385000000000000000e+03 4.850000000000000000e+02 2.000000000000000000e+01 1.475900000000000000e+04 1.884000000000000000e+03
2.883000000000000000e+03 4.760000000000000000e+02 3.500000000000000000e+01 1.123000000000000000e+04 1.776000000000000000e+03
3.729000000000000000e+03 4.650000000000000000e+02 4.300000000000000000e+01 1.600800000000000000e+04 1.822000000000000000e+03
3.719000000000000000e+03 4.920000000000000000e+02 3.300000000000000000e+01 1.603200000000000000e+04 1.898000000000000000e+03
3.406000000000000000e+03 5.300000000000000000e+02 3.300000000000000000e+01 1.385200000000000000e+04 1.929000000000000000e+03
3.118000000000000000e+03 4.920000000000000000e+02 2.600000000000000000e+01 1.209000000000000000e+04 1.851000000000000000e+03
3.488000000000000000e+03 4.670000000000000000e+02 3.100000000000000000e+01 1.405700000000000000e+04 1.946000000000000000e+03
3.568000000000000000e+03 5.100000000000000000e+02 3.800000000000000000e+01 1.560600000000000000e+04 1.878000000000000000e+03
3.320000000000000000e+03 4.770000000000000000e+02 2.500000000000000000e+01 1.441600000000000000e+04 1.813000000000000000e+03
3.781000000000000000e+03 4.790000000000000000e+02 1.800000000000000000e+01 1.596300000000000000e+04 1.873000000000000000e+03
3.887000000000000000e+03 4.720000000000000000e+02 2.500000000000000000e+01 1.725700000000000000e+04 1.729000000000000000e+03
3.869000000000000000e+03 4.820000000000000000e+02 3.700000000000000000e+01 1.536600000000000000e+04 1.970000000000000000e+03
3.042000000000000000e+03 4.710000000000000000e+02 4.700000000000000000e+01 1.194300000000000000e+04 1.804000000000000000e+03
3.685000000000000000e+03 5.170000000000000000e+02 3.500000000000000000e+01 1.560700000000000000e+04 1.853000000000000000e+03
3.863000000000000000e+03 5.160000000000000000e+02 3.100000000000000000e+01 1.644200000000000000e+04 1.837000000000000000e+03
3.764000000000000000e+03 4.960000000000000000e+02 2.800000000000000000e+01 1.612800000000000000e+04 1.882000000000000000e+03
3.703000000000000000e+03 4.260000000000000000e+02 1.500000000000000000e+01 1.686000000000000000e+04 1.721000000000000000e+03
3.738000000000000000e+03 5.350000000000000000e+02 3.100000000000000000e+01 1.481600000000000000e+04 1.981000000000000000e+03
3.402000000000000000e+03 4.840000000000000000e+02 3.600000000000000000e+01 1.382800000000000000e+04 1.819000000000000000e+03
3.293000000000000000e+03 4.860000000000000000e+02 3.300000000000000000e+01 1.320600000000000000e+04 1.845000000000000000e+03
3.352000000000000000e+03 5.090000000000000000e+02 2.900000000000000000e+01 1.440200000000000000e+04 1.824000000000000000e+03
3.751000000000000000e+03 4.720000000000000000e+02 3.500000000000000000e+01 1.571700000000000000e+04 1.859000000000000000e+03
3.195000000000000000e+03 4.500000000000000000e+02 2.900000000000000000e+01 1.376200000000000000e+04 1.803000000000000000e+03
3.132000000000000000e+03 5.010000000000000000e+02 3.100000000000000000e+01 1.354100000000000000e+04 1.865000000000000000e+03
3.953000000000000000e+03 4.910000000000000000e+02 3.700000000000000000e+01 1.717800000000000000e+04 1.835000000000000000e+03
3.873000000000000000e+03 5.190000000000000000e+02 3.700000000000000000e+01 1.593900000000000000e+04 1.924000000000000000e+03
3.780000000000000000e+03 5.030000000000000000e+02 3.200000000000000000e+01 1.664300000000000000e+04 1.794000000000000000e+03
3.327000000000000000e+03 4.890000000000000000e+02 3.100000000000000000e+01 1.492500000000000000e+04 1.795000000000000000e+03
3.599000000000000000e+03 4.860000000000000000e+02 3.300000000000000000e+01 1.562300000000000000e+04 1.839000000000000000e+03
3.628000000000000000e+03 5.160000000000000000e+02 3.500000000000000000e+01 1.526500000000000000e+04 1.909000000000000000e+03
2.844000000000000000e+03 4.870000000000000000e+02 3.300000000000000000e+01 1.158000000000000000e+04 1.738000000000000000e+03
3.801000000000000000e+03 4.940000000000000000e+02 2.700000000000000000e+01 1.600600000000000000e+04 1.858000000000000000e+03
4.005000000000000000e+03 5.100000000000000000e+02 2.700000000000000000e+01 1.643500000000000000e+04 1.932000000000000000e+03
3.666000000000000000e+03 5.040000000000000000e+02 3.100000000000000000e+01 1.505500000000000000e+04 1.900000000000000000e+03
3.535000000000000000e+03 4.960000000000000000e+02 4.000000000000000000e+01 1.510600000000000000e+04 1.837000000000000000e+03
3.732000000000000000e+03 4.880000000000000000e+02 4.000000000000000000e+01 1.645100000000000000e+04 1.782000000000000000e+03
3.505000000000000000e+03 4.870000000000000000e+02 3.200000000000000000e+01 1.416100000000000000e+04 1.910000000000000000e+03
3.803000000000000000e+03 4.740000000000000000e+02 2.600000000000000000e+01 1.656400000000000000e+04 1.775000000000000000e+03
3.061000000000000000e+03 4.470000000000000000e+02 2.300000000000000000e+01 1.288900000000000000e+04 1.722000000000000000e+03
2.653000000000000000e+03 4.580000000000000000e+02 3.500000000000000000e+01 1.144400000000000000e+04 1.772000000000000000e+03
3.618000000000000000e+03 4.820000000000000000e+02 3.600000000000000000e+01 1.458100000000000000e+04 1.916000000000000000e+03
3.672000000000000000e+03 4.830000000000000000e+02 3.300000000000000000e+01 1.487900000000000000e+04 1.882000000000000000e+03
3.475000000000000000e+03 4.910000000000000000e+02 4.200000000000000000e+01 1.412100000000000000e+04 1.876000000000000000e+03
2.905000000000000000e+03 4.550000000000000000e+02 2.500000000000000000e+01 1.126100000000000000e+04 1.777000000000000000e+03
3.488000000000000000e+03 4.750000000000000000e+02 2.600000000000000000e+01 1.450300000000000000e+04 1.874000000000000000e+03
4.256000000000000000e+03 4.650000000000000000e+02 2.000000000000000000e+01 1.853100000000000000e+04 1.768000000000000000e+03
3.591000000000000000e+03 5.080000000000000000e+02 2.600000000000000000e+01 1.505300000000000000e+04 1.902000000000000000e+03
3.698000000000000000e+03 4.750000000000000000e+02 3.300000000000000000e+01 1.637000000000000000e+04 1.738000000000000000e+03
3.095000000000000000e+03 4.690000000000000000e+02 3.600000000000000000e+01 1.326500000000000000e+04 1.843000000000000000e+03
3.044000000000000000e+03 4.950000000000000000e+02 3.800000000000000000e+01 1.280900000000000000e+04 1.838000000000000000e+03
3.457000000000000000e+03 4.790000000000000000e+02 3.100000000000000000e+01 1.397600000000000000e+04 1.871000000000000000e+03
3.850000000000000000e+03 4.700000000000000000e+02 2.900000000000000000e+01 1.639400000000000000e+04 1.848000000000000000e+03
3.698000000000000000e+03 5.130000000000000000e+02 3.700000000000000000e+01 1.544200000000000000e+04 1.910000000000000000e+03
3.718000000000000000e+03 4.960000000000000000e+02 3.400000000000000000e+01 1.607300000000000000e+04 1.858000000000000000e+03
3.444000000000000000e+03 4.920000000000000000e+02 2.800000000000000000e+01 1.423000000000000000e+04 1.890000000000000000e+03
3.524000000000000000e+03 4.710000000000000000e+02 2.000000000000000000e+01 1.470400000000000000e+04 1.868000000000000000e+03
3.221000000000000000e+03 5.100000000000000000e+02 2.700000000000000000e+01 1.342800000000000000e+04 1.841000000000000000e+03
3.659000000000000000e+03 5.170000000000000000e+02 3.400000000000000000e+01 1.438700000000000000e+04 1.954000000000000000e+03
3.449000000000000000e+03 5.080000000000000000e+02 3.100000000000000000e+01 1.491100000000000000e+04 1.902000000000000000e+03
3.267000000000000000e+03 5.370000000000000000e+02 2.200000000000000000e+01 1.380400000000000000e+04 1.820000000000000000e+03
3.509000000000000000e+03 5.010000000000000000e+02 3.100000000000000000e+01 1.400600000000000000e+04 1.839000000000000000e+03
3.009000000000000000e+03 4.700000000000000000e+02 3.700000000000000000e+01 1.225200000000000000e+04 1.810000000000000000e+03
3.224000000000000000e+03 5.170000000000000000e+02 2.900000000000000000e+01 1.358400000000000000e+04 1.825000000000000000e+03
3.715000000000000000e+03 5.030000000000000000e+02 3.400000000000000000e+01 1.492900000000000000e+04 1.952000000000000000e+03
3.625000000000000000e+03 5.080000000000000000e+02 3.300000000000000000e+01 1.555900000000000000e+04 1.924000000000000000e+03
3.425000000000000000e+03 4.860000000000000000e+02 3.500000000000000000e+01 1.627400000000000000e+04 1.711000000000000000e+03
3.282000000000000000e+03 4.980000000000000000e+02 3.600000000000000000e+01 1.310100000000000000e+04 1.893000000000000000e+03
3.678000000000000000e+03 4.850000000000000000e+02 3.200000000000000000e+01 1.492900000000000000e+04 1.871000000000000000e+03
3.410000000000000000e+03 5.200000000000000000e+02 4.200000000000000000e+01 1.371700000000000000e+04 1.924000000000000000e+03
3.572000000000000000e+03 4.580000000000000000e+02 2.600000000000000000e+01 1.714500000000000000e+04 1.604000000000000000e+03
3.802000000000000000e+03 5.470000000000000000e+02 4.400000000000000000e+01 1.605200000000000000e+04 1.982000000000000000e+03
3.460000000000000000e+03 5.110000000000000000e+02 3.200000000000000000e+01 1.419600000000000000e+04 1.884000000000000000e+03
3.612000000000000000e+03 5.500000000000000000e+02 4.600000000000000000e+01 1.508600000000000000e+04 1.926000000000000000e+03
3.759000000000000000e+03 5.310000000000000000e+02 3.200000000000000000e+01 1.586600000000000000e+04 1.926000000000000000e+03
4.073000000000000000e+03 5.180000000000000000e+02 2.900000000000000000e+01 1.710400000000000000e+04 1.885000000000000000e+03
2.639000000000000000e+03 4.320000000000000000e+02 2.800000000000000000e+01 1.012300000000000000e+04 1.729000000000000000e+03
3.575000000000000000e+03 4.720000000000000000e+02 2.700000000000000000e+01 1.603500000000000000e+04 1.803000000000000000e+03
3.748000000000000000e+03 4.510000000000000000e+02 2.700000000000000000e+01 1.604900000000000000e+04 1.813000000000000000e+03
3.468000000000000000e+03 4.720000000000000000e+02 3.300000000000000000e+01 1.474000000000000000e+04 1.870000000000000000e+03
3.502000000000000000e+03 5.440000000000000000e+02 4.200000000000000000e+01 1.416400000000000000e+04 1.936000000000000000e+03
3.380000000000000000e+03 5.190000000000000000e+02 2.700000000000000000e+01 1.454200000000000000e+04 1.898000000000000000e+03
4.170000000000000000e+03 4.690000000000000000e+02 3.600000000000000000e+01 1.770000000000000000e+04 1.652000000000000000e+03
3.665000000000000000e+03 5.180000000000000000e+02 3.100000000000000000e+01 1.607400000000000000e+04 1.846000000000000000e+03
3.187000000000000000e+03 4.880000000000000000e+02 3.400000000000000000e+01 1.308900000000000000e+04 1.832000000000000000e+03
3.709000000000000000e+03 5.240000000000000000e+02 2.900000000000000000e+01 1.614500000000000000e+04 1.954000000000000000e+03
2.977000000000000000e+03 4.850000000000000000e+02 2.000000000000000000e+01 1.258000000000000000e+04 1.856000000000000000e+03
3.646000000000000000e+03 4.790000000000000000e+02 3.200000000000000000e+01 1.547300000000000000e+04 1.796000000000000000e+03
3.524000000000000000e+03 5.460000000000000000e+02 4.600000000000000000e+01 1.465900000000000000e+04 1.935000000000000000e+03
3.770000000000000000e+03 5.160000000000000000e+02 4.200000000000000000e+01 1.571500000000000000e+04 1.957000000000000000e+03
3.581000000000000000e+03 4.850000000000000000e+02 4.100000000000000000e+01 1.677100000000000000e+04 1.730000000000000000e+03
3.312000000000000000e+03 5.260000000000000000e+02 3.600000000000000000e+01 1.414100000000000000e+04 1.826000000000000000e+03
3.818000000000000000e+03 4.970000000000000000e+02 3.600000000000000000e+01 1.637200000000000000e+04 1.906000000000000000e+03
3.548000000000000000e+03 5.110000000000000000e+02 2.800000000000000000e+01 1.566000000000000000e+04 1.839000000000000000e+03
2.824000000000000000e+03 4.630000000000000000e+02 3.100000000000000000e+01 1.060800000000000000e+04 1.731000000000000000e+03
3.601000000000000000e+03 4.730000000000000000e+02 3.300000000000000000e+01 1.514000000000000000e+04 1.910000000000000000e+03
3.558000000000000000e+03 5.410000000000000000e+02 3.700000000000000000e+01 1.430300000000000000e+04 1.945000000000000000e+03
3.797000000000000000e+03 4.770000000000000000e+02 3.400000000000000000e+01 1.598600000000000000e+04 1.903000000000000000e+03
3.594000000000000000e+03 4.870000000000000000e+02 2.500000000000000000e+01 1.550700000000000000e+04 1.833000000000000000e+03
3.428000000000000000e+03 4.870000000000000000e+02 2.300000000000000000e+01 1.383400000000000000e+04 1.895000000000000000e+03
3.812000000000000000e+03 5.330000000000000000e+02 3.600000000000000000e+01 1.471200000000000000e+04 2.019000000000000000e+03
3.286000000000000000e+03 4.840000000000000000e+02 3.700000000000000000e+01 1.259900000000000000e+04 1.868000000000000000e+03
3.913000000000000000e+03 4.600000000000000000e+02 3.200000000000000000e+01 1.633500000000000000e+04 1.838000000000000000e+03
3.758000000000000000e+03 5.090000000000000000e+02 3.400000000000000000e+01 1.575300000000000000e+04 1.906000000000000000e+03
3.784000000000000000e+03 4.950000000000000000e+02 3.200000000000000000e+01 1.615100000000000000e+04 1.868000000000000000e+03
3.696000000000000000e+03 5.190000000000000000e+02 3.200000000000000000e+01 1.573200000000000000e+04 1.905000000000000000e+03
3.599000000000000000e+03 4.900000000000000000e+02 3.000000000000000000e+01 1.553300000000000000e+04 1.805000000000000000e+03
3.609000000000000000e+03 5.270000000000000000e+02 3.000000000000000000e+01 1.546000000000000000e+04 1.913000000000000000e+03
3.000000000000000000e+03 4.420000000000000000e+02 2.500000000000000000e+01 1.208000000000000000e+04 1.809000000000000000e+03
3.268000000000000000e+03 5.310000000000000000e+02 2.900000000000000000e+01 1.344300000000000000e+04 1.882000000000000000e+03
3.709000000000000000e+03 5.230000000000000000e+02 3.700000000000000000e+01 1.553100000000000000e+04 1.998000000000000000e+03
4.020000000000000000e+03 4.720000000000000000e+02 3.100000000000000000e+01 1.680700000000000000e+04 1.840000000000000000e+03
3.414000000000000000e+03 5.010000000000000000e+02 2.300000000000000000e+01 1.436900000000000000e+04 1.865000000000000000e+03
3.306000000000000000e+03 4.880000000000000000e+02 3.800000000000000000e+01 1.409600000000000000e+04 1.859000000000000000e+03
3.411000000000000000e+03 4.910000000000000000e+02 3.300000000000000000e+01 1.385900000000000000e+04 1.870000000000000000e+03
3.668000000000000000e+03 4.270000000000000000e+02 2.700000000000000000e+01 1.601100000000000000e+04 1.656000000000000000e+03
3.798000000000000000e+03 5.110000000000000000e+02 2.700000000000000000e+01 1.588800000000000000e+04 1.862000000000000000e+03
3.909000000000000000e+03 5.150000000000000000e+02 2.400000000000000000e+01 1.685100000000000000e+04 1.904000000000000000e+03
3.448000000000000000e+03 4.810000000000000000e+02 3.200000000000000000e+01 1.512100000000000000e+04 1.755000000000000000e+03
3.853000000000000000e+03 4.990000000000000000e+02 3.400000000000000000e+01 1.568900000000000000e+04 1.855000000000000000e+03
3.065000000000000000e+03 4.580000000000000000e+02 3.000000000000000000e+01 1.278500000000000000e+04 1.736000000000000000e+03
2.834000000000000000e+03 4.790000000000000000e+02 3.200000000000000000e+01 1.118300000000000000e+04 1.834000000000000000e+03
3.488000000000000000e+03 4.840000000000000000e+02 2.500000000000000000e+01 1.507100000000000000e+04 1.877000000000000000e+03
3.349000000000000000e+03 5.410000000000000000e+02 4.000000000000000000e+01 1.383200000000000000e+04 1.915000000000000000e+03
3.699000000000000000e+03 5.270000000000000000e+02 3.400000000000000000e+01 1.572500000000000000e+04 1.895000000000000000e+03
2.858000000000000000e+03 4.680000000000000000e+02 3.100000000000000000e+01 1.177300000000000000e+04 1.793000000000000000e+03
3.729000000000000000e+03 5.040000000000000000e+02 3.600000000000000000e+01 1.573200000000000000e+04 1.840000000000000000e+03
3.581000000000000000e+03 5.510000000000000000e+02 3.900000000000000000e+01 1.540400000000000000e+04 1.900000000000000000e+03
3.576000000000000000e+03 4.790000000000000000e+02 3.200000000000000000e+01 1.586900000000000000e+04 1.862000000000000000e+03
3.705000000000000000e+03 5.230000000000000000e+02 3.200000000000000000e+01 1.664000000000000000e+04 1.816000000000000000e+03
3.490000000000000000e+03 4.970000000000000000e+02 4.100000000000000000e+01 1.515700000000000000e+04 1.840000000000000000e+03
3.851000000000000000e+03 4.810000000000000000e+02 3.500000000000000000e+01 1.561800000000000000e+04 1.905000000000000000e+03
3.568000000000000000e+03 5.120000000000000000e+02 2.500000000000000000e+01 1.632000000000000000e+04 1.821000000000000000e+03
1.967000000000000000e+03 4.250000000000000000e+02 3.600000000000000000e+01 6.014000000000000000e+03 1.668000000000000000e+03
3.655000000000000000e+03 5.410000000000000000e+02 3.800000000000000000e+01 1.476400000000000000e+04 1.938000000000000000e+03
3.811000000000000000e+03 4.630000000000000000e+02 2.800000000000000000e+01 1.780100000000000000e+04 1.700000000000000000e+03
3.598000000000000000e+03 4.990000000000000000e+02 3.600000000000000000e+01 1.430400000000000000e+04 1.902000000000000000e+03
3.671000000000000000e+03 5.520000000000000000e+02 3.600000000000000000e+01 1.540100000000000000e+04 1.928000000000000000e+03
3.105000000000000000e+03 5.230000000000000000e+02 2.800000000000000000e+01 1.208700000000000000e+04 1.809000000000000000e+03
3.618000000000000000e+03 5.040000000000000000e+02 3.800000000000000000e+01 1.486400000000000000e+04 1.915000000000000000e+03
3.251000000000000000e+03 5.260000000000000000e+02 3.800000000000000000e+01 1.355600000000000000e+04 1.908000000000000000e+03
3.776000000000000000e+03 5.090000000000000000e+02 3.200000000000000000e+01 1.619300000000000000e+04 1.894000000000000000e+03
3.812000000000000000e+03 5.020000000000000000e+02 3.400000000000000000e+01 1.643000000000000000e+04 1.866000000000000000e+03
4.018000000000000000e+03 4.980000000000000000e+02 2.800000000000000000e+01 1.656400000000000000e+04 1.888000000000000000e+03
3.548000000000000000e+03 4.970000000000000000e+02 2.700000000000000000e+01 1.477100000000000000e+04 1.903000000000000000e+03
3.375000000000000000e+03 4.640000000000000000e+02 3.000000000000000000e+01 1.548300000000000000e+04 1.781000000000000000e+03
3.790000000000000000e+03 4.780000000000000000e+02 3.300000000000000000e+01 1.674800000000000000e+04 1.702000000000000000e+03
3.391000000000000000e+03 4.550000000000000000e+02 3.000000000000000000e+01 1.362200000000000000e+04 1.810000000000000000e+03
3.825000000000000000e+03 5.220000000000000000e+02 3.100000000000000000e+01 1.572200000000000000e+04 1.958000000000000000e+03
3.636000000000000000e+03 4.890000000000000000e+02 3.700000000000000000e+01 1.617000000000000000e+04 1.815000000000000000e+03
3.612000000000000000e+03 5.120000000000000000e+02 3.900000000000000000e+01 1.420700000000000000e+04 1.983000000000000000e+03
3.720000000000000000e+03 4.790000000000000000e+02 2.700000000000000000e+01 1.619600000000000000e+04 1.859000000000000000e+03
