9.590000000000000000e+02 1.730000000000000000e+02 8.000000000000000000e+00 4.929000000000000000e+03 8.860000000000000000e+02
8.950000000000000000e+02 1.630000000000000000e+02 6.000000000000000000e+00 5.678000000000000000e+03 8.000000000000000000e+02
1.093000000000000000e+03 1.520000000000000000e+02 8.000000000000000000e+00 5.340000000000000000e+03 9.130000000000000000e+02
1.048000000000000000e+03 1.440000000000000000e+02 6.000000000000000000e+00 5.736000000000000000e+03 8.770000000000000000e+02
1.033000000000000000e+03 1.590000000000000000e+02 1.100000000000000000e+01 5.384000000000000000e+03 9.050000000000000000e+02
9.470000000000000000e+02 1.450000000000000000e+02 9.000000000000000000e+00 4.881000000000000000e+03 8.390000000000000000e+02
1.028000000000000000e+03 1.520000000000000000e+02 7.000000000000000000e+00 5.353000000000000000e+03 9.010000000000000000e+02
1.143000000000000000e+03 1.600000000000000000e+02 4.000000000000000000e+00 5.211000000000000000e+03 9.670000000000000000e+02
1.070000000000000000e+03 1.410000000000000000e+02 1.100000000000000000e+01 6.148000000000000000e+03 9.160000000000000000e+02
1.321000000000000000e+03 1.800000000000000000e+02 6.000000000000000000e+00 5.993000000000000000e+03 1.016000000000000000e+03
9.600000000000000000e+02 1.780000000000000000e+02 9.000000000000000000e+00 5.739000000000000000e+03 8.990000000000000000e+02
1.077000000000000000e+03 1.770000000000000000e+02 8.000000000000000000e+00 6.073000000000000000e+03 9.390000000000000000e+02
1.007000000000000000e+03 1.780000000000000000e+02 1.700000000000000000e+01 5.823000000000000000e+03 9.200000000000000000e+02
8.860000000000000000e+02 1.520000000000000000e+02 1.100000000000000000e+01 5.303000000000000000e+03 8.040000000000000000e+02
1.252000000000000000e+03 1.770000000000000000e+02 8.000000000000000000e+00 6.250000000000000000e+03 9.850000000000000000e+02
1.080000000000000000e+03 1.650000000000000000e+02 7.000000000000000000e+00 5.921000000000000000e+03 9.340000000000000000e+02
9.920000000000000000e+02 1.610000000000000000e+02 1.000000000000000000e+01 5.119000000000000000e+03 8.820000000000000000e+02
9.520000000000000000e+02 1.520000000000000000e+02 6.000000000000000000e+00 5.681000000000000000e+03 8.740000000000000000e+02
9.370000000000000000e+02 1.640000000000000000e+02 9.000000000000000000e+00 5.327000000000000000e+03 8.530000000000000000e+02
7.340000000000000000e+02 1.370000000000000000e+02 8.000000000000000000e+00 4.455000000000000000e+03 7.470000000000000000e+02
8.450000000000000000e+02 1.370000000000000000e+02 7.000000000000000000e+00 5.033000000000000000e+03 7.940000000000000000e+02
1.032000000000000000e+03 1.540000000000000000e+02 4.000000000000000000e+00 5.737000000000000000e+03 8.950000000000000000e+02
1.033000000000000000e+03 1.650000000000000000e+02 1.100000000000000000e+01 5.001000000000000000e+03 8.910000000000000000e+02
1.086000000000000000e+03 1.800000000000000000e+02 3.000000000000000000e+00 5.639000000000000000e+03 9.420000000000000000e+02
1.066000000000000000e+03 1.530000000000000000e+02 7.000000000000000000e+00 6.003000000000000000e+03 9.720000000000000000e+02
9.020000000000000000e+02 1.390000000000000000e+02 8.000000000000000000e+00 5.466000000000000000e+03 7.840000000000000000e+02
1.057000000000000000e+03 1.660000000000000000e+02 1.100000000000000000e+01 5.682000000000000000e+03 9.390000000000000000e+02
8.930000000000000000e+02 1.170000000000000000e+02 8.000000000000000000e+00 4.956000000000000000e+03 8.180000000000000000e+02
1.196000000000000000e+03 1.670000000000000000e+02 1.000000000000000000e+00 6.134000000000000000e+03 9.210000000000000000e+02
1.067000000000000000e+03 1.670000000000000000e+02 7.000000000000000000e+00 5.947000000000000000e+03 9.210000000000000000e+02
9.940000000000000000e+02 1.510000000000000000e+02 5.000000000000000000e+00 5.871000000000000000e+03 8.930000000000000000e+02
1.106000000000000000e+03 1.730000000000000000e+02 7.000000000000000000e+00 5.962000000000000000e+03 9.220000000000000000e+02
1.136000000000000000e+03 1.740000000000000000e+02 9.000000000000000000e+00 5.864000000000000000e+03 9.680000000000000000e+02
1.108000000000000000e+03 2.020000000000000000e+02 8.000000000000000000e+00 5.363000000000000000e+03 9.460000000000000000e+02
1.135000000000000000e+03 1.770000000000000000e+02 1.300000000000000000e+01 5.974000000000000000e+03 9.380000000000000000e+02
1.108000000000000000e+03 1.680000000000000000e+02 1.500000000000000000e+01 5.761000000000000000e+03 9.120000000000000000e+02
1.082000000000000000e+03 1.480000000000000000e+02 5.000000000000000000e+00 5.783000000000000000e+03 9.050000000000000000e+02
1.030000000000000000e+03 1.850000000000000000e+02 1.100000000000000000e+01 5.904000000000000000e+03 9.470000000000000000e+02
1.171000000000000000e+03 1.820000000000000000e+02 9.000000000000000000e+00 5.504000000000000000e+03 9.900000000000000000e+02
9.950000000000000000e+02 1.560000000000000000e+02 9.000000000000000000e+00 5.595000000000000000e+03 8.840000000000000000e+02
9.330000000000000000e+02 1.610000000000000000e+02 1.200000000000000000e+01 5.418000000000000000e+03 8.730000000000000000e+02
8.900000000000000000e+02 1.600000000000000000e+02 6.000000000000000000e+00 5.801000000000000000e+03 8.680000000000000000e+02
9.050000000000000000e+02 1.460000000000000000e+02 8.000000000000000000e+00 5.229000000000000000e+03 8.240000000000000000e+02
9.590000000000000000e+02 1.350000000000000000e+02 1.000000000000000000e+01 5.449000000000000000e+03 8.580000000000000000e+02
1.128000000000000000e+03 1.840000000000000000e+02 9.000000000000000000e+00 5.970000000000000000e+03 9.440000000000000000e+02
1.077000000000000000e+03 1.600000000000000000e+02 1.200000000000000000e+01 5.968000000000000000e+03 9.110000000000000000e+02
9.890000000000000000e+02 1.610000000000000000e+02 1.100000000000000000e+01 5.618000000000000000e+03 8.950000000000000000e+02
9.450000000000000000e+02 1.490000000000000000e+02 1.100000000000000000e+01 4.936000000000000000e+03 8.540000000000000000e+02
1.022000000000000000e+03 1.630000000000000000e+02 6.000000000000000000e+00 5.761000000000000000e+03 8.860000000000000000e+02
8.660000000000000000e+02 1.460000000000000000e+02 1.100000000000000000e+01 5.186000000000000000e+03 8.420000000000000000e+02
8.920000000000000000e+02 1.580000000000000000e+02 9.000000000000000000e+00 5.820000000000000000e+03 8.740000000000000000e+02
8.460000000000000000e+02 1.350000000000000000e+02 7.000000000000000000e+00 4.875000000000000000e+03 8.050000000000000000e+02
8.560000000000000000e+02 1.530000000000000000e+02 1.400000000000000000e+01 5.310000000000000000e+03 8.560000000000000000e+02
1.178000000000000000e+03 1.810000000000000000e+02 2.000000000000000000e+01 6.015000000000000000e+03 9.570000000000000000e+02
9.780000000000000000e+02 1.580000000000000000e+02 9.000000000000000000e+00 5.367000000000000000e+03 8.580000000000000000e+02
1.114000000000000000e+03 1.580000000000000000e+02 7.000000000000000000e+00 6.187000000000000000e+03 9.750000000000000000e+02
1.108000000000000000e+03 1.620000000000000000e+02 1.300000000000000000e+01 6.109000000000000000e+03 9.550000000000000000e+02
1.118000000000000000e+03 1.790000000000000000e+02 9.000000000000000000e+00 6.154000000000000000e+03 9.650000000000000000e+02
1.140000000000000000e+03 1.730000000000000000e+02 6.000000000000000000e+00 5.961000000000000000e+03 9.430000000000000000e+02
9.290000000000000000e+02 1.600000000000000000e+02 1.100000000000000000e+01 5.757000000000000000e+03 9.010000000000000000e+02
9.360000000000000000e+02 1.630000000000000000e+02 1.000000000000000000e+01 5.595000000000000000e+03 8.510000000000000000e+02
8.230000000000000000e+02 1.410000000000000000e+02 1.000000000000000000e+01 5.297000000000000000e+03 8.310000000000000000e+02
1.187000000000000000e+03 1.380000000000000000e+02 7.000000000000000000e+00 6.020000000000000000e+03 9.150000000000000000e+02
1.209000000000000000e+03 1.950000000000000000e+02 1.000000000000000000e+01 6.019000000000000000e+03 1.005000000000000000e+03
1.070000000000000000e+03 1.570000000000000000e+02 9.000000000000000000e+00 5.799000000000000000e+03 9.500000000000000000e+02
1.042000000000000000e+03 1.870000000000000000e+02 1.000000000000000000e+01 5.561000000000000000e+03 9.370000000000000000e+02
1.357000000000000000e+03 1.730000000000000000e+02 7.000000000000000000e+00 6.371000000000000000e+03 1.011000000000000000e+03
1.065000000000000000e+03 1.510000000000000000e+02 5.000000000000000000e+00 5.130000000000000000e+03 8.560000000000000000e+02
8.620000000000000000e+02 1.600000000000000000e+02 1.200000000000000000e+01 5.064000000000000000e+03 8.660000000000000000e+02
1.247000000000000000e+03 1.780000000000000000e+02 6.000000000000000000e+00 5.844000000000000000e+03 9.580000000000000000e+02
1.034000000000000000e+03 1.710000000000000000e+02 1.100000000000000000e+01 5.731000000000000000e+03 9.000000000000000000e+02
9.640000000000000000e+02 1.540000000000000000e+02 1.100000000000000000e+01 5.585000000000000000e+03 8.650000000000000000e+02
9.400000000000000000e+02 1.400000000000000000e+02 5.000000000000000000e+00 5.424000000000000000e+03 8.090000000000000000e+02
1.083000000000000000e+03 1.710000000000000000e+02 7.000000000000000000e+00 6.021000000000000000e+03 9.330000000000000000e+02
9.830000000000000000e+02 1.630000000000000000e+02 1.100000000000000000e+01 5.779000000000000000e+03 8.680000000000000000e+02
9.030000000000000000e+02 1.550000000000000000e+02 1.500000000000000000e+01 4.932000000000000000e+03 8.360000000000000000e+02
1.097000000000000000e+03 1.670000000000000000e+02 1.400000000000000000e+01 5.938000000000000000e+03 9.090000000000000000e+02
9.630000000000000000e+02 1.220000000000000000e+02 9.000000000000000000e+00 5.433000000000000000e+03 8.290000000000000000e+02
1.120000000000000000e+03 1.570000000000000000e+02 9.000000000000000000e+00 6.119000000000000000e+03 9.270000000000000000e+02
9.190000000000000000e+02 1.640000000000000000e+02 1.200000000000000000e+01 5.685000000000000000e+03 8.740000000000000000e+02
1.344000000000000000e+03 1.660000000000000000e+02 5.000000000000000000e+00 6.089000000000000000e+03 1.007000000000000000e+03
1.054000000000000000e+03 1.540000000000000000e+02 9.000000000000000000e+00 5.719000000000000000e+03 9.060000000000000000e+02
1.109000000000000000e+03 1.280000000000000000e+02 4.000000000000000000e+00 5.427000000000000000e+03 9.040000000000000000e+02
1.137000000000000000e+03 1.880000000000000000e+02 1.100000000000000000e+01 6.003000000000000000e+03 9.620000000000000000e+02
1.068000000000000000e+03 1.570000000000000000e+02 1.000000000000000000e+01 5.860000000000000000e+03 8.970000000000000000e+02
9.840000000000000000e+02 1.550000000000000000e+02 1.100000000000000000e+01 5.656000000000000000e+03 9.240000000000000000e+02
1.063000000000000000e+03 1.680000000000000000e+02 7.000000000000000000e+00 5.705000000000000000e+03 9.060000000000000000e+02
1.121000000000000000e+03 1.670000000000000000e+02 1.100000000000000000e+01 5.934000000000000000e+03 9.090000000000000000e+02
9.520000000000000000e+02 1.480000000000000000e+02 9.000000000000000000e+00 5.770000000000000000e+03 8.580000000000000000e+02
1.121000000000000000e+03 1.490000000000000000e+02 7.000000000000000000e+00 5.659000000000000000e+03 9.180000000000000000e+02
1.017000000000000000e+03 1.780000000000000000e+02 1.600000000000000000e+01 5.566000000000000000e+03 9.320000000000000000e+02
1.116000000000000000e+03 1.600000000000000000e+02 9.000000000000000000e+00 5.878000000000000000e+03 9.410000000000000000e+02
1.121000000000000000e+03 1.670000000000000000e+02 7.000000000000000000e+00 5.806000000000000000e+03 9.360000000000000000e+02
1.078000000000000000e+03 1.750000000000000000e+02 8.000000000000000000e+00 5.696000000000000000e+03 9.090000000000000000e+02
8.830000000000000000e+02 1.320000000000000000e+02 7.000000000000000000e+00 5.619000000000000000e+03 8.170000000000000000e+02
8.660000000000000000e+02 1.600000000000000000e+02 9.000000000000000000e+00 4.920000000000000000e+03 8.230000000000000000e+02
1.203000000000000000e+03 1.570000000000000000e+02 1.100000000000000000e+01 6.090000000000000000e+03 9.860000000000000000e+02
1.048000000000000000e+03 1.660000000000000000e+02 6.000000000000000000e+00 6.005000000000000000e+03 8.940000000000000000e+02
8.540000000000000000e+02 1.480000000000000000e+02 1.000000000000000000e+01 5.227000000000000000e+03 8.300000000000000000e+02
1.061000000000000000e+03 1.900000000000000000e+02 8.000000000000000000e+00 6.315000000000000000e+03 9.830000000000000000e+02
7.640000000000000000e+02 1.420000000000000000e+02 9.000000000000000000e+00 4.990000000000000000e+03 7.650000000000000000e+02
9.720000000000000000e+02 1.580000000000000000e+02 7.000000000000000000e+00 5.664000000000000000e+03 8.950000000000000000e+02
9.890000000000000000e+02 1.550000000000000000e+02 6.000000000000000000e+00 5.684000000000000000e+03 8.840000000000000000e+02
1.064000000000000000e+03 1.620000000000000000e+02 1.200000000000000000e+01 5.748000000000000000e+03 9.260000000000000000e+02
1.174000000000000000e+03 1.640000000000000000e+02 7.000000000000000000e+00 5.914000000000000000e+03 9.390000000000000000e+02
9.950000000000000000e+02 1.700000000000000000e+02 7.000000000000000000e+00 6.062000000000000000e+03 8.970000000000000000e+02
9.440000000000000000e+02 1.520000000000000000e+02 1.400000000000000000e+01 5.337000000000000000e+03 8.430000000000000000e+02
1.312000000000000000e+03 1.910000000000000000e+02 1.100000000000000000e+01 6.212000000000000000e+03 9.850000000000000000e+02
1.072000000000000000e+03 1.510000000000000000e+02 7.000000000000000000e+00 5.596000000000000000e+03 9.350000000000000000e+02
8.520000000000000000e+02 1.780000000000000000e+02 8.000000000000000000e+00 4.889000000000000000e+03 8.780000000000000000e+02
9.960000000000000000e+02 1.590000000000000000e+02 1.400000000000000000e+01 5.569000000000000000e+03 8.890000000000000000e+02
8.170000000000000000e+02 1.460000000000000000e+02 1.000000000000000000e+01 4.437000000000000000e+03 8.260000000000000000e+02
9.920000000000000000e+02 1.430000000000000000e+02 6.000000000000000000e+00 5.597000000000000000e+03 8.560000000000000000e+02
9.240000000000000000e+02 1.600000000000000000e+02 1.100000000000000000e+01 5.396000000000000000e+03 8.720000000000000000e+02
1.312000000000000000e+03 1.840000000000000000e+02 9.000000000000000000e+00 6.471000000000000000e+03 1.030000000000000000e+03
1.268000000000000000e+03 1.560000000000000000e+02 6.000000000000000000e+00 5.943000000000000000e+03 9.610000000000000000e+02
1.116000000000000000e+03 1.890000000000000000e+02 1.100000000000000000e+01 6.004000000000000000e+03 9.390000000000000000e+02
9.870000000000000000e+02 1.330000000000000000e+02 1.000000000000000000e+01 5.735000000000000000e+03 8.720000000000000000e+02
1.032000000000000000e+03 1.690000000000000000e+02 1.400000000000000000e+01 5.515000000000000000e+03 9.130000000000000000e+02
9.230000000000000000e+02 1.630000000000000000e+02 9.000000000000000000e+00 4.604000000000000000e+03 8.930000000000000000e+02
9.500000000000000000e+02 1.660000000000000000e+02 1.400000000000000000e+01 5.733000000000000000e+03 8.700000000000000000e+02
1.329000000000000000e+03 1.800000000000000000e+02 8.000000000000000000e+00 5.802000000000000000e+03 9.740000000000000000e+02
1.020000000000000000e+03 1.590000000000000000e+02 1.300000000000000000e+01 5.642000000000000000e+03 8.890000000000000000e+02
1.242000000000000000e+03 1.820000000000000000e+02 1.400000000000000000e+01 5.982000000000000000e+03 9.850000000000000000e+02
1.142000000000000000e+03 1.800000000000000000e+02 1.500000000000000000e+01 5.959000000000000000e+03 9.440000000000000000e+02
8.690000000000000000e+02 1.430000000000000000e+02 4.000000000000000000e+00 5.486000000000000000e+03 8.780000000000000000e+02
9.170000000000000000e+02 1.600000000000000000e+02 1.500000000000000000e+01 5.179000000000000000e+03 8.660000000000000000e+02
9.800000000000000000e+02 1.690000000000000000e+02 6.000000000000000000e+00 5.651000000000000000e+03 9.030000000000000000e+02
1.070000000000000000e+03 1.360000000000000000e+02 8.000000000000000000e+00 5.826000000000000000e+03 8.740000000000000000e+02
1.206000000000000000e+03 1.620000000000000000e+02 1.000000000000000000e+01 5.849000000000000000e+03 9.840000000000000000e+02
9.720000000000000000e+02 1.420000000000000000e+02 5.000000000000000000e+00 5.598000000000000000e+03 8.490000000000000000e+02
9.060000000000000000e+02 1.610000000000000000e+02 8.000000000000000000e+00 5.309000000000000000e+03 8.540000000000000000e+02
8.580000000000000000e+02 1.560000000000000000e+02 6.000000000000000000e+00 5.053000000000000000e+03 8.370000000000000000e+02
1.039000000000000000e+03 1.590000000000000000e+02 1.800000000000000000e+01 5.757000000000000000e+03 9.190000000000000000e+02
1.029000000000000000e+03 1.730000000000000000e+02 1.400000000000000000e+01 5.935000000000000000e+03 8.890000000000000000e+02
9.360000000000000000e+02 1.800000000000000000e+02 9.000000000000000000e+00 5.701000000000000000e+03 8.840000000000000000e+02
9.860000000000000000e+02 1.660000000000000000e+02 1.100000000000000000e+01 5.888000000000000000e+03 8.850000000000000000e+02
1.098000000000000000e+03 1.550000000000000000e+02 1.100000000000000000e+01 5.912000000000000000e+03 9.090000000000000000e+02
9.450000000000000000e+02 1.450000000000000000e+02 7.000000000000000000e+00 5.604000000000000000e+03 8.520000000000000000e+02
1.005000000000000000e+03 1.420000000000000000e+02 8.000000000000000000e+00 5.936000000000000000e+03 8.930000000000000000e+02
9.480000000000000000e+02 1.430000000000000000e+02 4.000000000000000000e+00 5.697000000000000000e+03 8.280000000000000000e+02
1.017000000000000000e+03 1.450000000000000000e+02 9.000000000000000000e+00 5.655000000000000000e+03 8.870000000000000000e+02
9.790000000000000000e+02 1.550000000000000000e+02 1.000000000000000000e+01 5.761000000000000000e+03 8.690000000000000000e+02
1.083000000000000000e+03 1.560000000000000000e+02 5.000000000000000000e+00 5.851000000000000000e+03 9.030000000000000000e+02
1.185000000000000000e+03 1.590000000000000000e+02 6.000000000000000000e+00 5.993000000000000000e+03 9.500000000000000000e+02
8.540000000000000000e+02 1.310000000000000000e+02 1.000000000000000000e+01 5.024000000000000000e+03 7.680000000000000000e+02
9.220000000000000000e+02 1.470000000000000000e+02 7.000000000000000000e+00 5.543000000000000000e+03 8.160000000000000000e+02
1.038000000000000000e+03 1.470000000000000000e+02 8.000000000000000000e+00 5.812000000000000000e+03 8.820000000000000000e+02
1.037000000000000000e+03 1.530000000000000000e+02 1.000000000000000000e+01 5.028000000000000000e+03 9.100000000000000000e+02
1.077000000000000000e+03 1.580000000000000000e+02 9.000000000000000000e+00 5.933000000000000000e+03 9.290000000000000000e+02
8.960000000000000000e+02 1.530000000000000000e+02 5.000000000000000000e+00 5.217000000000000000e+03 8.490000000000000000e+02
1.063000000000000000e+03 1.520000000000000000e+02 1.000000000000000000e+01 5.719000000000000000e+03 9.160000000000000000e+02
9.930000000000000000e+02 1.630000000000000000e+02 5.000000000000000000e+00 5.486000000000000000e+03 8.900000000000000000e+02
1.045000000000000000e+03 1.580000000000000000e+02 8.000000000000000000e+00 5.551000000000000000e+03 8.770000000000000000e+02
9.420000000000000000e+02 1.690000000000000000e+02 1.400000000000000000e+01 5.230000000000000000e+03 8.790000000000000000e+02
1.361000000000000000e+03 1.760000000000000000e+02 9.000000000000000000e+00 6.404000000000000000e+03 1.021000000000000000e+03
8.210000000000000000e+02 1.420000000000000000e+02 8.000000000000000000e+00 5.109000000000000000e+03 8.260000000000000000e+02
9.580000000000000000e+02 1.600000000000000000e+02 6.000000000000000000e+00 5.408000000000000000e+03 8.790000000000000000e+02
1.026000000000000000e+03 1.540000000000000000e+02 8.000000000000000000e+00 5.282000000000000000e+03 9.100000000000000000e+02
9.600000000000000000e+02 1.700000000000000000e+02 1.300000000000000000e+01 5.765000000000000000e+03 9.010000000000000000e+02
1.027000000000000000e+03 1.510000000000000000e+02 1.100000000000000000e+01 5.582000000000000000e+03 9.000000000000000000e+02
1.136000000000000000e+03 1.750000000000000000e+02 1.300000000000000000e+01 6.067000000000000000e+03 9.480000000000000000e+02
1.020000000000000000e+03 1.790000000000000000e+02 1.500000000000000000e+01 5.730000000000000000e+03 9.050000000000000000e+02
9.630000000000000000e+02 1.620000000000000000e+02 8.000000000000000000e+00 5.322000000000000000e+03 8.230000000000000000e+02
9.690000000000000000e+02 1.680000000000000000e+02 1.000000000000000000e+01 5.542000000000000000e+03 8.990000000000000000e+02
9.940000000000000000e+02 1.650000000000000000e+02 9.000000000000000000e+00 5.672000000000000000e+03 8.990000000000000000e+02
9.330000000000000000e+02 1.570000000000000000e+02 7.000000000000000000e+00 5.488000000000000000e+03 9.010000000000000000e+02
1.321000000000000000e+03 1.940000000000000000e+02 8.000000000000000000e+00 6.115000000000000000e+03 1.008000000000000000e+03
1.059000000000000000e+03 1.810000000000000000e+02 9.000000000000000000e+00 5.936000000000000000e+03 9.280000000000000000e+02
1.250000000000000000e+03 1.680000000000000000e+02 1.000000000000000000e+01 6.055000000000000000e+03 9.530000000000000000e+02
1.114000000000000000e+03 1.780000000000000000e+02 1.700000000000000000e+01 5.851000000000000000e+03 9.330000000000000000e+02
1.135000000000000000e+03 1.620000000000000000e+02 7.000000000000000000e+00 6.122000000000000000e+03 9.410000000000000000e+02
9.940000000000000000e+02 1.690000000000000000e+02 8.000000000000000000e+00 6.149000000000000000e+03 9.060000000000000000e+02
1.037000000000000000e+03 1.650000000000000000e+02 8.000000000000000000e+00 5.940000000000000000e+03 8.670000000000000000e+02
1.187000000000000000e+03 1.770000000000000000e+02 8.000000000000000000e+00 6.046000000000000000e+03 9.860000000000000000e+02
1.136000000000000000e+03 1.750000000000000000e+02 1.200000000000000000e+01 5.865000000000000000e+03 9.610000000000000000e+02
7.950000000000000000e+02 1.450000000000000000e+02 8.000000000000000000e+00 5.445000000000000000e+03 8.000000000000000000e+02
7.850000000000000000e+02 1.330000000000000000e+02 6.000000000000000000e+00 5.015000000000000000e+03 7.820000000000000000e+02
8.530000000000000000e+02 1.510000000000000000e+02 6.000000000000000000e+00 5.421000000000000000e+03 8.440000000000000000e+02
1.070000000000000000e+03 1.390000000000000000e+02 1.500000000000000000e+01 5.888000000000000000e+03 8.900000000000000000e+02
9.350000000000000000e+02 1.720000000000000000e+02 5.000000000000000000e+00 5.297000000000000000e+03 8.720000000000000000e+02
9.650000000000000000e+02 1.700000000000000000e+02 1.200000000000000000e+01 5.543000000000000000e+03 8.820000000000000000e+02
1.157000000000000000e+03 1.580000000000000000e+02 7.000000000000000000e+00 5.856000000000000000e+03 9.450000000000000000e+02
1.343000000000000000e+03 1.790000000000000000e+02 4.000000000000000000e+00 5.893000000000000000e+03 1.010000000000000000e+03
9.510000000000000000e+02 1.770000000000000000e+02 1.300000000000000000e+01 5.705000000000000000e+03 8.470000000000000000e+02
1.066000000000000000e+03 1.680000000000000000e+02 1.300000000000000000e+01 5.752000000000000000e+03 9.410000000000000000e+02
9.160000000000000000e+02 1.420000000000000000e+02 6.000000000000000000e+00 5.579000000000000000e+03 8.220000000000000000e+02
1.100000000000000000e+03 1.630000000000000000e+02 9.000000000000000000e+00 5.650000000000000000e+03 9.200000000000000000e+02
1.109000000000000000e+03 1.600000000000000000e+02 6.000000000000000000e+00 6.279000000000000000e+03 9.100000000000000000e+02
9.380000000000000000e+02 1.400000000000000000e+02 1.200000000000000000e+01 5.221000000000000000e+03 8.420000000000000000e+02
9.170000000000000000e+02 1.510000000000000000e+02 5.000000000000000000e+00 4.925000000000000000e+03 8.450000000000000000e+02
1.222000000000000000e+03 1.960000000000000000e+02 1.100000000000000000e+01 6.256000000000000000e+03 9.680000000000000000e+02
1.105000000000000000e+03 1.560000000000000000e+02 8.000000000000000000e+00 5.800000000000000000e+03 9.330000000000000000e+02
1.108000000000000000e+03 1.630000000000000000e+02 1.200000000000000000e+01 5.786000000000000000e+03 9.750000000000000000e+02
9.450000000000000000e+02 1.670000000000000000e+02 9.000000000000000000e+00 5.678000000000000000e+03 8.770000000000000000e+02
1.123000000000000000e+03 1.780000000000000000e+02 1.100000000000000000e+01 5.919000000000000000e+03 9.180000000000000000e+02
8.410000000000000000e+02 1.470000000000000000e+02 1.000000000000000000e+01 4.985000000000000000e+03 8.040000000000000000e+02
9.540000000000000000e+02 1.550000000000000000e+02 7.000000000000000000e+00 5.492000000000000000e+03 8.540000000000000000e+02
9.910000000000000000e+02 1.580000000000000000e+02 8.000000000000000000e+00 5.543000000000000000e+03 8.920000000000000000e+02
1.043000000000000000e+03 1.530000000000000000e+02 8.000000000000000000e+00 5.815000000000000000e+03 8.780000000000000000e+02
1.170000000000000000e+03 1.720000000000000000e+02 1.100000000000000000e+01 5.746000000000000000e+03 9.630000000000000000e+02
9.240000000000000000e+02 1.710000000000000000e+02 1.100000000000000000e+01 5.432000000000000000e+03 8.710000000000000000e+02
1.030000000000000000e+03 1.550000000000000000e+02 1.100000000000000000e+01 5.089000000000000000e+03 8.760000000000000000e+02
1.035000000000000000e+03 1.480000000000000000e+02 3.000000000000000000e+00 6.101000000000000000e+03 8.990000000000000000e+02
1.083000000000000000e+03 1.250000000000000000e+02 6.000000000000000000e+00 6.136000000000000000e+03 8.440000000000000000e+02
1.036000000000000000e+03 1.610000000000000000e+02 3.000000000000000000e+00 6.156000000000000000e+03 8.870000000000000000e+02
8.990000000000000000e+02 1.630000000000000000e+02 5.000000000000000000e+00 4.871000000000000000e+03 8.650000000000000000e+02
1.096000000000000000e+03 1.680000000000000000e+02 9.000000000000000000e+00 5.860000000000000000e+03 8.860000000000000000e+02
7.450000000000000000e+02 1.330000000000000000e+02 9.000000000000000000e+00 4.786000000000000000e+03 7.550000000000000000e+02
1.031000000000000000e+03 1.970000000000000000e+02 1.400000000000000000e+01 6.122000000000000000e+03 9.430000000000000000e+02
9.600000000000000000e+02 1.730000000000000000e+02 1.100000000000000000e+01 5.447000000000000000e+03 8.810000000000000000e+02
8.470000000000000000e+02 1.440000000000000000e+02 7.000000000000000000e+00 5.140000000000000000e+03 8.050000000000000000e+02
1.011000000000000000e+03 1.530000000000000000e+02 9.000000000000000000e+00 5.644000000000000000e+03 8.750000000000000000e+02
8.860000000000000000e+02 1.460000000000000000e+02 6.000000000000000000e+00 5.179000000000000000e+03 8.070000000000000000e+02
1.029000000000000000e+03 1.590000000000000000e+02 1.100000000000000000e+01 5.440000000000000000e+03 8.810000000000000000e+02
1.069000000000000000e+03 1.610000000000000000e+02 8.000000000000000000e+00 5.970000000000000000e+03 9.200000000000000000e+02
8.950000000000000000e+02 1.380000000000000000e+02 7.000000000000000000e+00 5.371000000000000000e+03 8.040000000000000000e+02
1.182000000000000000e+03 1.610000000000000000e+02 1.300000000000000000e+01 6.090000000000000000e+03 9.840000000000000000e+02
1.117000000000000000e+03 1.490000000000000000e+02 8.000000000000000000e+00 5.536000000000000000e+03 9.170000000000000000e+02
1.121000000000000000e+03 1.640000000000000000e+02 9.000000000000000000e+00 6.066000000000000000e+03 8.830000000000000000e+02
9.250000000000000000e+02 1.700000000000000000e+02 1.400000000000000000e+01 5.649000000000000000e+03 9.370000000000000000e+02
1.112000000000000000e+03 1.820000000000000000e+02 9.000000000000000000e+00 5.774000000000000000e+03 9.620000000000000000e+02
9.860000000000000000e+02 1.620000000000000000e+02 1.100000000000000000e+01 5.555000000000000000e+03 8.840000000000000000e+02
1.158000000000000000e+03 1.730000000000000000e+02 1.000000000000000000e+01 5.820000000000000000e+03 9.530000000000000000e+02
1.000000000000000000e+03 1.570000000000000000e+02 1.100000000000000000e+01 5.917000000000000000e+03 9.160000000000000000e+02
1.026000000000000000e+03 1.550000000000000000e+02 3.000000000000000000e+00 6.331000000000000000e+03 9.500000000000000000e+02
1.042000000000000000e+03 1.570000000000000000e+02 6.000000000000000000e+00 5.826000000000000000e+03 9.170000000000000000e+02
1.212000000000000000e+03 1.730000000000000000e+02 5.000000000000000000e+00 6.051000000000000000e+03 9.420000000000000000e+02
1.249000000000000000e+03 1.720000000000000000e+02 1.100000000000000000e+01 6.055000000000000000e+03 9.860000000000000000e+02
1.279000000000000000e+03 1.610000000000000000e+02 9.000000000000000000e+00 6.179000000000000000e+03 9.700000000000000000e+02
1.073000000000000000e+03 1.800000000000000000e+02 9.000000000000000000e+00 5.611000000000000000e+03 9.210000000000000000e+02
1.075000000000000000e+03 1.520000000000000000e+02 8.000000000000000000e+00 5.734000000000000000e+03 8.980000000000000000e+02
8.520000000000000000e+02 1.450000000000000000e+02 1.300000000000000000e+01 5.316000000000000000e+03 7.910000000000000000e+02
1.230000000000000000e+03 1.630000000000000000e+02 4.000000000000000000e+00 6.084000000000000000e+03 9.710000000000000000e+02
1.075000000000000000e+03 1.660000000000000000e+02 1.000000000000000000e+01 5.366000000000000000e+03 9.040000000000000000e+02
8.620000000000000000e+02 1.420000000000000000e+02 1.500000000000000000e+01 5.617000000000000000e+03 8.320000000000000000e+02
1.193000000000000000e+03 1.910000000000000000e+02 1.200000000000000000e+01 5.893000000000000000e+03 9.430000000000000000e+02
1.217000000000000000e+03 1.710000000000000000e+02 1.000000000000000000e+01 6.330000000000000000e+03 9.730000000000000000e+02
1.130000000000000000e+03 1.600000000000000000e+02 7.000000000000000000e+00 5.996000000000000000e+03 9.560000000000000000e+02
1.049000000000000000e+03 1.700000000000000000e+02 1.200000000000000000e+01 5.418000000000000000e+03 9.040000000000000000e+02
1.095000000000000000e+03 1.770000000000000000e+02 1.200000000000000000e+01 6.036000000000000000e+03 9.510000000000000000e+02
1.088000000000000000e+03 1.780000000000000000e+02 1.100000000000000000e+01 5.895000000000000000e+03 9.100000000000000000e+02
1.136000000000000000e+03 1.550000000000000000e+02 1.000000000000000000e+01 5.850000000000000000e+03 9.260000000000000000e+02
1.060000000000000000e+03 1.520000000000000000e+02 1.100000000000000000e+01 5.652000000000000000e+03 8.730000000000000000e+02
1.037000000000000000e+03 1.740000000000000000e+02 8.000000000000000000e+00 5.503000000000000000e+03 9.170000000000000000e+02
1.061000000000000000e+03 1.470000000000000000e+02 1.400000000000000000e+01 5.792000000000000000e+03 9.160000000000000000e+02
8.850000000000000000e+02 1.300000000000000000e+02 9.000000000000000000e+00 5.039000000000000000e+03 8.190000000000000000e+02
1.301000000000000000e+03 1.830000000000000000e+02 9.000000000000000000e+00 6.365000000000000000e+03 9.940000000000000000e+02
9.720000000000000000e+02 1.470000000000000000e+02 1.100000000000000000e+01 5.549000000000000000e+03 8.830000000000000000e+02
9.100000000000000000e+02 1.590000000000000000e+02 8.000000000000000000e+00 5.242000000000000000e+03 8.870000000000000000e+02
