5.057000000000000000e+03 1.730000000000000000e+02 1.300000000000000000e+01 1.480500000000000000e+04 2.028000000000000000e+03
4.961000000000000000e+03 2.120000000000000000e+02 1.300000000000000000e+01 1.363800000000000000e+04 2.279000000000000000e+03
4.891000000000000000e+03 1.910000000000000000e+02 1.000000000000000000e+01 1.354600000000000000e+04 2.149000000000000000e+03
5.190000000000000000e+03 2.040000000000000000e+02 1.400000000000000000e+01 1.441400000000000000e+04 2.190000000000000000e+03
5.012000000000000000e+03 1.850000000000000000e+02 8.000000000000000000e+00 1.450500000000000000e+04 1.989000000000000000e+03
4.420000000000000000e+03 2.400000000000000000e+02 6.000000000000000000e+00 1.256000000000000000e+04 2.149000000000000000e+03
4.979000000000000000e+03 2.100000000000000000e+02 1.500000000000000000e+01 1.310200000000000000e+04 2.283000000000000000e+03
5.171000000000000000e+03 2.060000000000000000e+02 1.200000000000000000e+01 1.479900000000000000e+04 2.102000000000000000e+03
5.176000000000000000e+03 1.840000000000000000e+02 9.000000000000000000e+00 1.413200000000000000e+04 2.231000000000000000e+03
4.962000000000000000e+03 1.980000000000000000e+02 1.000000000000000000e+01 1.300000000000000000e+04 2.183000000000000000e+03
5.040000000000000000e+03 2.100000000000000000e+02 1.000000000000000000e+01 1.387300000000000000e+04 2.136000000000000000e+03
5.221000000000000000e+03 2.240000000000000000e+02 8.000000000000000000e+00 1.503200000000000000e+04 1.995000000000000000e+03
5.109000000000000000e+03 2.040000000000000000e+02 8.000000000000000000e+00 1.460400000000000000e+04 2.158000000000000000e+03
4.872000000000000000e+03 2.160000000000000000e+02 1.400000000000000000e+01 1.329200000000000000e+04 2.167000000000000000e+03
4.875000000000000000e+03 2.150000000000000000e+02 8.000000000000000000e+00 1.272300000000000000e+04 2.254000000000000000e+03
5.206000000000000000e+03 2.320000000000000000e+02 1.900000000000000000e+01 1.384100000000000000e+04 2.132000000000000000e+03
5.275000000000000000e+03 1.900000000000000000e+02 7.000000000000000000e+00 1.491700000000000000e+04 2.128000000000000000e+03
4.692000000000000000e+03 2.150000000000000000e+02 1.000000000000000000e+01 1.268100000000000000e+04 2.221000000000000000e+03
4.347000000000000000e+03 2.060000000000000000e+02 1.300000000000000000e+01 1.238200000000000000e+04 2.213000000000000000e+03
5.122000000000000000e+03 2.160000000000000000e+02 9.000000000000000000e+00 1.371100000000000000e+04 2.189000000000000000e+03
4.046000000000000000e+03 2.170000000000000000e+02 6.000000000000000000e+00 1.178900000000000000e+04 2.115000000000000000e+03
4.709000000000000000e+03 2.050000000000000000e+02 1.300000000000000000e+01 1.382700000000000000e+04 2.199000000000000000e+03
5.384000000000000000e+03 1.830000000000000000e+02 1.100000000000000000e+01 1.519100000000000000e+04 1.902000000000000000e+03
5.150000000000000000e+03 1.980000000000000000e+02 1.500000000000000000e+01 1.362400000000000000e+04 2.238000000000000000e+03
4.746000000000000000e+03 1.730000000000000000e+02 8.000000000000000000e+00 1.252100000000000000e+04 2.185000000000000000e+03
4.862000000000000000e+03 2.380000000000000000e+02 6.000000000000000000e+00 1.363100000000000000e+04 2.233000000000000000e+03
5.333000000000000000e+03 2.220000000000000000e+02 1.900000000000000000e+01 1.375100000000000000e+04 2.235000000000000000e+03
4.919000000000000000e+03 2.100000000000000000e+02 1.200000000000000000e+01 1.346000000000000000e+04 2.252000000000000000e+03
5.216000000000000000e+03 1.820000000000000000e+02 4.000000000000000000e+00 1.435800000000000000e+04 2.206000000000000000e+03
4.950000000000000000e+03 2.440000000000000000e+02 1.000000000000000000e+01 1.331300000000000000e+04 2.276000000000000000e+03
4.840000000000000000e+03 2.310000000000000000e+02 1.000000000000000000e+01 1.345400000000000000e+04 2.197000000000000000e+03
5.102000000000000000e+03 1.970000000000000000e+02 1.000000000000000000e+01 1.383200000000000000e+04 2.214000000000000000e+03
4.541000000000000000e+03 2.200000000000000000e+02 1.100000000000000000e+01 1.290900000000000000e+04 2.138000000000000000e+03
4.711000000000000000e+03 2.110000000000000000e+02 1.100000000000000000e+01 1.344700000000000000e+04 2.142000000000000000e+03
5.309000000000000000e+03 2.030000000000000000e+02 8.000000000000000000e+00 1.358300000000000000e+04 2.260000000000000000e+03
4.617000000000000000e+03 2.020000000000000000e+02 1.300000000000000000e+01 1.256900000000000000e+04 2.199000000000000000e+03
5.074000000000000000e+03 2.020000000000000000e+02 1.300000000000000000e+01 1.368300000000000000e+04 2.207000000000000000e+03
4.447000000000000000e+03 1.930000000000000000e+02 5.000000000000000000e+00 1.170800000000000000e+04 2.105000000000000000e+03
5.538000000000000000e+03 2.040000000000000000e+02 6.000000000000000000e+00 1.427100000000000000e+04 2.248000000000000000e+03
4.418000000000000000e+03 2.330000000000000000e+02 1.400000000000000000e+01 1.250900000000000000e+04 2.175000000000000000e+03
5.084000000000000000e+03 2.220000000000000000e+02 1.000000000000000000e+01 1.432200000000000000e+04 2.187000000000000000e+03
4.954000000000000000e+03 2.010000000000000000e+02 6.000000000000000000e+00 1.380300000000000000e+04 2.150000000000000000e+03
4.143000000000000000e+03 1.950000000000000000e+02 6.000000000000000000e+00 1.221000000000000000e+04 2.130000000000000000e+03
4.412000000000000000e+03 1.950000000000000000e+02 1.200000000000000000e+01 1.175000000000000000e+04 2.148000000000000000e+03
5.107000000000000000e+03 2.060000000000000000e+02 8.000000000000000000e+00 1.387400000000000000e+04 2.243000000000000000e+03
4.691000000000000000e+03 2.050000000000000000e+02 1.500000000000000000e+01 1.327700000000000000e+04 2.191000000000000000e+03
4.979000000000000000e+03 2.210000000000000000e+02 1.300000000000000000e+01 1.393500000000000000e+04 2.222000000000000000e+03
4.796000000000000000e+03 1.930000000000000000e+02 1.300000000000000000e+01 1.343300000000000000e+04 2.237000000000000000e+03
5.346000000000000000e+03 1.950000000000000000e+02 7.000000000000000000e+00 1.520100000000000000e+04 2.151000000000000000e+03
4.377000000000000000e+03 2.120000000000000000e+02 1.700000000000000000e+01 1.257800000000000000e+04 2.151000000000000000e+03
4.955000000000000000e+03 2.140000000000000000e+02 1.000000000000000000e+01 1.344800000000000000e+04 2.225000000000000000e+03
5.136000000000000000e+03 1.830000000000000000e+02 1.300000000000000000e+01 1.398200000000000000e+04 2.095000000000000000e+03
4.577000000000000000e+03 1.830000000000000000e+02 1.300000000000000000e+01 1.270600000000000000e+04 2.210000000000000000e+03
4.940000000000000000e+03 2.170000000000000000e+02 1.000000000000000000e+01 1.414900000000000000e+04 2.147000000000000000e+03
3.928000000000000000e+03 1.950000000000000000e+02 1.000000000000000000e+01 1.149400000000000000e+04 2.220000000000000000e+03
4.826000000000000000e+03 2.140000000000000000e+02 1.600000000000000000e+01 1.344500000000000000e+04 2.191000000000000000e+03
4.879000000000000000e+03 1.960000000000000000e+02 1.700000000000000000e+01 1.350100000000000000e+04 2.161000000000000000e+03
4.789000000000000000e+03 2.170000000000000000e+02 1.100000000000000000e+01 1.306900000000000000e+04 2.192000000000000000e+03
4.979000000000000000e+03 1.870000000000000000e+02 1.200000000000000000e+01 1.480200000000000000e+04 2.032000000000000000e+03
4.983000000000000000e+03 1.860000000000000000e+02 1.100000000000000000e+01 1.393200000000000000e+04 2.231000000000000000e+03
5.063000000000000000e+03 1.940000000000000000e+02 1.100000000000000000e+01 1.431900000000000000e+04 2.170000000000000000e+03
4.686000000000000000e+03 2.040000000000000000e+02 1.000000000000000000e+01 1.215200000000000000e+04 2.245000000000000000e+03
4.664000000000000000e+03 1.990000000000000000e+02 8.000000000000000000e+00 1.269700000000000000e+04 2.221000000000000000e+03
5.154000000000000000e+03 2.140000000000000000e+02 1.000000000000000000e+01 1.382900000000000000e+04 2.308000000000000000e+03
4.981000000000000000e+03 2.090000000000000000e+02 1.300000000000000000e+01 1.433900000000000000e+04 2.193000000000000000e+03
5.254000000000000000e+03 2.060000000000000000e+02 1.100000000000000000e+01 1.419000000000000000e+04 2.141000000000000000e+03
4.299000000000000000e+03 1.760000000000000000e+02 1.700000000000000000e+01 1.158700000000000000e+04 2.127000000000000000e+03
4.611000000000000000e+03 2.160000000000000000e+02 1.300000000000000000e+01 1.247300000000000000e+04 2.199000000000000000e+03
4.255000000000000000e+03 1.700000000000000000e+02 8.000000000000000000e+00 1.126100000000000000e+04 2.165000000000000000e+03
4.421000000000000000e+03 1.880000000000000000e+02 8.000000000000000000e+00 1.231800000000000000e+04 2.129000000000000000e+03
5.088000000000000000e+03 2.200000000000000000e+02 1.300000000000000000e+01 1.483400000000000000e+04 2.142000000000000000e+03
4.618000000000000000e+03 2.010000000000000000e+02 5.000000000000000000e+00 1.305700000000000000e+04 2.168000000000000000e+03
4.822000000000000000e+03 2.040000000000000000e+02 1.000000000000000000e+01 1.234300000000000000e+04 2.223000000000000000e+03
4.503000000000000000e+03 2.090000000000000000e+02 1.000000000000000000e+01 1.213200000000000000e+04 2.184000000000000000e+03
3.366000000000000000e+03 1.740000000000000000e+02 1.100000000000000000e+01 9.927000000000000000e+03 2.004000000000000000e+03
5.158000000000000000e+03 1.790000000000000000e+02 1.100000000000000000e+01 1.503000000000000000e+04 2.137000000000000000e+03
4.284000000000000000e+03 2.090000000000000000e+02 1.600000000000000000e+01 1.175300000000000000e+04 2.139000000000000000e+03
4.604000000000000000e+03 1.930000000000000000e+02 4.000000000000000000e+00 1.264100000000000000e+04 2.218000000000000000e+03
5.254000000000000000e+03 1.920000000000000000e+02 8.000000000000000000e+00 1.470300000000000000e+04 1.998000000000000000e+03
5.430000000000000000e+03 1.970000000000000000e+02 6.000000000000000000e+00 1.439600000000000000e+04 2.012000000000000000e+03
4.172000000000000000e+03 2.000000000000000000e+02 1.000000000000000000e+01 1.147000000000000000e+04 2.149000000000000000e+03
2.997000000000000000e+03 1.700000000000000000e+02 8.000000000000000000e+00 8.159000000000000000e+03 1.877000000000000000e+03
5.131000000000000000e+03 1.970000000000000000e+02 1.500000000000000000e+01 1.450000000000000000e+04 2.125000000000000000e+03
4.795000000000000000e+03 2.250000000000000000e+02 1.600000000000000000e+01 1.276400000000000000e+04 2.240000000000000000e+03
4.894000000000000000e+03 2.100000000000000000e+02 1.300000000000000000e+01 1.372100000000000000e+04 2.230000000000000000e+03
5.238000000000000000e+03 2.450000000000000000e+02 1.300000000000000000e+01 1.486100000000000000e+04 2.284000000000000000e+03
4.639000000000000000e+03 2.210000000000000000e+02 1.400000000000000000e+01 1.287700000000000000e+04 2.259000000000000000e+03
4.334000000000000000e+03 2.370000000000000000e+02 1.000000000000000000e+01 1.192300000000000000e+04 2.161000000000000000e+03
4.940000000000000000e+03 1.940000000000000000e+02 1.000000000000000000e+01 1.319100000000000000e+04 2.139000000000000000e+03
5.008000000000000000e+03 2.010000000000000000e+02 1.100000000000000000e+01 1.274700000000000000e+04 2.229000000000000000e+03
5.081000000000000000e+03 2.100000000000000000e+02 1.400000000000000000e+01 1.370500000000000000e+04 2.238000000000000000e+03
5.249000000000000000e+03 2.110000000000000000e+02 1.300000000000000000e+01 1.504500000000000000e+04 2.118000000000000000e+03
5.169000000000000000e+03 2.170000000000000000e+02 1.500000000000000000e+01 1.475000000000000000e+04 2.089000000000000000e+03
5.261000000000000000e+03 2.470000000000000000e+02 1.800000000000000000e+01 1.370500000000000000e+04 2.286000000000000000e+03
4.374000000000000000e+03 2.210000000000000000e+02 1.200000000000000000e+01 1.110700000000000000e+04 2.144000000000000000e+03
3.964000000000000000e+03 2.170000000000000000e+02 1.700000000000000000e+01 1.039700000000000000e+04 2.104000000000000000e+03
4.689000000000000000e+03 2.230000000000000000e+02 9.000000000000000000e+00 1.299400000000000000e+04 2.190000000000000000e+03
5.020000000000000000e+03 2.210000000000000000e+02 1.300000000000000000e+01 1.422400000000000000e+04 2.173000000000000000e+03
4.877000000000000000e+03 2.010000000000000000e+02 8.000000000000000000e+00 1.387100000000000000e+04 2.191000000000000000e+03
4.499000000000000000e+03 2.210000000000000000e+02 1.000000000000000000e+01 1.241800000000000000e+04 2.217000000000000000e+03
5.359000000000000000e+03 1.930000000000000000e+02 1.100000000000000000e+01 1.464400000000000000e+04 2.120000000000000000e+03
4.981000000000000000e+03 2.070000000000000000e+02 1.500000000000000000e+01 1.303300000000000000e+04 2.204000000000000000e+03
5.096000000000000000e+03 2.150000000000000000e+02 1.200000000000000000e+01 1.422900000000000000e+04 2.227000000000000000e+03
4.226000000000000000e+03 2.130000000000000000e+02 1.000000000000000000e+01 1.225700000000000000e+04 2.206000000000000000e+03
4.855000000000000000e+03 2.180000000000000000e+02 1.400000000000000000e+01 1.415900000000000000e+04 2.224000000000000000e+03
4.760000000000000000e+03 2.200000000000000000e+02 8.000000000000000000e+00 1.334700000000000000e+04 2.244000000000000000e+03
4.611000000000000000e+03 2.030000000000000000e+02 1.000000000000000000e+01 1.186900000000000000e+04 2.211000000000000000e+03
4.633000000000000000e+03 2.120000000000000000e+02 1.700000000000000000e+01 1.288100000000000000e+04 2.269000000000000000e+03
4.667000000000000000e+03 2.070000000000000000e+02 7.000000000000000000e+00 1.300100000000000000e+04 2.131000000000000000e+03
5.174000000000000000e+03 2.420000000000000000e+02 1.200000000000000000e+01 1.303400000000000000e+04 2.227000000000000000e+03
4.791000000000000000e+03 2.070000000000000000e+02 1.300000000000000000e+01 1.309200000000000000e+04 2.150000000000000000e+03
4.863000000000000000e+03 2.110000000000000000e+02 8.000000000000000000e+00 1.391800000000000000e+04 2.118000000000000000e+03
4.480000000000000000e+03 1.980000000000000000e+02 1.100000000000000000e+01 1.139900000000000000e+04 2.197000000000000000e+03
4.825000000000000000e+03 1.840000000000000000e+02 1.000000000000000000e+01 1.311500000000000000e+04 2.226000000000000000e+03
4.164000000000000000e+03 2.230000000000000000e+02 1.200000000000000000e+01 1.180100000000000000e+04 2.100000000000000000e+03
4.576000000000000000e+03 1.990000000000000000e+02 5.000000000000000000e+00 1.232900000000000000e+04 2.184000000000000000e+03
4.687000000000000000e+03 1.830000000000000000e+02 5.000000000000000000e+00 1.252100000000000000e+04 2.199000000000000000e+03
4.598000000000000000e+03 1.890000000000000000e+02 1.200000000000000000e+01 1.246200000000000000e+04 2.199000000000000000e+03
5.264000000000000000e+03 2.080000000000000000e+02 8.000000000000000000e+00 1.509500000000000000e+04 1.969000000000000000e+03
5.004000000000000000e+03 1.950000000000000000e+02 1.500000000000000000e+01 1.299500000000000000e+04 2.231000000000000000e+03
4.824000000000000000e+03 2.010000000000000000e+02 6.000000000000000000e+00 1.305700000000000000e+04 2.155000000000000000e+03
4.927000000000000000e+03 2.200000000000000000e+02 1.300000000000000000e+01 1.381900000000000000e+04 2.158000000000000000e+03
4.396000000000000000e+03 2.150000000000000000e+02 1.000000000000000000e+01 1.176600000000000000e+04 2.197000000000000000e+03
4.901000000000000000e+03 2.200000000000000000e+02 9.000000000000000000e+00 1.346300000000000000e+04 2.209000000000000000e+03
5.074000000000000000e+03 1.930000000000000000e+02 8.000000000000000000e+00 1.380100000000000000e+04 2.208000000000000000e+03
5.029000000000000000e+03 2.410000000000000000e+02 1.000000000000000000e+01 1.315900000000000000e+04 2.198000000000000000e+03
4.759000000000000000e+03 1.890000000000000000e+02 1.000000000000000000e+01 1.446600000000000000e+04 2.201000000000000000e+03
4.910000000000000000e+03 2.210000000000000000e+02 1.000000000000000000e+01 1.335300000000000000e+04 2.190000000000000000e+03
4.696000000000000000e+03 2.270000000000000000e+02 5.000000000000000000e+00 1.262600000000000000e+04 2.153000000000000000e+03
4.881000000000000000e+03 2.250000000000000000e+02 9.000000000000000000e+00 1.272900000000000000e+04 2.222000000000000000e+03
4.887000000000000000e+03 1.860000000000000000e+02 1.000000000000000000e+01 1.320700000000000000e+04 2.221000000000000000e+03
5.160000000000000000e+03 2.010000000000000000e+02 8.000000000000000000e+00 1.372900000000000000e+04 2.136000000000000000e+03
5.096000000000000000e+03 2.070000000000000000e+02 1.200000000000000000e+01 1.378500000000000000e+04 2.115000000000000000e+03
5.539000000000000000e+03 2.170000000000000000e+02 3.000000000000000000e+00 1.465700000000000000e+04 2.155000000000000000e+03
4.940000000000000000e+03 2.140000000000000000e+02 1.200000000000000000e+01 1.426600000000000000e+04 2.133000000000000000e+03
4.877000000000000000e+03 1.990000000000000000e+02 1.600000000000000000e+01 1.295600000000000000e+04 2.240000000000000000e+03
4.653000000000000000e+03 2.010000000000000000e+02 8.000000000000000000e+00 1.248400000000000000e+04 2.132000000000000000e+03
4.902000000000000000e+03 2.140000000000000000e+02 1.400000000000000000e+01 1.317200000000000000e+04 2.221000000000000000e+03
4.464000000000000000e+03 2.190000000000000000e+02 1.000000000000000000e+01 1.284400000000000000e+04 2.203000000000000000e+03
4.977000000000000000e+03 2.120000000000000000e+02 1.000000000000000000e+01 1.405000000000000000e+04 2.180000000000000000e+03
5.155000000000000000e+03 2.210000000000000000e+02 6.000000000000000000e+00 1.297800000000000000e+04 2.266000000000000000e+03
4.475000000000000000e+03 2.100000000000000000e+02 1.000000000000000000e+01 1.334100000000000000e+04 2.176000000000000000e+03
4.247000000000000000e+03 1.970000000000000000e+02 1.200000000000000000e+01 1.176300000000000000e+04 2.182000000000000000e+03
4.465000000000000000e+03 2.350000000000000000e+02 7.000000000000000000e+00 1.170300000000000000e+04 2.179000000000000000e+03
4.520000000000000000e+03 1.960000000000000000e+02 1.200000000000000000e+01 1.210600000000000000e+04 2.147000000000000000e+03
5.210000000000000000e+03 1.950000000000000000e+02 6.000000000000000000e+00 1.415300000000000000e+04 2.187000000000000000e+03
4.408000000000000000e+03 2.210000000000000000e+02 1.000000000000000000e+01 1.275500000000000000e+04 2.131000000000000000e+03
3.338000000000000000e+03 1.890000000000000000e+02 6.000000000000000000e+00 9.540000000000000000e+03 1.991000000000000000e+03
5.175000000000000000e+03 2.130000000000000000e+02 1.200000000000000000e+01 1.356900000000000000e+04 2.172000000000000000e+03
5.281000000000000000e+03 2.080000000000000000e+02 1.000000000000000000e+01 1.391500000000000000e+04 2.123000000000000000e+03
5.274000000000000000e+03 2.140000000000000000e+02 5.000000000000000000e+00 1.500500000000000000e+04 2.108000000000000000e+03
5.026000000000000000e+03 2.170000000000000000e+02 1.500000000000000000e+01 1.373100000000000000e+04 2.270000000000000000e+03
4.522000000000000000e+03 2.100000000000000000e+02 1.800000000000000000e+01 1.242300000000000000e+04 2.163000000000000000e+03
4.956000000000000000e+03 2.040000000000000000e+02 1.100000000000000000e+01 1.357800000000000000e+04 2.268000000000000000e+03
4.075000000000000000e+03 2.070000000000000000e+02 9.000000000000000000e+00 1.125200000000000000e+04 2.037000000000000000e+03
4.691000000000000000e+03 2.070000000000000000e+02 2.200000000000000000e+01 1.335600000000000000e+04 2.157000000000000000e+03
4.014000000000000000e+03 1.770000000000000000e+02 1.400000000000000000e+01 1.016300000000000000e+04 2.108000000000000000e+03
4.978000000000000000e+03 2.130000000000000000e+02 1.700000000000000000e+01 1.325000000000000000e+04 2.212000000000000000e+03
4.444000000000000000e+03 2.270000000000000000e+02 1.100000000000000000e+01 1.289000000000000000e+04 2.199000000000000000e+03
4.381000000000000000e+03 2.270000000000000000e+02 1.200000000000000000e+01 1.217400000000000000e+04 2.142000000000000000e+03
5.088000000000000000e+03 2.120000000000000000e+02 1.400000000000000000e+01 1.395900000000000000e+04 2.178000000000000000e+03
4.645000000000000000e+03 1.740000000000000000e+02 1.200000000000000000e+01 1.252000000000000000e+04 2.216000000000000000e+03
4.439000000000000000e+03 2.010000000000000000e+02 1.200000000000000000e+01 1.190400000000000000e+04 2.154000000000000000e+03
5.061000000000000000e+03 1.940000000000000000e+02 7.000000000000000000e+00 1.368800000000000000e+04 2.127000000000000000e+03
4.752000000000000000e+03 2.120000000000000000e+02 6.000000000000000000e+00 1.348800000000000000e+04 2.222000000000000000e+03
5.088000000000000000e+03 2.160000000000000000e+02 1.800000000000000000e+01 1.478600000000000000e+04 2.141000000000000000e+03
4.724000000000000000e+03 1.850000000000000000e+02 1.100000000000000000e+01 1.329300000000000000e+04 2.183000000000000000e+03
5.016000000000000000e+03 2.120000000000000000e+02 1.300000000000000000e+01 1.273800000000000000e+04 2.278000000000000000e+03
4.565000000000000000e+03 2.130000000000000000e+02 1.600000000000000000e+01 1.254700000000000000e+04 2.268000000000000000e+03
4.683000000000000000e+03 2.220000000000000000e+02 1.300000000000000000e+01 1.343000000000000000e+04 2.166000000000000000e+03
5.140000000000000000e+03 2.230000000000000000e+02 7.000000000000000000e+00 1.380300000000000000e+04 2.223000000000000000e+03
4.469000000000000000e+03 1.940000000000000000e+02 1.200000000000000000e+01 1.249900000000000000e+04 2.147000000000000000e+03
4.494000000000000000e+03 2.170000000000000000e+02 9.000000000000000000e+00 1.166700000000000000e+04 2.222000000000000000e+03
5.002000000000000000e+03 2.080000000000000000e+02 1.400000000000000000e+01 1.402300000000000000e+04 2.066000000000000000e+03
4.340000000000000000e+03 1.960000000000000000e+02 1.300000000000000000e+01 1.234200000000000000e+04 2.122000000000000000e+03
4.250000000000000000e+03 1.830000000000000000e+02 1.100000000000000000e+01 1.221100000000000000e+04 2.131000000000000000e+03
5.189000000000000000e+03 2.080000000000000000e+02 1.100000000000000000e+01 1.402200000000000000e+04 2.229000000000000000e+03
4.343000000000000000e+03 2.020000000000000000e+02 1.200000000000000000e+01 1.221100000000000000e+04 2.162000000000000000e+03
4.232000000000000000e+03 1.640000000000000000e+02 8.000000000000000000e+00 1.145400000000000000e+04 2.133000000000000000e+03
4.907000000000000000e+03 2.110000000000000000e+02 1.200000000000000000e+01 1.371900000000000000e+04 2.197000000000000000e+03
4.949000000000000000e+03 2.110000000000000000e+02 1.200000000000000000e+01 1.397700000000000000e+04 2.251000000000000000e+03
4.994000000000000000e+03 2.360000000000000000e+02 1.300000000000000000e+01 1.356900000000000000e+04 2.197000000000000000e+03
5.123000000000000000e+03 2.250000000000000000e+02 1.300000000000000000e+01 1.389700000000000000e+04 2.088000000000000000e+03
4.540000000000000000e+03 2.190000000000000000e+02 1.200000000000000000e+01 1.201400000000000000e+04 2.224000000000000000e+03
5.015000000000000000e+03 2.170000000000000000e+02 1.200000000000000000e+01 1.380700000000000000e+04 2.215000000000000000e+03
5.076000000000000000e+03 2.310000000000000000e+02 1.400000000000000000e+01 1.435900000000000000e+04 2.132000000000000000e+03
4.817000000000000000e+03 2.320000000000000000e+02 1.100000000000000000e+01 1.394500000000000000e+04 2.201000000000000000e+03
4.788000000000000000e+03 2.510000000000000000e+02 2.000000000000000000e+01 1.259000000000000000e+04 2.216000000000000000e+03
5.163000000000000000e+03 2.010000000000000000e+02 3.000000000000000000e+00 1.363200000000000000e+04 2.226000000000000000e+03
5.241000000000000000e+03 2.060000000000000000e+02 1.500000000000000000e+01 1.422800000000000000e+04 2.221000000000000000e+03
4.823000000000000000e+03 2.020000000000000000e+02 1.100000000000000000e+01 1.350800000000000000e+04 2.205000000000000000e+03
4.498000000000000000e+03 2.040000000000000000e+02 1.000000000000000000e+01 1.221300000000000000e+04 2.158000000000000000e+03
4.850000000000000000e+03 2.280000000000000000e+02 5.000000000000000000e+00 1.342900000000000000e+04 2.198000000000000000e+03
4.794000000000000000e+03 2.030000000000000000e+02 1.300000000000000000e+01 1.286900000000000000e+04 2.163000000000000000e+03
4.879000000000000000e+03 2.270000000000000000e+02 1.200000000000000000e+01 1.440100000000000000e+04 2.140000000000000000e+03
4.746000000000000000e+03 2.340000000000000000e+02 1.000000000000000000e+01 1.258200000000000000e+04 2.271000000000000000e+03
4.885000000000000000e+03 1.910000000000000000e+02 1.400000000000000000e+01 1.399500000000000000e+04 2.142000000000000000e+03
3.986000000000000000e+03 2.180000000000000000e+02 1.100000000000000000e+01 1.091500000000000000e+04 2.154000000000000000e+03
5.150000000000000000e+03 1.860000000000000000e+02 1.900000000000000000e+01 1.465800000000000000e+04 2.195000000000000000e+03
5.239000000000000000e+03 2.030000000000000000e+02 1.300000000000000000e+01 1.424200000000000000e+04 2.143000000000000000e+03
4.892000000000000000e+03 2.410000000000000000e+02 1.400000000000000000e+01 1.310200000000000000e+04 2.220000000000000000e+03
5.170000000000000000e+03 2.120000000000000000e+02 7.000000000000000000e+00 1.485200000000000000e+04 2.071000000000000000e+03
4.773000000000000000e+03 2.370000000000000000e+02 1.200000000000000000e+01 1.278100000000000000e+04 2.220000000000000000e+03
5.534000000000000000e+03 1.880000000000000000e+02 6.000000000000000000e+00 1.513000000000000000e+04 2.038000000000000000e+03
5.145000000000000000e+03 1.910000000000000000e+02 1.000000000000000000e+01 1.397900000000000000e+04 2.128000000000000000e+03
4.806000000000000000e+03 2.370000000000000000e+02 1.400000000000000000e+01 1.350000000000000000e+04 2.180000000000000000e+03
4.979000000000000000e+03 2.200000000000000000e+02 1.300000000000000000e+01 1.399900000000000000e+04 2.171000000000000000e+03
5.455000000000000000e+03 1.830000000000000000e+02 8.000000000000000000e+00 1.475600000000000000e+04 2.051000000000000000e+03
3.738000000000000000e+03 2.040000000000000000e+02 9.000000000000000000e+00 1.003400000000000000e+04 2.103000000000000000e+03
5.318000000000000000e+03 2.220000000000000000e+02 1.300000000000000000e+01 1.468800000000000000e+04 2.164000000000000000e+03
4.988000000000000000e+03 2.320000000000000000e+02 1.500000000000000000e+01 1.386100000000000000e+04 2.188000000000000000e+03
4.961000000000000000e+03 1.950000000000000000e+02 9.000000000000000000e+00 1.328100000000000000e+04 2.188000000000000000e+03
4.495000000000000000e+03 2.350000000000000000e+02 1.300000000000000000e+01 1.251700000000000000e+04 2.168000000000000000e+03
5.181000000000000000e+03 2.110000000000000000e+02 1.000000000000000000e+01 1.454400000000000000e+04 2.190000000000000000e+03
4.171000000000000000e+03 2.170000000000000000e+02 1.300000000000000000e+01 1.139700000000000000e+04 2.135000000000000000e+03
4.081000000000000000e+03 2.020000000000000000e+02 8.000000000000000000e+00 1.083500000000000000e+04 2.157000000000000000e+03
4.507000000000000000e+03 2.290000000000000000e+02 1.000000000000000000e+01 1.211600000000000000e+04 2.176000000000000000e+03
5.141000000000000000e+03 1.880000000000000000e+02 8.000000000000000000e+00 1.504400000000000000e+04 2.045000000000000000e+03
4.840000000000000000e+03 2.360000000000000000e+02 1.400000000000000000e+01 1.257200000000000000e+04 2.283000000000000000e+03
4.698000000000000000e+03 2.000000000000000000e+02 7.000000000000000000e+00 1.404700000000000000e+04 2.174000000000000000e+03
5.015000000000000000e+03 2.090000000000000000e+02 1.200000000000000000e+01 1.439300000000000000e+04 2.266000000000000000e+03
4.162000000000000000e+03 1.900000000000000000e+02 1.400000000000000000e+01 1.102700000000000000e+04 2.138000000000000000e+03
4.916000000000000000e+03 2.230000000000000000e+02 8.000000000000000000e+00 1.267500000000000000e+04 2.290000000000000000e+03
4.944000000000000000e+03 2.050000000000000000e+02 6.000000000000000000e+00 1.295900000000000000e+04 2.242000000000000000e+03
5.241000000000000000e+03 1.990000000000000000e+02 1.000000000000000000e+01 1.406700000000000000e+04 2.211000000000000000e+03
4.350000000000000000e+03 2.010000000000000000e+02 9.000000000000000000e+00 1.129300000000000000e+04 2.181000000000000000e+03
5.141000000000000000e+03 2.160000000000000000e+02 8.000000000000000000e+00 1.328400000000000000e+04 2.220000000000000000e+03
4.772000000000000000e+03 2.010000000000000000e+02 8.000000000000000000e+00 1.385700000000000000e+04 2.085000000000000000e+03
4.979000000000000000e+03 2.170000000000000000e+02 1.400000000000000000e+01 1.335300000000000000e+04 2.128000000000000000e+03
4.654000000000000000e+03 2.090000000000000000e+02 8.000000000000000000e+00 1.345400000000000000e+04 2.168000000000000000e+03
3.681000000000000000e+03 2.100000000000000000e+02 1.000000000000000000e+01 1.036400000000000000e+04 2.085000000000000000e+03
4.469000000000000000e+03 2.070000000000000000e+02 8.000000000000000000e+00 1.262800000000000000e+04 2.186000000000000000e+03
5.126000000000000000e+03 2.070000000000000000e+02 1.600000000000000000e+01 1.381800000000000000e+04 2.267000000000000000e+03
4.994000000000000000e+03 2.000000000000000000e+02 7.000000000000000000e+00 1.363800000000000000e+04 2.222000000000000000e+03
4.890000000000000000e+03 2.180000000000000000e+02 1.500000000000000000e+01 1.277000000000000000e+04 2.239000000000000000e+03
5.253000000000000000e+03 2.280000000000000000e+02 9.000000000000000000e+00 1.433500000000000000e+04 2.195000000000000000e+03
4.749000000000000000e+03 2.000000000000000000e+02 1.100000000000000000e+01 1.338700000000000000e+04 2.204000000000000000e+03
4.919000000000000000e+03 2.050000000000000000e+02 8.000000000000000000e+00 1.337800000000000000e+04 2.193000000000000000e+03
4.400000000000000000e+03 2.030000000000000000e+02 1.100000000000000000e+01 1.153600000000000000e+04 2.131000000000000000e+03
5.200000000000000000e+03 2.150000000000000000e+02 1.500000000000000000e+01 1.406100000000000000e+04 2.197000000000000000e+03
5.149000000000000000e+03 2.010000000000000000e+02 1.200000000000000000e+01 1.420200000000000000e+04 2.225000000000000000e+03
5.215000000000000000e+03 1.990000000000000000e+02 8.000000000000000000e+00 1.509900000000000000e+04 2.015000000000000000e+03
4.004000000000000000e+03 1.930000000000000000e+02 1.300000000000000000e+01 1.199700000000000000e+04 2.100000000000000000e+03
5.115000000000000000e+03 1.960000000000000000e+02 1.000000000000000000e+01 1.412800000000000000e+04 2.158000000000000000e+03
5.214000000000000000e+03 1.890000000000000000e+02 1.600000000000000000e+01 1.512800000000000000e+04 1.828000000000000000e+03
5.363000000000000000e+03 2.130000000000000000e+02 1.200000000000000000e+01 1.338400000000000000e+04 2.278000000000000000e+03
4.974000000000000000e+03 1.950000000000000000e+02 9.000000000000000000e+00 1.326400000000000000e+04 2.183000000000000000e+03
4.810000000000000000e+03 1.930000000000000000e+02 2.000000000000000000e+00 1.345100000000000000e+04 2.162000000000000000e+03
4.743000000000000000e+03 2.050000000000000000e+02 9.000000000000000000e+00 1.219300000000000000e+04 2.157000000000000000e+03
4.178000000000000000e+03 2.110000000000000000e+02 1.300000000000000000e+01 1.181900000000000000e+04 2.085000000000000000e+03
