9.800000000000000000e+01 3.200000000000000000e+01 0.000000000000000000e+00 1.090000000000000000e+03 1.290000000000000000e+02
9.600000000000000000e+01 3.500000000000000000e+01 1.000000000000000000e+00 9.740000000000000000e+02 1.290000000000000000e+02
1.140000000000000000e+02 3.400000000000000000e+01 1.000000000000000000e+00 1.104000000000000000e+03 1.450000000000000000e+02
1.040000000000000000e+02 3.400000000000000000e+01 4.000000000000000000e+00 1.155000000000000000e+03 1.410000000000000000e+02
8.600000000000000000e+01 2.300000000000000000e+01 0.000000000000000000e+00 1.045000000000000000e+03 1.080000000000000000e+02
8.800000000000000000e+01 2.200000000000000000e+01 2.000000000000000000e+00 1.187000000000000000e+03 1.100000000000000000e+02
8.900000000000000000e+01 2.300000000000000000e+01 3.000000000000000000e+00 1.072000000000000000e+03 1.150000000000000000e+02
1.090000000000000000e+02 3.400000000000000000e+01 3.000000000000000000e+00 1.052000000000000000e+03 1.440000000000000000e+02
9.000000000000000000e+01 3.400000000000000000e+01 3.000000000000000000e+00 1.006000000000000000e+03 1.260000000000000000e+02
1.100000000000000000e+02 3.000000000000000000e+01 2.000000000000000000e+00 1.059000000000000000e+03 1.410000000000000000e+02
9.800000000000000000e+01 2.500000000000000000e+01 0.000000000000000000e+00 1.014000000000000000e+03 1.220000000000000000e+02
1.000000000000000000e+02 3.400000000000000000e+01 4.000000000000000000e+00 8.630000000000000000e+02 1.360000000000000000e+02
1.000000000000000000e+02 3.400000000000000000e+01 2.000000000000000000e+00 1.096000000000000000e+03 1.340000000000000000e+02
1.080000000000000000e+02 2.700000000000000000e+01 2.000000000000000000e+00 1.190000000000000000e+03 1.370000000000000000e+02
8.900000000000000000e+01 3.400000000000000000e+01 3.000000000000000000e+00 1.157000000000000000e+03 1.250000000000000000e+02
8.700000000000000000e+01 3.100000000000000000e+01 4.000000000000000000e+00 1.163000000000000000e+03 1.200000000000000000e+02
7.400000000000000000e+01 3.200000000000000000e+01 2.000000000000000000e+00 7.930000000000000000e+02 1.080000000000000000e+02
1.250000000000000000e+02 3.100000000000000000e+01 1.000000000000000000e+00 1.208000000000000000e+03 1.550000000000000000e+02
1.010000000000000000e+02 2.600000000000000000e+01 2.000000000000000000e+00 1.058000000000000000e+03 1.280000000000000000e+02
1.120000000000000000e+02 2.600000000000000000e+01 3.000000000000000000e+00 1.108000000000000000e+03 1.380000000000000000e+02
9.500000000000000000e+01 3.200000000000000000e+01 0.000000000000000000e+00 1.258000000000000000e+03 1.260000000000000000e+02
8.500000000000000000e+01 2.700000000000000000e+01 4.000000000000000000e+00 9.160000000000000000e+02 1.130000000000000000e+02
1.270000000000000000e+02 3.700000000000000000e+01 2.000000000000000000e+00 1.198000000000000000e+03 1.650000000000000000e+02
9.300000000000000000e+01 3.400000000000000000e+01 1.000000000000000000e+00 1.186000000000000000e+03 1.280000000000000000e+02
8.300000000000000000e+01 3.000000000000000000e+01 0.000000000000000000e+00 7.770000000000000000e+02 1.130000000000000000e+02
9.700000000000000000e+01 2.100000000000000000e+01 2.000000000000000000e+00 1.035000000000000000e+03 1.190000000000000000e+02
8.300000000000000000e+01 3.100000000000000000e+01 2.000000000000000000e+00 9.330000000000000000e+02 1.150000000000000000e+02
1.010000000000000000e+02 1.800000000000000000e+01 1.000000000000000000e+00 9.520000000000000000e+02 1.190000000000000000e+02
7.500000000000000000e+01 3.300000000000000000e+01 5.000000000000000000e+00 1.118000000000000000e+03 1.090000000000000000e+02
8.700000000000000000e+01 2.700000000000000000e+01 0.000000000000000000e+00 9.600000000000000000e+02 1.120000000000000000e+02
9.100000000000000000e+01 3.400000000000000000e+01 1.000000000000000000e+00 1.142000000000000000e+03 1.240000000000000000e+02
1.040000000000000000e+02 2.000000000000000000e+01 2.000000000000000000e+00 1.128000000000000000e+03 1.250000000000000000e+02
8.700000000000000000e+01 3.500000000000000000e+01 2.000000000000000000e+00 1.058000000000000000e+03 1.230000000000000000e+02
1.220000000000000000e+02 2.500000000000000000e+01 1.000000000000000000e+00 1.012000000000000000e+03 1.460000000000000000e+02
1.070000000000000000e+02 3.200000000000000000e+01 3.000000000000000000e+00 1.060000000000000000e+03 1.400000000000000000e+02
9.000000000000000000e+01 2.500000000000000000e+01 2.000000000000000000e+00 1.138000000000000000e+03 1.170000000000000000e+02
1.090000000000000000e+02 2.800000000000000000e+01 1.000000000000000000e+00 1.007000000000000000e+03 1.380000000000000000e+02
9.600000000000000000e+01 2.900000000000000000e+01 4.000000000000000000e+00 1.131000000000000000e+03 1.280000000000000000e+02
7.200000000000000000e+01 3.100000000000000000e+01 1.000000000000000000e+00 8.400000000000000000e+02 1.030000000000000000e+02
9.500000000000000000e+01 2.400000000000000000e+01 2.000000000000000000e+00 1.077000000000000000e+03 1.210000000000000000e+02
1.140000000000000000e+02 2.100000000000000000e+01 3.000000000000000000e+00 1.123000000000000000e+03 1.360000000000000000e+02
1.060000000000000000e+02 4.200000000000000000e+01 2.000000000000000000e+00 1.225000000000000000e+03 1.480000000000000000e+02
8.600000000000000000e+01 3.900000000000000000e+01 2.000000000000000000e+00 1.029000000000000000e+03 1.260000000000000000e+02
1.150000000000000000e+02 2.600000000000000000e+01 3.000000000000000000e+00 1.150000000000000000e+03 1.430000000000000000e+02
9.200000000000000000e+01 2.900000000000000000e+01 2.000000000000000000e+00 1.016000000000000000e+03 1.210000000000000000e+02
1.220000000000000000e+02 2.600000000000000000e+01 2.000000000000000000e+00 1.200000000000000000e+03 1.480000000000000000e+02
9.600000000000000000e+01 3.400000000000000000e+01 3.000000000000000000e+00 1.119000000000000000e+03 1.330000000000000000e+02
1.130000000000000000e+02 3.000000000000000000e+01 1.000000000000000000e+00 1.216000000000000000e+03 1.440000000000000000e+02
8.400000000000000000e+01 3.200000000000000000e+01 1.000000000000000000e+00 1.176000000000000000e+03 1.170000000000000000e+02
9.500000000000000000e+01 3.300000000000000000e+01 2.000000000000000000e+00 1.125000000000000000e+03 1.280000000000000000e+02
9.700000000000000000e+01 3.000000000000000000e+01 1.000000000000000000e+00 1.028000000000000000e+03 1.250000000000000000e+02
1.080000000000000000e+02 2.400000000000000000e+01 1.000000000000000000e+00 1.117000000000000000e+03 1.320000000000000000e+02
9.500000000000000000e+01 2.800000000000000000e+01 2.000000000000000000e+00 1.184000000000000000e+03 1.220000000000000000e+02
8.700000000000000000e+01 3.000000000000000000e+01 1.000000000000000000e+00 1.078000000000000000e+03 1.180000000000000000e+02
1.030000000000000000e+02 1.700000000000000000e+01 1.000000000000000000e+00 1.018000000000000000e+03 1.200000000000000000e+02
9.500000000000000000e+01 3.100000000000000000e+01 5.000000000000000000e+00 1.044000000000000000e+03 1.310000000000000000e+02
9.500000000000000000e+01 3.000000000000000000e+01 0.000000000000000000e+00 1.050000000000000000e+03 1.240000000000000000e+02
8.200000000000000000e+01 3.200000000000000000e+01 3.000000000000000000e+00 9.670000000000000000e+02 1.140000000000000000e+02
9.400000000000000000e+01 3.700000000000000000e+01 0.000000000000000000e+00 9.420000000000000000e+02 1.310000000000000000e+02
1.020000000000000000e+02 3.200000000000000000e+01 2.000000000000000000e+00 1.132000000000000000e+03 1.360000000000000000e+02
8.200000000000000000e+01 2.500000000000000000e+01 2.000000000000000000e+00 9.030000000000000000e+02 1.080000000000000000e+02
9.300000000000000000e+01 3.000000000000000000e+01 0.000000000000000000e+00 1.173000000000000000e+03 1.230000000000000000e+02
8.900000000000000000e+01 2.900000000000000000e+01 1.000000000000000000e+00 1.083000000000000000e+03 1.170000000000000000e+02
8.700000000000000000e+01 3.800000000000000000e+01 2.000000000000000000e+00 1.087000000000000000e+03 1.260000000000000000e+02
8.800000000000000000e+01 2.600000000000000000e+01 0.000000000000000000e+00 1.063000000000000000e+03 1.110000000000000000e+02
9.900000000000000000e+01 3.200000000000000000e+01 4.000000000000000000e+00 1.049000000000000000e+03 1.330000000000000000e+02
8.400000000000000000e+01 3.400000000000000000e+01 5.000000000000000000e+00 1.197000000000000000e+03 1.230000000000000000e+02
7.400000000000000000e+01 2.900000000000000000e+01 0.000000000000000000e+00 1.131000000000000000e+03 1.020000000000000000e+02
1.010000000000000000e+02 2.000000000000000000e+01 3.000000000000000000e+00 7.740000000000000000e+02 1.210000000000000000e+02
1.020000000000000000e+02 3.600000000000000000e+01 2.000000000000000000e+00 1.202000000000000000e+03 1.380000000000000000e+02
9.900000000000000000e+01 2.700000000000000000e+01 1.000000000000000000e+00 1.115000000000000000e+03 1.260000000000000000e+02
1.120000000000000000e+02 2.300000000000000000e+01 1.000000000000000000e+00 9.770000000000000000e+02 1.350000000000000000e+02
1.090000000000000000e+02 3.100000000000000000e+01 1.000000000000000000e+00 1.152000000000000000e+03 1.370000000000000000e+02
9.100000000000000000e+01 2.800000000000000000e+01 4.000000000000000000e+00 1.102000000000000000e+03 1.220000000000000000e+02
7.600000000000000000e+01 2.500000000000000000e+01 1.000000000000000000e+00 1.018000000000000000e+03 9.900000000000000000e+01
9.500000000000000000e+01 2.600000000000000000e+01 2.000000000000000000e+00 1.125000000000000000e+03 1.210000000000000000e+02
1.010000000000000000e+02 3.100000000000000000e+01 4.000000000000000000e+00 1.011000000000000000e+03 1.320000000000000000e+02
1.170000000000000000e+02 2.900000000000000000e+01 0.000000000000000000e+00 1.201000000000000000e+03 1.450000000000000000e+02
1.280000000000000000e+02 3.400000000000000000e+01 1.000000000000000000e+00 1.110000000000000000e+03 1.600000000000000000e+02
1.100000000000000000e+02 2.900000000000000000e+01 1.000000000000000000e+00 1.216000000000000000e+03 1.390000000000000000e+02
9.300000000000000000e+01 2.700000000000000000e+01 1.000000000000000000e+00 9.880000000000000000e+02 1.200000000000000000e+02
9.400000000000000000e+01 3.100000000000000000e+01 1.000000000000000000e+00 9.960000000000000000e+02 1.240000000000000000e+02
1.020000000000000000e+02 3.700000000000000000e+01 3.000000000000000000e+00 1.119000000000000000e+03 1.420000000000000000e+02
1.040000000000000000e+02 3.000000000000000000e+01 3.000000000000000000e+00 1.063000000000000000e+03 1.340000000000000000e+02
8.600000000000000000e+01 2.100000000000000000e+01 1.000000000000000000e+00 1.004000000000000000e+03 1.080000000000000000e+02
1.040000000000000000e+02 3.600000000000000000e+01 3.000000000000000000e+00 1.180000000000000000e+03 1.400000000000000000e+02
9.200000000000000000e+01 3.400000000000000000e+01 2.000000000000000000e+00 9.120000000000000000e+02 1.280000000000000000e+02
1.300000000000000000e+02 2.800000000000000000e+01 0.000000000000000000e+00 1.144000000000000000e+03 1.580000000000000000e+02
1.000000000000000000e+02 2.400000000000000000e+01 1.000000000000000000e+00 1.108000000000000000e+03 1.210000000000000000e+02
7.500000000000000000e+01 3.400000000000000000e+01 2.000000000000000000e+00 1.086000000000000000e+03 1.080000000000000000e+02
7.800000000000000000e+01 3.600000000000000000e+01 3.000000000000000000e+00 1.193000000000000000e+03 1.140000000000000000e+02
7.300000000000000000e+01 3.000000000000000000e+01 1.000000000000000000e+00 1.048000000000000000e+03 1.030000000000000000e+02
8.200000000000000000e+01 3.000000000000000000e+01 4.000000000000000000e+00 1.028000000000000000e+03 1.130000000000000000e+02
9.700000000000000000e+01 3.800000000000000000e+01 2.000000000000000000e+00 1.229000000000000000e+03 1.330000000000000000e+02
9.300000000000000000e+01 2.500000000000000000e+01 3.000000000000000000e+00 9.370000000000000000e+02 1.210000000000000000e+02
8.800000000000000000e+01 3.200000000000000000e+01 2.000000000000000000e+00 1.036000000000000000e+03 1.190000000000000000e+02
1.140000000000000000e+02 3.400000000000000000e+01 1.000000000000000000e+00 1.202000000000000000e+03 1.460000000000000000e+02
8.300000000000000000e+01 2.300000000000000000e+01 2.000000000000000000e+00 1.060000000000000000e+03 1.050000000000000000e+02
1.010000000000000000e+02 2.400000000000000000e+01 1.000000000000000000e+00 1.007000000000000000e+03 1.230000000000000000e+02
8.200000000000000000e+01 2.800000000000000000e+01 5.000000000000000000e+00 9.960000000000000000e+02 1.130000000000000000e+02
8.800000000000000000e+01 2.600000000000000000e+01 1.000000000000000000e+00 1.117000000000000000e+03 1.140000000000000000e+02
9.300000000000000000e+01 2.600000000000000000e+01 4.000000000000000000e+00 1.081000000000000000e+03 1.220000000000000000e+02
8.000000000000000000e+01 2.400000000000000000e+01 2.000000000000000000e+00 9.110000000000000000e+02 1.040000000000000000e+02
9.200000000000000000e+01 3.600000000000000000e+01 4.000000000000000000e+00 9.360000000000000000e+02 1.310000000000000000e+02
1.070000000000000000e+02 2.900000000000000000e+01 1.000000000000000000e+00 1.138000000000000000e+03 1.340000000000000000e+02
9.100000000000000000e+01 1.800000000000000000e+01 2.000000000000000000e+00 9.970000000000000000e+02 1.090000000000000000e+02
8.700000000000000000e+01 2.000000000000000000e+01 0.000000000000000000e+00 7.820000000000000000e+02 1.030000000000000000e+02
9.000000000000000000e+01 3.400000000000000000e+01 2.000000000000000000e+00 1.103000000000000000e+03 1.200000000000000000e+02
8.200000000000000000e+01 2.400000000000000000e+01 2.000000000000000000e+00 9.920000000000000000e+02 1.060000000000000000e+02
7.700000000000000000e+01 2.100000000000000000e+01 0.000000000000000000e+00 1.104000000000000000e+03 9.600000000000000000e+01
9.000000000000000000e+01 3.300000000000000000e+01 0.000000000000000000e+00 1.020000000000000000e+03 1.220000000000000000e+02
9.200000000000000000e+01 3.400000000000000000e+01 4.000000000000000000e+00 1.205000000000000000e+03 1.300000000000000000e+02
9.100000000000000000e+01 3.300000000000000000e+01 2.000000000000000000e+00 9.880000000000000000e+02 1.250000000000000000e+02
1.140000000000000000e+02 3.900000000000000000e+01 2.000000000000000000e+00 1.086000000000000000e+03 1.530000000000000000e+02
9.400000000000000000e+01 2.800000000000000000e+01 1.000000000000000000e+00 1.229000000000000000e+03 1.230000000000000000e+02
1.120000000000000000e+02 2.600000000000000000e+01 3.000000000000000000e+00 1.108000000000000000e+03 1.390000000000000000e+02
1.020000000000000000e+02 3.300000000000000000e+01 3.000000000000000000e+00 1.049000000000000000e+03 1.370000000000000000e+02
9.800000000000000000e+01 2.800000000000000000e+01 5.000000000000000000e+00 1.188000000000000000e+03 1.300000000000000000e+02
9.000000000000000000e+01 2.900000000000000000e+01 1.000000000000000000e+00 1.055000000000000000e+03 1.190000000000000000e+02
9.200000000000000000e+01 2.400000000000000000e+01 0.000000000000000000e+00 9.820000000000000000e+02 1.130000000000000000e+02
7.600000000000000000e+01 2.100000000000000000e+01 1.000000000000000000e+00 8.520000000000000000e+02 9.700000000000000000e+01
7.100000000000000000e+01 3.000000000000000000e+01 1.000000000000000000e+00 1.023000000000000000e+03 1.010000000000000000e+02
7.200000000000000000e+01 2.100000000000000000e+01 2.000000000000000000e+00 9.470000000000000000e+02 9.400000000000000000e+01
8.700000000000000000e+01 2.800000000000000000e+01 0.000000000000000000e+00 1.178000000000000000e+03 1.140000000000000000e+02
9.600000000000000000e+01 3.000000000000000000e+01 2.000000000000000000e+00 1.038000000000000000e+03 1.260000000000000000e+02
8.400000000000000000e+01 1.700000000000000000e+01 0.000000000000000000e+00 1.080000000000000000e+03 9.900000000000000000e+01
1.190000000000000000e+02 3.500000000000000000e+01 2.000000000000000000e+00 1.191000000000000000e+03 1.540000000000000000e+02
7.300000000000000000e+01 3.500000000000000000e+01 3.000000000000000000e+00 1.115000000000000000e+03 1.110000000000000000e+02
7.700000000000000000e+01 1.800000000000000000e+01 0.000000000000000000e+00 1.075000000000000000e+03 9.400000000000000000e+01
9.900000000000000000e+01 2.800000000000000000e+01 0.000000000000000000e+00 1.138000000000000000e+03 1.250000000000000000e+02
1.100000000000000000e+02 2.900000000000000000e+01 1.000000000000000000e+00 1.255000000000000000e+03 1.380000000000000000e+02
7.200000000000000000e+01 2.400000000000000000e+01 2.000000000000000000e+00 1.058000000000000000e+03 9.500000000000000000e+01
1.060000000000000000e+02 2.500000000000000000e+01 1.000000000000000000e+00 1.098000000000000000e+03 1.290000000000000000e+02
8.700000000000000000e+01 1.900000000000000000e+01 2.000000000000000000e+00 1.112000000000000000e+03 1.070000000000000000e+02
1.090000000000000000e+02 3.500000000000000000e+01 3.000000000000000000e+00 1.149000000000000000e+03 1.470000000000000000e+02
8.600000000000000000e+01 2.500000000000000000e+01 0.000000000000000000e+00 1.056000000000000000e+03 1.080000000000000000e+02
9.600000000000000000e+01 3.100000000000000000e+01 0.000000000000000000e+00 1.122000000000000000e+03 1.250000000000000000e+02
9.600000000000000000e+01 1.800000000000000000e+01 2.000000000000000000e+00 1.086000000000000000e+03 1.140000000000000000e+02
8.400000000000000000e+01 2.200000000000000000e+01 1.000000000000000000e+00 1.125000000000000000e+03 1.040000000000000000e+02
9.100000000000000000e+01 3.100000000000000000e+01 2.000000000000000000e+00 1.088000000000000000e+03 1.220000000000000000e+02
9.600000000000000000e+01 2.400000000000000000e+01 2.000000000000000000e+00 1.131000000000000000e+03 1.200000000000000000e+02
1.050000000000000000e+02 2.700000000000000000e+01 5.000000000000000000e+00 1.123000000000000000e+03 1.360000000000000000e+02
9.400000000000000000e+01 3.100000000000000000e+01 3.000000000000000000e+00 1.094000000000000000e+03 1.270000000000000000e+02
1.000000000000000000e+02 3.100000000000000000e+01 3.000000000000000000e+00 1.083000000000000000e+03 1.330000000000000000e+02
1.030000000000000000e+02 2.600000000000000000e+01 2.000000000000000000e+00 9.870000000000000000e+02 1.280000000000000000e+02
9.500000000000000000e+01 2.400000000000000000e+01 2.000000000000000000e+00 1.058000000000000000e+03 1.170000000000000000e+02
9.700000000000000000e+01 3.200000000000000000e+01 2.000000000000000000e+00 1.193000000000000000e+03 1.310000000000000000e+02
1.110000000000000000e+02 3.400000000000000000e+01 1.000000000000000000e+00 1.127000000000000000e+03 1.450000000000000000e+02
1.000000000000000000e+02 3.300000000000000000e+01 4.000000000000000000e+00 1.098000000000000000e+03 1.360000000000000000e+02
9.900000000000000000e+01 2.900000000000000000e+01 3.000000000000000000e+00 1.139000000000000000e+03 1.310000000000000000e+02
1.180000000000000000e+02 2.900000000000000000e+01 1.000000000000000000e+00 1.226000000000000000e+03 1.460000000000000000e+02
9.500000000000000000e+01 3.000000000000000000e+01 2.000000000000000000e+00 1.023000000000000000e+03 1.250000000000000000e+02
9.100000000000000000e+01 3.300000000000000000e+01 2.000000000000000000e+00 1.092000000000000000e+03 1.230000000000000000e+02
1.020000000000000000e+02 2.800000000000000000e+01 1.000000000000000000e+00 1.133000000000000000e+03 1.270000000000000000e+02
1.030000000000000000e+02 4.100000000000000000e+01 4.000000000000000000e+00 1.282000000000000000e+03 1.470000000000000000e+02
8.800000000000000000e+01 3.500000000000000000e+01 1.000000000000000000e+00 9.680000000000000000e+02 1.230000000000000000e+02
8.300000000000000000e+01 2.800000000000000000e+01 2.000000000000000000e+00 7.220000000000000000e+02 1.110000000000000000e+02
1.170000000000000000e+02 2.900000000000000000e+01 3.000000000000000000e+00 1.138000000000000000e+03 1.480000000000000000e+02
9.200000000000000000e+01 2.900000000000000000e+01 2.000000000000000000e+00 9.700000000000000000e+02 1.230000000000000000e+02
9.300000000000000000e+01 3.000000000000000000e+01 1.000000000000000000e+00 1.084000000000000000e+03 1.240000000000000000e+02
9.600000000000000000e+01 3.600000000000000000e+01 0.000000000000000000e+00 1.094000000000000000e+03 1.310000000000000000e+02
1.060000000000000000e+02 3.800000000000000000e+01 4.000000000000000000e+00 1.101000000000000000e+03 1.440000000000000000e+02
1.230000000000000000e+02 2.000000000000000000e+01 2.000000000000000000e+00 1.105000000000000000e+03 1.450000000000000000e+02
8.100000000000000000e+01 3.000000000000000000e+01 2.000000000000000000e+00 1.047000000000000000e+03 1.110000000000000000e+02
9.300000000000000000e+01 2.900000000000000000e+01 2.000000000000000000e+00 1.152000000000000000e+03 1.200000000000000000e+02
7.900000000000000000e+01 1.900000000000000000e+01 0.000000000000000000e+00 8.660000000000000000e+02 9.700000000000000000e+01
9.700000000000000000e+01 2.200000000000000000e+01 1.000000000000000000e+00 1.023000000000000000e+03 1.170000000000000000e+02
8.400000000000000000e+01 2.900000000000000000e+01 0.000000000000000000e+00 1.018000000000000000e+03 1.120000000000000000e+02
8.800000000000000000e+01 3.100000000000000000e+01 2.000000000000000000e+00 1.059000000000000000e+03 1.200000000000000000e+02
1.010000000000000000e+02 3.300000000000000000e+01 1.000000000000000000e+00 1.226000000000000000e+03 1.310000000000000000e+02
8.400000000000000000e+01 2.300000000000000000e+01 2.000000000000000000e+00 1.056000000000000000e+03 1.080000000000000000e+02
8.400000000000000000e+01 3.400000000000000000e+01 3.000000000000000000e+00 1.094000000000000000e+03 1.200000000000000000e+02
1.030000000000000000e+02 2.800000000000000000e+01 0.000000000000000000e+00 9.870000000000000000e+02 1.290000000000000000e+02
9.500000000000000000e+01 2.900000000000000000e+01 1.000000000000000000e+00 1.051000000000000000e+03 1.240000000000000000e+02
1.120000000000000000e+02 3.000000000000000000e+01 2.000000000000000000e+00 1.112000000000000000e+03 1.410000000000000000e+02
1.040000000000000000e+02 1.500000000000000000e+01 3.000000000000000000e+00 1.083000000000000000e+03 1.220000000000000000e+02
1.130000000000000000e+02 3.600000000000000000e+01 1.000000000000000000e+00 9.620000000000000000e+02 1.490000000000000000e+02
9.400000000000000000e+01 3.200000000000000000e+01 3.000000000000000000e+00 1.075000000000000000e+03 1.270000000000000000e+02
1.170000000000000000e+02 3.000000000000000000e+01 1.000000000000000000e+00 1.109000000000000000e+03 1.450000000000000000e+02
9.300000000000000000e+01 2.400000000000000000e+01 3.000000000000000000e+00 8.760000000000000000e+02 1.170000000000000000e+02
9.000000000000000000e+01 2.700000000000000000e+01 0.000000000000000000e+00 8.900000000000000000e+02 1.150000000000000000e+02
1.150000000000000000e+02 1.800000000000000000e+01 1.000000000000000000e+00 1.080000000000000000e+03 1.290000000000000000e+02
9.400000000000000000e+01 2.400000000000000000e+01 2.000000000000000000e+00 1.125000000000000000e+03 1.200000000000000000e+02
1.120000000000000000e+02 2.700000000000000000e+01 0.000000000000000000e+00 1.162000000000000000e+03 1.360000000000000000e+02
9.200000000000000000e+01 3.100000000000000000e+01 1.000000000000000000e+00 9.840000000000000000e+02 1.220000000000000000e+02
9.600000000000000000e+01 3.900000000000000000e+01 5.000000000000000000e+00 1.126000000000000000e+03 1.360000000000000000e+02
8.900000000000000000e+01 3.900000000000000000e+01 7.000000000000000000e+00 1.032000000000000000e+03 1.330000000000000000e+02
8.900000000000000000e+01 2.600000000000000000e+01 0.000000000000000000e+00 1.072000000000000000e+03 1.150000000000000000e+02
9.300000000000000000e+01 2.000000000000000000e+01 5.000000000000000000e+00 1.115000000000000000e+03 1.160000000000000000e+02
1.100000000000000000e+02 3.100000000000000000e+01 1.000000000000000000e+00 1.071000000000000000e+03 1.400000000000000000e+02
8.900000000000000000e+01 2.700000000000000000e+01 1.000000000000000000e+00 1.135000000000000000e+03 1.140000000000000000e+02
1.020000000000000000e+02 1.800000000000000000e+01 2.000000000000000000e+00 1.063000000000000000e+03 1.190000000000000000e+02
8.900000000000000000e+01 2.300000000000000000e+01 3.000000000000000000e+00 1.063000000000000000e+03 1.140000000000000000e+02
8.800000000000000000e+01 2.200000000000000000e+01 1.000000000000000000e+00 8.900000000000000000e+02 1.100000000000000000e+02
1.110000000000000000e+02 3.100000000000000000e+01 2.000000000000000000e+00 1.086000000000000000e+03 1.420000000000000000e+02
9.900000000000000000e+01 3.600000000000000000e+01 2.000000000000000000e+00 1.140000000000000000e+03 1.360000000000000000e+02
1.210000000000000000e+02 3.400000000000000000e+01 0.000000000000000000e+00 1.127000000000000000e+03 1.540000000000000000e+02
9.600000000000000000e+01 2.700000000000000000e+01 3.000000000000000000e+00 1.041000000000000000e+03 1.250000000000000000e+02
9.000000000000000000e+01 2.700000000000000000e+01 2.000000000000000000e+00 1.056000000000000000e+03 1.160000000000000000e+02
9.900000000000000000e+01 2.800000000000000000e+01 1.000000000000000000e+00 1.047000000000000000e+03 1.250000000000000000e+02
7.200000000000000000e+01 3.300000000000000000e+01 4.000000000000000000e+00 8.930000000000000000e+02 1.080000000000000000e+02
9.200000000000000000e+01 3.200000000000000000e+01 1.000000000000000000e+00 9.920000000000000000e+02 1.210000000000000000e+02
9.100000000000000000e+01 3.100000000000000000e+01 0.000000000000000000e+00 1.018000000000000000e+03 1.220000000000000000e+02
9.400000000000000000e+01 4.100000000000000000e+01 1.000000000000000000e+00 1.041000000000000000e+03 1.340000000000000000e+02
1.010000000000000000e+02 3.300000000000000000e+01 4.000000000000000000e+00 1.039000000000000000e+03 1.370000000000000000e+02
1.070000000000000000e+02 2.600000000000000000e+01 1.000000000000000000e+00 1.141000000000000000e+03 1.340000000000000000e+02
1.220000000000000000e+02 3.500000000000000000e+01 1.000000000000000000e+00 1.275000000000000000e+03 1.580000000000000000e+02
1.070000000000000000e+02 2.800000000000000000e+01 0.000000000000000000e+00 1.087000000000000000e+03 1.340000000000000000e+02
8.500000000000000000e+01 2.900000000000000000e+01 2.000000000000000000e+00 9.600000000000000000e+02 1.150000000000000000e+02
8.300000000000000000e+01 3.000000000000000000e+01 4.000000000000000000e+00 1.070000000000000000e+03 1.160000000000000000e+02
8.600000000000000000e+01 3.500000000000000000e+01 1.000000000000000000e+00 1.139000000000000000e+03 1.200000000000000000e+02
9.900000000000000000e+01 3.200000000000000000e+01 0.000000000000000000e+00 1.098000000000000000e+03 1.300000000000000000e+02
9.900000000000000000e+01 2.700000000000000000e+01 2.000000000000000000e+00 9.620000000000000000e+02 1.270000000000000000e+02
7.300000000000000000e+01 2.200000000000000000e+01 0.000000000000000000e+00 1.089000000000000000e+03 9.400000000000000000e+01
9.000000000000000000e+01 1.900000000000000000e+01 2.000000000000000000e+00 1.068000000000000000e+03 1.070000000000000000e+02
8.700000000000000000e+01 2.800000000000000000e+01 3.000000000000000000e+00 8.780000000000000000e+02 1.160000000000000000e+02
1.060000000000000000e+02 3.200000000000000000e+01 2.000000000000000000e+00 1.042000000000000000e+03 1.370000000000000000e+02
9.900000000000000000e+01 3.200000000000000000e+01 0.000000000000000000e+00 9.820000000000000000e+02 1.310000000000000000e+02
1.010000000000000000e+02 2.400000000000000000e+01 3.000000000000000000e+00 7.420000000000000000e+02 1.270000000000000000e+02
8.700000000000000000e+01 1.500000000000000000e+01 2.000000000000000000e+00 1.046000000000000000e+03 1.030000000000000000e+02
9.400000000000000000e+01 3.300000000000000000e+01 2.000000000000000000e+00 1.099000000000000000e+03 1.280000000000000000e+02
9.900000000000000000e+01 2.900000000000000000e+01 2.000000000000000000e+00 1.036000000000000000e+03 1.270000000000000000e+02
9.700000000000000000e+01 2.700000000000000000e+01 0.000000000000000000e+00 9.450000000000000000e+02 1.230000000000000000e+02
8.500000000000000000e+01 2.400000000000000000e+01 3.000000000000000000e+00 1.049000000000000000e+03 1.110000000000000000e+02
9.800000000000000000e+01 2.100000000000000000e+01 0.000000000000000000e+00 9.050000000000000000e+02 1.170000000000000000e+02
1.130000000000000000e+02 3.000000000000000000e+01 1.000000000000000000e+00 1.122000000000000000e+03 1.420000000000000000e+02
9.600000000000000000e+01 3.200000000000000000e+01 0.000000000000000000e+00 1.100000000000000000e+03 1.270000000000000000e+02
8.000000000000000000e+01 1.900000000000000000e+01 4.000000000000000000e+00 9.830000000000000000e+02 1.030000000000000000e+02
8.600000000000000000e+01 2.000000000000000000e+01 2.000000000000000000e+00 1.092000000000000000e+03 1.060000000000000000e+02
9.100000000000000000e+01 2.700000000000000000e+01 0.000000000000000000e+00 1.046000000000000000e+03 1.170000000000000000e+02
9.000000000000000000e+01 3.300000000000000000e+01 1.000000000000000000e+00 1.017000000000000000e+03 1.230000000000000000e+02
7.700000000000000000e+01 2.500000000000000000e+01 2.000000000000000000e+00 9.380000000000000000e+02 1.040000000000000000e+02
9.700000000000000000e+01 2.900000000000000000e+01 4.000000000000000000e+00 1.086000000000000000e+03 1.270000000000000000e+02
8.700000000000000000e+01 3.400000000000000000e+01 3.000000000000000000e+00 1.065000000000000000e+03 1.220000000000000000e+02
9.000000000000000000e+01 2.800000000000000000e+01 1.000000000000000000e+00 1.056000000000000000e+03 1.170000000000000000e+02
1.100000000000000000e+02 3.100000000000000000e+01 3.000000000000000000e+00 9.500000000000000000e+02 1.430000000000000000e+02
7.500000000000000000e+01 3.300000000000000000e+01 2.000000000000000000e+00 9.160000000000000000e+02 1.090000000000000000e+02
1.090000000000000000e+02 2.300000000000000000e+01 1.000000000000000000e+00 1.073000000000000000e+03 1.260000000000000000e+02
1.000000000000000000e+02 3.300000000000000000e+01 1.000000000000000000e+00 1.152000000000000000e+03 1.310000000000000000e+02
1.000000000000000000e+02 2.700000000000000000e+01 0.000000000000000000e+00 1.124000000000000000e+03 1.240000000000000000e+02
9.100000000000000000e+01 2.900000000000000000e+01 5.000000000000000000e+00 1.052000000000000000e+03 1.240000000000000000e+02
9.000000000000000000e+01 3.000000000000000000e+01 1.000000000000000000e+00 1.162000000000000000e+03 1.190000000000000000e+02
1.110000000000000000e+02 2.700000000000000000e+01 1.000000000000000000e+00 1.200000000000000000e+03 1.370000000000000000e+02
1.090000000000000000e+02 3.200000000000000000e+01 0.000000000000000000e+00 1.174000000000000000e+03 1.370000000000000000e+02
7.900000000000000000e+01 2.700000000000000000e+01 0.000000000000000000e+00 9.380000000000000000e+02 1.060000000000000000e+02
9.600000000000000000e+01 2.300000000000000000e+01 0.000000000000000000e+00 1.153000000000000000e+03 1.190000000000000000e+02
6.400000000000000000e+01 3.200000000000000000e+01 1.000000000000000000e+00 1.132000000000000000e+03 9.500000000000000000e+01
8.400000000000000000e+01 3.100000000000000000e+01 3.000000000000000000e+00 1.185000000000000000e+03 1.170000000000000000e+02
1.040000000000000000e+02 2.600000000000000000e+01 1.000000000000000000e+00 1.095000000000000000e+03 1.290000000000000000e+02
8.100000000000000000e+01 2.100000000000000000e+01 5.000000000000000000e+00 1.090000000000000000e+03 1.040000000000000000e+02
