3.200000000000000000e+01 3.500000000000000000e+01 6.000000000000000000e+00 2.960000000000000000e+02 7.200000000000000000e+01
4.100000000000000000e+01 3.800000000000000000e+01 5.000000000000000000e+00 3.520000000000000000e+02 8.300000000000000000e+01
3.900000000000000000e+01 2.900000000000000000e+01 6.000000000000000000e+00 2.700000000000000000e+02 7.200000000000000000e+01
3.000000000000000000e+01 2.800000000000000000e+01 7.000000000000000000e+00 3.230000000000000000e+02 6.400000000000000000e+01
1.900000000000000000e+01 2.900000000000000000e+01 5.000000000000000000e+00 3.710000000000000000e+02 5.200000000000000000e+01
4.400000000000000000e+01 3.300000000000000000e+01 3.000000000000000000e+00 3.580000000000000000e+02 7.700000000000000000e+01
3.700000000000000000e+01 3.800000000000000000e+01 2.000000000000000000e+00 2.530000000000000000e+02 7.600000000000000000e+01
3.600000000000000000e+01 2.900000000000000000e+01 2.000000000000000000e+00 2.320000000000000000e+02 6.600000000000000000e+01
4.100000000000000000e+01 4.300000000000000000e+01 7.000000000000000000e+00 2.560000000000000000e+02 8.900000000000000000e+01
2.400000000000000000e+01 3.500000000000000000e+01 8.000000000000000000e+00 2.740000000000000000e+02 6.700000000000000000e+01
3.800000000000000000e+01 3.200000000000000000e+01 4.000000000000000000e+00 3.080000000000000000e+02 7.200000000000000000e+01
4.000000000000000000e+01 2.500000000000000000e+01 2.000000000000000000e+00 2.770000000000000000e+02 6.600000000000000000e+01
4.900000000000000000e+01 2.400000000000000000e+01 3.000000000000000000e+00 3.130000000000000000e+02 7.500000000000000000e+01
4.700000000000000000e+01 3.200000000000000000e+01 3.000000000000000000e+00 3.020000000000000000e+02 8.200000000000000000e+01
3.900000000000000000e+01 3.900000000000000000e+01 4.000000000000000000e+00 3.650000000000000000e+02 8.100000000000000000e+01
4.700000000000000000e+01 3.300000000000000000e+01 4.000000000000000000e+00 3.040000000000000000e+02 8.300000000000000000e+01
3.100000000000000000e+01 3.200000000000000000e+01 4.000000000000000000e+00 1.840000000000000000e+02 6.600000000000000000e+01
3.300000000000000000e+01 3.300000000000000000e+01 3.000000000000000000e+00 3.380000000000000000e+02 6.900000000000000000e+01
4.000000000000000000e+01 2.100000000000000000e+01 6.000000000000000000e+00 1.920000000000000000e+02 6.700000000000000000e+01
2.800000000000000000e+01 3.900000000000000000e+01 4.000000000000000000e+00 2.110000000000000000e+02 7.000000000000000000e+01
4.000000000000000000e+01 3.100000000000000000e+01 3.000000000000000000e+00 2.340000000000000000e+02 7.100000000000000000e+01
2.600000000000000000e+01 3.900000000000000000e+01 7.000000000000000000e+00 2.220000000000000000e+02 7.200000000000000000e+01
3.800000000000000000e+01 2.900000000000000000e+01 1.100000000000000000e+01 3.800000000000000000e+02 7.700000000000000000e+01
3.100000000000000000e+01 3.700000000000000000e+01 6.000000000000000000e+00 2.990000000000000000e+02 7.300000000000000000e+01
3.900000000000000000e+01 3.000000000000000000e+01 4.000000000000000000e+00 1.520000000000000000e+02 7.200000000000000000e+01
4.300000000000000000e+01 3.000000000000000000e+01 9.000000000000000000e+00 2.890000000000000000e+02 8.100000000000000000e+01
2.900000000000000000e+01 3.400000000000000000e+01 4.000000000000000000e+00 3.510000000000000000e+02 6.500000000000000000e+01
3.600000000000000000e+01 3.200000000000000000e+01 7.000000000000000000e+00 3.290000000000000000e+02 7.500000000000000000e+01
3.500000000000000000e+01 2.900000000000000000e+01 5.000000000000000000e+00 3.640000000000000000e+02 6.800000000000000000e+01
4.800000000000000000e+01 2.200000000000000000e+01 7.000000000000000000e+00 3.730000000000000000e+02 7.300000000000000000e+01
4.200000000000000000e+01 3.700000000000000000e+01 4.000000000000000000e+00 3.070000000000000000e+02 8.300000000000000000e+01
2.500000000000000000e+01 3.400000000000000000e+01 4.000000000000000000e+00 3.290000000000000000e+02 6.100000000000000000e+01
3.800000000000000000e+01 3.900000000000000000e+01 5.000000000000000000e+00 2.470000000000000000e+02 8.100000000000000000e+01
4.700000000000000000e+01 3.200000000000000000e+01 4.000000000000000000e+00 3.460000000000000000e+02 8.100000000000000000e+01
4.800000000000000000e+01 3.900000000000000000e+01 4.000000000000000000e+00 2.460000000000000000e+02 8.900000000000000000e+01
4.700000000000000000e+01 2.300000000000000000e+01 5.000000000000000000e+00 2.890000000000000000e+02 7.500000000000000000e+01
3.100000000000000000e+01 3.900000000000000000e+01 9.000000000000000000e+00 3.710000000000000000e+02 7.900000000000000000e+01
3.000000000000000000e+01 4.500000000000000000e+01 6.000000000000000000e+00 3.360000000000000000e+02 8.000000000000000000e+01
3.500000000000000000e+01 3.000000000000000000e+01 5.000000000000000000e+00 3.110000000000000000e+02 6.900000000000000000e+01
4.800000000000000000e+01 1.700000000000000000e+01 3.000000000000000000e+00 3.040000000000000000e+02 6.700000000000000000e+01
4.100000000000000000e+01 2.600000000000000000e+01 6.000000000000000000e+00 2.890000000000000000e+02 7.200000000000000000e+01
3.200000000000000000e+01 3.300000000000000000e+01 5.000000000000000000e+00 2.570000000000000000e+02 6.800000000000000000e+01
3.200000000000000000e+01 3.400000000000000000e+01 3.000000000000000000e+00 2.200000000000000000e+02 6.900000000000000000e+01
3.900000000000000000e+01 4.000000000000000000e+01 4.000000000000000000e+00 3.590000000000000000e+02 8.200000000000000000e+01
3.200000000000000000e+01 2.700000000000000000e+01 4.000000000000000000e+00 2.920000000000000000e+02 6.300000000000000000e+01
3.600000000000000000e+01 2.700000000000000000e+01 6.000000000000000000e+00 3.080000000000000000e+02 6.900000000000000000e+01
3.100000000000000000e+01 2.600000000000000000e+01 3.000000000000000000e+00 3.850000000000000000e+02 6.000000000000000000e+01
3.100000000000000000e+01 2.900000000000000000e+01 6.000000000000000000e+00 2.300000000000000000e+02 6.600000000000000000e+01
4.100000000000000000e+01 3.600000000000000000e+01 5.000000000000000000e+00 3.750000000000000000e+02 8.000000000000000000e+01
2.800000000000000000e+01 3.000000000000000000e+01 7.000000000000000000e+00 2.800000000000000000e+02 6.500000000000000000e+01
4.700000000000000000e+01 3.400000000000000000e+01 5.000000000000000000e+00 3.170000000000000000e+02 8.400000000000000000e+01
3.900000000000000000e+01 3.500000000000000000e+01 8.000000000000000000e+00 2.060000000000000000e+02 8.000000000000000000e+01
3.300000000000000000e+01 3.900000000000000000e+01 1.100000000000000000e+01 4.050000000000000000e+02 8.200000000000000000e+01
5.400000000000000000e+01 2.800000000000000000e+01 1.000000000000000000e+00 3.770000000000000000e+02 8.300000000000000000e+01
3.900000000000000000e+01 2.700000000000000000e+01 5.000000000000000000e+00 2.240000000000000000e+02 7.000000000000000000e+01
4.100000000000000000e+01 2.700000000000000000e+01 1.000000000000000000e+01 3.880000000000000000e+02 7.500000000000000000e+01
4.300000000000000000e+01 3.100000000000000000e+01 5.000000000000000000e+00 3.710000000000000000e+02 7.900000000000000000e+01
3.700000000000000000e+01 3.300000000000000000e+01 3.000000000000000000e+00 3.600000000000000000e+02 7.300000000000000000e+01
4.200000000000000000e+01 2.900000000000000000e+01 1.000000000000000000e+00 3.240000000000000000e+02 7.200000000000000000e+01
5.100000000000000000e+01 2.700000000000000000e+01 1.000000000000000000e+00 3.340000000000000000e+02 7.700000000000000000e+01
4.100000000000000000e+01 2.900000000000000000e+01 6.000000000000000000e+00 4.600000000000000000e+02 7.600000000000000000e+01
4.200000000000000000e+01 3.400000000000000000e+01 8.000000000000000000e+00 3.640000000000000000e+02 8.300000000000000000e+01
3.600000000000000000e+01 3.200000000000000000e+01 6.000000000000000000e+00 3.230000000000000000e+02 7.200000000000000000e+01
3.500000000000000000e+01 3.300000000000000000e+01 9.000000000000000000e+00 3.670000000000000000e+02 7.600000000000000000e+01
3.900000000000000000e+01 2.900000000000000000e+01 3.000000000000000000e+00 3.660000000000000000e+02 7.100000000000000000e+01
3.700000000000000000e+01 2.900000000000000000e+01 9.000000000000000000e+00 3.230000000000000000e+02 7.400000000000000000e+01
3.800000000000000000e+01 3.600000000000000000e+01 6.000000000000000000e+00 3.310000000000000000e+02 7.800000000000000000e+01
3.000000000000000000e+01 3.200000000000000000e+01 5.000000000000000000e+00 2.420000000000000000e+02 6.500000000000000000e+01
3.000000000000000000e+01 3.900000000000000000e+01 7.000000000000000000e+00 2.910000000000000000e+02 7.400000000000000000e+01
2.800000000000000000e+01 3.300000000000000000e+01 6.000000000000000000e+00 8.900000000000000000e+01 6.600000000000000000e+01
4.400000000000000000e+01 3.200000000000000000e+01 6.000000000000000000e+00 3.380000000000000000e+02 8.200000000000000000e+01
2.900000000000000000e+01 3.800000000000000000e+01 5.000000000000000000e+00 2.880000000000000000e+02 7.100000000000000000e+01
3.300000000000000000e+01 3.900000000000000000e+01 9.000000000000000000e+00 3.340000000000000000e+02 8.100000000000000000e+01
3.000000000000000000e+01 3.200000000000000000e+01 6.000000000000000000e+00 3.500000000000000000e+02 6.700000000000000000e+01
4.700000000000000000e+01 3.600000000000000000e+01 8.000000000000000000e+00 3.420000000000000000e+02 8.900000000000000000e+01
3.500000000000000000e+01 3.700000000000000000e+01 8.000000000000000000e+00 2.880000000000000000e+02 8.000000000000000000e+01
3.500000000000000000e+01 2.600000000000000000e+01 4.000000000000000000e+00 4.270000000000000000e+02 6.400000000000000000e+01
2.900000000000000000e+01 3.200000000000000000e+01 5.000000000000000000e+00 3.330000000000000000e+02 6.600000000000000000e+01
2.700000000000000000e+01 4.100000000000000000e+01 7.000000000000000000e+00 1.800000000000000000e+02 7.400000000000000000e+01
2.700000000000000000e+01 2.700000000000000000e+01 5.000000000000000000e+00 3.250000000000000000e+02 5.900000000000000000e+01
3.000000000000000000e+01 4.000000000000000000e+01 4.000000000000000000e+00 1.400000000000000000e+02 7.300000000000000000e+01
3.900000000000000000e+01 3.600000000000000000e+01 5.000000000000000000e+00 3.570000000000000000e+02 7.800000000000000000e+01
3.800000000000000000e+01 3.500000000000000000e+01 7.000000000000000000e+00 2.370000000000000000e+02 7.800000000000000000e+01
3.500000000000000000e+01 3.700000000000000000e+01 4.000000000000000000e+00 2.550000000000000000e+02 7.500000000000000000e+01
4.000000000000000000e+01 2.600000000000000000e+01 5.000000000000000000e+00 3.000000000000000000e+02 6.900000000000000000e+01
3.900000000000000000e+01 5.200000000000000000e+01 0.000000000000000000e+00 3.540000000000000000e+02 8.800000000000000000e+01
3.000000000000000000e+01 3.800000000000000000e+01 2.000000000000000000e+00 3.420000000000000000e+02 7.000000000000000000e+01
4.100000000000000000e+01 3.200000000000000000e+01 7.000000000000000000e+00 3.570000000000000000e+02 8.000000000000000000e+01
3.800000000000000000e+01 3.500000000000000000e+01 6.000000000000000000e+00 2.910000000000000000e+02 7.900000000000000000e+01
4.700000000000000000e+01 2.000000000000000000e+01 2.000000000000000000e+00 2.030000000000000000e+02 6.700000000000000000e+01
4.200000000000000000e+01 2.500000000000000000e+01 3.000000000000000000e+00 3.130000000000000000e+02 7.000000000000000000e+01
4.100000000000000000e+01 2.700000000000000000e+01 4.000000000000000000e+00 3.320000000000000000e+02 7.000000000000000000e+01
4.600000000000000000e+01 4.200000000000000000e+01 4.000000000000000000e+00 3.830000000000000000e+02 9.000000000000000000e+01
4.000000000000000000e+01 4.100000000000000000e+01 6.000000000000000000e+00 2.770000000000000000e+02 8.700000000000000000e+01
3.500000000000000000e+01 3.200000000000000000e+01 9.000000000000000000e+00 3.680000000000000000e+02 7.400000000000000000e+01
3.200000000000000000e+01 3.700000000000000000e+01 5.000000000000000000e+00 2.940000000000000000e+02 7.400000000000000000e+01
4.600000000000000000e+01 3.400000000000000000e+01 5.000000000000000000e+00 3.800000000000000000e+02 8.400000000000000000e+01
4.900000000000000000e+01 3.200000000000000000e+01 7.000000000000000000e+00 4.010000000000000000e+02 8.800000000000000000e+01
3.400000000000000000e+01 3.300000000000000000e+01 8.000000000000000000e+00 3.040000000000000000e+02 7.400000000000000000e+01
4.600000000000000000e+01 3.800000000000000000e+01 5.000000000000000000e+00 2.910000000000000000e+02 8.700000000000000000e+01
3.800000000000000000e+01 2.200000000000000000e+01 5.000000000000000000e+00 3.230000000000000000e+02 6.200000000000000000e+01
2.700000000000000000e+01 2.900000000000000000e+01 6.000000000000000000e+00 3.570000000000000000e+02 6.200000000000000000e+01
4.000000000000000000e+01 3.300000000000000000e+01 5.000000000000000000e+00 3.840000000000000000e+02 7.700000000000000000e+01
4.200000000000000000e+01 3.300000000000000000e+01 5.000000000000000000e+00 4.350000000000000000e+02 8.000000000000000000e+01
1.800000000000000000e+01 4.000000000000000000e+01 1.100000000000000000e+01 3.610000000000000000e+02 6.700000000000000000e+01
2.900000000000000000e+01 3.100000000000000000e+01 5.000000000000000000e+00 2.660000000000000000e+02 6.500000000000000000e+01
3.300000000000000000e+01 4.100000000000000000e+01 6.000000000000000000e+00 1.570000000000000000e+02 7.800000000000000000e+01
3.400000000000000000e+01 4.100000000000000000e+01 2.000000000000000000e+00 3.160000000000000000e+02 7.600000000000000000e+01
3.700000000000000000e+01 2.800000000000000000e+01 7.000000000000000000e+00 2.950000000000000000e+02 7.000000000000000000e+01
3.700000000000000000e+01 3.900000000000000000e+01 3.000000000000000000e+00 2.360000000000000000e+02 7.800000000000000000e+01
3.700000000000000000e+01 2.900000000000000000e+01 7.000000000000000000e+00 2.520000000000000000e+02 7.200000000000000000e+01
3.000000000000000000e+01 2.900000000000000000e+01 1.000000000000000000e+00 2.700000000000000000e+02 5.800000000000000000e+01
3.600000000000000000e+01 4.100000000000000000e+01 1.000000000000000000e+01 2.910000000000000000e+02 8.600000000000000000e+01
2.900000000000000000e+01 4.000000000000000000e+01 7.000000000000000000e+00 2.410000000000000000e+02 7.600000000000000000e+01
4.600000000000000000e+01 3.100000000000000000e+01 4.000000000000000000e+00 3.730000000000000000e+02 7.900000000000000000e+01
3.100000000000000000e+01 3.500000000000000000e+01 1.300000000000000000e+01 2.880000000000000000e+02 7.800000000000000000e+01
4.100000000000000000e+01 2.900000000000000000e+01 3.000000000000000000e+00 3.340000000000000000e+02 7.200000000000000000e+01
3.300000000000000000e+01 3.800000000000000000e+01 1.200000000000000000e+01 3.230000000000000000e+02 7.900000000000000000e+01
2.800000000000000000e+01 3.100000000000000000e+01 6.000000000000000000e+00 2.600000000000000000e+02 6.500000000000000000e+01
2.100000000000000000e+01 4.100000000000000000e+01 1.100000000000000000e+01 3.630000000000000000e+02 7.300000000000000000e+01
3.200000000000000000e+01 3.000000000000000000e+01 9.000000000000000000e+00 2.300000000000000000e+02 6.900000000000000000e+01
3.900000000000000000e+01 2.500000000000000000e+01 3.000000000000000000e+00 3.220000000000000000e+02 6.500000000000000000e+01
4.500000000000000000e+01 3.200000000000000000e+01 4.000000000000000000e+00 1.900000000000000000e+02 7.900000000000000000e+01
5.300000000000000000e+01 3.000000000000000000e+01 1.000000000000000000e+00 2.920000000000000000e+02 8.100000000000000000e+01
4.800000000000000000e+01 2.800000000000000000e+01 2.000000000000000000e+00 3.110000000000000000e+02 7.800000000000000000e+01
3.500000000000000000e+01 3.000000000000000000e+01 7.000000000000000000e+00 3.050000000000000000e+02 7.200000000000000000e+01
5.300000000000000000e+01 2.500000000000000000e+01 5.000000000000000000e+00 2.860000000000000000e+02 7.800000000000000000e+01
3.200000000000000000e+01 2.900000000000000000e+01 7.000000000000000000e+00 4.110000000000000000e+02 6.700000000000000000e+01
2.300000000000000000e+01 3.500000000000000000e+01 2.000000000000000000e+00 3.230000000000000000e+02 5.800000000000000000e+01
4.700000000000000000e+01 2.800000000000000000e+01 5.000000000000000000e+00 3.960000000000000000e+02 7.800000000000000000e+01
4.700000000000000000e+01 2.500000000000000000e+01 3.000000000000000000e+00 3.550000000000000000e+02 7.500000000000000000e+01
4.400000000000000000e+01 3.400000000000000000e+01 3.000000000000000000e+00 2.770000000000000000e+02 8.000000000000000000e+01
3.500000000000000000e+01 4.100000000000000000e+01 9.000000000000000000e+00 3.110000000000000000e+02 8.300000000000000000e+01
4.300000000000000000e+01 3.800000000000000000e+01 5.000000000000000000e+00 3.610000000000000000e+02 8.600000000000000000e+01
3.900000000000000000e+01 2.700000000000000000e+01 4.000000000000000000e+00 3.000000000000000000e+02 6.800000000000000000e+01
3.200000000000000000e+01 4.400000000000000000e+01 4.000000000000000000e+00 2.900000000000000000e+02 8.000000000000000000e+01
3.500000000000000000e+01 3.300000000000000000e+01 4.000000000000000000e+00 3.520000000000000000e+02 7.200000000000000000e+01
3.500000000000000000e+01 3.400000000000000000e+01 4.000000000000000000e+00 2.430000000000000000e+02 7.300000000000000000e+01
4.100000000000000000e+01 3.100000000000000000e+01 8.000000000000000000e+00 2.930000000000000000e+02 7.700000000000000000e+01
3.300000000000000000e+01 3.100000000000000000e+01 4.000000000000000000e+00 3.720000000000000000e+02 6.700000000000000000e+01
4.200000000000000000e+01 2.700000000000000000e+01 1.000000000000000000e+00 2.490000000000000000e+02 7.000000000000000000e+01
4.900000000000000000e+01 3.000000000000000000e+01 8.000000000000000000e+00 4.490000000000000000e+02 8.500000000000000000e+01
4.400000000000000000e+01 2.800000000000000000e+01 6.000000000000000000e+00 3.190000000000000000e+02 7.500000000000000000e+01
3.500000000000000000e+01 2.800000000000000000e+01 3.000000000000000000e+00 1.640000000000000000e+02 6.500000000000000000e+01
2.800000000000000000e+01 2.800000000000000000e+01 2.000000000000000000e+00 2.520000000000000000e+02 5.600000000000000000e+01
3.000000000000000000e+01 4.300000000000000000e+01 8.000000000000000000e+00 3.140000000000000000e+02 7.900000000000000000e+01
3.900000000000000000e+01 4.700000000000000000e+01 6.000000000000000000e+00 2.880000000000000000e+02 9.200000000000000000e+01
2.900000000000000000e+01 3.800000000000000000e+01 6.000000000000000000e+00 2.440000000000000000e+02 7.300000000000000000e+01
3.000000000000000000e+01 2.700000000000000000e+01 6.000000000000000000e+00 3.330000000000000000e+02 6.200000000000000000e+01
2.800000000000000000e+01 3.800000000000000000e+01 8.000000000000000000e+00 4.010000000000000000e+02 7.400000000000000000e+01
3.300000000000000000e+01 4.200000000000000000e+01 5.000000000000000000e+00 1.780000000000000000e+02 7.800000000000000000e+01
4.100000000000000000e+01 3.500000000000000000e+01 7.000000000000000000e+00 3.780000000000000000e+02 8.200000000000000000e+01
3.600000000000000000e+01 2.800000000000000000e+01 4.000000000000000000e+00 3.370000000000000000e+02 6.700000000000000000e+01
3.400000000000000000e+01 4.000000000000000000e+01 5.000000000000000000e+00 3.350000000000000000e+02 7.800000000000000000e+01
4.100000000000000000e+01 3.700000000000000000e+01 5.000000000000000000e+00 3.680000000000000000e+02 8.300000000000000000e+01
3.200000000000000000e+01 3.000000000000000000e+01 3.000000000000000000e+00 3.310000000000000000e+02 6.300000000000000000e+01
3.300000000000000000e+01 2.900000000000000000e+01 8.000000000000000000e+00 2.820000000000000000e+02 6.700000000000000000e+01
4.800000000000000000e+01 4.000000000000000000e+01 5.000000000000000000e+00 3.950000000000000000e+02 9.200000000000000000e+01
4.700000000000000000e+01 3.300000000000000000e+01 7.000000000000000000e+00 3.460000000000000000e+02 8.500000000000000000e+01
4.300000000000000000e+01 3.700000000000000000e+01 4.000000000000000000e+00 4.160000000000000000e+02 8.300000000000000000e+01
4.200000000000000000e+01 3.600000000000000000e+01 6.000000000000000000e+00 3.820000000000000000e+02 8.100000000000000000e+01
3.400000000000000000e+01 3.700000000000000000e+01 4.000000000000000000e+00 3.480000000000000000e+02 7.300000000000000000e+01
4.300000000000000000e+01 3.200000000000000000e+01 2.000000000000000000e+00 3.280000000000000000e+02 7.400000000000000000e+01
3.300000000000000000e+01 3.400000000000000000e+01 6.000000000000000000e+00 3.320000000000000000e+02 7.100000000000000000e+01
4.000000000000000000e+01 3.000000000000000000e+01 2.000000000000000000e+00 3.180000000000000000e+02 6.900000000000000000e+01
3.300000000000000000e+01 4.300000000000000000e+01 1.000000000000000000e+01 3.290000000000000000e+02 8.400000000000000000e+01
2.300000000000000000e+01 3.700000000000000000e+01 9.000000000000000000e+00 3.040000000000000000e+02 6.700000000000000000e+01
3.500000000000000000e+01 3.100000000000000000e+01 3.000000000000000000e+00 3.040000000000000000e+02 6.900000000000000000e+01
4.800000000000000000e+01 3.400000000000000000e+01 8.000000000000000000e+00 3.040000000000000000e+02 9.000000000000000000e+01
3.400000000000000000e+01 3.800000000000000000e+01 4.000000000000000000e+00 3.800000000000000000e+02 7.500000000000000000e+01
4.200000000000000000e+01 2.600000000000000000e+01 4.000000000000000000e+00 3.440000000000000000e+02 7.100000000000000000e+01
3.100000000000000000e+01 4.200000000000000000e+01 1.000000000000000000e+01 2.570000000000000000e+02 8.300000000000000000e+01
3.900000000000000000e+01 2.900000000000000000e+01 6.000000000000000000e+00 3.510000000000000000e+02 7.200000000000000000e+01
5.300000000000000000e+01 2.700000000000000000e+01 2.000000000000000000e+00 2.570000000000000000e+02 8.100000000000000000e+01
5.000000000000000000e+01 3.500000000000000000e+01 4.000000000000000000e+00 2.770000000000000000e+02 8.800000000000000000e+01
3.000000000000000000e+01 2.900000000000000000e+01 2.000000000000000000e+00 2.850000000000000000e+02 6.100000000000000000e+01
3.500000000000000000e+01 5.000000000000000000e+01 6.000000000000000000e+00 4.000000000000000000e+02 9.000000000000000000e+01
3.400000000000000000e+01 3.500000000000000000e+01 5.000000000000000000e+00 3.550000000000000000e+02 7.200000000000000000e+01
4.900000000000000000e+01 3.700000000000000000e+01 2.000000000000000000e+00 4.710000000000000000e+02 8.600000000000000000e+01
3.700000000000000000e+01 2.900000000000000000e+01 4.000000000000000000e+00 2.230000000000000000e+02 7.000000000000000000e+01
2.500000000000000000e+01 2.800000000000000000e+01 7.000000000000000000e+00 3.780000000000000000e+02 5.800000000000000000e+01
2.400000000000000000e+01 3.100000000000000000e+01 8.000000000000000000e+00 3.430000000000000000e+02 6.200000000000000000e+01
4.900000000000000000e+01 3.500000000000000000e+01 3.000000000000000000e+00 3.360000000000000000e+02 8.300000000000000000e+01
4.300000000000000000e+01 2.700000000000000000e+01 5.000000000000000000e+00 3.650000000000000000e+02 7.300000000000000000e+01
3.600000000000000000e+01 2.700000000000000000e+01 5.000000000000000000e+00 4.070000000000000000e+02 6.700000000000000000e+01
4.400000000000000000e+01 2.900000000000000000e+01 5.000000000000000000e+00 2.440000000000000000e+02 7.700000000000000000e+01
2.700000000000000000e+01 3.500000000000000000e+01 9.000000000000000000e+00 2.420000000000000000e+02 7.000000000000000000e+01
4.700000000000000000e+01 3.500000000000000000e+01 4.000000000000000000e+00 3.230000000000000000e+02 8.400000000000000000e+01
4.000000000000000000e+01 3.100000000000000000e+01 6.000000000000000000e+00 3.210000000000000000e+02 7.700000000000000000e+01
3.100000000000000000e+01 2.800000000000000000e+01 6.000000000000000000e+00 3.330000000000000000e+02 6.300000000000000000e+01
3.500000000000000000e+01 3.600000000000000000e+01 5.000000000000000000e+00 3.300000000000000000e+02 7.300000000000000000e+01
3.600000000000000000e+01 3.800000000000000000e+01 2.000000000000000000e+00 4.180000000000000000e+02 7.600000000000000000e+01
3.700000000000000000e+01 3.400000000000000000e+01 4.000000000000000000e+00 3.620000000000000000e+02 7.300000000000000000e+01
3.900000000000000000e+01 3.200000000000000000e+01 4.000000000000000000e+00 3.850000000000000000e+02 7.200000000000000000e+01
3.200000000000000000e+01 3.200000000000000000e+01 5.000000000000000000e+00 2.660000000000000000e+02 6.900000000000000000e+01
3.800000000000000000e+01 2.500000000000000000e+01 8.000000000000000000e+00 2.880000000000000000e+02 6.900000000000000000e+01
4.900000000000000000e+01 3.200000000000000000e+01 5.000000000000000000e+00 4.210000000000000000e+02 8.600000000000000000e+01
4.500000000000000000e+01 3.100000000000000000e+01 5.000000000000000000e+00 3.500000000000000000e+02 8.000000000000000000e+01
3.700000000000000000e+01 3.900000000000000000e+01 1.000000000000000000e+01 2.580000000000000000e+02 8.600000000000000000e+01
2.400000000000000000e+01 3.100000000000000000e+01 6.000000000000000000e+00 2.850000000000000000e+02 6.000000000000000000e+01
3.800000000000000000e+01 3.200000000000000000e+01 2.000000000000000000e+00 2.780000000000000000e+02 6.900000000000000000e+01
4.800000000000000000e+01 3.200000000000000000e+01 6.000000000000000000e+00 2.980000000000000000e+02 8.400000000000000000e+01
3.900000000000000000e+01 3.900000000000000000e+01 6.000000000000000000e+00 3.520000000000000000e+02 8.400000000000000000e+01
2.900000000000000000e+01 2.800000000000000000e+01 6.000000000000000000e+00 3.280000000000000000e+02 6.200000000000000000e+01
3.100000000000000000e+01 3.500000000000000000e+01 6.000000000000000000e+00 4.070000000000000000e+02 7.200000000000000000e+01
3.800000000000000000e+01 3.100000000000000000e+01 6.000000000000000000e+00 2.970000000000000000e+02 7.000000000000000000e+01
3.900000000000000000e+01 3.100000000000000000e+01 2.000000000000000000e+00 2.880000000000000000e+02 7.100000000000000000e+01
3.100000000000000000e+01 4.600000000000000000e+01 1.000000000000000000e+01 3.050000000000000000e+02 8.400000000000000000e+01
2.900000000000000000e+01 4.000000000000000000e+01 7.000000000000000000e+00 3.030000000000000000e+02 7.500000000000000000e+01
4.500000000000000000e+01 3.200000000000000000e+01 6.000000000000000000e+00 3.080000000000000000e+02 8.000000000000000000e+01
4.400000000000000000e+01 2.900000000000000000e+01 4.000000000000000000e+00 3.310000000000000000e+02 7.700000000000000000e+01
2.100000000000000000e+01 3.000000000000000000e+01 6.000000000000000000e+00 2.780000000000000000e+02 5.700000000000000000e+01
3.300000000000000000e+01 2.900000000000000000e+01 4.000000000000000000e+00 3.200000000000000000e+02 6.500000000000000000e+01
3.200000000000000000e+01 2.500000000000000000e+01 7.000000000000000000e+00 3.390000000000000000e+02 6.300000000000000000e+01
4.200000000000000000e+01 3.300000000000000000e+01 2.000000000000000000e+00 3.320000000000000000e+02 7.500000000000000000e+01
5.300000000000000000e+01 2.600000000000000000e+01 6.000000000000000000e+00 3.750000000000000000e+02 8.400000000000000000e+01
3.900000000000000000e+01 3.100000000000000000e+01 6.000000000000000000e+00 3.520000000000000000e+02 7.400000000000000000e+01
3.500000000000000000e+01 4.000000000000000000e+01 9.000000000000000000e+00 3.980000000000000000e+02 8.300000000000000000e+01
2.800000000000000000e+01 3.500000000000000000e+01 1.000000000000000000e+01 2.740000000000000000e+02 7.100000000000000000e+01
4.000000000000000000e+01 3.500000000000000000e+01 9.000000000000000000e+00 2.380000000000000000e+02 8.200000000000000000e+01
2.700000000000000000e+01 3.900000000000000000e+01 7.000000000000000000e+00 1.730000000000000000e+02 7.200000000000000000e+01
4.100000000000000000e+01 3.800000000000000000e+01 6.000000000000000000e+00 3.650000000000000000e+02 8.200000000000000000e+01
5.800000000000000000e+01 2.200000000000000000e+01 4.000000000000000000e+00 3.530000000000000000e+02 8.200000000000000000e+01
4.300000000000000000e+01 2.300000000000000000e+01 5.000000000000000000e+00 3.290000000000000000e+02 6.800000000000000000e+01
4.100000000000000000e+01 3.200000000000000000e+01 4.000000000000000000e+00 3.170000000000000000e+02 7.600000000000000000e+01
4.000000000000000000e+01 3.500000000000000000e+01 4.000000000000000000e+00 3.370000000000000000e+02 7.800000000000000000e+01
3.300000000000000000e+01 3.400000000000000000e+01 4.000000000000000000e+00 3.690000000000000000e+02 7.100000000000000000e+01
5.900000000000000000e+01 2.800000000000000000e+01 0.000000000000000000e+00 3.650000000000000000e+02 8.600000000000000000e+01
4.200000000000000000e+01 3.200000000000000000e+01 3.000000000000000000e+00 2.050000000000000000e+02 7.700000000000000000e+01
3.000000000000000000e+01 3.600000000000000000e+01 5.000000000000000000e+00 3.790000000000000000e+02 7.000000000000000000e+01
3.500000000000000000e+01 3.400000000000000000e+01 9.000000000000000000e+00 2.520000000000000000e+02 7.800000000000000000e+01
3.900000000000000000e+01 3.100000000000000000e+01 4.000000000000000000e+00 2.330000000000000000e+02 7.200000000000000000e+01
3.900000000000000000e+01 3.600000000000000000e+01 6.000000000000000000e+00 3.450000000000000000e+02 8.000000000000000000e+01
3.400000000000000000e+01 2.600000000000000000e+01 5.000000000000000000e+00 3.030000000000000000e+02 6.500000000000000000e+01
3.000000000000000000e+01 3.800000000000000000e+01 9.000000000000000000e+00 3.650000000000000000e+02 7.700000000000000000e+01
4.400000000000000000e+01 3.200000000000000000e+01 4.000000000000000000e+00 3.260000000000000000e+02 7.800000000000000000e+01
4.700000000000000000e+01 2.200000000000000000e+01 4.000000000000000000e+00 3.400000000000000000e+02 7.000000000000000000e+01
4.200000000000000000e+01 3.300000000000000000e+01 4.000000000000000000e+00 2.670000000000000000e+02 7.900000000000000000e+01
4.000000000000000000e+01 2.600000000000000000e+01 1.300000000000000000e+01 2.070000000000000000e+02 7.900000000000000000e+01
4.500000000000000000e+01 3.600000000000000000e+01 4.000000000000000000e+00 2.890000000000000000e+02 8.200000000000000000e+01
3.900000000000000000e+01 3.000000000000000000e+01 2.000000000000000000e+00 4.020000000000000000e+02 7.000000000000000000e+01
3.500000000000000000e+01 3.800000000000000000e+01 6.000000000000000000e+00 2.840000000000000000e+02 7.800000000000000000e+01
3.200000000000000000e+01 3.500000000000000000e+01 4.000000000000000000e+00 3.130000000000000000e+02 6.700000000000000000e+01
2.900000000000000000e+01 2.700000000000000000e+01 2.000000000000000000e+00 2.440000000000000000e+02 5.700000000000000000e+01
3.900000000000000000e+01 3.300000000000000000e+01 7.000000000000000000e+00 2.930000000000000000e+02 7.900000000000000000e+01
4.000000000000000000e+01 2.900000000000000000e+01 5.000000000000000000e+00 1.600000000000000000e+02 7.300000000000000000e+01
4.500000000000000000e+01 3.100000000000000000e+01 4.000000000000000000e+00 2.420000000000000000e+02 7.800000000000000000e+01
3.700000000000000000e+01 3.600000000000000000e+01 4.000000000000000000e+00 3.090000000000000000e+02 7.600000000000000000e+01
3.800000000000000000e+01 3.600000000000000000e+01 3.000000000000000000e+00 4.280000000000000000e+02 7.400000000000000000e+01
4.400000000000000000e+01 2.800000000000000000e+01 4.000000000000000000e+00 3.940000000000000000e+02 7.600000000000000000e+01
