2.689000000000000000e+03 1.321000000000000000e+03 2.340000000000000000e+02 1.635900000000000000e+04 1.792000000000000000e+03
2.642000000000000000e+03 1.339000000000000000e+03 2.450000000000000000e+02 1.563300000000000000e+04 2.047000000000000000e+03
2.723000000000000000e+03 1.434000000000000000e+03 2.510000000000000000e+02 1.543900000000000000e+04 2.101000000000000000e+03
2.615000000000000000e+03 1.306000000000000000e+03 2.520000000000000000e+02 1.639000000000000000e+04 1.955000000000000000e+03
2.958000000000000000e+03 1.286000000000000000e+03 2.190000000000000000e+02 1.755800000000000000e+04 1.646000000000000000e+03
3.168000000000000000e+03 1.344000000000000000e+03 2.580000000000000000e+02 1.771900000000000000e+04 1.938000000000000000e+03
2.919000000000000000e+03 1.311000000000000000e+03 2.160000000000000000e+02 1.784500000000000000e+04 1.769000000000000000e+03
2.949000000000000000e+03 1.394000000000000000e+03 2.810000000000000000e+02 1.680700000000000000e+04 1.971000000000000000e+03
2.564000000000000000e+03 1.361000000000000000e+03 2.500000000000000000e+02 1.550800000000000000e+04 2.057000000000000000e+03
2.865000000000000000e+03 1.371000000000000000e+03 2.260000000000000000e+02 1.734900000000000000e+04 1.771000000000000000e+03
3.097000000000000000e+03 1.271000000000000000e+03 2.340000000000000000e+02 1.907100000000000000e+04 1.738000000000000000e+03
3.284000000000000000e+03 1.352000000000000000e+03 2.340000000000000000e+02 1.921200000000000000e+04 1.746000000000000000e+03
2.970000000000000000e+03 1.308000000000000000e+03 2.210000000000000000e+02 1.777400000000000000e+04 1.745000000000000000e+03
2.786000000000000000e+03 1.235000000000000000e+03 2.600000000000000000e+02 1.725200000000000000e+04 1.811000000000000000e+03
3.087000000000000000e+03 1.290000000000000000e+03 1.980000000000000000e+02 1.850800000000000000e+04 1.677000000000000000e+03
3.021000000000000000e+03 1.369000000000000000e+03 2.430000000000000000e+02 1.760400000000000000e+04 1.759000000000000000e+03
3.085000000000000000e+03 1.383000000000000000e+03 2.600000000000000000e+02 1.706400000000000000e+04 1.983000000000000000e+03
3.155000000000000000e+03 1.369000000000000000e+03 2.530000000000000000e+02 1.789700000000000000e+04 1.848000000000000000e+03
2.968000000000000000e+03 1.258000000000000000e+03 2.400000000000000000e+02 1.767300000000000000e+04 1.781000000000000000e+03
2.847000000000000000e+03 1.304000000000000000e+03 2.600000000000000000e+02 1.770200000000000000e+04 1.820000000000000000e+03
3.066000000000000000e+03 1.245000000000000000e+03 2.230000000000000000e+02 1.912000000000000000e+04 1.638000000000000000e+03
2.933000000000000000e+03 1.271000000000000000e+03 2.350000000000000000e+02 1.776200000000000000e+04 1.730000000000000000e+03
2.775000000000000000e+03 1.304000000000000000e+03 2.560000000000000000e+02 1.665300000000000000e+04 1.755000000000000000e+03
2.946000000000000000e+03 1.212000000000000000e+03 2.110000000000000000e+02 1.743000000000000000e+04 1.647000000000000000e+03
2.950000000000000000e+03 1.409000000000000000e+03 2.630000000000000000e+02 1.692200000000000000e+04 1.989000000000000000e+03
2.665000000000000000e+03 1.245000000000000000e+03 1.930000000000000000e+02 1.650100000000000000e+04 1.749000000000000000e+03
3.151000000000000000e+03 1.278000000000000000e+03 2.070000000000000000e+02 1.935200000000000000e+04 1.703000000000000000e+03
3.116000000000000000e+03 1.346000000000000000e+03 2.510000000000000000e+02 1.749900000000000000e+04 1.824000000000000000e+03
2.452000000000000000e+03 1.269000000000000000e+03 2.610000000000000000e+02 1.274900000000000000e+04 2.122000000000000000e+03
3.119000000000000000e+03 1.334000000000000000e+03 2.590000000000000000e+02 1.825100000000000000e+04 1.728000000000000000e+03
3.014000000000000000e+03 1.363000000000000000e+03 2.240000000000000000e+02 1.837500000000000000e+04 1.763000000000000000e+03
2.641000000000000000e+03 1.366000000000000000e+03 2.720000000000000000e+02 1.547300000000000000e+04 2.094000000000000000e+03
2.647000000000000000e+03 1.326000000000000000e+03 2.530000000000000000e+02 1.654600000000000000e+04 1.916000000000000000e+03
2.812000000000000000e+03 1.358000000000000000e+03 2.660000000000000000e+02 1.764200000000000000e+04 1.878000000000000000e+03
2.756000000000000000e+03 1.395000000000000000e+03 2.520000000000000000e+02 1.685200000000000000e+04 1.869000000000000000e+03
2.925000000000000000e+03 1.334000000000000000e+03 2.320000000000000000e+02 1.747400000000000000e+04 1.855000000000000000e+03
2.897000000000000000e+03 1.282000000000000000e+03 2.340000000000000000e+02 1.828800000000000000e+04 1.699000000000000000e+03
2.790000000000000000e+03 1.373000000000000000e+03 2.500000000000000000e+02 1.803100000000000000e+04 1.710000000000000000e+03
2.826000000000000000e+03 1.289000000000000000e+03 2.460000000000000000e+02 1.778800000000000000e+04 1.821000000000000000e+03
2.507000000000000000e+03 1.328000000000000000e+03 2.730000000000000000e+02 1.260300000000000000e+04 2.118000000000000000e+03
2.868000000000000000e+03 1.358000000000000000e+03 2.520000000000000000e+02 1.765800000000000000e+04 1.798000000000000000e+03
2.850000000000000000e+03 1.427000000000000000e+03 2.440000000000000000e+02 1.768200000000000000e+04 1.833000000000000000e+03
2.721000000000000000e+03 1.367000000000000000e+03 2.580000000000000000e+02 1.529700000000000000e+04 2.076000000000000000e+03
2.910000000000000000e+03 1.266000000000000000e+03 2.310000000000000000e+02 1.856800000000000000e+04 1.680000000000000000e+03
2.818000000000000000e+03 1.331000000000000000e+03 2.590000000000000000e+02 1.542500000000000000e+04 2.066000000000000000e+03
2.875000000000000000e+03 1.516000000000000000e+03 2.560000000000000000e+02 1.604400000000000000e+04 2.128000000000000000e+03
3.070000000000000000e+03 1.411000000000000000e+03 2.300000000000000000e+02 1.813800000000000000e+04 1.782000000000000000e+03
2.760000000000000000e+03 1.388000000000000000e+03 2.430000000000000000e+02 1.688800000000000000e+04 1.870000000000000000e+03
2.642000000000000000e+03 1.342000000000000000e+03 2.540000000000000000e+02 1.542700000000000000e+04 1.903000000000000000e+03
2.882000000000000000e+03 1.393000000000000000e+03 2.700000000000000000e+02 1.716100000000000000e+04 1.987000000000000000e+03
2.986000000000000000e+03 1.329000000000000000e+03 2.210000000000000000e+02 1.784500000000000000e+04 1.787000000000000000e+03
2.582000000000000000e+03 1.219000000000000000e+03 2.470000000000000000e+02 1.681500000000000000e+04 1.815000000000000000e+03
2.685000000000000000e+03 1.387000000000000000e+03 2.850000000000000000e+02 1.627500000000000000e+04 2.067000000000000000e+03
2.813000000000000000e+03 1.279000000000000000e+03 2.080000000000000000e+02 1.783900000000000000e+04 1.698000000000000000e+03
2.332000000000000000e+03 1.285000000000000000e+03 2.450000000000000000e+02 1.397400000000000000e+04 2.050000000000000000e+03
2.733000000000000000e+03 1.399000000000000000e+03 2.910000000000000000e+02 1.609900000000000000e+04 1.998000000000000000e+03
2.560000000000000000e+03 1.373000000000000000e+03 2.260000000000000000e+02 1.682400000000000000e+04 1.854000000000000000e+03
3.040000000000000000e+03 1.241000000000000000e+03 2.270000000000000000e+02 1.907000000000000000e+04 1.645000000000000000e+03
2.880000000000000000e+03 1.301000000000000000e+03 2.400000000000000000e+02 1.721300000000000000e+04 1.679000000000000000e+03
2.931000000000000000e+03 1.350000000000000000e+03 2.290000000000000000e+02 1.781100000000000000e+04 1.807000000000000000e+03
2.923000000000000000e+03 1.310000000000000000e+03 2.660000000000000000e+02 1.821200000000000000e+04 1.742000000000000000e+03
3.118000000000000000e+03 1.318000000000000000e+03 2.230000000000000000e+02 1.819300000000000000e+04 1.859000000000000000e+03
3.059000000000000000e+03 1.358000000000000000e+03 2.410000000000000000e+02 1.852800000000000000e+04 1.717000000000000000e+03
3.235000000000000000e+03 1.320000000000000000e+03 2.190000000000000000e+02 1.907900000000000000e+04 1.764000000000000000e+03
2.978000000000000000e+03 1.349000000000000000e+03 2.250000000000000000e+02 1.801200000000000000e+04 1.801000000000000000e+03
3.102000000000000000e+03 1.282000000000000000e+03 2.040000000000000000e+02 1.908300000000000000e+04 1.607000000000000000e+03
2.799000000000000000e+03 1.305000000000000000e+03 2.230000000000000000e+02 1.638000000000000000e+04 1.858000000000000000e+03
3.115000000000000000e+03 1.259000000000000000e+03 2.260000000000000000e+02 1.829700000000000000e+04 1.682000000000000000e+03
3.092000000000000000e+03 1.251000000000000000e+03 2.210000000000000000e+02 1.778100000000000000e+04 1.635000000000000000e+03
3.232000000000000000e+03 1.321000000000000000e+03 2.290000000000000000e+02 1.836400000000000000e+04 1.802000000000000000e+03
2.912000000000000000e+03 1.360000000000000000e+03 2.410000000000000000e+02 1.752400000000000000e+04 1.775000000000000000e+03
2.674000000000000000e+03 1.374000000000000000e+03 2.620000000000000000e+02 1.539300000000000000e+04 2.038000000000000000e+03
2.803000000000000000e+03 1.360000000000000000e+03 2.510000000000000000e+02 1.650300000000000000e+04 1.947000000000000000e+03
2.606000000000000000e+03 1.454000000000000000e+03 2.620000000000000000e+02 1.487600000000000000e+04 2.100000000000000000e+03
2.734000000000000000e+03 1.316000000000000000e+03 2.240000000000000000e+02 1.732800000000000000e+04 1.894000000000000000e+03
3.025000000000000000e+03 1.332000000000000000e+03 2.450000000000000000e+02 1.911200000000000000e+04 1.670000000000000000e+03
2.699000000000000000e+03 1.355000000000000000e+03 2.660000000000000000e+02 1.568900000000000000e+04 2.086000000000000000e+03
2.962000000000000000e+03 1.288000000000000000e+03 2.270000000000000000e+02 1.865100000000000000e+04 1.633000000000000000e+03
2.901000000000000000e+03 1.361000000000000000e+03 2.390000000000000000e+02 1.738200000000000000e+04 1.755000000000000000e+03
2.817000000000000000e+03 1.330000000000000000e+03 2.200000000000000000e+02 1.781300000000000000e+04 1.818000000000000000e+03
3.152000000000000000e+03 1.441000000000000000e+03 2.790000000000000000e+02 1.746200000000000000e+04 2.097000000000000000e+03
3.141000000000000000e+03 1.323000000000000000e+03 1.980000000000000000e+02 1.835300000000000000e+04 1.727000000000000000e+03
2.762000000000000000e+03 1.308000000000000000e+03 2.730000000000000000e+02 1.721300000000000000e+04 1.886000000000000000e+03
2.697000000000000000e+03 1.313000000000000000e+03 2.160000000000000000e+02 1.776500000000000000e+04 1.907000000000000000e+03
3.067000000000000000e+03 1.358000000000000000e+03 2.310000000000000000e+02 1.759500000000000000e+04 1.794000000000000000e+03
2.977000000000000000e+03 1.306000000000000000e+03 2.310000000000000000e+02 1.723000000000000000e+04 1.754000000000000000e+03
3.052000000000000000e+03 1.317000000000000000e+03 2.340000000000000000e+02 1.836500000000000000e+04 1.703000000000000000e+03
3.171000000000000000e+03 1.296000000000000000e+03 2.080000000000000000e+02 1.855200000000000000e+04 1.683000000000000000e+03
3.047000000000000000e+03 1.382000000000000000e+03 2.690000000000000000e+02 1.711300000000000000e+04 1.857000000000000000e+03
2.745000000000000000e+03 1.351000000000000000e+03 2.200000000000000000e+02 1.731100000000000000e+04 1.837000000000000000e+03
3.279000000000000000e+03 1.354000000000000000e+03 2.260000000000000000e+02 1.822500000000000000e+04 1.865000000000000000e+03
2.690000000000000000e+03 1.394000000000000000e+03 2.800000000000000000e+02 1.648800000000000000e+04 2.083000000000000000e+03
3.011000000000000000e+03 1.358000000000000000e+03 2.400000000000000000e+02 1.769900000000000000e+04 1.802000000000000000e+03
2.714000000000000000e+03 1.370000000000000000e+03 2.890000000000000000e+02 1.459900000000000000e+04 2.174000000000000000e+03
2.631000000000000000e+03 1.437000000000000000e+03 2.750000000000000000e+02 1.572200000000000000e+04 2.056000000000000000e+03
3.000000000000000000e+03 1.300000000000000000e+03 2.360000000000000000e+02 1.809700000000000000e+04 1.740000000000000000e+03
2.868000000000000000e+03 1.423000000000000000e+03 2.330000000000000000e+02 1.627300000000000000e+04 1.959000000000000000e+03
2.902000000000000000e+03 1.267000000000000000e+03 2.230000000000000000e+02 1.781700000000000000e+04 1.693000000000000000e+03
2.909000000000000000e+03 1.294000000000000000e+03 2.210000000000000000e+02 1.844100000000000000e+04 1.793000000000000000e+03
2.827000000000000000e+03 1.352000000000000000e+03 2.320000000000000000e+02 1.802000000000000000e+04 1.787000000000000000e+03
2.621000000000000000e+03 1.308000000000000000e+03 2.300000000000000000e+02 1.612700000000000000e+04 1.988000000000000000e+03
2.703000000000000000e+03 1.300000000000000000e+03 2.250000000000000000e+02 1.654600000000000000e+04 1.911000000000000000e+03
2.974000000000000000e+03 1.317000000000000000e+03 2.570000000000000000e+02 1.771100000000000000e+04 1.888000000000000000e+03
2.675000000000000000e+03 1.301000000000000000e+03 2.300000000000000000e+02 1.749200000000000000e+04 1.712000000000000000e+03
2.969000000000000000e+03 1.384000000000000000e+03 2.790000000000000000e+02 1.733900000000000000e+04 2.025000000000000000e+03
2.678000000000000000e+03 1.364000000000000000e+03 2.470000000000000000e+02 1.661500000000000000e+04 1.821000000000000000e+03
2.707000000000000000e+03 1.403000000000000000e+03 2.760000000000000000e+02 1.567800000000000000e+04 2.116000000000000000e+03
3.015000000000000000e+03 1.353000000000000000e+03 2.300000000000000000e+02 1.784400000000000000e+04 1.728000000000000000e+03
2.520000000000000000e+03 1.317000000000000000e+03 2.600000000000000000e+02 1.530700000000000000e+04 1.901000000000000000e+03
2.894000000000000000e+03 1.284000000000000000e+03 2.250000000000000000e+02 1.688300000000000000e+04 1.740000000000000000e+03
3.078000000000000000e+03 1.365000000000000000e+03 2.390000000000000000e+02 1.848500000000000000e+04 1.765000000000000000e+03
3.015000000000000000e+03 1.425000000000000000e+03 2.340000000000000000e+02 1.601400000000000000e+04 2.076000000000000000e+03
2.959000000000000000e+03 1.270000000000000000e+03 2.280000000000000000e+02 1.700400000000000000e+04 1.811000000000000000e+03
2.706000000000000000e+03 1.341000000000000000e+03 2.660000000000000000e+02 1.697600000000000000e+04 1.924000000000000000e+03
2.903000000000000000e+03 1.311000000000000000e+03 2.230000000000000000e+02 1.708500000000000000e+04 1.809000000000000000e+03
2.932000000000000000e+03 1.322000000000000000e+03 2.220000000000000000e+02 1.732700000000000000e+04 1.813000000000000000e+03
2.521000000000000000e+03 1.404000000000000000e+03 2.720000000000000000e+02 1.559300000000000000e+04 1.932000000000000000e+03
2.931000000000000000e+03 1.370000000000000000e+03 2.230000000000000000e+02 1.679900000000000000e+04 1.848000000000000000e+03
2.765000000000000000e+03 1.323000000000000000e+03 2.620000000000000000e+02 1.838800000000000000e+04 1.681000000000000000e+03
2.943000000000000000e+03 1.362000000000000000e+03 2.250000000000000000e+02 1.785400000000000000e+04 1.811000000000000000e+03
3.103000000000000000e+03 1.381000000000000000e+03 2.570000000000000000e+02 1.866000000000000000e+04 1.810000000000000000e+03
2.822000000000000000e+03 1.404000000000000000e+03 2.510000000000000000e+02 1.661200000000000000e+04 1.976000000000000000e+03
3.089000000000000000e+03 1.332000000000000000e+03 2.370000000000000000e+02 1.822100000000000000e+04 1.910000000000000000e+03
2.836000000000000000e+03 1.432000000000000000e+03 2.850000000000000000e+02 1.619000000000000000e+04 2.073000000000000000e+03
2.793000000000000000e+03 1.290000000000000000e+03 2.250000000000000000e+02 1.654800000000000000e+04 1.821000000000000000e+03
2.974000000000000000e+03 1.413000000000000000e+03 2.630000000000000000e+02 1.747500000000000000e+04 1.935000000000000000e+03
2.853000000000000000e+03 1.308000000000000000e+03 2.290000000000000000e+02 1.862900000000000000e+04 1.742000000000000000e+03
3.158000000000000000e+03 1.387000000000000000e+03 2.440000000000000000e+02 1.827200000000000000e+04 1.819000000000000000e+03
2.391000000000000000e+03 1.320000000000000000e+03 2.230000000000000000e+02 1.346600000000000000e+04 2.117000000000000000e+03
2.926000000000000000e+03 1.290000000000000000e+03 2.510000000000000000e+02 1.685100000000000000e+04 1.811000000000000000e+03
2.627000000000000000e+03 1.343000000000000000e+03 2.460000000000000000e+02 1.588200000000000000e+04 2.030000000000000000e+03
2.436000000000000000e+03 1.358000000000000000e+03 2.680000000000000000e+02 1.450400000000000000e+04 2.083000000000000000e+03
2.973000000000000000e+03 1.222000000000000000e+03 2.330000000000000000e+02 1.769400000000000000e+04 1.682000000000000000e+03
2.706000000000000000e+03 1.346000000000000000e+03 2.370000000000000000e+02 1.703600000000000000e+04 1.831000000000000000e+03
2.858000000000000000e+03 1.231000000000000000e+03 2.280000000000000000e+02 1.843000000000000000e+04 1.669000000000000000e+03
2.450000000000000000e+03 1.345000000000000000e+03 2.550000000000000000e+02 1.573100000000000000e+04 2.001000000000000000e+03
3.199000000000000000e+03 1.346000000000000000e+03 2.490000000000000000e+02 1.899000000000000000e+04 1.736000000000000000e+03
3.288000000000000000e+03 1.377000000000000000e+03 2.310000000000000000e+02 1.839400000000000000e+04 1.704000000000000000e+03
2.431000000000000000e+03 1.417000000000000000e+03 2.600000000000000000e+02 1.348900000000000000e+04 2.106000000000000000e+03
3.118000000000000000e+03 1.289000000000000000e+03 2.310000000000000000e+02 1.838900000000000000e+04 1.786000000000000000e+03
3.017000000000000000e+03 1.311000000000000000e+03 2.090000000000000000e+02 1.764900000000000000e+04 1.714000000000000000e+03
2.753000000000000000e+03 1.388000000000000000e+03 2.690000000000000000e+02 1.643500000000000000e+04 2.089000000000000000e+03
2.908000000000000000e+03 1.375000000000000000e+03 2.650000000000000000e+02 1.737800000000000000e+04 1.969000000000000000e+03
2.880000000000000000e+03 1.299000000000000000e+03 2.210000000000000000e+02 1.810200000000000000e+04 1.814000000000000000e+03
2.816000000000000000e+03 1.251000000000000000e+03 2.190000000000000000e+02 1.709000000000000000e+04 1.765000000000000000e+03
2.968000000000000000e+03 1.385000000000000000e+03 2.660000000000000000e+02 1.830800000000000000e+04 1.893000000000000000e+03
2.997000000000000000e+03 1.241000000000000000e+03 2.260000000000000000e+02 1.697400000000000000e+04 1.748000000000000000e+03
3.282000000000000000e+03 1.330000000000000000e+03 2.420000000000000000e+02 1.835500000000000000e+04 1.763000000000000000e+03
2.934000000000000000e+03 1.285000000000000000e+03 2.360000000000000000e+02 1.799000000000000000e+04 1.776000000000000000e+03
3.061000000000000000e+03 1.418000000000000000e+03 2.260000000000000000e+02 1.745500000000000000e+04 1.908000000000000000e+03
2.923000000000000000e+03 1.379000000000000000e+03 2.380000000000000000e+02 1.819400000000000000e+04 1.785000000000000000e+03
2.932000000000000000e+03 1.322000000000000000e+03 2.430000000000000000e+02 1.766200000000000000e+04 1.747000000000000000e+03
3.013000000000000000e+03 1.351000000000000000e+03 2.390000000000000000e+02 1.855200000000000000e+04 1.817000000000000000e+03
2.685000000000000000e+03 1.271000000000000000e+03 2.340000000000000000e+02 1.752600000000000000e+04 1.717000000000000000e+03
2.922000000000000000e+03 1.309000000000000000e+03 2.450000000000000000e+02 1.686000000000000000e+04 1.810000000000000000e+03
3.018000000000000000e+03 1.426000000000000000e+03 2.470000000000000000e+02 1.680700000000000000e+04 2.047000000000000000e+03
2.821000000000000000e+03 1.373000000000000000e+03 2.600000000000000000e+02 1.726800000000000000e+04 1.911000000000000000e+03
2.912000000000000000e+03 1.339000000000000000e+03 2.510000000000000000e+02 1.819800000000000000e+04 1.751000000000000000e+03
3.022000000000000000e+03 1.303000000000000000e+03 2.270000000000000000e+02 1.848400000000000000e+04 1.715000000000000000e+03
2.894000000000000000e+03 1.332000000000000000e+03 2.020000000000000000e+02 1.634200000000000000e+04 1.844000000000000000e+03
3.104000000000000000e+03 1.390000000000000000e+03 2.380000000000000000e+02 1.845400000000000000e+04 1.856000000000000000e+03
2.653000000000000000e+03 1.440000000000000000e+03 2.590000000000000000e+02 1.565300000000000000e+04 2.111000000000000000e+03
2.618000000000000000e+03 1.385000000000000000e+03 2.330000000000000000e+02 1.583300000000000000e+04 1.980000000000000000e+03
2.815000000000000000e+03 1.315000000000000000e+03 2.190000000000000000e+02 1.736200000000000000e+04 1.839000000000000000e+03
2.677000000000000000e+03 1.324000000000000000e+03 2.510000000000000000e+02 1.669800000000000000e+04 2.100000000000000000e+03
3.135000000000000000e+03 1.391000000000000000e+03 2.360000000000000000e+02 1.743700000000000000e+04 2.060000000000000000e+03
2.899000000000000000e+03 1.313000000000000000e+03 2.330000000000000000e+02 1.729100000000000000e+04 1.908000000000000000e+03
2.647000000000000000e+03 1.395000000000000000e+03 2.670000000000000000e+02 1.665300000000000000e+04 2.065000000000000000e+03
2.907000000000000000e+03 1.370000000000000000e+03 2.860000000000000000e+02 1.568100000000000000e+04 2.116000000000000000e+03
3.116000000000000000e+03 1.315000000000000000e+03 2.180000000000000000e+02 1.878000000000000000e+04 1.735000000000000000e+03
2.822000000000000000e+03 1.404000000000000000e+03 2.810000000000000000e+02 1.657700000000000000e+04 1.838000000000000000e+03
2.769000000000000000e+03 1.384000000000000000e+03 2.590000000000000000e+02 1.746500000000000000e+04 1.871000000000000000e+03
2.875000000000000000e+03 1.274000000000000000e+03 2.430000000000000000e+02 1.772100000000000000e+04 1.642000000000000000e+03
2.237000000000000000e+03 1.321000000000000000e+03 2.410000000000000000e+02 1.253700000000000000e+04 2.073000000000000000e+03
2.749000000000000000e+03 1.258000000000000000e+03 2.400000000000000000e+02 1.575300000000000000e+04 1.926000000000000000e+03
2.935000000000000000e+03 1.392000000000000000e+03 2.750000000000000000e+02 1.623900000000000000e+04 2.085000000000000000e+03
2.943000000000000000e+03 1.410000000000000000e+03 2.900000000000000000e+02 1.619000000000000000e+04 2.204000000000000000e+03
3.015000000000000000e+03 1.250000000000000000e+03 2.280000000000000000e+02 1.762600000000000000e+04 1.732000000000000000e+03
3.056000000000000000e+03 1.347000000000000000e+03 2.220000000000000000e+02 1.793200000000000000e+04 1.812000000000000000e+03
2.818000000000000000e+03 1.345000000000000000e+03 2.510000000000000000e+02 1.725600000000000000e+04 1.800000000000000000e+03
3.056000000000000000e+03 1.361000000000000000e+03 2.310000000000000000e+02 1.794400000000000000e+04 1.714000000000000000e+03
2.950000000000000000e+03 1.331000000000000000e+03 2.280000000000000000e+02 1.734900000000000000e+04 1.787000000000000000e+03
3.039000000000000000e+03 1.288000000000000000e+03 1.990000000000000000e+02 1.765600000000000000e+04 1.704000000000000000e+03
2.931000000000000000e+03 1.321000000000000000e+03 2.450000000000000000e+02 1.605800000000000000e+04 1.856000000000000000e+03
2.918000000000000000e+03 1.308000000000000000e+03 2.300000000000000000e+02 1.779100000000000000e+04 1.733000000000000000e+03
2.977000000000000000e+03 1.321000000000000000e+03 2.330000000000000000e+02 1.745600000000000000e+04 1.812000000000000000e+03
3.277000000000000000e+03 1.293000000000000000e+03 2.070000000000000000e+02 1.805500000000000000e+04 1.691000000000000000e+03
3.129000000000000000e+03 1.351000000000000000e+03 2.330000000000000000e+02 1.878600000000000000e+04 1.835000000000000000e+03
2.775000000000000000e+03 1.301000000000000000e+03 2.300000000000000000e+02 1.610700000000000000e+04 1.834000000000000000e+03
2.761000000000000000e+03 1.285000000000000000e+03 2.110000000000000000e+02 1.633900000000000000e+04 1.923000000000000000e+03
2.919000000000000000e+03 1.336000000000000000e+03 2.270000000000000000e+02 1.706800000000000000e+04 1.811000000000000000e+03
3.240000000000000000e+03 1.372000000000000000e+03 2.050000000000000000e+02 1.982100000000000000e+04 1.728000000000000000e+03
2.714000000000000000e+03 1.325000000000000000e+03 2.430000000000000000e+02 1.646100000000000000e+04 1.948000000000000000e+03
2.860000000000000000e+03 1.286000000000000000e+03 2.220000000000000000e+02 1.766900000000000000e+04 1.744000000000000000e+03
3.013000000000000000e+03 1.361000000000000000e+03 2.400000000000000000e+02 1.855900000000000000e+04 1.816000000000000000e+03
3.095000000000000000e+03 1.304000000000000000e+03 2.250000000000000000e+02 1.867100000000000000e+04 1.752000000000000000e+03
2.914000000000000000e+03 1.315000000000000000e+03 2.280000000000000000e+02 1.844500000000000000e+04 1.761000000000000000e+03
2.717000000000000000e+03 1.282000000000000000e+03 2.250000000000000000e+02 1.689000000000000000e+04 1.832000000000000000e+03
3.212000000000000000e+03 1.312000000000000000e+03 2.330000000000000000e+02 1.853500000000000000e+04 1.769000000000000000e+03
2.548000000000000000e+03 1.282000000000000000e+03 2.470000000000000000e+02 1.651400000000000000e+04 1.866000000000000000e+03
2.887000000000000000e+03 1.244000000000000000e+03 1.970000000000000000e+02 1.812500000000000000e+04 1.737000000000000000e+03
3.098000000000000000e+03 1.304000000000000000e+03 2.380000000000000000e+02 1.827900000000000000e+04 1.714000000000000000e+03
2.795000000000000000e+03 1.365000000000000000e+03 2.280000000000000000e+02 1.595600000000000000e+04 1.807000000000000000e+03
2.948000000000000000e+03 1.313000000000000000e+03 2.220000000000000000e+02 1.738800000000000000e+04 1.762000000000000000e+03
2.187000000000000000e+03 1.267000000000000000e+03 2.620000000000000000e+02 1.270900000000000000e+04 2.011000000000000000e+03
2.815000000000000000e+03 1.317000000000000000e+03 2.450000000000000000e+02 1.701400000000000000e+04 1.878000000000000000e+03
3.086000000000000000e+03 1.296000000000000000e+03 2.360000000000000000e+02 1.769000000000000000e+04 1.679000000000000000e+03
2.645000000000000000e+03 1.292000000000000000e+03 2.380000000000000000e+02 1.489500000000000000e+04 2.069000000000000000e+03
2.644000000000000000e+03 1.416000000000000000e+03 2.610000000000000000e+02 1.529400000000000000e+04 2.046000000000000000e+03
3.112000000000000000e+03 1.352000000000000000e+03 2.270000000000000000e+02 1.798500000000000000e+04 1.828000000000000000e+03
2.934000000000000000e+03 1.355000000000000000e+03 2.070000000000000000e+02 1.804000000000000000e+04 1.807000000000000000e+03
3.489000000000000000e+03 1.365000000000000000e+03 2.320000000000000000e+02 1.874800000000000000e+04 1.736000000000000000e+03
2.664000000000000000e+03 1.278000000000000000e+03 2.180000000000000000e+02 1.748700000000000000e+04 1.781000000000000000e+03
2.675000000000000000e+03 1.428000000000000000e+03 2.840000000000000000e+02 1.479700000000000000e+04 2.118000000000000000e+03
2.956000000000000000e+03 1.377000000000000000e+03 2.700000000000000000e+02 1.772000000000000000e+04 1.968000000000000000e+03
2.695000000000000000e+03 1.445000000000000000e+03 2.940000000000000000e+02 1.587100000000000000e+04 2.133000000000000000e+03
3.103000000000000000e+03 1.452000000000000000e+03 2.730000000000000000e+02 1.768400000000000000e+04 2.066000000000000000e+03
2.808000000000000000e+03 1.335000000000000000e+03 2.740000000000000000e+02 1.561300000000000000e+04 2.003000000000000000e+03
2.691000000000000000e+03 1.333000000000000000e+03 2.560000000000000000e+02 1.630800000000000000e+04 1.897000000000000000e+03
2.710000000000000000e+03 1.293000000000000000e+03 2.300000000000000000e+02 1.681800000000000000e+04 1.786000000000000000e+03
2.700000000000000000e+03 1.361000000000000000e+03 2.670000000000000000e+02 1.684500000000000000e+04 1.828000000000000000e+03
2.972000000000000000e+03 1.401000000000000000e+03 2.410000000000000000e+02 1.803100000000000000e+04 1.833000000000000000e+03
2.862000000000000000e+03 1.324000000000000000e+03 2.370000000000000000e+02 1.697800000000000000e+04 1.960000000000000000e+03
2.958000000000000000e+03 1.363000000000000000e+03 2.190000000000000000e+02 1.715600000000000000e+04 1.882000000000000000e+03
2.893000000000000000e+03 1.371000000000000000e+03 2.530000000000000000e+02 1.689200000000000000e+04 1.983000000000000000e+03
3.039000000000000000e+03 1.317000000000000000e+03 2.320000000000000000e+02 1.817000000000000000e+04 1.803000000000000000e+03
3.194000000000000000e+03 1.355000000000000000e+03 2.270000000000000000e+02 1.777800000000000000e+04 1.846000000000000000e+03
2.607000000000000000e+03 1.335000000000000000e+03 2.560000000000000000e+02 1.524900000000000000e+04 2.019000000000000000e+03
3.057000000000000000e+03 1.282000000000000000e+03 2.450000000000000000e+02 1.847400000000000000e+04 1.696000000000000000e+03
2.752000000000000000e+03 1.344000000000000000e+03 2.590000000000000000e+02 1.612000000000000000e+04 1.974000000000000000e+03
2.922000000000000000e+03 1.306000000000000000e+03 2.530000000000000000e+02 1.775500000000000000e+04 1.774000000000000000e+03
2.692000000000000000e+03 1.249000000000000000e+03 2.290000000000000000e+02 1.679400000000000000e+04 1.737000000000000000e+03
2.666000000000000000e+03 1.279000000000000000e+03 2.560000000000000000e+02 1.788600000000000000e+04 1.785000000000000000e+03
3.028000000000000000e+03 1.271000000000000000e+03 2.280000000000000000e+02 1.866100000000000000e+04 1.659000000000000000e+03
2.700000000000000000e+03 1.374000000000000000e+03 2.440000000000000000e+02 1.638400000000000000e+04 1.982000000000000000e+03
3.025000000000000000e+03 1.354000000000000000e+03 2.470000000000000000e+02 1.844700000000000000e+04 1.784000000000000000e+03
2.981000000000000000e+03 1.287000000000000000e+03 2.540000000000000000e+02 1.848200000000000000e+04 1.778000000000000000e+03
3.012000000000000000e+03 1.316000000000000000e+03 2.320000000000000000e+02 1.691900000000000000e+04 1.771000000000000000e+03
2.824000000000000000e+03 1.341000000000000000e+03 2.380000000000000000e+02 1.710500000000000000e+04 1.818000000000000000e+03
3.090000000000000000e+03 1.375000000000000000e+03 2.660000000000000000e+02 1.740100000000000000e+04 1.880000000000000000e+03
3.172000000000000000e+03 1.285000000000000000e+03 2.200000000000000000e+02 1.809900000000000000e+04 1.731000000000000000e+03
2.736000000000000000e+03 1.362000000000000000e+03 2.460000000000000000e+02 1.642800000000000000e+04 2.033000000000000000e+03
2.708000000000000000e+03 1.369000000000000000e+03 2.540000000000000000e+02 1.486500000000000000e+04 2.054000000000000000e+03
3.210000000000000000e+03 1.295000000000000000e+03 2.390000000000000000e+02 1.884400000000000000e+04 1.712000000000000000e+03
3.050000000000000000e+03 1.381000000000000000e+03 2.290000000000000000e+02 1.919000000000000000e+04 1.717000000000000000e+03
2.904000000000000000e+03 1.343000000000000000e+03 2.360000000000000000e+02 1.720700000000000000e+04 1.916000000000000000e+03
2.641000000000000000e+03 1.372000000000000000e+03 2.470000000000000000e+02 1.559000000000000000e+04 2.139000000000000000e+03
2.617000000000000000e+03 1.383000000000000000e+03 2.510000000000000000e+02 1.454000000000000000e+04 2.075000000000000000e+03
2.893000000000000000e+03 1.349000000000000000e+03 2.130000000000000000e+02 1.612500000000000000e+04 1.855000000000000000e+03
2.775000000000000000e+03 1.392000000000000000e+03 2.910000000000000000e+02 1.486400000000000000e+04 2.175000000000000000e+03
