7.800000000000000000e+01 1.800000000000000000e+01 1.000000000000000000e+00 5.750000000000000000e+02 9.500000000000000000e+01
8.200000000000000000e+01 2.100000000000000000e+01 1.000000000000000000e+00 5.140000000000000000e+02 1.040000000000000000e+02
7.400000000000000000e+01 3.000000000000000000e+01 2.000000000000000000e+00 5.720000000000000000e+02 1.060000000000000000e+02
8.000000000000000000e+01 2.200000000000000000e+01 2.000000000000000000e+00 5.430000000000000000e+02 1.040000000000000000e+02
1.060000000000000000e+02 2.100000000000000000e+01 0.000000000000000000e+00 6.100000000000000000e+02 1.250000000000000000e+02
8.100000000000000000e+01 1.900000000000000000e+01 1.000000000000000000e+00 3.550000000000000000e+02 9.900000000000000000e+01
7.600000000000000000e+01 1.600000000000000000e+01 3.000000000000000000e+00 5.890000000000000000e+02 9.500000000000000000e+01
6.700000000000000000e+01 1.000000000000000000e+01 1.000000000000000000e+00 2.870000000000000000e+02 7.800000000000000000e+01
9.500000000000000000e+01 2.200000000000000000e+01 1.000000000000000000e+00 7.000000000000000000e+02 1.180000000000000000e+02
8.500000000000000000e+01 1.800000000000000000e+01 3.000000000000000000e+00 6.610000000000000000e+02 1.050000000000000000e+02
9.400000000000000000e+01 1.500000000000000000e+01 0.000000000000000000e+00 5.800000000000000000e+02 1.090000000000000000e+02
8.800000000000000000e+01 2.400000000000000000e+01 2.000000000000000000e+00 6.600000000000000000e+02 1.130000000000000000e+02
9.100000000000000000e+01 1.900000000000000000e+01 1.000000000000000000e+00 5.910000000000000000e+02 1.100000000000000000e+02
8.800000000000000000e+01 2.200000000000000000e+01 1.000000000000000000e+00 6.740000000000000000e+02 1.100000000000000000e+02
8.400000000000000000e+01 1.000000000000000000e+01 1.000000000000000000e+00 5.410000000000000000e+02 9.300000000000000000e+01
7.900000000000000000e+01 1.700000000000000000e+01 1.000000000000000000e+00 5.260000000000000000e+02 9.600000000000000000e+01
9.100000000000000000e+01 2.000000000000000000e+01 0.000000000000000000e+00 6.010000000000000000e+02 1.100000000000000000e+02
9.600000000000000000e+01 1.600000000000000000e+01 2.000000000000000000e+00 6.560000000000000000e+02 1.130000000000000000e+02
8.500000000000000000e+01 1.700000000000000000e+01 0.000000000000000000e+00 5.560000000000000000e+02 1.000000000000000000e+02
8.000000000000000000e+01 1.300000000000000000e+01 1.000000000000000000e+00 5.780000000000000000e+02 9.400000000000000000e+01
9.000000000000000000e+01 1.000000000000000000e+01 0.000000000000000000e+00 4.810000000000000000e+02 1.000000000000000000e+02
8.200000000000000000e+01 2.100000000000000000e+01 0.000000000000000000e+00 6.590000000000000000e+02 1.020000000000000000e+02
8.500000000000000000e+01 2.300000000000000000e+01 2.000000000000000000e+00 4.900000000000000000e+02 1.080000000000000000e+02
7.100000000000000000e+01 2.000000000000000000e+01 0.000000000000000000e+00 6.320000000000000000e+02 9.000000000000000000e+01
9.200000000000000000e+01 1.600000000000000000e+01 3.000000000000000000e+00 6.450000000000000000e+02 1.090000000000000000e+02
8.100000000000000000e+01 2.200000000000000000e+01 0.000000000000000000e+00 5.080000000000000000e+02 1.010000000000000000e+02
8.500000000000000000e+01 1.700000000000000000e+01 0.000000000000000000e+00 6.030000000000000000e+02 9.900000000000000000e+01
8.500000000000000000e+01 2.100000000000000000e+01 2.000000000000000000e+00 6.640000000000000000e+02 1.080000000000000000e+02
1.070000000000000000e+02 1.500000000000000000e+01 0.000000000000000000e+00 6.690000000000000000e+02 1.210000000000000000e+02
6.800000000000000000e+01 1.900000000000000000e+01 0.000000000000000000e+00 6.110000000000000000e+02 8.700000000000000000e+01
9.100000000000000000e+01 1.900000000000000000e+01 2.000000000000000000e+00 6.090000000000000000e+02 1.090000000000000000e+02
8.700000000000000000e+01 1.100000000000000000e+01 1.000000000000000000e+00 6.830000000000000000e+02 9.900000000000000000e+01
8.100000000000000000e+01 1.900000000000000000e+01 1.000000000000000000e+00 6.710000000000000000e+02 1.000000000000000000e+02
9.700000000000000000e+01 1.200000000000000000e+01 0.000000000000000000e+00 6.250000000000000000e+02 1.080000000000000000e+02
7.200000000000000000e+01 2.700000000000000000e+01 1.000000000000000000e+00 6.050000000000000000e+02 9.900000000000000000e+01
8.700000000000000000e+01 1.900000000000000000e+01 0.000000000000000000e+00 5.530000000000000000e+02 1.050000000000000000e+02
8.600000000000000000e+01 2.500000000000000000e+01 0.000000000000000000e+00 6.120000000000000000e+02 1.070000000000000000e+02
8.100000000000000000e+01 1.900000000000000000e+01 1.000000000000000000e+00 6.200000000000000000e+02 1.010000000000000000e+02
7.900000000000000000e+01 1.700000000000000000e+01 0.000000000000000000e+00 6.840000000000000000e+02 9.600000000000000000e+01
9.500000000000000000e+01 1.400000000000000000e+01 2.000000000000000000e+00 6.050000000000000000e+02 1.110000000000000000e+02
9.000000000000000000e+01 2.200000000000000000e+01 3.000000000000000000e+00 5.800000000000000000e+02 1.140000000000000000e+02
7.200000000000000000e+01 2.300000000000000000e+01 1.000000000000000000e+00 6.180000000000000000e+02 9.600000000000000000e+01
6.700000000000000000e+01 2.500000000000000000e+01 2.000000000000000000e+00 3.150000000000000000e+02 9.400000000000000000e+01
7.200000000000000000e+01 2.100000000000000000e+01 0.000000000000000000e+00 4.990000000000000000e+02 9.100000000000000000e+01
9.200000000000000000e+01 2.100000000000000000e+01 1.000000000000000000e+00 5.450000000000000000e+02 1.120000000000000000e+02
8.200000000000000000e+01 2.600000000000000000e+01 2.000000000000000000e+00 5.830000000000000000e+02 1.100000000000000000e+02
9.800000000000000000e+01 2.100000000000000000e+01 1.000000000000000000e+00 5.390000000000000000e+02 1.200000000000000000e+02
9.000000000000000000e+01 1.400000000000000000e+01 0.000000000000000000e+00 6.640000000000000000e+02 1.020000000000000000e+02
1.000000000000000000e+02 2.300000000000000000e+01 0.000000000000000000e+00 6.540000000000000000e+02 1.230000000000000000e+02
8.800000000000000000e+01 1.000000000000000000e+01 0.000000000000000000e+00 7.030000000000000000e+02 9.700000000000000000e+01
9.700000000000000000e+01 1.300000000000000000e+01 0.000000000000000000e+00 5.860000000000000000e+02 1.090000000000000000e+02
8.200000000000000000e+01 1.200000000000000000e+01 1.000000000000000000e+00 6.650000000000000000e+02 9.500000000000000000e+01
7.400000000000000000e+01 2.400000000000000000e+01 1.000000000000000000e+00 5.110000000000000000e+02 9.800000000000000000e+01
8.500000000000000000e+01 1.600000000000000000e+01 0.000000000000000000e+00 4.940000000000000000e+02 1.000000000000000000e+02
8.400000000000000000e+01 1.300000000000000000e+01 2.000000000000000000e+00 6.430000000000000000e+02 9.900000000000000000e+01
9.700000000000000000e+01 2.000000000000000000e+01 0.000000000000000000e+00 6.410000000000000000e+02 1.140000000000000000e+02
9.600000000000000000e+01 1.500000000000000000e+01 0.000000000000000000e+00 6.440000000000000000e+02 1.100000000000000000e+02
8.300000000000000000e+01 2.000000000000000000e+01 1.000000000000000000e+00 3.440000000000000000e+02 1.030000000000000000e+02
9.000000000000000000e+01 2.800000000000000000e+01 2.000000000000000000e+00 5.570000000000000000e+02 1.200000000000000000e+02
8.800000000000000000e+01 1.900000000000000000e+01 1.000000000000000000e+00 5.450000000000000000e+02 1.040000000000000000e+02
8.200000000000000000e+01 2.000000000000000000e+01 0.000000000000000000e+00 5.710000000000000000e+02 1.010000000000000000e+02
8.400000000000000000e+01 1.900000000000000000e+01 1.000000000000000000e+00 6.030000000000000000e+02 1.010000000000000000e+02
9.600000000000000000e+01 1.300000000000000000e+01 0.000000000000000000e+00 6.370000000000000000e+02 1.090000000000000000e+02
8.700000000000000000e+01 2.200000000000000000e+01 1.000000000000000000e+00 5.680000000000000000e+02 1.100000000000000000e+02
8.400000000000000000e+01 1.300000000000000000e+01 1.000000000000000000e+00 4.110000000000000000e+02 9.700000000000000000e+01
8.700000000000000000e+01 2.400000000000000000e+01 0.000000000000000000e+00 6.750000000000000000e+02 1.090000000000000000e+02
9.500000000000000000e+01 2.600000000000000000e+01 1.000000000000000000e+00 6.390000000000000000e+02 1.210000000000000000e+02
8.300000000000000000e+01 1.800000000000000000e+01 0.000000000000000000e+00 6.320000000000000000e+02 9.900000000000000000e+01
7.700000000000000000e+01 2.100000000000000000e+01 0.000000000000000000e+00 5.220000000000000000e+02 9.600000000000000000e+01
1.070000000000000000e+02 2.000000000000000000e+01 2.000000000000000000e+00 6.490000000000000000e+02 1.280000000000000000e+02
6.800000000000000000e+01 1.700000000000000000e+01 2.000000000000000000e+00 4.940000000000000000e+02 8.600000000000000000e+01
1.040000000000000000e+02 2.700000000000000000e+01 2.000000000000000000e+00 6.050000000000000000e+02 1.330000000000000000e+02
8.400000000000000000e+01 1.600000000000000000e+01 0.000000000000000000e+00 6.290000000000000000e+02 9.800000000000000000e+01
7.800000000000000000e+01 2.300000000000000000e+01 0.000000000000000000e+00 4.780000000000000000e+02 1.000000000000000000e+02
8.300000000000000000e+01 1.700000000000000000e+01 0.000000000000000000e+00 6.660000000000000000e+02 9.900000000000000000e+01
8.300000000000000000e+01 1.200000000000000000e+01 1.000000000000000000e+00 5.460000000000000000e+02 9.300000000000000000e+01
8.100000000000000000e+01 1.100000000000000000e+01 0.000000000000000000e+00 2.780000000000000000e+02 9.100000000000000000e+01
7.600000000000000000e+01 2.100000000000000000e+01 4.000000000000000000e+00 5.660000000000000000e+02 9.900000000000000000e+01
9.400000000000000000e+01 2.200000000000000000e+01 1.000000000000000000e+00 6.520000000000000000e+02 1.170000000000000000e+02
7.300000000000000000e+01 9.000000000000000000e+00 0.000000000000000000e+00 3.600000000000000000e+02 8.200000000000000000e+01
1.020000000000000000e+02 2.200000000000000000e+01 2.000000000000000000e+00 4.550000000000000000e+02 1.240000000000000000e+02
7.500000000000000000e+01 1.700000000000000000e+01 1.000000000000000000e+00 5.350000000000000000e+02 9.100000000000000000e+01
8.700000000000000000e+01 1.200000000000000000e+01 1.000000000000000000e+00 5.930000000000000000e+02 9.900000000000000000e+01
8.800000000000000000e+01 2.600000000000000000e+01 2.000000000000000000e+00 6.240000000000000000e+02 1.150000000000000000e+02
8.800000000000000000e+01 2.400000000000000000e+01 0.000000000000000000e+00 5.460000000000000000e+02 1.110000000000000000e+02
9.100000000000000000e+01 1.400000000000000000e+01 1.000000000000000000e+00 6.010000000000000000e+02 1.060000000000000000e+02
8.300000000000000000e+01 2.500000000000000000e+01 0.000000000000000000e+00 6.710000000000000000e+02 1.070000000000000000e+02
9.700000000000000000e+01 1.400000000000000000e+01 2.000000000000000000e+00 5.680000000000000000e+02 1.130000000000000000e+02
9.900000000000000000e+01 7.000000000000000000e+00 0.000000000000000000e+00 5.820000000000000000e+02 1.050000000000000000e+02
8.200000000000000000e+01 1.200000000000000000e+01 1.000000000000000000e+00 5.310000000000000000e+02 9.100000000000000000e+01
1.010000000000000000e+02 1.800000000000000000e+01 0.000000000000000000e+00 5.880000000000000000e+02 1.170000000000000000e+02
1.030000000000000000e+02 1.400000000000000000e+01 1.000000000000000000e+00 6.350000000000000000e+02 1.180000000000000000e+02
8.200000000000000000e+01 1.900000000000000000e+01 1.000000000000000000e+00 5.060000000000000000e+02 1.000000000000000000e+02
7.600000000000000000e+01 1.800000000000000000e+01 2.000000000000000000e+00 5.440000000000000000e+02 9.500000000000000000e+01
8.200000000000000000e+01 1.900000000000000000e+01 3.000000000000000000e+00 5.970000000000000000e+02 1.030000000000000000e+02
7.100000000000000000e+01 2.000000000000000000e+01 0.000000000000000000e+00 4.130000000000000000e+02 9.000000000000000000e+01
9.200000000000000000e+01 1.900000000000000000e+01 1.000000000000000000e+00 7.360000000000000000e+02 1.090000000000000000e+02
9.700000000000000000e+01 2.400000000000000000e+01 0.000000000000000000e+00 5.840000000000000000e+02 1.210000000000000000e+02
6.800000000000000000e+01 1.600000000000000000e+01 1.000000000000000000e+00 5.570000000000000000e+02 8.400000000000000000e+01
8.600000000000000000e+01 1.100000000000000000e+01 0.000000000000000000e+00 5.260000000000000000e+02 9.600000000000000000e+01
8.200000000000000000e+01 1.800000000000000000e+01 0.000000000000000000e+00 6.340000000000000000e+02 9.800000000000000000e+01
1.000000000000000000e+02 1.900000000000000000e+01 0.000000000000000000e+00 6.980000000000000000e+02 1.180000000000000000e+02
9.200000000000000000e+01 9.000000000000000000e+00 0.000000000000000000e+00 4.720000000000000000e+02 9.900000000000000000e+01
8.300000000000000000e+01 1.300000000000000000e+01 2.000000000000000000e+00 5.320000000000000000e+02 9.600000000000000000e+01
8.800000000000000000e+01 2.300000000000000000e+01 2.000000000000000000e+00 7.450000000000000000e+02 1.110000000000000000e+02
8.900000000000000000e+01 2.100000000000000000e+01 3.000000000000000000e+00 6.630000000000000000e+02 1.130000000000000000e+02
9.500000000000000000e+01 1.600000000000000000e+01 0.000000000000000000e+00 7.040000000000000000e+02 1.090000000000000000e+02
8.800000000000000000e+01 2.200000000000000000e+01 0.000000000000000000e+00 4.000000000000000000e+02 1.100000000000000000e+02
8.000000000000000000e+01 1.900000000000000000e+01 0.000000000000000000e+00 4.600000000000000000e+02 9.900000000000000000e+01
7.700000000000000000e+01 2.000000000000000000e+01 2.000000000000000000e+00 5.420000000000000000e+02 9.800000000000000000e+01
9.700000000000000000e+01 1.000000000000000000e+01 1.000000000000000000e+00 5.570000000000000000e+02 1.080000000000000000e+02
8.700000000000000000e+01 1.800000000000000000e+01 1.000000000000000000e+00 4.150000000000000000e+02 1.050000000000000000e+02
8.500000000000000000e+01 2.200000000000000000e+01 2.000000000000000000e+00 5.230000000000000000e+02 1.080000000000000000e+02
8.700000000000000000e+01 1.900000000000000000e+01 2.000000000000000000e+00 6.290000000000000000e+02 1.060000000000000000e+02
9.000000000000000000e+01 1.500000000000000000e+01 1.000000000000000000e+00 5.500000000000000000e+02 1.060000000000000000e+02
7.800000000000000000e+01 1.400000000000000000e+01 0.000000000000000000e+00 6.310000000000000000e+02 9.000000000000000000e+01
8.800000000000000000e+01 1.900000000000000000e+01 1.000000000000000000e+00 5.430000000000000000e+02 1.050000000000000000e+02
8.200000000000000000e+01 1.300000000000000000e+01 0.000000000000000000e+00 4.720000000000000000e+02 9.400000000000000000e+01
7.000000000000000000e+01 1.700000000000000000e+01 1.000000000000000000e+00 4.530000000000000000e+02 8.600000000000000000e+01
8.900000000000000000e+01 2.600000000000000000e+01 1.000000000000000000e+00 6.530000000000000000e+02 1.160000000000000000e+02
1.050000000000000000e+02 2.300000000000000000e+01 1.000000000000000000e+00 7.070000000000000000e+02 1.280000000000000000e+02
1.080000000000000000e+02 2.400000000000000000e+01 1.000000000000000000e+00 7.310000000000000000e+02 1.320000000000000000e+02
8.200000000000000000e+01 1.600000000000000000e+01 2.000000000000000000e+00 4.590000000000000000e+02 9.500000000000000000e+01
8.900000000000000000e+01 1.400000000000000000e+01 0.000000000000000000e+00 4.380000000000000000e+02 1.030000000000000000e+02
9.000000000000000000e+01 1.000000000000000000e+01 1.000000000000000000e+00 5.340000000000000000e+02 1.010000000000000000e+02
9.600000000000000000e+01 2.500000000000000000e+01 0.000000000000000000e+00 6.720000000000000000e+02 1.200000000000000000e+02
8.500000000000000000e+01 1.700000000000000000e+01 0.000000000000000000e+00 6.150000000000000000e+02 1.020000000000000000e+02
8.100000000000000000e+01 1.900000000000000000e+01 1.000000000000000000e+00 5.840000000000000000e+02 1.000000000000000000e+02
9.200000000000000000e+01 1.600000000000000000e+01 0.000000000000000000e+00 6.480000000000000000e+02 1.080000000000000000e+02
9.200000000000000000e+01 2.200000000000000000e+01 0.000000000000000000e+00 5.970000000000000000e+02 1.110000000000000000e+02
7.400000000000000000e+01 2.100000000000000000e+01 1.000000000000000000e+00 6.070000000000000000e+02 9.300000000000000000e+01
7.700000000000000000e+01 2.200000000000000000e+01 3.000000000000000000e+00 6.000000000000000000e+02 1.020000000000000000e+02
7.700000000000000000e+01 2.900000000000000000e+01 2.000000000000000000e+00 6.230000000000000000e+02 1.080000000000000000e+02
9.700000000000000000e+01 1.800000000000000000e+01 0.000000000000000000e+00 6.970000000000000000e+02 1.120000000000000000e+02
8.800000000000000000e+01 1.700000000000000000e+01 2.000000000000000000e+00 5.390000000000000000e+02 1.070000000000000000e+02
9.100000000000000000e+01 2.000000000000000000e+01 1.000000000000000000e+00 5.470000000000000000e+02 1.100000000000000000e+02
8.600000000000000000e+01 2.300000000000000000e+01 1.000000000000000000e+00 5.350000000000000000e+02 1.100000000000000000e+02
8.300000000000000000e+01 2.200000000000000000e+01 1.000000000000000000e+00 5.850000000000000000e+02 1.030000000000000000e+02
9.100000000000000000e+01 2.200000000000000000e+01 3.000000000000000000e+00 5.760000000000000000e+02 1.160000000000000000e+02
8.200000000000000000e+01 1.500000000000000000e+01 0.000000000000000000e+00 4.590000000000000000e+02 9.700000000000000000e+01
9.000000000000000000e+01 1.300000000000000000e+01 1.000000000000000000e+00 4.110000000000000000e+02 1.030000000000000000e+02
9.700000000000000000e+01 1.200000000000000000e+01 2.000000000000000000e+00 5.710000000000000000e+02 1.110000000000000000e+02
9.000000000000000000e+01 1.500000000000000000e+01 1.000000000000000000e+00 7.120000000000000000e+02 1.040000000000000000e+02
7.500000000000000000e+01 1.800000000000000000e+01 0.000000000000000000e+00 4.360000000000000000e+02 9.300000000000000000e+01
1.120000000000000000e+02 1.500000000000000000e+01 0.000000000000000000e+00 7.140000000000000000e+02 1.240000000000000000e+02
9.500000000000000000e+01 1.200000000000000000e+01 0.000000000000000000e+00 5.980000000000000000e+02 1.040000000000000000e+02
8.900000000000000000e+01 2.200000000000000000e+01 0.000000000000000000e+00 7.530000000000000000e+02 1.090000000000000000e+02
9.500000000000000000e+01 1.800000000000000000e+01 1.000000000000000000e+00 4.890000000000000000e+02 1.140000000000000000e+02
9.200000000000000000e+01 1.400000000000000000e+01 0.000000000000000000e+00 3.790000000000000000e+02 1.060000000000000000e+02
9.700000000000000000e+01 1.500000000000000000e+01 1.000000000000000000e+00 5.750000000000000000e+02 1.110000000000000000e+02
8.700000000000000000e+01 1.100000000000000000e+01 1.000000000000000000e+00 5.840000000000000000e+02 9.600000000000000000e+01
9.500000000000000000e+01 1.700000000000000000e+01 0.000000000000000000e+00 4.600000000000000000e+02 1.110000000000000000e+02
7.700000000000000000e+01 2.400000000000000000e+01 1.000000000000000000e+00 6.540000000000000000e+02 1.020000000000000000e+02
8.100000000000000000e+01 9.000000000000000000e+00 1.000000000000000000e+00 6.330000000000000000e+02 9.100000000000000000e+01
9.300000000000000000e+01 1.600000000000000000e+01 0.000000000000000000e+00 5.250000000000000000e+02 1.090000000000000000e+02
8.600000000000000000e+01 2.200000000000000000e+01 3.000000000000000000e+00 5.980000000000000000e+02 1.110000000000000000e+02
9.800000000000000000e+01 1.400000000000000000e+01 0.000000000000000000e+00 6.380000000000000000e+02 1.100000000000000000e+02
9.600000000000000000e+01 1.800000000000000000e+01 1.000000000000000000e+00 5.970000000000000000e+02 1.140000000000000000e+02
6.300000000000000000e+01 2.000000000000000000e+01 2.000000000000000000e+00 5.470000000000000000e+02 8.500000000000000000e+01
7.100000000000000000e+01 1.700000000000000000e+01 0.000000000000000000e+00 5.490000000000000000e+02 8.800000000000000000e+01
8.700000000000000000e+01 1.700000000000000000e+01 1.000000000000000000e+00 5.510000000000000000e+02 1.040000000000000000e+02
8.600000000000000000e+01 1.400000000000000000e+01 2.000000000000000000e+00 3.720000000000000000e+02 9.900000000000000000e+01
8.100000000000000000e+01 2.200000000000000000e+01 2.000000000000000000e+00 5.840000000000000000e+02 1.050000000000000000e+02
7.800000000000000000e+01 1.700000000000000000e+01 0.000000000000000000e+00 6.600000000000000000e+02 9.400000000000000000e+01
9.600000000000000000e+01 1.700000000000000000e+01 0.000000000000000000e+00 5.800000000000000000e+02 1.110000000000000000e+02
8.000000000000000000e+01 1.800000000000000000e+01 0.000000000000000000e+00 5.920000000000000000e+02 9.800000000000000000e+01
1.230000000000000000e+02 1.500000000000000000e+01 1.000000000000000000e+00 6.020000000000000000e+02 1.370000000000000000e+02
8.100000000000000000e+01 1.900000000000000000e+01 1.000000000000000000e+00 4.410000000000000000e+02 1.000000000000000000e+02
8.900000000000000000e+01 1.800000000000000000e+01 1.000000000000000000e+00 5.320000000000000000e+02 1.080000000000000000e+02
9.200000000000000000e+01 1.500000000000000000e+01 1.000000000000000000e+00 5.010000000000000000e+02 1.060000000000000000e+02
8.600000000000000000e+01 1.800000000000000000e+01 1.000000000000000000e+00 6.970000000000000000e+02 1.040000000000000000e+02
7.800000000000000000e+01 1.200000000000000000e+01 0.000000000000000000e+00 4.820000000000000000e+02 9.000000000000000000e+01
8.700000000000000000e+01 1.700000000000000000e+01 2.000000000000000000e+00 3.850000000000000000e+02 1.060000000000000000e+02
9.300000000000000000e+01 1.900000000000000000e+01 1.000000000000000000e+00 5.540000000000000000e+02 1.120000000000000000e+02
7.400000000000000000e+01 1.400000000000000000e+01 0.000000000000000000e+00 6.000000000000000000e+02 8.500000000000000000e+01
8.100000000000000000e+01 2.200000000000000000e+01 2.000000000000000000e+00 6.950000000000000000e+02 1.050000000000000000e+02
8.400000000000000000e+01 1.500000000000000000e+01 2.000000000000000000e+00 4.690000000000000000e+02 1.000000000000000000e+02
9.100000000000000000e+01 1.500000000000000000e+01 1.000000000000000000e+00 5.580000000000000000e+02 1.070000000000000000e+02
8.500000000000000000e+01 2.100000000000000000e+01 4.000000000000000000e+00 5.680000000000000000e+02 1.090000000000000000e+02
9.500000000000000000e+01 1.900000000000000000e+01 1.000000000000000000e+00 6.300000000000000000e+02 1.150000000000000000e+02
8.200000000000000000e+01 1.600000000000000000e+01 1.000000000000000000e+00 3.690000000000000000e+02 9.900000000000000000e+01
9.300000000000000000e+01 1.500000000000000000e+01 1.000000000000000000e+00 6.900000000000000000e+02 1.080000000000000000e+02
8.600000000000000000e+01 1.900000000000000000e+01 0.000000000000000000e+00 7.370000000000000000e+02 1.020000000000000000e+02
9.000000000000000000e+01 1.500000000000000000e+01 3.000000000000000000e+00 5.570000000000000000e+02 1.080000000000000000e+02
7.900000000000000000e+01 1.400000000000000000e+01 1.000000000000000000e+00 3.750000000000000000e+02 9.400000000000000000e+01
7.700000000000000000e+01 2.000000000000000000e+01 2.000000000000000000e+00 3.120000000000000000e+02 9.900000000000000000e+01
1.060000000000000000e+02 2.300000000000000000e+01 1.000000000000000000e+00 6.490000000000000000e+02 1.290000000000000000e+02
8.700000000000000000e+01 2.000000000000000000e+01 1.000000000000000000e+00 4.600000000000000000e+02 1.060000000000000000e+02
9.600000000000000000e+01 2.100000000000000000e+01 1.000000000000000000e+00 6.390000000000000000e+02 1.160000000000000000e+02
9.900000000000000000e+01 2.100000000000000000e+01 4.000000000000000000e+00 5.790000000000000000e+02 1.230000000000000000e+02
7.900000000000000000e+01 1.400000000000000000e+01 1.000000000000000000e+00 5.630000000000000000e+02 9.300000000000000000e+01
9.700000000000000000e+01 1.500000000000000000e+01 0.000000000000000000e+00 6.640000000000000000e+02 1.120000000000000000e+02
8.700000000000000000e+01 2.700000000000000000e+01 2.000000000000000000e+00 6.820000000000000000e+02 1.120000000000000000e+02
7.800000000000000000e+01 1.200000000000000000e+01 0.000000000000000000e+00 6.850000000000000000e+02 9.000000000000000000e+01
6.700000000000000000e+01 8.000000000000000000e+00 0.000000000000000000e+00 1.730000000000000000e+02 7.500000000000000000e+01
7.800000000000000000e+01 1.100000000000000000e+01 0.000000000000000000e+00 3.820000000000000000e+02 8.900000000000000000e+01
9.600000000000000000e+01 1.300000000000000000e+01 0.000000000000000000e+00 6.450000000000000000e+02 1.070000000000000000e+02
8.200000000000000000e+01 2.500000000000000000e+01 0.000000000000000000e+00 6.940000000000000000e+02 1.050000000000000000e+02
8.700000000000000000e+01 1.900000000000000000e+01 2.000000000000000000e+00 6.570000000000000000e+02 1.050000000000000000e+02
8.800000000000000000e+01 1.400000000000000000e+01 0.000000000000000000e+00 5.590000000000000000e+02 1.010000000000000000e+02
1.040000000000000000e+02 1.700000000000000000e+01 1.000000000000000000e+00 6.850000000000000000e+02 1.200000000000000000e+02
9.700000000000000000e+01 1.100000000000000000e+01 0.000000000000000000e+00 6.070000000000000000e+02 1.080000000000000000e+02
9.600000000000000000e+01 1.900000000000000000e+01 1.000000000000000000e+00 6.120000000000000000e+02 1.160000000000000000e+02
8.800000000000000000e+01 3.000000000000000000e+01 0.000000000000000000e+00 4.830000000000000000e+02 1.170000000000000000e+02
1.060000000000000000e+02 1.800000000000000000e+01 1.000000000000000000e+00 6.660000000000000000e+02 1.210000000000000000e+02
9.300000000000000000e+01 1.800000000000000000e+01 2.000000000000000000e+00 6.020000000000000000e+02 1.130000000000000000e+02
8.900000000000000000e+01 9.000000000000000000e+00 0.000000000000000000e+00 4.930000000000000000e+02 9.700000000000000000e+01
9.700000000000000000e+01 1.300000000000000000e+01 0.000000000000000000e+00 6.580000000000000000e+02 1.090000000000000000e+02
8.400000000000000000e+01 1.700000000000000000e+01 0.000000000000000000e+00 5.530000000000000000e+02 1.010000000000000000e+02
1.010000000000000000e+02 1.600000000000000000e+01 2.000000000000000000e+00 7.410000000000000000e+02 1.180000000000000000e+02
9.700000000000000000e+01 1.600000000000000000e+01 3.000000000000000000e+00 6.350000000000000000e+02 1.160000000000000000e+02
8.200000000000000000e+01 1.400000000000000000e+01 0.000000000000000000e+00 3.760000000000000000e+02 9.600000000000000000e+01
9.600000000000000000e+01 1.500000000000000000e+01 2.000000000000000000e+00 5.800000000000000000e+02 1.120000000000000000e+02
8.800000000000000000e+01 2.000000000000000000e+01 1.000000000000000000e+00 5.870000000000000000e+02 1.090000000000000000e+02
8.000000000000000000e+01 1.100000000000000000e+01 0.000000000000000000e+00 4.970000000000000000e+02 9.000000000000000000e+01
8.700000000000000000e+01 1.500000000000000000e+01 0.000000000000000000e+00 5.040000000000000000e+02 1.000000000000000000e+02
8.300000000000000000e+01 2.200000000000000000e+01 3.000000000000000000e+00 6.210000000000000000e+02 1.070000000000000000e+02
8.000000000000000000e+01 1.600000000000000000e+01 1.000000000000000000e+00 5.720000000000000000e+02 9.700000000000000000e+01
6.600000000000000000e+01 2.200000000000000000e+01 2.000000000000000000e+00 1.970000000000000000e+02 9.000000000000000000e+01
7.100000000000000000e+01 2.400000000000000000e+01 0.000000000000000000e+00 6.370000000000000000e+02 9.400000000000000000e+01
8.500000000000000000e+01 2.300000000000000000e+01 0.000000000000000000e+00 7.830000000000000000e+02 1.060000000000000000e+02
9.100000000000000000e+01 1.600000000000000000e+01 2.000000000000000000e+00 5.600000000000000000e+02 1.070000000000000000e+02
8.300000000000000000e+01 1.600000000000000000e+01 2.000000000000000000e+00 5.060000000000000000e+02 1.010000000000000000e+02
9.000000000000000000e+01 1.400000000000000000e+01 1.000000000000000000e+00 5.760000000000000000e+02 1.030000000000000000e+02
1.020000000000000000e+02 1.800000000000000000e+01 0.000000000000000000e+00 6.060000000000000000e+02 1.190000000000000000e+02
8.600000000000000000e+01 1.300000000000000000e+01 1.000000000000000000e+00 7.020000000000000000e+02 9.900000000000000000e+01
8.800000000000000000e+01 2.400000000000000000e+01 1.000000000000000000e+00 6.170000000000000000e+02 1.120000000000000000e+02
7.800000000000000000e+01 1.200000000000000000e+01 1.000000000000000000e+00 6.150000000000000000e+02 8.900000000000000000e+01
8.000000000000000000e+01 1.500000000000000000e+01 1.000000000000000000e+00 5.390000000000000000e+02 9.500000000000000000e+01
8.700000000000000000e+01 2.700000000000000000e+01 1.000000000000000000e+00 5.980000000000000000e+02 1.150000000000000000e+02
9.000000000000000000e+01 1.900000000000000000e+01 2.000000000000000000e+00 6.430000000000000000e+02 1.080000000000000000e+02
9.500000000000000000e+01 2.800000000000000000e+01 1.000000000000000000e+00 6.670000000000000000e+02 1.230000000000000000e+02
8.300000000000000000e+01 2.600000000000000000e+01 1.000000000000000000e+00 6.440000000000000000e+02 1.100000000000000000e+02
9.000000000000000000e+01 1.600000000000000000e+01 0.000000000000000000e+00 6.320000000000000000e+02 1.060000000000000000e+02
9.300000000000000000e+01 1.500000000000000000e+01 1.000000000000000000e+00 6.140000000000000000e+02 1.090000000000000000e+02
8.100000000000000000e+01 1.600000000000000000e+01 1.000000000000000000e+00 4.540000000000000000e+02 9.700000000000000000e+01
7.800000000000000000e+01 1.800000000000000000e+01 1.000000000000000000e+00 5.870000000000000000e+02 9.500000000000000000e+01
9.800000000000000000e+01 1.500000000000000000e+01 1.000000000000000000e+00 6.170000000000000000e+02 1.120000000000000000e+02
8.000000000000000000e+01 1.200000000000000000e+01 1.000000000000000000e+00 5.040000000000000000e+02 9.100000000000000000e+01
7.900000000000000000e+01 1.700000000000000000e+01 1.000000000000000000e+00 5.870000000000000000e+02 9.300000000000000000e+01
7.600000000000000000e+01 1.400000000000000000e+01 0.000000000000000000e+00 4.980000000000000000e+02 9.000000000000000000e+01
1.040000000000000000e+02 1.700000000000000000e+01 0.000000000000000000e+00 7.230000000000000000e+02 1.200000000000000000e+02
9.900000000000000000e+01 1.500000000000000000e+01 1.000000000000000000e+00 6.270000000000000000e+02 1.130000000000000000e+02
1.090000000000000000e+02 2.400000000000000000e+01 1.000000000000000000e+00 7.450000000000000000e+02 1.330000000000000000e+02
1.050000000000000000e+02 1.900000000000000000e+01 0.000000000000000000e+00 6.450000000000000000e+02 1.230000000000000000e+02
8.500000000000000000e+01 1.100000000000000000e+01 1.000000000000000000e+00 5.680000000000000000e+02 9.700000000000000000e+01
7.300000000000000000e+01 1.100000000000000000e+01 1.000000000000000000e+00 4.950000000000000000e+02 8.400000000000000000e+01
9.000000000000000000e+01 1.600000000000000000e+01 0.000000000000000000e+00 5.170000000000000000e+02 1.050000000000000000e+02
8.900000000000000000e+01 1.200000000000000000e+01 0.000000000000000000e+00 4.530000000000000000e+02 1.000000000000000000e+02
9.600000000000000000e+01 2.300000000000000000e+01 1.000000000000000000e+00 6.580000000000000000e+02 1.180000000000000000e+02
