9.400000000000000000e+01 1.270000000000000000e+02 2.700000000000000000e+01 2.010000000000000000e+03 2.470000000000000000e+02
1.510000000000000000e+02 1.220000000000000000e+02 2.400000000000000000e+01 2.048000000000000000e+03 2.870000000000000000e+02
1.690000000000000000e+02 1.530000000000000000e+02 3.300000000000000000e+01 2.460000000000000000e+03 3.530000000000000000e+02
1.570000000000000000e+02 1.670000000000000000e+02 3.200000000000000000e+01 2.060000000000000000e+03 3.520000000000000000e+02
1.340000000000000000e+02 1.400000000000000000e+02 3.700000000000000000e+01 2.174000000000000000e+03 3.020000000000000000e+02
2.050000000000000000e+02 1.630000000000000000e+02 3.800000000000000000e+01 2.360000000000000000e+03 3.900000000000000000e+02
1.550000000000000000e+02 1.190000000000000000e+02 2.400000000000000000e+01 2.176000000000000000e+03 2.940000000000000000e+02
1.800000000000000000e+02 1.430000000000000000e+02 2.500000000000000000e+01 2.277000000000000000e+03 3.440000000000000000e+02
1.340000000000000000e+02 1.020000000000000000e+02 2.000000000000000000e+01 2.028000000000000000e+03 2.530000000000000000e+02
1.260000000000000000e+02 1.420000000000000000e+02 2.600000000000000000e+01 2.241000000000000000e+03 2.910000000000000000e+02
1.900000000000000000e+02 1.770000000000000000e+02 3.600000000000000000e+01 2.336000000000000000e+03 3.940000000000000000e+02
1.820000000000000000e+02 1.480000000000000000e+02 2.500000000000000000e+01 2.425000000000000000e+03 3.500000000000000000e+02
1.930000000000000000e+02 1.680000000000000000e+02 4.500000000000000000e+01 2.604000000000000000e+03 4.030000000000000000e+02
8.300000000000000000e+01 9.300000000000000000e+01 2.200000000000000000e+01 1.705000000000000000e+03 1.920000000000000000e+02
1.070000000000000000e+02 1.270000000000000000e+02 3.200000000000000000e+01 2.028000000000000000e+03 2.590000000000000000e+02
1.800000000000000000e+02 1.490000000000000000e+02 3.600000000000000000e+01 2.014000000000000000e+03 3.590000000000000000e+02
1.610000000000000000e+02 1.430000000000000000e+02 3.300000000000000000e+01 2.039000000000000000e+03 3.320000000000000000e+02
1.490000000000000000e+02 1.610000000000000000e+02 3.500000000000000000e+01 2.186000000000000000e+03 3.330000000000000000e+02
1.520000000000000000e+02 1.340000000000000000e+02 1.900000000000000000e+01 2.187000000000000000e+03 3.010000000000000000e+02
1.150000000000000000e+02 1.240000000000000000e+02 1.900000000000000000e+01 1.963000000000000000e+03 2.570000000000000000e+02
2.090000000000000000e+02 1.770000000000000000e+02 3.000000000000000000e+01 2.642000000000000000e+03 4.030000000000000000e+02
1.970000000000000000e+02 1.370000000000000000e+02 2.900000000000000000e+01 2.224000000000000000e+03 3.570000000000000000e+02
1.460000000000000000e+02 1.130000000000000000e+02 2.800000000000000000e+01 2.009000000000000000e+03 2.820000000000000000e+02
1.300000000000000000e+02 1.080000000000000000e+02 3.400000000000000000e+01 2.204000000000000000e+03 2.700000000000000000e+02
2.900000000000000000e+01 6.300000000000000000e+01 1.700000000000000000e+01 1.759000000000000000e+03 1.060000000000000000e+02
1.620000000000000000e+02 1.220000000000000000e+02 3.100000000000000000e+01 1.863000000000000000e+03 3.110000000000000000e+02
1.880000000000000000e+02 1.730000000000000000e+02 2.800000000000000000e+01 2.514000000000000000e+03 3.800000000000000000e+02
1.500000000000000000e+02 1.670000000000000000e+02 3.900000000000000000e+01 2.178000000000000000e+03 3.510000000000000000e+02
8.300000000000000000e+01 1.360000000000000000e+02 3.000000000000000000e+01 1.903000000000000000e+03 2.440000000000000000e+02
2.230000000000000000e+02 2.020000000000000000e+02 4.100000000000000000e+01 2.440000000000000000e+03 4.430000000000000000e+02
2.130000000000000000e+02 1.580000000000000000e+02 3.500000000000000000e+01 2.620000000000000000e+03 4.020000000000000000e+02
1.830000000000000000e+02 1.620000000000000000e+02 3.500000000000000000e+01 2.379000000000000000e+03 3.740000000000000000e+02
2.070000000000000000e+02 1.920000000000000000e+02 2.900000000000000000e+01 2.463000000000000000e+03 4.180000000000000000e+02
1.520000000000000000e+02 1.220000000000000000e+02 3.400000000000000000e+01 2.322000000000000000e+03 3.040000000000000000e+02
1.950000000000000000e+02 1.750000000000000000e+02 3.000000000000000000e+01 2.198000000000000000e+03 3.890000000000000000e+02
1.530000000000000000e+02 1.340000000000000000e+02 2.100000000000000000e+01 2.084000000000000000e+03 3.060000000000000000e+02
1.760000000000000000e+02 1.600000000000000000e+02 3.800000000000000000e+01 2.397000000000000000e+03 3.710000000000000000e+02
2.300000000000000000e+02 1.920000000000000000e+02 3.500000000000000000e+01 2.558000000000000000e+03 4.460000000000000000e+02
1.670000000000000000e+02 1.530000000000000000e+02 3.100000000000000000e+01 2.213000000000000000e+03 3.440000000000000000e+02
1.550000000000000000e+02 1.690000000000000000e+02 4.300000000000000000e+01 2.174000000000000000e+03 3.620000000000000000e+02
1.560000000000000000e+02 1.320000000000000000e+02 2.400000000000000000e+01 2.228000000000000000e+03 3.080000000000000000e+02
1.480000000000000000e+02 1.610000000000000000e+02 3.500000000000000000e+01 2.326000000000000000e+03 3.390000000000000000e+02
2.540000000000000000e+02 1.670000000000000000e+02 3.200000000000000000e+01 2.650000000000000000e+03 4.320000000000000000e+02
1.780000000000000000e+02 1.260000000000000000e+02 3.600000000000000000e+01 2.417000000000000000e+03 3.390000000000000000e+02
1.620000000000000000e+02 1.500000000000000000e+02 2.600000000000000000e+01 2.409000000000000000e+03 3.360000000000000000e+02
1.460000000000000000e+02 1.580000000000000000e+02 4.600000000000000000e+01 2.276000000000000000e+03 3.470000000000000000e+02
1.350000000000000000e+02 1.290000000000000000e+02 2.000000000000000000e+01 2.238000000000000000e+03 2.810000000000000000e+02
1.190000000000000000e+02 1.480000000000000000e+02 3.500000000000000000e+01 2.303000000000000000e+03 3.010000000000000000e+02
1.970000000000000000e+02 1.730000000000000000e+02 4.600000000000000000e+01 2.249000000000000000e+03 4.150000000000000000e+02
8.700000000000000000e+01 8.300000000000000000e+01 1.600000000000000000e+01 1.862000000000000000e+03 1.810000000000000000e+02
2.240000000000000000e+02 1.940000000000000000e+02 3.800000000000000000e+01 2.569000000000000000e+03 4.440000000000000000e+02
1.590000000000000000e+02 1.450000000000000000e+02 4.100000000000000000e+01 2.269000000000000000e+03 3.320000000000000000e+02
1.410000000000000000e+02 1.280000000000000000e+02 3.400000000000000000e+01 2.052000000000000000e+03 2.970000000000000000e+02
1.430000000000000000e+02 1.300000000000000000e+02 2.800000000000000000e+01 2.259000000000000000e+03 3.000000000000000000e+02
1.680000000000000000e+02 2.230000000000000000e+02 4.500000000000000000e+01 2.537000000000000000e+03 4.210000000000000000e+02
1.440000000000000000e+02 1.740000000000000000e+02 4.100000000000000000e+01 2.385000000000000000e+03 3.530000000000000000e+02
1.420000000000000000e+02 1.690000000000000000e+02 3.700000000000000000e+01 2.053000000000000000e+03 3.390000000000000000e+02
1.260000000000000000e+02 1.490000000000000000e+02 4.000000000000000000e+01 2.270000000000000000e+03 3.110000000000000000e+02
1.410000000000000000e+02 1.450000000000000000e+02 2.900000000000000000e+01 2.335000000000000000e+03 3.140000000000000000e+02
1.710000000000000000e+02 1.770000000000000000e+02 3.200000000000000000e+01 2.185000000000000000e+03 3.780000000000000000e+02
1.680000000000000000e+02 1.630000000000000000e+02 3.400000000000000000e+01 2.390000000000000000e+03 3.620000000000000000e+02
9.900000000000000000e+01 7.600000000000000000e+01 1.500000000000000000e+01 1.625000000000000000e+03 1.870000000000000000e+02
1.380000000000000000e+02 1.260000000000000000e+02 3.000000000000000000e+01 2.229000000000000000e+03 2.900000000000000000e+02
1.420000000000000000e+02 1.390000000000000000e+02 3.000000000000000000e+01 2.057000000000000000e+03 3.040000000000000000e+02
2.080000000000000000e+02 2.130000000000000000e+02 4.000000000000000000e+01 2.537000000000000000e+03 4.480000000000000000e+02
1.730000000000000000e+02 1.410000000000000000e+02 1.900000000000000000e+01 2.287000000000000000e+03 3.310000000000000000e+02
1.750000000000000000e+02 1.280000000000000000e+02 3.800000000000000000e+01 2.304000000000000000e+03 3.340000000000000000e+02
6.400000000000000000e+01 1.050000000000000000e+02 2.800000000000000000e+01 1.969000000000000000e+03 1.920000000000000000e+02
2.270000000000000000e+02 2.130000000000000000e+02 5.000000000000000000e+01 2.550000000000000000e+03 4.670000000000000000e+02
1.980000000000000000e+02 1.620000000000000000e+02 3.400000000000000000e+01 2.220000000000000000e+03 3.870000000000000000e+02
1.170000000000000000e+02 1.310000000000000000e+02 3.400000000000000000e+01 2.108000000000000000e+03 2.800000000000000000e+02
1.530000000000000000e+02 1.220000000000000000e+02 2.900000000000000000e+01 2.012000000000000000e+03 3.020000000000000000e+02
2.270000000000000000e+02 1.810000000000000000e+02 3.800000000000000000e+01 2.336000000000000000e+03 4.340000000000000000e+02
2.000000000000000000e+02 1.450000000000000000e+02 2.500000000000000000e+01 2.313000000000000000e+03 3.690000000000000000e+02
1.090000000000000000e+02 1.040000000000000000e+02 2.000000000000000000e+01 1.862000000000000000e+03 2.270000000000000000e+02
1.640000000000000000e+02 1.420000000000000000e+02 2.200000000000000000e+01 2.413000000000000000e+03 3.250000000000000000e+02
1.920000000000000000e+02 1.870000000000000000e+02 3.800000000000000000e+01 2.598000000000000000e+03 4.150000000000000000e+02
2.210000000000000000e+02 1.770000000000000000e+02 3.600000000000000000e+01 2.423000000000000000e+03 4.270000000000000000e+02
2.010000000000000000e+02 1.860000000000000000e+02 3.700000000000000000e+01 2.621000000000000000e+03 4.180000000000000000e+02
1.140000000000000000e+02 1.070000000000000000e+02 2.600000000000000000e+01 2.099000000000000000e+03 2.400000000000000000e+02
1.680000000000000000e+02 1.610000000000000000e+02 2.300000000000000000e+01 2.334000000000000000e+03 3.450000000000000000e+02
1.110000000000000000e+02 1.200000000000000000e+02 1.600000000000000000e+01 1.971000000000000000e+03 2.430000000000000000e+02
1.200000000000000000e+02 1.610000000000000000e+02 3.700000000000000000e+01 2.278000000000000000e+03 3.160000000000000000e+02
1.310000000000000000e+02 1.140000000000000000e+02 3.100000000000000000e+01 2.271000000000000000e+03 2.720000000000000000e+02
7.700000000000000000e+01 1.000000000000000000e+02 1.900000000000000000e+01 1.651000000000000000e+03 1.940000000000000000e+02
1.370000000000000000e+02 1.550000000000000000e+02 2.600000000000000000e+01 2.224000000000000000e+03 3.160000000000000000e+02
1.930000000000000000e+02 1.350000000000000000e+02 2.900000000000000000e+01 2.174000000000000000e+03 3.540000000000000000e+02
1.670000000000000000e+02 1.650000000000000000e+02 4.100000000000000000e+01 2.233000000000000000e+03 3.720000000000000000e+02
1.780000000000000000e+02 1.700000000000000000e+02 4.200000000000000000e+01 2.533000000000000000e+03 3.860000000000000000e+02
1.330000000000000000e+02 1.370000000000000000e+02 2.000000000000000000e+01 2.356000000000000000e+03 2.890000000000000000e+02
1.700000000000000000e+02 1.610000000000000000e+02 3.700000000000000000e+01 2.435000000000000000e+03 3.680000000000000000e+02
1.190000000000000000e+02 1.350000000000000000e+02 2.900000000000000000e+01 2.210000000000000000e+03 2.830000000000000000e+02
1.180000000000000000e+02 1.210000000000000000e+02 2.400000000000000000e+01 2.106000000000000000e+03 2.580000000000000000e+02
1.410000000000000000e+02 1.390000000000000000e+02 2.900000000000000000e+01 2.522000000000000000e+03 3.080000000000000000e+02
1.650000000000000000e+02 1.370000000000000000e+02 2.900000000000000000e+01 2.182000000000000000e+03 3.270000000000000000e+02
1.370000000000000000e+02 1.180000000000000000e+02 3.200000000000000000e+01 2.016000000000000000e+03 2.850000000000000000e+02
2.070000000000000000e+02 1.600000000000000000e+02 3.500000000000000000e+01 2.632000000000000000e+03 3.950000000000000000e+02
2.140000000000000000e+02 1.530000000000000000e+02 2.600000000000000000e+01 2.403000000000000000e+03 3.870000000000000000e+02
1.460000000000000000e+02 1.640000000000000000e+02 4.200000000000000000e+01 2.344000000000000000e+03 3.510000000000000000e+02
1.230000000000000000e+02 1.310000000000000000e+02 4.200000000000000000e+01 2.320000000000000000e+03 2.880000000000000000e+02
1.540000000000000000e+02 1.600000000000000000e+02 3.700000000000000000e+01 2.101000000000000000e+03 3.440000000000000000e+02
1.500000000000000000e+02 1.430000000000000000e+02 3.100000000000000000e+01 1.852000000000000000e+03 3.180000000000000000e+02
1.640000000000000000e+02 1.390000000000000000e+02 2.500000000000000000e+01 2.376000000000000000e+03 3.240000000000000000e+02
1.270000000000000000e+02 1.270000000000000000e+02 3.100000000000000000e+01 2.190000000000000000e+03 2.790000000000000000e+02
1.170000000000000000e+02 1.190000000000000000e+02 3.000000000000000000e+01 2.237000000000000000e+03 2.620000000000000000e+02
1.430000000000000000e+02 1.340000000000000000e+02 3.700000000000000000e+01 2.097000000000000000e+03 3.120000000000000000e+02
1.110000000000000000e+02 1.050000000000000000e+02 2.200000000000000000e+01 2.178000000000000000e+03 2.350000000000000000e+02
2.060000000000000000e+02 1.930000000000000000e+02 4.200000000000000000e+01 2.591000000000000000e+03 4.320000000000000000e+02
2.430000000000000000e+02 1.820000000000000000e+02 3.900000000000000000e+01 2.802000000000000000e+03 4.460000000000000000e+02
1.410000000000000000e+02 1.360000000000000000e+02 2.500000000000000000e+01 2.420000000000000000e+03 3.000000000000000000e+02
2.010000000000000000e+02 1.590000000000000000e+02 3.600000000000000000e+01 2.498000000000000000e+03 3.910000000000000000e+02
1.360000000000000000e+02 1.520000000000000000e+02 2.800000000000000000e+01 2.465000000000000000e+03 3.110000000000000000e+02
1.540000000000000000e+02 1.460000000000000000e+02 3.700000000000000000e+01 2.338000000000000000e+03 3.310000000000000000e+02
1.860000000000000000e+02 1.280000000000000000e+02 3.000000000000000000e+01 2.233000000000000000e+03 3.400000000000000000e+02
1.460000000000000000e+02 1.560000000000000000e+02 2.200000000000000000e+01 2.277000000000000000e+03 3.210000000000000000e+02
1.900000000000000000e+02 1.490000000000000000e+02 3.800000000000000000e+01 2.369000000000000000e+03 3.750000000000000000e+02
1.160000000000000000e+02 1.230000000000000000e+02 3.300000000000000000e+01 2.241000000000000000e+03 2.690000000000000000e+02
1.580000000000000000e+02 1.610000000000000000e+02 2.600000000000000000e+01 2.113000000000000000e+03 3.400000000000000000e+02
1.840000000000000000e+02 1.730000000000000000e+02 2.900000000000000000e+01 2.510000000000000000e+03 3.830000000000000000e+02
1.450000000000000000e+02 1.420000000000000000e+02 2.500000000000000000e+01 2.431000000000000000e+03 3.110000000000000000e+02
1.100000000000000000e+02 1.090000000000000000e+02 3.100000000000000000e+01 2.018000000000000000e+03 2.480000000000000000e+02
1.620000000000000000e+02 1.610000000000000000e+02 3.300000000000000000e+01 2.356000000000000000e+03 3.510000000000000000e+02
1.620000000000000000e+02 1.540000000000000000e+02 3.000000000000000000e+01 2.280000000000000000e+03 3.390000000000000000e+02
1.430000000000000000e+02 1.350000000000000000e+02 2.100000000000000000e+01 2.316000000000000000e+03 2.990000000000000000e+02
1.270000000000000000e+02 1.210000000000000000e+02 3.100000000000000000e+01 2.168000000000000000e+03 2.720000000000000000e+02
1.700000000000000000e+02 1.590000000000000000e+02 4.100000000000000000e+01 2.330000000000000000e+03 3.650000000000000000e+02
1.350000000000000000e+02 1.460000000000000000e+02 3.800000000000000000e+01 2.111000000000000000e+03 3.160000000000000000e+02
1.610000000000000000e+02 1.410000000000000000e+02 3.100000000000000000e+01 1.950000000000000000e+03 3.320000000000000000e+02
1.280000000000000000e+02 1.810000000000000000e+02 4.000000000000000000e+01 2.474000000000000000e+03 3.360000000000000000e+02
1.360000000000000000e+02 1.300000000000000000e+02 3.500000000000000000e+01 2.277000000000000000e+03 2.950000000000000000e+02
1.720000000000000000e+02 1.570000000000000000e+02 2.900000000000000000e+01 2.463000000000000000e+03 3.550000000000000000e+02
1.420000000000000000e+02 1.300000000000000000e+02 2.500000000000000000e+01 2.345000000000000000e+03 2.930000000000000000e+02
1.210000000000000000e+02 1.310000000000000000e+02 1.500000000000000000e+01 2.144000000000000000e+03 2.630000000000000000e+02
1.360000000000000000e+02 1.410000000000000000e+02 3.100000000000000000e+01 2.396000000000000000e+03 3.050000000000000000e+02
1.170000000000000000e+02 1.440000000000000000e+02 3.400000000000000000e+01 2.200000000000000000e+03 2.930000000000000000e+02
1.660000000000000000e+02 1.780000000000000000e+02 3.500000000000000000e+01 2.606000000000000000e+03 3.650000000000000000e+02
1.920000000000000000e+02 1.550000000000000000e+02 4.000000000000000000e+01 2.462000000000000000e+03 3.810000000000000000e+02
1.540000000000000000e+02 1.230000000000000000e+02 3.000000000000000000e+01 2.090000000000000000e+03 3.060000000000000000e+02
1.270000000000000000e+02 1.380000000000000000e+02 3.400000000000000000e+01 2.075000000000000000e+03 2.970000000000000000e+02
1.600000000000000000e+02 1.470000000000000000e+02 3.500000000000000000e+01 2.203000000000000000e+03 3.400000000000000000e+02
1.280000000000000000e+02 1.510000000000000000e+02 2.500000000000000000e+01 2.098000000000000000e+03 2.970000000000000000e+02
2.060000000000000000e+02 1.780000000000000000e+02 2.800000000000000000e+01 2.557000000000000000e+03 4.000000000000000000e+02
1.410000000000000000e+02 1.480000000000000000e+02 3.200000000000000000e+01 2.320000000000000000e+03 3.170000000000000000e+02
2.180000000000000000e+02 1.750000000000000000e+02 2.800000000000000000e+01 2.502000000000000000e+03 4.110000000000000000e+02
1.480000000000000000e+02 1.420000000000000000e+02 2.200000000000000000e+01 2.204000000000000000e+03 3.050000000000000000e+02
1.850000000000000000e+02 1.570000000000000000e+02 2.600000000000000000e+01 2.436000000000000000e+03 3.640000000000000000e+02
1.670000000000000000e+02 1.670000000000000000e+02 4.400000000000000000e+01 2.340000000000000000e+03 3.750000000000000000e+02
1.470000000000000000e+02 1.710000000000000000e+02 3.800000000000000000e+01 2.377000000000000000e+03 3.560000000000000000e+02
1.040000000000000000e+02 1.100000000000000000e+02 2.700000000000000000e+01 1.945000000000000000e+03 2.390000000000000000e+02
1.310000000000000000e+02 1.470000000000000000e+02 3.700000000000000000e+01 2.132000000000000000e+03 3.090000000000000000e+02
1.980000000000000000e+02 1.450000000000000000e+02 2.700000000000000000e+01 2.594000000000000000e+03 3.620000000000000000e+02
1.250000000000000000e+02 1.140000000000000000e+02 1.900000000000000000e+01 2.107000000000000000e+03 2.560000000000000000e+02
1.060000000000000000e+02 1.220000000000000000e+02 3.200000000000000000e+01 2.320000000000000000e+03 2.590000000000000000e+02
1.570000000000000000e+02 1.620000000000000000e+02 2.800000000000000000e+01 2.244000000000000000e+03 3.440000000000000000e+02
1.410000000000000000e+02 1.500000000000000000e+02 2.800000000000000000e+01 2.263000000000000000e+03 3.150000000000000000e+02
1.550000000000000000e+02 1.540000000000000000e+02 2.200000000000000000e+01 2.326000000000000000e+03 3.280000000000000000e+02
1.120000000000000000e+02 1.280000000000000000e+02 3.100000000000000000e+01 2.152000000000000000e+03 2.670000000000000000e+02
1.510000000000000000e+02 1.490000000000000000e+02 3.000000000000000000e+01 2.189000000000000000e+03 3.230000000000000000e+02
1.350000000000000000e+02 1.730000000000000000e+02 3.400000000000000000e+01 2.282000000000000000e+03 3.380000000000000000e+02
1.630000000000000000e+02 1.890000000000000000e+02 5.300000000000000000e+01 2.397000000000000000e+03 3.950000000000000000e+02
2.050000000000000000e+02 1.510000000000000000e+02 2.400000000000000000e+01 2.300000000000000000e+03 3.760000000000000000e+02
1.560000000000000000e+02 1.460000000000000000e+02 2.600000000000000000e+01 2.112000000000000000e+03 3.260000000000000000e+02
1.340000000000000000e+02 1.230000000000000000e+02 3.000000000000000000e+01 2.141000000000000000e+03 2.820000000000000000e+02
1.250000000000000000e+02 1.260000000000000000e+02 2.200000000000000000e+01 1.987000000000000000e+03 2.660000000000000000e+02
1.230000000000000000e+02 1.340000000000000000e+02 2.500000000000000000e+01 2.244000000000000000e+03 2.790000000000000000e+02
1.520000000000000000e+02 1.570000000000000000e+02 4.200000000000000000e+01 2.446000000000000000e+03 3.460000000000000000e+02
1.890000000000000000e+02 1.440000000000000000e+02 2.700000000000000000e+01 2.206000000000000000e+03 3.540000000000000000e+02
1.500000000000000000e+02 1.330000000000000000e+02 4.100000000000000000e+01 2.665000000000000000e+03 3.230000000000000000e+02
1.830000000000000000e+02 1.710000000000000000e+02 3.400000000000000000e+01 2.529000000000000000e+03 3.820000000000000000e+02
1.560000000000000000e+02 1.730000000000000000e+02 3.700000000000000000e+01 2.422000000000000000e+03 3.600000000000000000e+02
2.140000000000000000e+02 2.010000000000000000e+02 3.900000000000000000e+01 2.622000000000000000e+03 4.430000000000000000e+02
1.250000000000000000e+02 1.270000000000000000e+02 3.300000000000000000e+01 1.946000000000000000e+03 2.800000000000000000e+02
1.370000000000000000e+02 1.290000000000000000e+02 2.200000000000000000e+01 2.241000000000000000e+03 2.840000000000000000e+02
1.380000000000000000e+02 1.340000000000000000e+02 2.900000000000000000e+01 2.278000000000000000e+03 3.000000000000000000e+02
1.260000000000000000e+02 1.130000000000000000e+02 2.500000000000000000e+01 2.057000000000000000e+03 2.610000000000000000e+02
1.060000000000000000e+02 1.180000000000000000e+02 3.000000000000000000e+01 2.076000000000000000e+03 2.520000000000000000e+02
9.200000000000000000e+01 9.700000000000000000e+01 1.600000000000000000e+01 1.898000000000000000e+03 2.010000000000000000e+02
1.710000000000000000e+02 1.310000000000000000e+02 2.800000000000000000e+01 2.150000000000000000e+03 3.270000000000000000e+02
2.070000000000000000e+02 1.610000000000000000e+02 4.000000000000000000e+01 2.320000000000000000e+03 3.960000000000000000e+02
1.640000000000000000e+02 1.680000000000000000e+02 3.400000000000000000e+01 2.401000000000000000e+03 3.620000000000000000e+02
2.050000000000000000e+02 1.370000000000000000e+02 3.000000000000000000e+01 2.154000000000000000e+03 3.620000000000000000e+02
1.860000000000000000e+02 1.830000000000000000e+02 3.900000000000000000e+01 2.561000000000000000e+03 4.070000000000000000e+02
1.620000000000000000e+02 1.580000000000000000e+02 2.300000000000000000e+01 1.977000000000000000e+03 3.390000000000000000e+02
1.590000000000000000e+02 1.500000000000000000e+02 3.200000000000000000e+01 2.460000000000000000e+03 3.340000000000000000e+02
1.830000000000000000e+02 1.270000000000000000e+02 2.200000000000000000e+01 2.532000000000000000e+03 3.290000000000000000e+02
1.260000000000000000e+02 1.240000000000000000e+02 2.000000000000000000e+01 2.045000000000000000e+03 2.670000000000000000e+02
1.400000000000000000e+02 1.270000000000000000e+02 3.000000000000000000e+01 2.173000000000000000e+03 2.920000000000000000e+02
1.690000000000000000e+02 1.290000000000000000e+02 3.900000000000000000e+01 2.421000000000000000e+03 3.270000000000000000e+02
1.040000000000000000e+02 1.110000000000000000e+02 2.400000000000000000e+01 2.191000000000000000e+03 2.340000000000000000e+02
2.060000000000000000e+02 2.010000000000000000e+02 4.000000000000000000e+01 2.622000000000000000e+03 4.310000000000000000e+02
1.560000000000000000e+02 1.610000000000000000e+02 3.200000000000000000e+01 2.165000000000000000e+03 3.450000000000000000e+02
4.200000000000000000e+01 6.400000000000000000e+01 1.800000000000000000e+01 1.737000000000000000e+03 1.170000000000000000e+02
1.470000000000000000e+02 1.410000000000000000e+02 3.000000000000000000e+01 2.206000000000000000e+03 3.140000000000000000e+02
1.980000000000000000e+02 1.490000000000000000e+02 3.700000000000000000e+01 2.490000000000000000e+03 3.790000000000000000e+02
1.020000000000000000e+02 1.310000000000000000e+02 3.400000000000000000e+01 1.840000000000000000e+03 2.630000000000000000e+02
1.560000000000000000e+02 1.410000000000000000e+02 3.400000000000000000e+01 2.085000000000000000e+03 3.270000000000000000e+02
1.890000000000000000e+02 1.470000000000000000e+02 3.600000000000000000e+01 2.109000000000000000e+03 3.620000000000000000e+02
1.140000000000000000e+02 1.170000000000000000e+02 2.000000000000000000e+01 1.903000000000000000e+03 2.490000000000000000e+02
2.040000000000000000e+02 1.560000000000000000e+02 2.700000000000000000e+01 2.327000000000000000e+03 3.760000000000000000e+02
2.400000000000000000e+02 1.930000000000000000e+02 3.200000000000000000e+01 2.618000000000000000e+03 4.580000000000000000e+02
1.160000000000000000e+02 1.280000000000000000e+02 2.200000000000000000e+01 2.075000000000000000e+03 2.610000000000000000e+02
1.290000000000000000e+02 1.520000000000000000e+02 3.300000000000000000e+01 2.363000000000000000e+03 3.090000000000000000e+02
1.340000000000000000e+02 1.580000000000000000e+02 2.800000000000000000e+01 2.236000000000000000e+03 3.130000000000000000e+02
1.580000000000000000e+02 1.470000000000000000e+02 3.500000000000000000e+01 2.388000000000000000e+03 3.370000000000000000e+02
1.280000000000000000e+02 1.420000000000000000e+02 3.200000000000000000e+01 2.316000000000000000e+03 2.990000000000000000e+02
1.730000000000000000e+02 1.640000000000000000e+02 3.500000000000000000e+01 2.794000000000000000e+03 3.660000000000000000e+02
1.460000000000000000e+02 1.280000000000000000e+02 3.000000000000000000e+01 2.176000000000000000e+03 3.010000000000000000e+02
1.030000000000000000e+02 9.000000000000000000e+01 1.800000000000000000e+01 1.889000000000000000e+03 2.060000000000000000e+02
1.260000000000000000e+02 1.570000000000000000e+02 3.900000000000000000e+01 2.232000000000000000e+03 3.160000000000000000e+02
4.200000000000000000e+01 7.200000000000000000e+01 1.000000000000000000e+01 1.564000000000000000e+03 1.210000000000000000e+02
2.650000000000000000e+02 1.760000000000000000e+02 3.200000000000000000e+01 2.552000000000000000e+03 4.650000000000000000e+02
1.850000000000000000e+02 1.620000000000000000e+02 2.400000000000000000e+01 2.429000000000000000e+03 3.700000000000000000e+02
1.760000000000000000e+02 1.400000000000000000e+02 2.500000000000000000e+01 2.208000000000000000e+03 3.390000000000000000e+02
1.990000000000000000e+02 1.600000000000000000e+02 3.100000000000000000e+01 2.553000000000000000e+03 3.840000000000000000e+02
9.800000000000000000e+01 1.340000000000000000e+02 4.200000000000000000e+01 2.047000000000000000e+03 2.730000000000000000e+02
1.500000000000000000e+02 1.310000000000000000e+02 3.100000000000000000e+01 2.071000000000000000e+03 3.050000000000000000e+02
9.700000000000000000e+01 1.250000000000000000e+02 3.700000000000000000e+01 2.042000000000000000e+03 2.550000000000000000e+02
1.740000000000000000e+02 1.380000000000000000e+02 3.000000000000000000e+01 2.466000000000000000e+03 3.380000000000000000e+02
2.010000000000000000e+02 1.400000000000000000e+02 2.700000000000000000e+01 2.494000000000000000e+03 3.660000000000000000e+02
1.100000000000000000e+02 1.280000000000000000e+02 3.000000000000000000e+01 2.092000000000000000e+03 2.640000000000000000e+02
1.580000000000000000e+02 1.570000000000000000e+02 3.600000000000000000e+01 2.552000000000000000e+03 3.440000000000000000e+02
1.370000000000000000e+02 1.320000000000000000e+02 2.400000000000000000e+01 2.207000000000000000e+03 2.870000000000000000e+02
9.700000000000000000e+01 1.190000000000000000e+02 2.500000000000000000e+01 2.190000000000000000e+03 2.350000000000000000e+02
1.240000000000000000e+02 1.600000000000000000e+02 3.700000000000000000e+01 2.201000000000000000e+03 3.170000000000000000e+02
1.420000000000000000e+02 1.890000000000000000e+02 4.700000000000000000e+01 2.328000000000000000e+03 3.700000000000000000e+02
1.720000000000000000e+02 1.550000000000000000e+02 3.400000000000000000e+01 2.436000000000000000e+03 3.560000000000000000e+02
9.600000000000000000e+01 1.230000000000000000e+02 2.300000000000000000e+01 2.207000000000000000e+03 2.400000000000000000e+02
2.040000000000000000e+02 1.650000000000000000e+02 4.700000000000000000e+01 2.734000000000000000e+03 4.140000000000000000e+02
2.850000000000000000e+02 2.010000000000000000e+02 4.400000000000000000e+01 2.484000000000000000e+03 4.890000000000000000e+02
1.040000000000000000e+02 9.900000000000000000e+01 1.800000000000000000e+01 1.950000000000000000e+03 2.200000000000000000e+02
1.350000000000000000e+02 1.330000000000000000e+02 2.400000000000000000e+01 2.244000000000000000e+03 2.860000000000000000e+02
1.300000000000000000e+02 9.500000000000000000e+01 2.900000000000000000e+01 2.266000000000000000e+03 2.540000000000000000e+02
1.320000000000000000e+02 1.520000000000000000e+02 2.500000000000000000e+01 2.064000000000000000e+03 3.020000000000000000e+02
1.440000000000000000e+02 1.310000000000000000e+02 2.200000000000000000e+01 1.998000000000000000e+03 2.950000000000000000e+02
1.530000000000000000e+02 1.610000000000000000e+02 3.100000000000000000e+01 2.233000000000000000e+03 3.390000000000000000e+02
1.180000000000000000e+02 1.080000000000000000e+02 2.300000000000000000e+01 2.105000000000000000e+03 2.450000000000000000e+02
1.530000000000000000e+02 1.360000000000000000e+02 3.100000000000000000e+01 2.355000000000000000e+03 3.170000000000000000e+02
1.590000000000000000e+02 1.360000000000000000e+02 3.900000000000000000e+01 2.143000000000000000e+03 3.300000000000000000e+02
1.940000000000000000e+02 1.620000000000000000e+02 3.400000000000000000e+01 2.246000000000000000e+03 3.830000000000000000e+02
2.040000000000000000e+02 1.320000000000000000e+02 3.200000000000000000e+01 2.235000000000000000e+03 3.660000000000000000e+02
1.540000000000000000e+02 1.210000000000000000e+02 2.100000000000000000e+01 2.098000000000000000e+03 2.940000000000000000e+02
1.810000000000000000e+02 1.720000000000000000e+02 3.800000000000000000e+01 2.679000000000000000e+03 3.760000000000000000e+02
2.150000000000000000e+02 1.410000000000000000e+02 3.000000000000000000e+01 2.460000000000000000e+03 3.850000000000000000e+02
9.900000000000000000e+01 1.290000000000000000e+02 3.200000000000000000e+01 2.091000000000000000e+03 2.590000000000000000e+02
2.010000000000000000e+02 1.510000000000000000e+02 1.600000000000000000e+01 2.344000000000000000e+03 3.620000000000000000e+02
1.480000000000000000e+02 1.070000000000000000e+02 2.300000000000000000e+01 2.097000000000000000e+03 2.760000000000000000e+02
1.440000000000000000e+02 1.510000000000000000e+02 2.800000000000000000e+01 1.969000000000000000e+03 3.190000000000000000e+02
1.140000000000000000e+02 1.250000000000000000e+02 3.200000000000000000e+01 2.121000000000000000e+03 2.670000000000000000e+02
1.300000000000000000e+02 1.460000000000000000e+02 2.800000000000000000e+01 2.315000000000000000e+03 3.000000000000000000e+02
1.670000000000000000e+02 1.370000000000000000e+02 2.300000000000000000e+01 2.215000000000000000e+03 3.180000000000000000e+02
