3.210000000000000000e+02 1.400000000000000000e+01 0.000000000000000000e+00 2.068000000000000000e+03 3.350000000000000000e+02
3.040000000000000000e+02 1.400000000000000000e+01 0.000000000000000000e+00 2.212000000000000000e+03 3.170000000000000000e+02
3.850000000000000000e+02 2.200000000000000000e+01 0.000000000000000000e+00 2.076000000000000000e+03 4.050000000000000000e+02
3.070000000000000000e+02 2.100000000000000000e+01 1.000000000000000000e+00 2.019000000000000000e+03 3.290000000000000000e+02
3.250000000000000000e+02 1.300000000000000000e+01 0.000000000000000000e+00 1.898000000000000000e+03 3.370000000000000000e+02
2.830000000000000000e+02 2.400000000000000000e+01 0.000000000000000000e+00 1.724000000000000000e+03 3.070000000000000000e+02
3.470000000000000000e+02 2.100000000000000000e+01 0.000000000000000000e+00 2.013000000000000000e+03 3.680000000000000000e+02
3.200000000000000000e+02 1.700000000000000000e+01 0.000000000000000000e+00 2.092000000000000000e+03 3.370000000000000000e+02
2.820000000000000000e+02 1.300000000000000000e+01 0.000000000000000000e+00 1.859000000000000000e+03 2.940000000000000000e+02
3.680000000000000000e+02 1.700000000000000000e+01 1.000000000000000000e+00 2.065000000000000000e+03 3.850000000000000000e+02
3.140000000000000000e+02 1.400000000000000000e+01 0.000000000000000000e+00 1.804000000000000000e+03 3.270000000000000000e+02
2.580000000000000000e+02 1.400000000000000000e+01 2.000000000000000000e+00 1.699000000000000000e+03 2.740000000000000000e+02
3.220000000000000000e+02 2.100000000000000000e+01 0.000000000000000000e+00 2.094000000000000000e+03 3.420000000000000000e+02
3.220000000000000000e+02 1.700000000000000000e+01 0.000000000000000000e+00 1.849000000000000000e+03 3.380000000000000000e+02
3.140000000000000000e+02 1.900000000000000000e+01 2.000000000000000000e+00 1.906000000000000000e+03 3.350000000000000000e+02
3.030000000000000000e+02 1.600000000000000000e+01 0.000000000000000000e+00 2.009000000000000000e+03 3.190000000000000000e+02
2.700000000000000000e+02 1.500000000000000000e+01 0.000000000000000000e+00 1.897000000000000000e+03 2.850000000000000000e+02
2.770000000000000000e+02 1.600000000000000000e+01 0.000000000000000000e+00 1.676000000000000000e+03 2.930000000000000000e+02
3.690000000000000000e+02 1.700000000000000000e+01 2.000000000000000000e+00 2.012000000000000000e+03 3.880000000000000000e+02
2.930000000000000000e+02 7.000000000000000000e+00 0.000000000000000000e+00 1.898000000000000000e+03 2.990000000000000000e+02
3.230000000000000000e+02 2.500000000000000000e+01 1.000000000000000000e+00 2.170000000000000000e+03 3.490000000000000000e+02
3.000000000000000000e+02 7.000000000000000000e+00 0.000000000000000000e+00 2.017000000000000000e+03 3.060000000000000000e+02
3.090000000000000000e+02 1.500000000000000000e+01 0.000000000000000000e+00 1.678000000000000000e+03 3.240000000000000000e+02
2.740000000000000000e+02 2.100000000000000000e+01 3.000000000000000000e+00 1.710000000000000000e+03 2.980000000000000000e+02
3.010000000000000000e+02 1.200000000000000000e+01 0.000000000000000000e+00 1.822000000000000000e+03 3.130000000000000000e+02
2.880000000000000000e+02 1.400000000000000000e+01 0.000000000000000000e+00 1.402000000000000000e+03 3.020000000000000000e+02
2.810000000000000000e+02 2.700000000000000000e+01 3.000000000000000000e+00 1.974000000000000000e+03 3.100000000000000000e+02
3.080000000000000000e+02 2.100000000000000000e+01 0.000000000000000000e+00 1.836000000000000000e+03 3.290000000000000000e+02
3.160000000000000000e+02 1.400000000000000000e+01 2.000000000000000000e+00 1.941000000000000000e+03 3.320000000000000000e+02
2.900000000000000000e+02 2.000000000000000000e+01 0.000000000000000000e+00 2.180000000000000000e+03 3.090000000000000000e+02
2.500000000000000000e+02 2.000000000000000000e+01 0.000000000000000000e+00 1.410000000000000000e+03 2.700000000000000000e+02
2.580000000000000000e+02 9.000000000000000000e+00 0.000000000000000000e+00 1.718000000000000000e+03 2.670000000000000000e+02
2.810000000000000000e+02 1.900000000000000000e+01 0.000000000000000000e+00 1.926000000000000000e+03 3.000000000000000000e+02
2.930000000000000000e+02 8.000000000000000000e+00 0.000000000000000000e+00 1.725000000000000000e+03 3.010000000000000000e+02
3.420000000000000000e+02 1.100000000000000000e+01 0.000000000000000000e+00 2.079000000000000000e+03 3.520000000000000000e+02
2.660000000000000000e+02 1.800000000000000000e+01 0.000000000000000000e+00 1.927000000000000000e+03 2.830000000000000000e+02
3.020000000000000000e+02 1.100000000000000000e+01 2.000000000000000000e+00 1.904000000000000000e+03 3.150000000000000000e+02
2.440000000000000000e+02 1.100000000000000000e+01 1.000000000000000000e+00 1.572000000000000000e+03 2.560000000000000000e+02
2.960000000000000000e+02 2.100000000000000000e+01 1.000000000000000000e+00 1.896000000000000000e+03 3.180000000000000000e+02
2.450000000000000000e+02 1.600000000000000000e+01 0.000000000000000000e+00 1.626000000000000000e+03 2.610000000000000000e+02
2.910000000000000000e+02 2.000000000000000000e+01 1.000000000000000000e+00 1.412000000000000000e+03 3.120000000000000000e+02
2.800000000000000000e+02 1.000000000000000000e+01 0.000000000000000000e+00 1.769000000000000000e+03 2.880000000000000000e+02
2.500000000000000000e+02 2.700000000000000000e+01 0.000000000000000000e+00 1.584000000000000000e+03 2.770000000000000000e+02
3.330000000000000000e+02 2.200000000000000000e+01 0.000000000000000000e+00 2.035000000000000000e+03 3.550000000000000000e+02
2.810000000000000000e+02 1.500000000000000000e+01 0.000000000000000000e+00 1.955000000000000000e+03 2.960000000000000000e+02
3.070000000000000000e+02 1.300000000000000000e+01 0.000000000000000000e+00 2.034000000000000000e+03 3.190000000000000000e+02
2.900000000000000000e+02 1.600000000000000000e+01 0.000000000000000000e+00 1.660000000000000000e+03 3.050000000000000000e+02
3.100000000000000000e+02 2.000000000000000000e+01 2.000000000000000000e+00 1.967000000000000000e+03 3.320000000000000000e+02
3.230000000000000000e+02 1.200000000000000000e+01 1.000000000000000000e+00 1.977000000000000000e+03 3.360000000000000000e+02
3.100000000000000000e+02 1.300000000000000000e+01 1.000000000000000000e+00 2.018000000000000000e+03 3.240000000000000000e+02
2.810000000000000000e+02 1.200000000000000000e+01 0.000000000000000000e+00 1.584000000000000000e+03 2.930000000000000000e+02
2.840000000000000000e+02 1.900000000000000000e+01 1.000000000000000000e+00 1.749000000000000000e+03 3.030000000000000000e+02
3.280000000000000000e+02 2.200000000000000000e+01 1.000000000000000000e+00 2.148000000000000000e+03 3.500000000000000000e+02
2.900000000000000000e+02 2.500000000000000000e+01 2.000000000000000000e+00 2.064000000000000000e+03 3.170000000000000000e+02
2.980000000000000000e+02 1.900000000000000000e+01 0.000000000000000000e+00 1.860000000000000000e+03 3.170000000000000000e+02
3.380000000000000000e+02 2.500000000000000000e+01 2.000000000000000000e+00 2.048000000000000000e+03 3.650000000000000000e+02
3.840000000000000000e+02 1.500000000000000000e+01 1.000000000000000000e+00 2.268000000000000000e+03 3.980000000000000000e+02
2.590000000000000000e+02 1.500000000000000000e+01 1.000000000000000000e+00 1.624000000000000000e+03 2.750000000000000000e+02
3.010000000000000000e+02 1.500000000000000000e+01 1.000000000000000000e+00 1.928000000000000000e+03 3.170000000000000000e+02
2.900000000000000000e+02 1.700000000000000000e+01 0.000000000000000000e+00 1.940000000000000000e+03 3.070000000000000000e+02
2.850000000000000000e+02 2.000000000000000000e+01 0.000000000000000000e+00 1.873000000000000000e+03 3.050000000000000000e+02
3.160000000000000000e+02 1.200000000000000000e+01 0.000000000000000000e+00 2.083000000000000000e+03 3.250000000000000000e+02
3.020000000000000000e+02 1.400000000000000000e+01 1.000000000000000000e+00 1.933000000000000000e+03 3.160000000000000000e+02
3.060000000000000000e+02 2.900000000000000000e+01 3.000000000000000000e+00 1.863000000000000000e+03 3.370000000000000000e+02
2.990000000000000000e+02 2.500000000000000000e+01 1.000000000000000000e+00 1.845000000000000000e+03 3.250000000000000000e+02
2.830000000000000000e+02 1.300000000000000000e+01 1.000000000000000000e+00 1.926000000000000000e+03 2.970000000000000000e+02
3.230000000000000000e+02 1.000000000000000000e+01 0.000000000000000000e+00 1.980000000000000000e+03 3.330000000000000000e+02
3.650000000000000000e+02 2.300000000000000000e+01 2.000000000000000000e+00 2.093000000000000000e+03 3.900000000000000000e+02
3.210000000000000000e+02 1.800000000000000000e+01 2.000000000000000000e+00 1.915000000000000000e+03 3.410000000000000000e+02
2.600000000000000000e+02 1.700000000000000000e+01 2.000000000000000000e+00 1.947000000000000000e+03 2.790000000000000000e+02
3.390000000000000000e+02 2.300000000000000000e+01 0.000000000000000000e+00 2.026000000000000000e+03 3.600000000000000000e+02
3.120000000000000000e+02 1.000000000000000000e+01 1.000000000000000000e+00 1.964000000000000000e+03 3.230000000000000000e+02
3.640000000000000000e+02 1.600000000000000000e+01 1.000000000000000000e+00 2.176000000000000000e+03 3.810000000000000000e+02
2.840000000000000000e+02 1.000000000000000000e+01 1.000000000000000000e+00 1.908000000000000000e+03 2.950000000000000000e+02
3.150000000000000000e+02 1.600000000000000000e+01 0.000000000000000000e+00 1.986000000000000000e+03 3.310000000000000000e+02
2.860000000000000000e+02 1.000000000000000000e+01 0.000000000000000000e+00 1.943000000000000000e+03 2.960000000000000000e+02
3.680000000000000000e+02 1.600000000000000000e+01 0.000000000000000000e+00 2.107000000000000000e+03 3.840000000000000000e+02
3.210000000000000000e+02 2.200000000000000000e+01 0.000000000000000000e+00 1.813000000000000000e+03 3.430000000000000000e+02
3.020000000000000000e+02 1.600000000000000000e+01 0.000000000000000000e+00 1.879000000000000000e+03 3.170000000000000000e+02
3.040000000000000000e+02 2.600000000000000000e+01 1.000000000000000000e+00 2.044000000000000000e+03 3.300000000000000000e+02
2.570000000000000000e+02 2.100000000000000000e+01 0.000000000000000000e+00 1.916000000000000000e+03 2.780000000000000000e+02
3.540000000000000000e+02 1.900000000000000000e+01 1.000000000000000000e+00 2.036000000000000000e+03 3.730000000000000000e+02
2.790000000000000000e+02 1.900000000000000000e+01 1.000000000000000000e+00 1.785000000000000000e+03 2.980000000000000000e+02
2.810000000000000000e+02 1.700000000000000000e+01 0.000000000000000000e+00 1.883000000000000000e+03 2.980000000000000000e+02
3.300000000000000000e+02 1.900000000000000000e+01 1.000000000000000000e+00 2.025000000000000000e+03 3.500000000000000000e+02
2.720000000000000000e+02 1.600000000000000000e+01 0.000000000000000000e+00 1.748000000000000000e+03 2.880000000000000000e+02
2.830000000000000000e+02 2.400000000000000000e+01 0.000000000000000000e+00 1.964000000000000000e+03 3.070000000000000000e+02
2.500000000000000000e+02 1.400000000000000000e+01 0.000000000000000000e+00 1.440000000000000000e+03 2.630000000000000000e+02
2.530000000000000000e+02 1.800000000000000000e+01 0.000000000000000000e+00 1.434000000000000000e+03 2.710000000000000000e+02
3.130000000000000000e+02 2.300000000000000000e+01 1.000000000000000000e+00 2.057000000000000000e+03 3.370000000000000000e+02
3.060000000000000000e+02 1.400000000000000000e+01 0.000000000000000000e+00 2.011000000000000000e+03 3.190000000000000000e+02
3.360000000000000000e+02 1.000000000000000000e+01 1.000000000000000000e+00 2.023000000000000000e+03 3.470000000000000000e+02
3.190000000000000000e+02 1.600000000000000000e+01 2.000000000000000000e+00 1.931000000000000000e+03 3.370000000000000000e+02
3.340000000000000000e+02 1.300000000000000000e+01 1.000000000000000000e+00 2.001000000000000000e+03 3.470000000000000000e+02
2.610000000000000000e+02 1.600000000000000000e+01 0.000000000000000000e+00 1.811000000000000000e+03 2.770000000000000000e+02
2.840000000000000000e+02 1.000000000000000000e+01 0.000000000000000000e+00 1.659000000000000000e+03 2.940000000000000000e+02
3.580000000000000000e+02 1.700000000000000000e+01 1.000000000000000000e+00 2.169000000000000000e+03 3.750000000000000000e+02
2.740000000000000000e+02 1.900000000000000000e+01 1.000000000000000000e+00 1.767000000000000000e+03 2.930000000000000000e+02
2.880000000000000000e+02 1.000000000000000000e+01 1.000000000000000000e+00 1.903000000000000000e+03 2.990000000000000000e+02
3.010000000000000000e+02 1.700000000000000000e+01 1.000000000000000000e+00 1.912000000000000000e+03 3.190000000000000000e+02
2.680000000000000000e+02 1.000000000000000000e+01 2.000000000000000000e+00 1.606000000000000000e+03 2.800000000000000000e+02
2.560000000000000000e+02 1.300000000000000000e+01 1.000000000000000000e+00 1.439000000000000000e+03 2.690000000000000000e+02
2.740000000000000000e+02 7.000000000000000000e+00 0.000000000000000000e+00 1.691000000000000000e+03 2.810000000000000000e+02
2.570000000000000000e+02 1.900000000000000000e+01 3.000000000000000000e+00 1.948000000000000000e+03 2.790000000000000000e+02
3.550000000000000000e+02 2.200000000000000000e+01 0.000000000000000000e+00 1.834000000000000000e+03 3.750000000000000000e+02
3.090000000000000000e+02 2.100000000000000000e+01 1.000000000000000000e+00 2.216000000000000000e+03 3.310000000000000000e+02
2.780000000000000000e+02 2.000000000000000000e+01 0.000000000000000000e+00 1.388000000000000000e+03 2.980000000000000000e+02
3.150000000000000000e+02 8.000000000000000000e+00 0.000000000000000000e+00 1.999000000000000000e+03 3.220000000000000000e+02
3.130000000000000000e+02 2.100000000000000000e+01 0.000000000000000000e+00 2.020000000000000000e+03 3.340000000000000000e+02
3.310000000000000000e+02 2.400000000000000000e+01 1.000000000000000000e+00 1.994000000000000000e+03 3.560000000000000000e+02
3.050000000000000000e+02 1.500000000000000000e+01 0.000000000000000000e+00 1.990000000000000000e+03 3.190000000000000000e+02
3.450000000000000000e+02 2.300000000000000000e+01 0.000000000000000000e+00 2.025000000000000000e+03 3.680000000000000000e+02
3.750000000000000000e+02 2.600000000000000000e+01 0.000000000000000000e+00 2.229000000000000000e+03 4.010000000000000000e+02
2.950000000000000000e+02 1.400000000000000000e+01 0.000000000000000000e+00 1.704000000000000000e+03 3.090000000000000000e+02
3.800000000000000000e+02 2.300000000000000000e+01 1.000000000000000000e+00 2.132000000000000000e+03 4.040000000000000000e+02
2.850000000000000000e+02 1.200000000000000000e+01 0.000000000000000000e+00 1.775000000000000000e+03 2.960000000000000000e+02
3.450000000000000000e+02 1.500000000000000000e+01 0.000000000000000000e+00 2.244000000000000000e+03 3.580000000000000000e+02
2.900000000000000000e+02 1.100000000000000000e+01 0.000000000000000000e+00 1.808000000000000000e+03 3.010000000000000000e+02
2.730000000000000000e+02 1.100000000000000000e+01 0.000000000000000000e+00 1.667000000000000000e+03 2.840000000000000000e+02
2.920000000000000000e+02 1.500000000000000000e+01 0.000000000000000000e+00 1.942000000000000000e+03 3.070000000000000000e+02
3.420000000000000000e+02 1.500000000000000000e+01 1.000000000000000000e+00 1.965000000000000000e+03 3.580000000000000000e+02
2.620000000000000000e+02 1.900000000000000000e+01 0.000000000000000000e+00 1.724000000000000000e+03 2.810000000000000000e+02
3.330000000000000000e+02 2.100000000000000000e+01 1.000000000000000000e+00 1.880000000000000000e+03 3.540000000000000000e+02
3.360000000000000000e+02 1.900000000000000000e+01 1.000000000000000000e+00 2.043000000000000000e+03 3.550000000000000000e+02
3.310000000000000000e+02 1.400000000000000000e+01 1.000000000000000000e+00 1.984000000000000000e+03 3.460000000000000000e+02
3.160000000000000000e+02 1.800000000000000000e+01 1.000000000000000000e+00 2.055000000000000000e+03 3.340000000000000000e+02
3.340000000000000000e+02 1.600000000000000000e+01 1.000000000000000000e+00 2.040000000000000000e+03 3.500000000000000000e+02
3.540000000000000000e+02 2.000000000000000000e+01 1.000000000000000000e+00 2.071000000000000000e+03 3.740000000000000000e+02
3.080000000000000000e+02 2.600000000000000000e+01 1.000000000000000000e+00 2.086000000000000000e+03 3.350000000000000000e+02
2.800000000000000000e+02 1.800000000000000000e+01 1.000000000000000000e+00 1.559000000000000000e+03 2.990000000000000000e+02
3.440000000000000000e+02 2.800000000000000000e+01 1.000000000000000000e+00 1.925000000000000000e+03 3.730000000000000000e+02
2.540000000000000000e+02 2.000000000000000000e+01 0.000000000000000000e+00 1.905000000000000000e+03 2.740000000000000000e+02
2.280000000000000000e+02 1.500000000000000000e+01 1.000000000000000000e+00 1.300000000000000000e+03 2.430000000000000000e+02
3.260000000000000000e+02 2.100000000000000000e+01 0.000000000000000000e+00 2.068000000000000000e+03 3.470000000000000000e+02
3.470000000000000000e+02 1.500000000000000000e+01 0.000000000000000000e+00 2.115000000000000000e+03 3.620000000000000000e+02
3.000000000000000000e+02 1.500000000000000000e+01 2.000000000000000000e+00 1.848000000000000000e+03 3.160000000000000000e+02
3.070000000000000000e+02 2.100000000000000000e+01 0.000000000000000000e+00 1.923000000000000000e+03 3.280000000000000000e+02
2.990000000000000000e+02 1.600000000000000000e+01 0.000000000000000000e+00 1.960000000000000000e+03 3.150000000000000000e+02
2.960000000000000000e+02 2.200000000000000000e+01 1.000000000000000000e+00 1.759000000000000000e+03 3.190000000000000000e+02
3.110000000000000000e+02 2.400000000000000000e+01 2.000000000000000000e+00 2.018000000000000000e+03 3.360000000000000000e+02
2.670000000000000000e+02 1.000000000000000000e+01 0.000000000000000000e+00 1.550000000000000000e+03 2.770000000000000000e+02
3.150000000000000000e+02 1.600000000000000000e+01 0.000000000000000000e+00 1.581000000000000000e+03 3.310000000000000000e+02
2.830000000000000000e+02 2.600000000000000000e+01 3.000000000000000000e+00 1.943000000000000000e+03 3.120000000000000000e+02
2.640000000000000000e+02 1.400000000000000000e+01 1.000000000000000000e+00 1.613000000000000000e+03 2.790000000000000000e+02
2.570000000000000000e+02 2.100000000000000000e+01 0.000000000000000000e+00 1.260000000000000000e+03 2.780000000000000000e+02
2.850000000000000000e+02 1.300000000000000000e+01 1.000000000000000000e+00 1.769000000000000000e+03 2.990000000000000000e+02
2.840000000000000000e+02 2.700000000000000000e+01 1.000000000000000000e+00 1.790000000000000000e+03 3.100000000000000000e+02
3.030000000000000000e+02 1.600000000000000000e+01 1.000000000000000000e+00 1.842000000000000000e+03 3.190000000000000000e+02
3.030000000000000000e+02 2.500000000000000000e+01 1.000000000000000000e+00 2.049000000000000000e+03 3.290000000000000000e+02
3.150000000000000000e+02 1.900000000000000000e+01 0.000000000000000000e+00 2.023000000000000000e+03 3.330000000000000000e+02
3.370000000000000000e+02 1.000000000000000000e+01 0.000000000000000000e+00 1.858000000000000000e+03 3.460000000000000000e+02
2.750000000000000000e+02 1.700000000000000000e+01 2.000000000000000000e+00 1.780000000000000000e+03 2.930000000000000000e+02
2.810000000000000000e+02 1.500000000000000000e+01 1.000000000000000000e+00 1.962000000000000000e+03 2.970000000000000000e+02
2.940000000000000000e+02 1.600000000000000000e+01 1.000000000000000000e+00 1.742000000000000000e+03 3.110000000000000000e+02
2.940000000000000000e+02 1.200000000000000000e+01 0.000000000000000000e+00 1.855000000000000000e+03 3.060000000000000000e+02
3.320000000000000000e+02 1.700000000000000000e+01 2.000000000000000000e+00 1.870000000000000000e+03 3.510000000000000000e+02
2.990000000000000000e+02 2.100000000000000000e+01 0.000000000000000000e+00 1.897000000000000000e+03 3.190000000000000000e+02
3.050000000000000000e+02 2.100000000000000000e+01 1.000000000000000000e+00 1.939000000000000000e+03 3.260000000000000000e+02
2.990000000000000000e+02 1.900000000000000000e+01 2.000000000000000000e+00 1.771000000000000000e+03 3.200000000000000000e+02
3.090000000000000000e+02 1.300000000000000000e+01 0.000000000000000000e+00 1.965000000000000000e+03 3.220000000000000000e+02
3.750000000000000000e+02 1.700000000000000000e+01 1.000000000000000000e+00 2.255000000000000000e+03 3.930000000000000000e+02
3.020000000000000000e+02 1.500000000000000000e+01 0.000000000000000000e+00 1.989000000000000000e+03 3.170000000000000000e+02
3.400000000000000000e+02 1.500000000000000000e+01 1.000000000000000000e+00 2.076000000000000000e+03 3.560000000000000000e+02
2.870000000000000000e+02 2.000000000000000000e+01 1.000000000000000000e+00 1.830000000000000000e+03 3.080000000000000000e+02
3.310000000000000000e+02 1.700000000000000000e+01 1.000000000000000000e+00 2.259000000000000000e+03 3.490000000000000000e+02
3.210000000000000000e+02 1.700000000000000000e+01 2.000000000000000000e+00 1.916000000000000000e+03 3.400000000000000000e+02
3.160000000000000000e+02 2.500000000000000000e+01 0.000000000000000000e+00 2.119000000000000000e+03 3.410000000000000000e+02
3.530000000000000000e+02 2.500000000000000000e+01 2.000000000000000000e+00 2.075000000000000000e+03 3.790000000000000000e+02
2.580000000000000000e+02 1.000000000000000000e+01 1.000000000000000000e+00 1.769000000000000000e+03 2.690000000000000000e+02
3.030000000000000000e+02 1.600000000000000000e+01 1.000000000000000000e+00 1.775000000000000000e+03 3.200000000000000000e+02
2.750000000000000000e+02 2.300000000000000000e+01 1.000000000000000000e+00 1.682000000000000000e+03 2.990000000000000000e+02
2.460000000000000000e+02 1.900000000000000000e+01 3.000000000000000000e+00 1.841000000000000000e+03 2.680000000000000000e+02
2.920000000000000000e+02 1.400000000000000000e+01 1.000000000000000000e+00 1.649000000000000000e+03 3.070000000000000000e+02
2.480000000000000000e+02 1.800000000000000000e+01 0.000000000000000000e+00 1.494000000000000000e+03 2.660000000000000000e+02
2.980000000000000000e+02 1.900000000000000000e+01 1.000000000000000000e+00 1.937000000000000000e+03 3.180000000000000000e+02
3.530000000000000000e+02 1.900000000000000000e+01 1.000000000000000000e+00 2.171000000000000000e+03 3.730000000000000000e+02
2.960000000000000000e+02 9.000000000000000000e+00 0.000000000000000000e+00 1.695000000000000000e+03 3.050000000000000000e+02
3.420000000000000000e+02 1.700000000000000000e+01 0.000000000000000000e+00 2.129000000000000000e+03 3.590000000000000000e+02
3.200000000000000000e+02 1.600000000000000000e+01 1.000000000000000000e+00 1.880000000000000000e+03 3.370000000000000000e+02
3.130000000000000000e+02 1.700000000000000000e+01 0.000000000000000000e+00 1.899000000000000000e+03 3.300000000000000000e+02
3.050000000000000000e+02 1.400000000000000000e+01 2.000000000000000000e+00 2.118000000000000000e+03 3.210000000000000000e+02
3.730000000000000000e+02 2.100000000000000000e+01 0.000000000000000000e+00 2.025000000000000000e+03 3.940000000000000000e+02
3.360000000000000000e+02 2.500000000000000000e+01 0.000000000000000000e+00 2.040000000000000000e+03 3.600000000000000000e+02
3.200000000000000000e+02 2.400000000000000000e+01 2.000000000000000000e+00 1.852000000000000000e+03 3.460000000000000000e+02
3.080000000000000000e+02 2.200000000000000000e+01 0.000000000000000000e+00 2.120000000000000000e+03 3.300000000000000000e+02
3.270000000000000000e+02 1.300000000000000000e+01 0.000000000000000000e+00 1.932000000000000000e+03 3.390000000000000000e+02
3.300000000000000000e+02 1.900000000000000000e+01 1.000000000000000000e+00 1.917000000000000000e+03 3.490000000000000000e+02
2.950000000000000000e+02 2.300000000000000000e+01 1.000000000000000000e+00 1.983000000000000000e+03 3.190000000000000000e+02
2.740000000000000000e+02 8.000000000000000000e+00 0.000000000000000000e+00 1.922000000000000000e+03 2.820000000000000000e+02
3.620000000000000000e+02 2.000000000000000000e+01 1.000000000000000000e+00 2.059000000000000000e+03 3.810000000000000000e+02
3.050000000000000000e+02 1.500000000000000000e+01 1.000000000000000000e+00 1.889000000000000000e+03 3.210000000000000000e+02
2.990000000000000000e+02 1.600000000000000000e+01 0.000000000000000000e+00 1.917000000000000000e+03 3.150000000000000000e+02
2.850000000000000000e+02 1.800000000000000000e+01 0.000000000000000000e+00 1.930000000000000000e+03 3.030000000000000000e+02
2.870000000000000000e+02 2.400000000000000000e+01 0.000000000000000000e+00 2.105000000000000000e+03 3.100000000000000000e+02
3.080000000000000000e+02 2.200000000000000000e+01 1.000000000000000000e+00 2.043000000000000000e+03 3.300000000000000000e+02
2.880000000000000000e+02 1.000000000000000000e+01 1.000000000000000000e+00 1.627000000000000000e+03 2.990000000000000000e+02
2.750000000000000000e+02 1.900000000000000000e+01 1.000000000000000000e+00 1.621000000000000000e+03 2.940000000000000000e+02
2.840000000000000000e+02 1.500000000000000000e+01 0.000000000000000000e+00 1.936000000000000000e+03 2.990000000000000000e+02
2.810000000000000000e+02 1.700000000000000000e+01 1.000000000000000000e+00 1.527000000000000000e+03 2.990000000000000000e+02
3.070000000000000000e+02 2.200000000000000000e+01 0.000000000000000000e+00 1.876000000000000000e+03 3.290000000000000000e+02
2.740000000000000000e+02 1.900000000000000000e+01 1.000000000000000000e+00 2.039000000000000000e+03 2.940000000000000000e+02
3.880000000000000000e+02 2.200000000000000000e+01 0.000000000000000000e+00 1.887000000000000000e+03 4.100000000000000000e+02
3.260000000000000000e+02 2.400000000000000000e+01 1.000000000000000000e+00 1.956000000000000000e+03 3.510000000000000000e+02
2.670000000000000000e+02 1.200000000000000000e+01 1.000000000000000000e+00 1.792000000000000000e+03 2.780000000000000000e+02
2.920000000000000000e+02 2.000000000000000000e+01 1.000000000000000000e+00 1.896000000000000000e+03 3.130000000000000000e+02
3.250000000000000000e+02 2.000000000000000000e+01 0.000000000000000000e+00 2.048000000000000000e+03 3.450000000000000000e+02
3.250000000000000000e+02 9.000000000000000000e+00 0.000000000000000000e+00 1.931000000000000000e+03 3.340000000000000000e+02
2.890000000000000000e+02 1.400000000000000000e+01 1.000000000000000000e+00 1.935000000000000000e+03 3.040000000000000000e+02
3.390000000000000000e+02 1.400000000000000000e+01 1.000000000000000000e+00 1.903000000000000000e+03 3.540000000000000000e+02
2.830000000000000000e+02 1.600000000000000000e+01 1.000000000000000000e+00 1.904000000000000000e+03 2.990000000000000000e+02
2.810000000000000000e+02 1.600000000000000000e+01 1.000000000000000000e+00 1.875000000000000000e+03 2.970000000000000000e+02
2.820000000000000000e+02 1.500000000000000000e+01 0.000000000000000000e+00 1.899000000000000000e+03 2.970000000000000000e+02
3.160000000000000000e+02 1.900000000000000000e+01 1.000000000000000000e+00 1.897000000000000000e+03 3.360000000000000000e+02
3.010000000000000000e+02 1.500000000000000000e+01 1.000000000000000000e+00 1.817000000000000000e+03 3.150000000000000000e+02
3.240000000000000000e+02 2.300000000000000000e+01 1.000000000000000000e+00 2.032000000000000000e+03 3.480000000000000000e+02
3.500000000000000000e+02 1.600000000000000000e+01 2.000000000000000000e+00 2.110000000000000000e+03 3.680000000000000000e+02
2.870000000000000000e+02 2.500000000000000000e+01 1.000000000000000000e+00 1.875000000000000000e+03 3.130000000000000000e+02
3.540000000000000000e+02 1.900000000000000000e+01 1.000000000000000000e+00 2.011000000000000000e+03 3.740000000000000000e+02
2.920000000000000000e+02 1.600000000000000000e+01 2.000000000000000000e+00 1.960000000000000000e+03 3.100000000000000000e+02
3.790000000000000000e+02 3.200000000000000000e+01 0.000000000000000000e+00 2.148000000000000000e+03 4.110000000000000000e+02
2.510000000000000000e+02 2.000000000000000000e+01 1.000000000000000000e+00 1.776000000000000000e+03 2.710000000000000000e+02
2.810000000000000000e+02 1.300000000000000000e+01 1.000000000000000000e+00 1.862000000000000000e+03 2.940000000000000000e+02
2.920000000000000000e+02 2.200000000000000000e+01 1.000000000000000000e+00 1.917000000000000000e+03 3.150000000000000000e+02
3.170000000000000000e+02 1.900000000000000000e+01 0.000000000000000000e+00 2.014000000000000000e+03 3.360000000000000000e+02
3.300000000000000000e+02 1.800000000000000000e+01 0.000000000000000000e+00 1.959000000000000000e+03 3.480000000000000000e+02
3.030000000000000000e+02 1.400000000000000000e+01 0.000000000000000000e+00 2.152000000000000000e+03 3.160000000000000000e+02
2.600000000000000000e+02 1.800000000000000000e+01 0.000000000000000000e+00 1.718000000000000000e+03 2.780000000000000000e+02
2.940000000000000000e+02 1.300000000000000000e+01 0.000000000000000000e+00 1.964000000000000000e+03 3.070000000000000000e+02
3.100000000000000000e+02 1.600000000000000000e+01 0.000000000000000000e+00 1.877000000000000000e+03 3.260000000000000000e+02
2.850000000000000000e+02 1.800000000000000000e+01 2.000000000000000000e+00 1.929000000000000000e+03 3.040000000000000000e+02
2.650000000000000000e+02 1.800000000000000000e+01 1.000000000000000000e+00 1.908000000000000000e+03 2.840000000000000000e+02
3.120000000000000000e+02 2.500000000000000000e+01 0.000000000000000000e+00 2.197000000000000000e+03 3.370000000000000000e+02
2.860000000000000000e+02 1.400000000000000000e+01 0.000000000000000000e+00 1.852000000000000000e+03 3.000000000000000000e+02
2.900000000000000000e+02 1.400000000000000000e+01 0.000000000000000000e+00 1.758000000000000000e+03 3.040000000000000000e+02
3.710000000000000000e+02 1.800000000000000000e+01 1.000000000000000000e+00 2.172000000000000000e+03 3.900000000000000000e+02
3.140000000000000000e+02 1.600000000000000000e+01 0.000000000000000000e+00 1.883000000000000000e+03 3.300000000000000000e+02
3.190000000000000000e+02 2.000000000000000000e+01 1.000000000000000000e+00 1.874000000000000000e+03 3.390000000000000000e+02
3.230000000000000000e+02 1.800000000000000000e+01 0.000000000000000000e+00 1.747000000000000000e+03 3.410000000000000000e+02
3.120000000000000000e+02 1.300000000000000000e+01 1.000000000000000000e+00 2.111000000000000000e+03 3.250000000000000000e+02
3.030000000000000000e+02 7.000000000000000000e+00 0.000000000000000000e+00 1.911000000000000000e+03 3.100000000000000000e+02
2.920000000000000000e+02 1.200000000000000000e+01 0.000000000000000000e+00 1.787000000000000000e+03 3.030000000000000000e+02
3.000000000000000000e+02 1.500000000000000000e+01 1.000000000000000000e+00 1.996000000000000000e+03 3.150000000000000000e+02
2.840000000000000000e+02 1.700000000000000000e+01 1.000000000000000000e+00 2.047000000000000000e+03 3.000000000000000000e+02
3.210000000000000000e+02 2.700000000000000000e+01 0.000000000000000000e+00 1.907000000000000000e+03 3.460000000000000000e+02
3.010000000000000000e+02 1.600000000000000000e+01 0.000000000000000000e+00 2.054000000000000000e+03 3.170000000000000000e+02
3.190000000000000000e+02 1.200000000000000000e+01 0.000000000000000000e+00 2.031000000000000000e+03 3.310000000000000000e+02
3.430000000000000000e+02 1.200000000000000000e+01 1.000000000000000000e+00 2.044000000000000000e+03 3.550000000000000000e+02
2.490000000000000000e+02 1.500000000000000000e+01 1.000000000000000000e+00 1.532000000000000000e+03 2.650000000000000000e+02
3.360000000000000000e+02 1.400000000000000000e+01 2.000000000000000000e+00 1.950000000000000000e+03 3.510000000000000000e+02
2.830000000000000000e+02 2.200000000000000000e+01 1.000000000000000000e+00 1.950000000000000000e+03 3.060000000000000000e+02
