8.030000000000000000e+02 1.560000000000000000e+02 5.000000000000000000e+01 4.554000000000000000e+03 8.780000000000000000e+02
7.840000000000000000e+02 1.370000000000000000e+02 3.100000000000000000e+01 4.294000000000000000e+03 8.950000000000000000e+02
7.880000000000000000e+02 1.570000000000000000e+02 5.100000000000000000e+01 4.341000000000000000e+03 8.720000000000000000e+02
1.088000000000000000e+03 1.930000000000000000e+02 5.700000000000000000e+01 4.730000000000000000e+03 1.062000000000000000e+03
8.680000000000000000e+02 1.910000000000000000e+02 5.200000000000000000e+01 4.488000000000000000e+03 9.520000000000000000e+02
1.000000000000000000e+03 1.750000000000000000e+02 4.700000000000000000e+01 5.033000000000000000e+03 1.031000000000000000e+03
7.980000000000000000e+02 1.720000000000000000e+02 3.700000000000000000e+01 4.216000000000000000e+03 8.820000000000000000e+02
6.950000000000000000e+02 1.630000000000000000e+02 4.400000000000000000e+01 4.006000000000000000e+03 8.110000000000000000e+02
9.000000000000000000e+02 1.700000000000000000e+02 4.600000000000000000e+01 4.668000000000000000e+03 9.210000000000000000e+02
9.640000000000000000e+02 1.830000000000000000e+02 4.600000000000000000e+01 4.938000000000000000e+03 9.790000000000000000e+02
8.990000000000000000e+02 1.500000000000000000e+02 4.100000000000000000e+01 4.744000000000000000e+03 9.170000000000000000e+02
8.390000000000000000e+02 1.360000000000000000e+02 3.400000000000000000e+01 4.348000000000000000e+03 8.620000000000000000e+02
9.280000000000000000e+02 1.800000000000000000e+02 5.300000000000000000e+01 4.541000000000000000e+03 9.530000000000000000e+02
7.620000000000000000e+02 1.410000000000000000e+02 4.300000000000000000e+01 4.253000000000000000e+03 8.290000000000000000e+02
1.111000000000000000e+03 2.300000000000000000e+02 3.500000000000000000e+01 4.750000000000000000e+03 1.079000000000000000e+03
9.400000000000000000e+02 1.730000000000000000e+02 3.100000000000000000e+01 4.478000000000000000e+03 9.240000000000000000e+02
1.015000000000000000e+03 1.750000000000000000e+02 3.900000000000000000e+01 4.568000000000000000e+03 1.024000000000000000e+03
1.007000000000000000e+03 1.870000000000000000e+02 5.300000000000000000e+01 4.634000000000000000e+03 1.023000000000000000e+03
1.073000000000000000e+03 1.930000000000000000e+02 5.200000000000000000e+01 4.598000000000000000e+03 9.980000000000000000e+02
8.190000000000000000e+02 1.530000000000000000e+02 3.500000000000000000e+01 4.481000000000000000e+03 9.110000000000000000e+02
8.030000000000000000e+02 1.600000000000000000e+02 4.900000000000000000e+01 4.363000000000000000e+03 9.160000000000000000e+02
8.690000000000000000e+02 1.480000000000000000e+02 3.600000000000000000e+01 4.657000000000000000e+03 9.220000000000000000e+02
8.440000000000000000e+02 1.340000000000000000e+02 2.800000000000000000e+01 4.008000000000000000e+03 8.640000000000000000e+02
5.910000000000000000e+02 1.240000000000000000e+02 3.200000000000000000e+01 4.026000000000000000e+03 7.330000000000000000e+02
7.680000000000000000e+02 1.410000000000000000e+02 3.200000000000000000e+01 4.072000000000000000e+03 8.320000000000000000e+02
7.070000000000000000e+02 1.440000000000000000e+02 4.900000000000000000e+01 4.138000000000000000e+03 7.900000000000000000e+02
9.670000000000000000e+02 1.660000000000000000e+02 4.400000000000000000e+01 4.619000000000000000e+03 1.002000000000000000e+03
8.180000000000000000e+02 1.620000000000000000e+02 3.900000000000000000e+01 4.827000000000000000e+03 9.060000000000000000e+02
8.550000000000000000e+02 1.320000000000000000e+02 3.000000000000000000e+01 4.470000000000000000e+03 9.010000000000000000e+02
8.410000000000000000e+02 1.650000000000000000e+02 3.500000000000000000e+01 4.687000000000000000e+03 9.440000000000000000e+02
7.730000000000000000e+02 1.520000000000000000e+02 3.600000000000000000e+01 4.275000000000000000e+03 8.730000000000000000e+02
9.390000000000000000e+02 1.680000000000000000e+02 3.300000000000000000e+01 4.750000000000000000e+03 9.790000000000000000e+02
9.130000000000000000e+02 1.800000000000000000e+02 5.500000000000000000e+01 4.889000000000000000e+03 9.620000000000000000e+02
6.450000000000000000e+02 1.650000000000000000e+02 2.800000000000000000e+01 3.698000000000000000e+03 7.500000000000000000e+02
5.880000000000000000e+02 1.360000000000000000e+02 4.500000000000000000e+01 3.890000000000000000e+03 7.490000000000000000e+02
7.680000000000000000e+02 1.380000000000000000e+02 4.000000000000000000e+01 4.261000000000000000e+03 8.320000000000000000e+02
7.090000000000000000e+02 1.610000000000000000e+02 4.000000000000000000e+01 4.281000000000000000e+03 8.480000000000000000e+02
8.350000000000000000e+02 1.820000000000000000e+02 4.600000000000000000e+01 4.302000000000000000e+03 9.360000000000000000e+02
9.200000000000000000e+02 1.320000000000000000e+02 4.200000000000000000e+01 4.415000000000000000e+03 9.180000000000000000e+02
1.069000000000000000e+03 1.840000000000000000e+02 4.300000000000000000e+01 4.855000000000000000e+03 1.045000000000000000e+03
8.390000000000000000e+02 1.660000000000000000e+02 4.300000000000000000e+01 4.531000000000000000e+03 8.910000000000000000e+02
9.280000000000000000e+02 1.750000000000000000e+02 4.300000000000000000e+01 4.512000000000000000e+03 9.790000000000000000e+02
1.080000000000000000e+03 1.850000000000000000e+02 4.900000000000000000e+01 4.645000000000000000e+03 1.005000000000000000e+03
1.062000000000000000e+03 1.580000000000000000e+02 4.000000000000000000e+01 4.602000000000000000e+03 9.980000000000000000e+02
1.077000000000000000e+03 1.890000000000000000e+02 4.200000000000000000e+01 5.081000000000000000e+03 1.061000000000000000e+03
8.740000000000000000e+02 1.770000000000000000e+02 4.600000000000000000e+01 4.696000000000000000e+03 9.450000000000000000e+02
1.106000000000000000e+03 2.150000000000000000e+02 5.300000000000000000e+01 5.094000000000000000e+03 1.090000000000000000e+03
9.130000000000000000e+02 1.880000000000000000e+02 5.000000000000000000e+01 4.691000000000000000e+03 9.540000000000000000e+02
8.140000000000000000e+02 1.520000000000000000e+02 3.600000000000000000e+01 4.362000000000000000e+03 8.490000000000000000e+02
9.140000000000000000e+02 1.700000000000000000e+02 5.000000000000000000e+01 4.433000000000000000e+03 9.170000000000000000e+02
1.200000000000000000e+03 1.850000000000000000e+02 4.600000000000000000e+01 4.840000000000000000e+03 1.090000000000000000e+03
1.189000000000000000e+03 1.980000000000000000e+02 4.000000000000000000e+01 4.970000000000000000e+03 1.090000000000000000e+03
7.020000000000000000e+02 1.420000000000000000e+02 3.100000000000000000e+01 4.603000000000000000e+03 8.400000000000000000e+02
8.020000000000000000e+02 1.640000000000000000e+02 4.800000000000000000e+01 4.464000000000000000e+03 9.370000000000000000e+02
8.460000000000000000e+02 1.420000000000000000e+02 3.700000000000000000e+01 4.557000000000000000e+03 8.940000000000000000e+02
7.250000000000000000e+02 1.380000000000000000e+02 3.000000000000000000e+01 4.387000000000000000e+03 8.530000000000000000e+02
1.105000000000000000e+03 2.040000000000000000e+02 5.500000000000000000e+01 4.648000000000000000e+03 1.040000000000000000e+03
8.280000000000000000e+02 1.600000000000000000e+02 3.100000000000000000e+01 4.421000000000000000e+03 9.110000000000000000e+02
9.270000000000000000e+02 1.440000000000000000e+02 4.300000000000000000e+01 4.767000000000000000e+03 9.750000000000000000e+02
1.026000000000000000e+03 1.760000000000000000e+02 4.600000000000000000e+01 4.684000000000000000e+03 1.040000000000000000e+03
9.270000000000000000e+02 1.840000000000000000e+02 4.000000000000000000e+01 4.463000000000000000e+03 9.580000000000000000e+02
6.630000000000000000e+02 1.310000000000000000e+02 3.600000000000000000e+01 4.008000000000000000e+03 7.860000000000000000e+02
8.450000000000000000e+02 1.660000000000000000e+02 4.100000000000000000e+01 4.479000000000000000e+03 9.550000000000000000e+02
8.590000000000000000e+02 1.320000000000000000e+02 3.000000000000000000e+01 4.633000000000000000e+03 9.700000000000000000e+02
7.020000000000000000e+02 1.360000000000000000e+02 3.800000000000000000e+01 4.188000000000000000e+03 8.090000000000000000e+02
6.960000000000000000e+02 1.220000000000000000e+02 4.100000000000000000e+01 4.184000000000000000e+03 7.980000000000000000e+02
7.440000000000000000e+02 1.450000000000000000e+02 4.000000000000000000e+01 4.611000000000000000e+03 8.030000000000000000e+02
6.770000000000000000e+02 1.630000000000000000e+02 5.400000000000000000e+01 4.085000000000000000e+03 8.100000000000000000e+02
7.520000000000000000e+02 1.750000000000000000e+02 4.300000000000000000e+01 4.510000000000000000e+03 8.770000000000000000e+02
8.120000000000000000e+02 1.750000000000000000e+02 4.400000000000000000e+01 4.106000000000000000e+03 8.740000000000000000e+02
7.370000000000000000e+02 1.470000000000000000e+02 3.800000000000000000e+01 4.347000000000000000e+03 8.260000000000000000e+02
6.200000000000000000e+02 1.220000000000000000e+02 4.400000000000000000e+01 4.226000000000000000e+03 7.540000000000000000e+02
1.010000000000000000e+03 2.040000000000000000e+02 4.500000000000000000e+01 4.341000000000000000e+03 1.012000000000000000e+03
1.025000000000000000e+03 1.960000000000000000e+02 3.200000000000000000e+01 4.488000000000000000e+03 1.012000000000000000e+03
1.007000000000000000e+03 1.660000000000000000e+02 4.000000000000000000e+01 4.720000000000000000e+03 9.820000000000000000e+02
6.680000000000000000e+02 1.620000000000000000e+02 3.600000000000000000e+01 3.878000000000000000e+03 8.310000000000000000e+02
8.280000000000000000e+02 1.590000000000000000e+02 4.200000000000000000e+01 4.566000000000000000e+03 9.090000000000000000e+02
9.110000000000000000e+02 1.240000000000000000e+02 4.300000000000000000e+01 4.372000000000000000e+03 8.990000000000000000e+02
5.920000000000000000e+02 1.540000000000000000e+02 4.500000000000000000e+01 4.186000000000000000e+03 7.500000000000000000e+02
9.830000000000000000e+02 1.770000000000000000e+02 3.500000000000000000e+01 4.533000000000000000e+03 9.980000000000000000e+02
5.880000000000000000e+02 1.240000000000000000e+02 4.200000000000000000e+01 4.029000000000000000e+03 7.420000000000000000e+02
8.810000000000000000e+02 1.460000000000000000e+02 3.300000000000000000e+01 4.386000000000000000e+03 9.130000000000000000e+02
7.670000000000000000e+02 1.460000000000000000e+02 3.500000000000000000e+01 4.487000000000000000e+03 9.060000000000000000e+02
8.270000000000000000e+02 1.660000000000000000e+02 3.800000000000000000e+01 4.127000000000000000e+03 9.050000000000000000e+02
8.370000000000000000e+02 1.370000000000000000e+02 3.200000000000000000e+01 4.330000000000000000e+03 9.180000000000000000e+02
8.450000000000000000e+02 1.660000000000000000e+02 4.900000000000000000e+01 4.559000000000000000e+03 9.110000000000000000e+02
7.620000000000000000e+02 1.890000000000000000e+02 5.100000000000000000e+01 4.511000000000000000e+03 8.850000000000000000e+02
1.147000000000000000e+03 1.820000000000000000e+02 5.900000000000000000e+01 4.662000000000000000e+03 1.077000000000000000e+03
7.940000000000000000e+02 1.420000000000000000e+02 4.700000000000000000e+01 4.492000000000000000e+03 8.540000000000000000e+02
9.930000000000000000e+02 1.660000000000000000e+02 4.800000000000000000e+01 4.618000000000000000e+03 9.910000000000000000e+02
8.840000000000000000e+02 1.450000000000000000e+02 5.100000000000000000e+01 4.462000000000000000e+03 9.680000000000000000e+02
7.200000000000000000e+02 1.190000000000000000e+02 3.500000000000000000e+01 4.105000000000000000e+03 8.260000000000000000e+02
8.440000000000000000e+02 1.610000000000000000e+02 4.900000000000000000e+01 4.555000000000000000e+03 9.140000000000000000e+02
7.980000000000000000e+02 1.570000000000000000e+02 3.300000000000000000e+01 4.283000000000000000e+03 8.540000000000000000e+02
8.720000000000000000e+02 1.520000000000000000e+02 3.500000000000000000e+01 4.452000000000000000e+03 8.990000000000000000e+02
8.310000000000000000e+02 1.760000000000000000e+02 4.200000000000000000e+01 4.790000000000000000e+03 9.010000000000000000e+02
6.050000000000000000e+02 1.050000000000000000e+02 3.800000000000000000e+01 3.931000000000000000e+03 7.150000000000000000e+02
6.380000000000000000e+02 8.800000000000000000e+01 2.700000000000000000e+01 3.862000000000000000e+03 7.210000000000000000e+02
8.270000000000000000e+02 1.810000000000000000e+02 5.000000000000000000e+01 4.587000000000000000e+03 9.650000000000000000e+02
8.660000000000000000e+02 1.580000000000000000e+02 4.100000000000000000e+01 4.373000000000000000e+03 9.420000000000000000e+02
8.630000000000000000e+02 1.620000000000000000e+02 2.900000000000000000e+01 4.229000000000000000e+03 8.900000000000000000e+02
6.710000000000000000e+02 1.050000000000000000e+02 3.200000000000000000e+01 3.680000000000000000e+03 7.430000000000000000e+02
9.760000000000000000e+02 1.720000000000000000e+02 3.300000000000000000e+01 5.022000000000000000e+03 9.590000000000000000e+02
9.260000000000000000e+02 1.490000000000000000e+02 4.600000000000000000e+01 4.568000000000000000e+03 9.620000000000000000e+02
6.780000000000000000e+02 1.340000000000000000e+02 3.800000000000000000e+01 4.447000000000000000e+03 7.940000000000000000e+02
6.980000000000000000e+02 1.330000000000000000e+02 4.200000000000000000e+01 4.162000000000000000e+03 8.640000000000000000e+02
1.008000000000000000e+03 1.740000000000000000e+02 4.000000000000000000e+01 4.502000000000000000e+03 9.950000000000000000e+02
8.630000000000000000e+02 1.300000000000000000e+02 2.200000000000000000e+01 4.402000000000000000e+03 9.130000000000000000e+02
8.960000000000000000e+02 1.910000000000000000e+02 4.300000000000000000e+01 4.800000000000000000e+03 1.032000000000000000e+03
8.680000000000000000e+02 1.810000000000000000e+02 5.100000000000000000e+01 4.545000000000000000e+03 9.120000000000000000e+02
7.270000000000000000e+02 1.520000000000000000e+02 3.700000000000000000e+01 4.075000000000000000e+03 8.120000000000000000e+02
9.340000000000000000e+02 1.370000000000000000e+02 4.400000000000000000e+01 4.694000000000000000e+03 9.400000000000000000e+02
6.970000000000000000e+02 1.080000000000000000e+02 3.400000000000000000e+01 4.574000000000000000e+03 8.170000000000000000e+02
7.450000000000000000e+02 1.540000000000000000e+02 3.400000000000000000e+01 4.454000000000000000e+03 8.380000000000000000e+02
1.154000000000000000e+03 1.740000000000000000e+02 3.400000000000000000e+01 4.804000000000000000e+03 1.032000000000000000e+03
8.590000000000000000e+02 1.730000000000000000e+02 4.400000000000000000e+01 4.553000000000000000e+03 9.030000000000000000e+02
7.170000000000000000e+02 9.600000000000000000e+01 3.000000000000000000e+01 3.763000000000000000e+03 7.530000000000000000e+02
1.071000000000000000e+03 1.760000000000000000e+02 5.000000000000000000e+01 4.594000000000000000e+03 1.046000000000000000e+03
7.830000000000000000e+02 1.650000000000000000e+02 4.900000000000000000e+01 4.539000000000000000e+03 9.050000000000000000e+02
1.129000000000000000e+03 2.000000000000000000e+02 5.000000000000000000e+01 4.996000000000000000e+03 1.042000000000000000e+03
8.960000000000000000e+02 1.630000000000000000e+02 3.500000000000000000e+01 4.574000000000000000e+03 9.340000000000000000e+02
9.200000000000000000e+02 1.910000000000000000e+02 4.100000000000000000e+01 4.489000000000000000e+03 9.420000000000000000e+02
8.560000000000000000e+02 1.780000000000000000e+02 3.900000000000000000e+01 4.411000000000000000e+03 9.180000000000000000e+02
9.310000000000000000e+02 1.710000000000000000e+02 4.200000000000000000e+01 4.785000000000000000e+03 9.470000000000000000e+02
8.560000000000000000e+02 1.820000000000000000e+02 5.400000000000000000e+01 4.323000000000000000e+03 9.120000000000000000e+02
6.590000000000000000e+02 1.310000000000000000e+02 3.500000000000000000e+01 4.299000000000000000e+03 7.720000000000000000e+02
8.820000000000000000e+02 1.550000000000000000e+02 4.800000000000000000e+01 3.910000000000000000e+03 8.910000000000000000e+02
7.560000000000000000e+02 1.640000000000000000e+02 4.600000000000000000e+01 4.517000000000000000e+03 8.700000000000000000e+02
9.830000000000000000e+02 1.750000000000000000e+02 4.900000000000000000e+01 4.691000000000000000e+03 9.980000000000000000e+02
7.230000000000000000e+02 1.340000000000000000e+02 4.200000000000000000e+01 4.387000000000000000e+03 8.000000000000000000e+02
8.390000000000000000e+02 1.520000000000000000e+02 4.800000000000000000e+01 4.817000000000000000e+03 9.230000000000000000e+02
7.300000000000000000e+02 1.570000000000000000e+02 4.700000000000000000e+01 4.364000000000000000e+03 8.420000000000000000e+02
1.030000000000000000e+03 2.170000000000000000e+02 4.800000000000000000e+01 4.909000000000000000e+03 1.061000000000000000e+03
7.170000000000000000e+02 1.210000000000000000e+02 3.200000000000000000e+01 4.034000000000000000e+03 8.230000000000000000e+02
9.260000000000000000e+02 2.080000000000000000e+02 6.000000000000000000e+01 4.725000000000000000e+03 1.023000000000000000e+03
8.650000000000000000e+02 1.780000000000000000e+02 4.500000000000000000e+01 4.743000000000000000e+03 9.330000000000000000e+02
6.700000000000000000e+02 1.370000000000000000e+02 3.700000000000000000e+01 4.154000000000000000e+03 7.760000000000000000e+02
9.790000000000000000e+02 1.870000000000000000e+02 3.300000000000000000e+01 4.683000000000000000e+03 1.013000000000000000e+03
1.079000000000000000e+03 1.750000000000000000e+02 3.400000000000000000e+01 4.849000000000000000e+03 1.012000000000000000e+03
8.460000000000000000e+02 1.260000000000000000e+02 3.500000000000000000e+01 4.606000000000000000e+03 8.980000000000000000e+02
9.150000000000000000e+02 1.570000000000000000e+02 3.700000000000000000e+01 4.722000000000000000e+03 9.130000000000000000e+02
1.146000000000000000e+03 2.090000000000000000e+02 4.300000000000000000e+01 4.841000000000000000e+03 1.041000000000000000e+03
9.420000000000000000e+02 1.270000000000000000e+02 3.100000000000000000e+01 4.543000000000000000e+03 9.070000000000000000e+02
8.010000000000000000e+02 1.650000000000000000e+02 3.500000000000000000e+01 4.297000000000000000e+03 8.430000000000000000e+02
9.300000000000000000e+02 1.910000000000000000e+02 3.900000000000000000e+01 4.834000000000000000e+03 1.014000000000000000e+03
9.140000000000000000e+02 1.790000000000000000e+02 4.100000000000000000e+01 4.577000000000000000e+03 9.790000000000000000e+02
7.750000000000000000e+02 1.300000000000000000e+02 2.900000000000000000e+01 4.349000000000000000e+03 8.550000000000000000e+02
1.057000000000000000e+03 1.910000000000000000e+02 4.000000000000000000e+01 5.023000000000000000e+03 1.028000000000000000e+03
7.430000000000000000e+02 1.150000000000000000e+02 2.600000000000000000e+01 3.900000000000000000e+03 8.010000000000000000e+02
9.700000000000000000e+02 1.940000000000000000e+02 5.200000000000000000e+01 4.911000000000000000e+03 1.010000000000000000e+03
1.008000000000000000e+03 1.790000000000000000e+02 4.300000000000000000e+01 4.614000000000000000e+03 1.024000000000000000e+03
9.490000000000000000e+02 1.800000000000000000e+02 4.000000000000000000e+01 4.302000000000000000e+03 9.760000000000000000e+02
9.020000000000000000e+02 1.550000000000000000e+02 3.500000000000000000e+01 4.934000000000000000e+03 9.210000000000000000e+02
6.160000000000000000e+02 1.270000000000000000e+02 3.500000000000000000e+01 4.083000000000000000e+03 7.540000000000000000e+02
9.030000000000000000e+02 1.320000000000000000e+02 3.400000000000000000e+01 4.502000000000000000e+03 9.330000000000000000e+02
6.340000000000000000e+02 1.370000000000000000e+02 2.900000000000000000e+01 4.417000000000000000e+03 7.480000000000000000e+02
7.120000000000000000e+02 1.330000000000000000e+02 3.000000000000000000e+01 4.441000000000000000e+03 8.100000000000000000e+02
8.620000000000000000e+02 1.650000000000000000e+02 3.300000000000000000e+01 4.932000000000000000e+03 9.100000000000000000e+02
9.460000000000000000e+02 1.800000000000000000e+02 5.400000000000000000e+01 4.979000000000000000e+03 9.560000000000000000e+02
7.350000000000000000e+02 1.280000000000000000e+02 3.100000000000000000e+01 4.471000000000000000e+03 7.990000000000000000e+02
7.610000000000000000e+02 1.530000000000000000e+02 4.000000000000000000e+01 4.542000000000000000e+03 8.640000000000000000e+02
7.800000000000000000e+02 1.790000000000000000e+02 4.200000000000000000e+01 4.621000000000000000e+03 9.230000000000000000e+02
4.750000000000000000e+02 1.130000000000000000e+02 2.800000000000000000e+01 3.650000000000000000e+03 6.130000000000000000e+02
9.010000000000000000e+02 1.750000000000000000e+02 4.700000000000000000e+01 4.361000000000000000e+03 9.480000000000000000e+02
7.170000000000000000e+02 1.480000000000000000e+02 4.000000000000000000e+01 4.005000000000000000e+03 8.330000000000000000e+02
6.840000000000000000e+02 1.410000000000000000e+02 3.900000000000000000e+01 4.074000000000000000e+03 7.840000000000000000e+02
1.245000000000000000e+03 2.110000000000000000e+02 4.500000000000000000e+01 4.810000000000000000e+03 1.098000000000000000e+03
5.820000000000000000e+02 1.120000000000000000e+02 3.700000000000000000e+01 3.689000000000000000e+03 6.780000000000000000e+02
9.270000000000000000e+02 1.520000000000000000e+02 3.900000000000000000e+01 4.478000000000000000e+03 8.960000000000000000e+02
9.730000000000000000e+02 1.760000000000000000e+02 4.700000000000000000e+01 4.878000000000000000e+03 9.420000000000000000e+02
8.180000000000000000e+02 1.880000000000000000e+02 4.700000000000000000e+01 4.461000000000000000e+03 8.890000000000000000e+02
1.136000000000000000e+03 2.050000000000000000e+02 5.600000000000000000e+01 4.908000000000000000e+03 1.034000000000000000e+03
1.122000000000000000e+03 1.520000000000000000e+02 3.400000000000000000e+01 4.764000000000000000e+03 1.003000000000000000e+03
7.590000000000000000e+02 1.550000000000000000e+02 4.300000000000000000e+01 4.338000000000000000e+03 8.440000000000000000e+02
7.850000000000000000e+02 1.650000000000000000e+02 3.700000000000000000e+01 4.399000000000000000e+03 8.700000000000000000e+02
8.510000000000000000e+02 1.730000000000000000e+02 4.400000000000000000e+01 4.591000000000000000e+03 9.460000000000000000e+02
7.450000000000000000e+02 1.320000000000000000e+02 4.400000000000000000e+01 4.373000000000000000e+03 8.510000000000000000e+02
1.000000000000000000e+03 1.910000000000000000e+02 4.900000000000000000e+01 4.763000000000000000e+03 1.005000000000000000e+03
7.110000000000000000e+02 1.410000000000000000e+02 4.000000000000000000e+01 4.376000000000000000e+03 8.450000000000000000e+02
9.130000000000000000e+02 1.500000000000000000e+02 4.600000000000000000e+01 4.399000000000000000e+03 9.520000000000000000e+02
8.430000000000000000e+02 1.480000000000000000e+02 4.400000000000000000e+01 4.569000000000000000e+03 8.610000000000000000e+02
8.530000000000000000e+02 1.510000000000000000e+02 4.500000000000000000e+01 4.775000000000000000e+03 8.600000000000000000e+02
7.130000000000000000e+02 1.230000000000000000e+02 2.400000000000000000e+01 4.021000000000000000e+03 7.630000000000000000e+02
1.179000000000000000e+03 1.990000000000000000e+02 4.100000000000000000e+01 4.783000000000000000e+03 1.046000000000000000e+03
6.830000000000000000e+02 1.250000000000000000e+02 2.100000000000000000e+01 4.081000000000000000e+03 8.000000000000000000e+02
8.110000000000000000e+02 1.730000000000000000e+02 3.800000000000000000e+01 4.311000000000000000e+03 8.900000000000000000e+02
6.960000000000000000e+02 1.350000000000000000e+02 4.000000000000000000e+01 4.345000000000000000e+03 7.960000000000000000e+02
9.780000000000000000e+02 1.480000000000000000e+02 3.900000000000000000e+01 4.600000000000000000e+03 9.460000000000000000e+02
1.127000000000000000e+03 1.880000000000000000e+02 3.600000000000000000e+01 4.741000000000000000e+03 1.029000000000000000e+03
9.300000000000000000e+02 1.520000000000000000e+02 3.800000000000000000e+01 4.544000000000000000e+03 9.220000000000000000e+02
9.610000000000000000e+02 1.420000000000000000e+02 2.900000000000000000e+01 4.641000000000000000e+03 9.260000000000000000e+02
1.016000000000000000e+03 1.800000000000000000e+02 4.400000000000000000e+01 4.602000000000000000e+03 9.810000000000000000e+02
8.570000000000000000e+02 1.520000000000000000e+02 3.300000000000000000e+01 4.669000000000000000e+03 9.160000000000000000e+02
9.840000000000000000e+02 1.690000000000000000e+02 4.300000000000000000e+01 4.603000000000000000e+03 9.880000000000000000e+02
1.048000000000000000e+03 1.480000000000000000e+02 3.200000000000000000e+01 4.526000000000000000e+03 9.660000000000000000e+02
1.085000000000000000e+03 1.700000000000000000e+02 2.800000000000000000e+01 4.613000000000000000e+03 1.031000000000000000e+03
8.380000000000000000e+02 1.540000000000000000e+02 3.900000000000000000e+01 4.606000000000000000e+03 9.500000000000000000e+02
8.830000000000000000e+02 1.750000000000000000e+02 4.200000000000000000e+01 4.989000000000000000e+03 9.890000000000000000e+02
1.022000000000000000e+03 1.850000000000000000e+02 5.400000000000000000e+01 4.848000000000000000e+03 1.018000000000000000e+03
9.180000000000000000e+02 1.690000000000000000e+02 4.000000000000000000e+01 4.874000000000000000e+03 9.200000000000000000e+02
9.570000000000000000e+02 1.950000000000000000e+02 4.000000000000000000e+01 4.666000000000000000e+03 9.780000000000000000e+02
8.910000000000000000e+02 1.360000000000000000e+02 3.700000000000000000e+01 4.311000000000000000e+03 9.040000000000000000e+02
7.340000000000000000e+02 1.230000000000000000e+02 5.300000000000000000e+01 4.127000000000000000e+03 8.020000000000000000e+02
8.580000000000000000e+02 1.330000000000000000e+02 3.000000000000000000e+01 4.562000000000000000e+03 8.940000000000000000e+02
7.550000000000000000e+02 1.490000000000000000e+02 3.600000000000000000e+01 4.209000000000000000e+03 8.440000000000000000e+02
5.940000000000000000e+02 1.330000000000000000e+02 4.900000000000000000e+01 3.942000000000000000e+03 7.280000000000000000e+02
7.700000000000000000e+02 1.410000000000000000e+02 4.700000000000000000e+01 4.273000000000000000e+03 8.430000000000000000e+02
7.560000000000000000e+02 1.370000000000000000e+02 4.200000000000000000e+01 4.522000000000000000e+03 8.480000000000000000e+02
7.220000000000000000e+02 1.480000000000000000e+02 4.100000000000000000e+01 4.464000000000000000e+03 8.170000000000000000e+02
1.006000000000000000e+03 1.580000000000000000e+02 4.000000000000000000e+01 4.770000000000000000e+03 1.019000000000000000e+03
9.210000000000000000e+02 1.540000000000000000e+02 3.700000000000000000e+01 4.496000000000000000e+03 9.570000000000000000e+02
9.240000000000000000e+02 1.690000000000000000e+02 2.900000000000000000e+01 4.808000000000000000e+03 9.920000000000000000e+02
1.179000000000000000e+03 1.720000000000000000e+02 4.400000000000000000e+01 4.861000000000000000e+03 1.057000000000000000e+03
8.870000000000000000e+02 1.360000000000000000e+02 3.400000000000000000e+01 4.490000000000000000e+03 9.040000000000000000e+02
6.350000000000000000e+02 1.160000000000000000e+02 3.600000000000000000e+01 3.511000000000000000e+03 7.190000000000000000e+02
9.430000000000000000e+02 1.500000000000000000e+02 3.700000000000000000e+01 4.843000000000000000e+03 9.970000000000000000e+02
8.360000000000000000e+02 1.440000000000000000e+02 3.000000000000000000e+01 4.641000000000000000e+03 9.180000000000000000e+02
1.316000000000000000e+03 2.360000000000000000e+02 4.000000000000000000e+01 5.380000000000000000e+03 1.230000000000000000e+03
6.900000000000000000e+02 1.090000000000000000e+02 2.800000000000000000e+01 4.464000000000000000e+03 7.810000000000000000e+02
9.430000000000000000e+02 1.670000000000000000e+02 4.000000000000000000e+01 4.313000000000000000e+03 9.470000000000000000e+02
7.750000000000000000e+02 1.360000000000000000e+02 4.200000000000000000e+01 4.427000000000000000e+03 8.480000000000000000e+02
7.410000000000000000e+02 1.100000000000000000e+02 3.200000000000000000e+01 4.058000000000000000e+03 8.390000000000000000e+02
7.840000000000000000e+02 1.320000000000000000e+02 3.000000000000000000e+01 4.386000000000000000e+03 8.550000000000000000e+02
4.950000000000000000e+02 1.330000000000000000e+02 3.100000000000000000e+01 3.726000000000000000e+03 6.410000000000000000e+02
1.020000000000000000e+03 1.720000000000000000e+02 3.400000000000000000e+01 4.823000000000000000e+03 1.020000000000000000e+03
9.190000000000000000e+02 1.760000000000000000e+02 5.300000000000000000e+01 4.757000000000000000e+03 1.004000000000000000e+03
7.840000000000000000e+02 1.390000000000000000e+02 4.200000000000000000e+01 4.397000000000000000e+03 8.670000000000000000e+02
9.410000000000000000e+02 1.510000000000000000e+02 4.500000000000000000e+01 4.818000000000000000e+03 9.950000000000000000e+02
1.264000000000000000e+03 2.180000000000000000e+02 5.500000000000000000e+01 5.165000000000000000e+03 1.137000000000000000e+03
8.480000000000000000e+02 1.170000000000000000e+02 3.300000000000000000e+01 4.259000000000000000e+03 9.000000000000000000e+02
1.091000000000000000e+03 2.010000000000000000e+02 4.700000000000000000e+01 4.697000000000000000e+03 1.032000000000000000e+03
9.460000000000000000e+02 2.130000000000000000e+02 6.100000000000000000e+01 4.463000000000000000e+03 9.600000000000000000e+02
7.350000000000000000e+02 1.270000000000000000e+02 3.500000000000000000e+01 4.179000000000000000e+03 8.200000000000000000e+02
8.370000000000000000e+02 1.940000000000000000e+02 4.300000000000000000e+01 4.357000000000000000e+03 9.310000000000000000e+02
8.830000000000000000e+02 1.650000000000000000e+02 3.600000000000000000e+01 4.346000000000000000e+03 9.530000000000000000e+02
8.190000000000000000e+02 1.610000000000000000e+02 3.500000000000000000e+01 4.447000000000000000e+03 8.600000000000000000e+02
1.073000000000000000e+03 1.980000000000000000e+02 3.600000000000000000e+01 4.609000000000000000e+03 1.025000000000000000e+03
8.130000000000000000e+02 1.330000000000000000e+02 3.500000000000000000e+01 4.436000000000000000e+03 8.660000000000000000e+02
6.110000000000000000e+02 1.510000000000000000e+02 4.500000000000000000e+01 4.218000000000000000e+03 7.970000000000000000e+02
1.159000000000000000e+03 2.130000000000000000e+02 5.800000000000000000e+01 5.066000000000000000e+03 1.080000000000000000e+03
8.830000000000000000e+02 1.780000000000000000e+02 5.200000000000000000e+01 4.411000000000000000e+03 9.220000000000000000e+02
1.224000000000000000e+03 2.000000000000000000e+02 5.000000000000000000e+01 5.136000000000000000e+03 1.128000000000000000e+03
8.540000000000000000e+02 1.680000000000000000e+02 3.400000000000000000e+01 4.496000000000000000e+03 9.090000000000000000e+02
9.490000000000000000e+02 1.840000000000000000e+02 4.500000000000000000e+01 4.837000000000000000e+03 9.660000000000000000e+02
8.080000000000000000e+02 1.480000000000000000e+02 3.900000000000000000e+01 4.541000000000000000e+03 8.650000000000000000e+02
6.830000000000000000e+02 1.310000000000000000e+02 2.600000000000000000e+01 3.746000000000000000e+03 8.050000000000000000e+02
8.150000000000000000e+02 1.520000000000000000e+02 3.600000000000000000e+01 4.321000000000000000e+03 8.820000000000000000e+02
1.122000000000000000e+03 1.660000000000000000e+02 4.000000000000000000e+01 5.138000000000000000e+03 9.950000000000000000e+02
8.660000000000000000e+02 1.360000000000000000e+02 4.000000000000000000e+01 4.198000000000000000e+03 8.600000000000000000e+02
8.690000000000000000e+02 1.500000000000000000e+02 3.500000000000000000e+01 4.461000000000000000e+03 8.790000000000000000e+02
