2.570000000000000000e+02 6.800000000000000000e+01 4.000000000000000000e+00 6.050000000000000000e+02 3.290000000000000000e+02
2.650000000000000000e+02 7.200000000000000000e+01 3.000000000000000000e+00 9.100000000000000000e+02 3.390000000000000000e+02
3.150000000000000000e+02 9.500000000000000000e+01 4.000000000000000000e+00 1.562000000000000000e+03 4.100000000000000000e+02
2.870000000000000000e+02 8.000000000000000000e+01 5.000000000000000000e+00 1.372000000000000000e+03 3.690000000000000000e+02
2.710000000000000000e+02 7.600000000000000000e+01 3.000000000000000000e+00 1.146000000000000000e+03 3.470000000000000000e+02
2.950000000000000000e+02 7.900000000000000000e+01 4.000000000000000000e+00 1.208000000000000000e+03 3.730000000000000000e+02
2.620000000000000000e+02 7.800000000000000000e+01 6.000000000000000000e+00 1.074000000000000000e+03 3.420000000000000000e+02
2.110000000000000000e+02 6.300000000000000000e+01 3.000000000000000000e+00 3.130000000000000000e+02 2.770000000000000000e+02
1.930000000000000000e+02 4.300000000000000000e+01 4.000000000000000000e+00 8.900000000000000000e+01 2.390000000000000000e+02
2.510000000000000000e+02 6.700000000000000000e+01 5.000000000000000000e+00 9.050000000000000000e+02 3.210000000000000000e+02
3.010000000000000000e+02 6.900000000000000000e+01 6.000000000000000000e+00 1.126000000000000000e+03 3.720000000000000000e+02
2.610000000000000000e+02 8.400000000000000000e+01 5.000000000000000000e+00 1.048000000000000000e+03 3.480000000000000000e+02
2.610000000000000000e+02 7.900000000000000000e+01 5.000000000000000000e+00 1.196000000000000000e+03 3.440000000000000000e+02
2.610000000000000000e+02 6.900000000000000000e+01 4.000000000000000000e+00 7.840000000000000000e+02 3.320000000000000000e+02
3.220000000000000000e+02 8.000000000000000000e+01 4.000000000000000000e+00 1.569000000000000000e+03 4.020000000000000000e+02
3.160000000000000000e+02 8.100000000000000000e+01 9.000000000000000000e+00 1.286000000000000000e+03 4.050000000000000000e+02
2.490000000000000000e+02 7.300000000000000000e+01 6.000000000000000000e+00 5.970000000000000000e+02 3.270000000000000000e+02
2.290000000000000000e+02 7.500000000000000000e+01 5.000000000000000000e+00 6.270000000000000000e+02 3.070000000000000000e+02
2.140000000000000000e+02 7.300000000000000000e+01 5.000000000000000000e+00 5.580000000000000000e+02 2.910000000000000000e+02
2.440000000000000000e+02 8.200000000000000000e+01 7.000000000000000000e+00 9.810000000000000000e+02 3.290000000000000000e+02
2.600000000000000000e+02 7.800000000000000000e+01 4.000000000000000000e+00 1.111000000000000000e+03 3.380000000000000000e+02
2.460000000000000000e+02 7.100000000000000000e+01 5.000000000000000000e+00 7.130000000000000000e+02 3.200000000000000000e+02
2.570000000000000000e+02 7.400000000000000000e+01 7.000000000000000000e+00 1.051000000000000000e+03 3.350000000000000000e+02
2.520000000000000000e+02 8.200000000000000000e+01 1.000000000000000000e+01 1.244000000000000000e+03 3.370000000000000000e+02
2.960000000000000000e+02 6.400000000000000000e+01 5.000000000000000000e+00 1.081000000000000000e+03 3.570000000000000000e+02
2.870000000000000000e+02 7.500000000000000000e+01 6.000000000000000000e+00 1.160000000000000000e+03 3.610000000000000000e+02
3.050000000000000000e+02 8.200000000000000000e+01 7.000000000000000000e+00 1.180000000000000000e+03 3.910000000000000000e+02
2.940000000000000000e+02 8.000000000000000000e+01 5.000000000000000000e+00 1.100000000000000000e+03 3.750000000000000000e+02
2.710000000000000000e+02 8.000000000000000000e+01 6.000000000000000000e+00 1.211000000000000000e+03 3.530000000000000000e+02
3.110000000000000000e+02 6.600000000000000000e+01 1.000000000000000000e+00 1.307000000000000000e+03 3.750000000000000000e+02
2.670000000000000000e+02 6.200000000000000000e+01 7.000000000000000000e+00 1.031000000000000000e+03 3.360000000000000000e+02
2.940000000000000000e+02 7.200000000000000000e+01 9.000000000000000000e+00 1.317000000000000000e+03 3.690000000000000000e+02
2.510000000000000000e+02 6.000000000000000000e+01 8.000000000000000000e+00 6.150000000000000000e+02 3.160000000000000000e+02
3.070000000000000000e+02 6.000000000000000000e+01 4.000000000000000000e+00 1.195000000000000000e+03 3.660000000000000000e+02
2.740000000000000000e+02 8.700000000000000000e+01 7.000000000000000000e+00 1.322000000000000000e+03 3.630000000000000000e+02
2.510000000000000000e+02 7.600000000000000000e+01 7.000000000000000000e+00 1.029000000000000000e+03 3.310000000000000000e+02
2.660000000000000000e+02 7.800000000000000000e+01 8.000000000000000000e+00 1.203000000000000000e+03 3.510000000000000000e+02
2.680000000000000000e+02 7.000000000000000000e+01 4.000000000000000000e+00 1.286000000000000000e+03 3.410000000000000000e+02
2.840000000000000000e+02 6.900000000000000000e+01 4.000000000000000000e+00 1.206000000000000000e+03 3.520000000000000000e+02
2.730000000000000000e+02 7.400000000000000000e+01 9.000000000000000000e+00 1.145000000000000000e+03 3.540000000000000000e+02
2.390000000000000000e+02 5.700000000000000000e+01 1.000000000000000000e+00 5.850000000000000000e+02 2.930000000000000000e+02
2.860000000000000000e+02 6.200000000000000000e+01 4.000000000000000000e+00 1.026000000000000000e+03 3.500000000000000000e+02
2.740000000000000000e+02 5.700000000000000000e+01 6.000000000000000000e+00 8.900000000000000000e+02 3.350000000000000000e+02
2.590000000000000000e+02 7.500000000000000000e+01 6.000000000000000000e+00 1.016000000000000000e+03 3.380000000000000000e+02
2.810000000000000000e+02 8.000000000000000000e+01 3.000000000000000000e+00 1.272000000000000000e+03 3.620000000000000000e+02
3.340000000000000000e+02 8.400000000000000000e+01 4.000000000000000000e+00 1.537000000000000000e+03 4.200000000000000000e+02
2.770000000000000000e+02 7.600000000000000000e+01 7.000000000000000000e+00 1.151000000000000000e+03 3.580000000000000000e+02
3.040000000000000000e+02 8.400000000000000000e+01 8.000000000000000000e+00 1.234000000000000000e+03 3.930000000000000000e+02
2.690000000000000000e+02 7.500000000000000000e+01 6.000000000000000000e+00 1.016000000000000000e+03 3.460000000000000000e+02
2.720000000000000000e+02 6.000000000000000000e+01 2.000000000000000000e+00 8.450000000000000000e+02 3.300000000000000000e+02
3.150000000000000000e+02 6.100000000000000000e+01 4.000000000000000000e+00 1.179000000000000000e+03 3.720000000000000000e+02
3.220000000000000000e+02 8.200000000000000000e+01 4.000000000000000000e+00 1.501000000000000000e+03 4.020000000000000000e+02
2.660000000000000000e+02 7.800000000000000000e+01 4.000000000000000000e+00 1.077000000000000000e+03 3.450000000000000000e+02
2.280000000000000000e+02 6.400000000000000000e+01 6.000000000000000000e+00 5.140000000000000000e+02 2.960000000000000000e+02
2.490000000000000000e+02 6.600000000000000000e+01 5.000000000000000000e+00 8.390000000000000000e+02 3.180000000000000000e+02
2.710000000000000000e+02 8.200000000000000000e+01 8.000000000000000000e+00 8.670000000000000000e+02 3.580000000000000000e+02
2.580000000000000000e+02 6.200000000000000000e+01 4.000000000000000000e+00 1.049000000000000000e+03 3.210000000000000000e+02
2.880000000000000000e+02 7.600000000000000000e+01 4.000000000000000000e+00 1.159000000000000000e+03 3.640000000000000000e+02
3.070000000000000000e+02 7.300000000000000000e+01 7.000000000000000000e+00 1.191000000000000000e+03 3.730000000000000000e+02
2.320000000000000000e+02 6.800000000000000000e+01 6.000000000000000000e+00 6.780000000000000000e+02 3.040000000000000000e+02
2.330000000000000000e+02 6.200000000000000000e+01 5.000000000000000000e+00 6.600000000000000000e+02 2.950000000000000000e+02
2.740000000000000000e+02 8.500000000000000000e+01 8.000000000000000000e+00 1.354000000000000000e+03 3.640000000000000000e+02
1.910000000000000000e+02 4.500000000000000000e+01 5.000000000000000000e+00 1.310000000000000000e+02 2.390000000000000000e+02
2.850000000000000000e+02 7.000000000000000000e+01 3.000000000000000000e+00 1.092000000000000000e+03 3.500000000000000000e+02
2.970000000000000000e+02 7.500000000000000000e+01 2.000000000000000000e+00 1.225000000000000000e+03 3.720000000000000000e+02
2.680000000000000000e+02 6.600000000000000000e+01 4.000000000000000000e+00 6.210000000000000000e+02 3.380000000000000000e+02
3.020000000000000000e+02 6.900000000000000000e+01 3.000000000000000000e+00 1.184000000000000000e+03 3.710000000000000000e+02
2.840000000000000000e+02 7.100000000000000000e+01 7.000000000000000000e+00 1.226000000000000000e+03 3.610000000000000000e+02
2.670000000000000000e+02 8.500000000000000000e+01 9.000000000000000000e+00 1.022000000000000000e+03 3.580000000000000000e+02
2.930000000000000000e+02 6.800000000000000000e+01 4.000000000000000000e+00 1.137000000000000000e+03 3.600000000000000000e+02
3.230000000000000000e+02 7.600000000000000000e+01 3.000000000000000000e+00 1.352000000000000000e+03 3.970000000000000000e+02
2.780000000000000000e+02 7.700000000000000000e+01 4.000000000000000000e+00 1.236000000000000000e+03 3.550000000000000000e+02
3.010000000000000000e+02 6.100000000000000000e+01 1.000000000000000000e+00 1.373000000000000000e+03 3.570000000000000000e+02
2.920000000000000000e+02 7.200000000000000000e+01 6.000000000000000000e+00 1.252000000000000000e+03 3.640000000000000000e+02
2.630000000000000000e+02 6.900000000000000000e+01 6.000000000000000000e+00 7.350000000000000000e+02 3.380000000000000000e+02
2.330000000000000000e+02 6.500000000000000000e+01 8.000000000000000000e+00 7.780000000000000000e+02 3.050000000000000000e+02
2.740000000000000000e+02 8.000000000000000000e+01 1.000000000000000000e+01 1.271000000000000000e+03 3.580000000000000000e+02
2.320000000000000000e+02 7.100000000000000000e+01 3.000000000000000000e+00 7.110000000000000000e+02 3.030000000000000000e+02
2.650000000000000000e+02 6.900000000000000000e+01 7.000000000000000000e+00 6.880000000000000000e+02 3.360000000000000000e+02
2.590000000000000000e+02 6.600000000000000000e+01 7.000000000000000000e+00 8.730000000000000000e+02 3.300000000000000000e+02
2.400000000000000000e+02 6.700000000000000000e+01 6.000000000000000000e+00 6.420000000000000000e+02 3.100000000000000000e+02
2.960000000000000000e+02 7.100000000000000000e+01 6.000000000000000000e+00 1.229000000000000000e+03 3.710000000000000000e+02
2.740000000000000000e+02 8.200000000000000000e+01 7.000000000000000000e+00 1.405000000000000000e+03 3.580000000000000000e+02
2.540000000000000000e+02 8.500000000000000000e+01 1.100000000000000000e+01 1.037000000000000000e+03 3.440000000000000000e+02
2.810000000000000000e+02 7.300000000000000000e+01 7.000000000000000000e+00 1.269000000000000000e+03 3.530000000000000000e+02
2.870000000000000000e+02 7.900000000000000000e+01 1.200000000000000000e+01 1.085000000000000000e+03 3.730000000000000000e+02
2.830000000000000000e+02 8.000000000000000000e+01 1.000000000000000000e+01 1.591000000000000000e+03 3.690000000000000000e+02
3.110000000000000000e+02 9.200000000000000000e+01 9.000000000000000000e+00 1.661000000000000000e+03 4.050000000000000000e+02
1.960000000000000000e+02 5.200000000000000000e+01 4.000000000000000000e+00 3.480000000000000000e+02 2.510000000000000000e+02
3.160000000000000000e+02 7.600000000000000000e+01 6.000000000000000000e+00 1.207000000000000000e+03 3.960000000000000000e+02
2.390000000000000000e+02 6.100000000000000000e+01 4.000000000000000000e+00 5.620000000000000000e+02 3.000000000000000000e+02
2.940000000000000000e+02 7.000000000000000000e+01 2.000000000000000000e+00 1.037000000000000000e+03 3.610000000000000000e+02
3.070000000000000000e+02 6.700000000000000000e+01 9.000000000000000000e+00 1.367000000000000000e+03 3.770000000000000000e+02
2.550000000000000000e+02 8.400000000000000000e+01 5.000000000000000000e+00 1.010000000000000000e+03 3.420000000000000000e+02
2.620000000000000000e+02 7.500000000000000000e+01 6.000000000000000000e+00 8.700000000000000000e+02 3.400000000000000000e+02
3.100000000000000000e+02 6.600000000000000000e+01 7.000000000000000000e+00 8.870000000000000000e+02 3.800000000000000000e+02
2.930000000000000000e+02 6.700000000000000000e+01 8.000000000000000000e+00 1.287000000000000000e+03 3.620000000000000000e+02
2.760000000000000000e+02 8.000000000000000000e+01 9.000000000000000000e+00 1.404000000000000000e+03 3.570000000000000000e+02
2.650000000000000000e+02 8.600000000000000000e+01 8.000000000000000000e+00 1.150000000000000000e+03 3.540000000000000000e+02
2.860000000000000000e+02 7.100000000000000000e+01 4.000000000000000000e+00 1.367000000000000000e+03 3.580000000000000000e+02
2.890000000000000000e+02 7.600000000000000000e+01 3.000000000000000000e+00 1.186000000000000000e+03 3.660000000000000000e+02
3.050000000000000000e+02 6.100000000000000000e+01 0.000000000000000000e+00 9.470000000000000000e+02 3.590000000000000000e+02
2.800000000000000000e+02 7.500000000000000000e+01 6.000000000000000000e+00 1.248000000000000000e+03 3.590000000000000000e+02
2.930000000000000000e+02 6.700000000000000000e+01 2.000000000000000000e+00 1.172000000000000000e+03 3.550000000000000000e+02
2.740000000000000000e+02 7.500000000000000000e+01 8.000000000000000000e+00 1.321000000000000000e+03 3.530000000000000000e+02
3.350000000000000000e+02 9.000000000000000000e+01 6.000000000000000000e+00 1.385000000000000000e+03 4.240000000000000000e+02
3.050000000000000000e+02 9.000000000000000000e+01 2.000000000000000000e+00 1.386000000000000000e+03 3.930000000000000000e+02
2.760000000000000000e+02 6.100000000000000000e+01 5.000000000000000000e+00 1.087000000000000000e+03 3.360000000000000000e+02
2.820000000000000000e+02 8.400000000000000000e+01 3.000000000000000000e+00 1.043000000000000000e+03 3.660000000000000000e+02
3.080000000000000000e+02 8.600000000000000000e+01 9.000000000000000000e+00 1.554000000000000000e+03 4.030000000000000000e+02
2.270000000000000000e+02 5.000000000000000000e+01 3.000000000000000000e+00 2.660000000000000000e+02 2.780000000000000000e+02
2.560000000000000000e+02 6.300000000000000000e+01 9.000000000000000000e+00 9.680000000000000000e+02 3.260000000000000000e+02
2.830000000000000000e+02 8.400000000000000000e+01 4.000000000000000000e+00 1.292000000000000000e+03 3.710000000000000000e+02
3.090000000000000000e+02 8.000000000000000000e+01 2.000000000000000000e+00 1.202000000000000000e+03 3.850000000000000000e+02
2.950000000000000000e+02 6.500000000000000000e+01 6.000000000000000000e+00 1.277000000000000000e+03 3.630000000000000000e+02
2.530000000000000000e+02 8.100000000000000000e+01 1.000000000000000000e+00 1.135000000000000000e+03 3.300000000000000000e+02
2.810000000000000000e+02 7.700000000000000000e+01 4.000000000000000000e+00 1.064000000000000000e+03 3.580000000000000000e+02
2.550000000000000000e+02 8.600000000000000000e+01 4.000000000000000000e+00 1.263000000000000000e+03 3.430000000000000000e+02
3.030000000000000000e+02 6.800000000000000000e+01 4.000000000000000000e+00 1.310000000000000000e+03 3.670000000000000000e+02
2.820000000000000000e+02 6.900000000000000000e+01 3.000000000000000000e+00 1.333000000000000000e+03 3.500000000000000000e+02
2.690000000000000000e+02 8.200000000000000000e+01 8.000000000000000000e+00 1.124000000000000000e+03 3.580000000000000000e+02
2.390000000000000000e+02 6.300000000000000000e+01 6.000000000000000000e+00 8.680000000000000000e+02 3.060000000000000000e+02
2.820000000000000000e+02 6.200000000000000000e+01 4.000000000000000000e+00 9.980000000000000000e+02 3.430000000000000000e+02
2.600000000000000000e+02 8.200000000000000000e+01 7.000000000000000000e+00 9.280000000000000000e+02 3.450000000000000000e+02
2.720000000000000000e+02 7.800000000000000000e+01 9.000000000000000000e+00 8.770000000000000000e+02 3.570000000000000000e+02
2.850000000000000000e+02 8.100000000000000000e+01 6.000000000000000000e+00 1.165000000000000000e+03 3.720000000000000000e+02
2.540000000000000000e+02 7.700000000000000000e+01 2.000000000000000000e+00 1.001000000000000000e+03 3.330000000000000000e+02
2.920000000000000000e+02 9.200000000000000000e+01 8.000000000000000000e+00 1.320000000000000000e+03 3.880000000000000000e+02
2.240000000000000000e+02 6.300000000000000000e+01 6.000000000000000000e+00 6.090000000000000000e+02 2.920000000000000000e+02
2.890000000000000000e+02 8.800000000000000000e+01 1.100000000000000000e+01 1.466000000000000000e+03 3.840000000000000000e+02
2.450000000000000000e+02 7.300000000000000000e+01 7.000000000000000000e+00 9.330000000000000000e+02 3.220000000000000000e+02
2.850000000000000000e+02 7.000000000000000000e+01 7.000000000000000000e+00 1.287000000000000000e+03 3.560000000000000000e+02
2.900000000000000000e+02 1.110000000000000000e+02 5.000000000000000000e+00 1.368000000000000000e+03 4.030000000000000000e+02
2.550000000000000000e+02 6.900000000000000000e+01 6.000000000000000000e+00 1.047000000000000000e+03 3.270000000000000000e+02
2.830000000000000000e+02 7.400000000000000000e+01 9.000000000000000000e+00 1.134000000000000000e+03 3.630000000000000000e+02
2.580000000000000000e+02 9.100000000000000000e+01 3.000000000000000000e+00 1.274000000000000000e+03 3.480000000000000000e+02
2.490000000000000000e+02 7.200000000000000000e+01 4.000000000000000000e+00 9.620000000000000000e+02 3.220000000000000000e+02
2.360000000000000000e+02 5.900000000000000000e+01 1.000000000000000000e+00 6.030000000000000000e+02 2.960000000000000000e+02
3.220000000000000000e+02 8.100000000000000000e+01 4.000000000000000000e+00 1.384000000000000000e+03 4.020000000000000000e+02
2.740000000000000000e+02 8.100000000000000000e+01 8.000000000000000000e+00 8.620000000000000000e+02 3.550000000000000000e+02
2.950000000000000000e+02 8.500000000000000000e+01 9.000000000000000000e+00 1.339000000000000000e+03 3.870000000000000000e+02
2.940000000000000000e+02 7.800000000000000000e+01 6.000000000000000000e+00 1.354000000000000000e+03 3.750000000000000000e+02
2.550000000000000000e+02 6.300000000000000000e+01 4.000000000000000000e+00 8.820000000000000000e+02 3.210000000000000000e+02
2.810000000000000000e+02 7.600000000000000000e+01 7.000000000000000000e+00 9.710000000000000000e+02 3.610000000000000000e+02
2.830000000000000000e+02 7.700000000000000000e+01 5.000000000000000000e+00 1.235000000000000000e+03 3.640000000000000000e+02
2.720000000000000000e+02 7.600000000000000000e+01 6.000000000000000000e+00 1.297000000000000000e+03 3.490000000000000000e+02
2.780000000000000000e+02 8.100000000000000000e+01 9.000000000000000000e+00 1.055000000000000000e+03 3.590000000000000000e+02
2.750000000000000000e+02 5.600000000000000000e+01 3.000000000000000000e+00 1.194000000000000000e+03 3.320000000000000000e+02
2.820000000000000000e+02 8.000000000000000000e+01 9.000000000000000000e+00 1.217000000000000000e+03 3.700000000000000000e+02
2.560000000000000000e+02 6.800000000000000000e+01 4.000000000000000000e+00 7.810000000000000000e+02 3.260000000000000000e+02
2.720000000000000000e+02 7.500000000000000000e+01 9.000000000000000000e+00 9.170000000000000000e+02 3.550000000000000000e+02
2.360000000000000000e+02 7.700000000000000000e+01 6.000000000000000000e+00 8.170000000000000000e+02 3.160000000000000000e+02
2.930000000000000000e+02 7.300000000000000000e+01 7.000000000000000000e+00 1.120000000000000000e+03 3.720000000000000000e+02
1.980000000000000000e+02 5.500000000000000000e+01 3.000000000000000000e+00 3.410000000000000000e+02 2.540000000000000000e+02
2.710000000000000000e+02 7.800000000000000000e+01 4.000000000000000000e+00 1.185000000000000000e+03 3.460000000000000000e+02
3.050000000000000000e+02 7.200000000000000000e+01 7.000000000000000000e+00 1.302000000000000000e+03 3.770000000000000000e+02
2.670000000000000000e+02 6.500000000000000000e+01 4.000000000000000000e+00 1.006000000000000000e+03 3.220000000000000000e+02
2.620000000000000000e+02 7.700000000000000000e+01 4.000000000000000000e+00 1.235000000000000000e+03 3.400000000000000000e+02
2.700000000000000000e+02 5.200000000000000000e+01 5.000000000000000000e+00 1.128000000000000000e+03 3.240000000000000000e+02
3.180000000000000000e+02 7.100000000000000000e+01 3.000000000000000000e+00 1.214000000000000000e+03 3.910000000000000000e+02
3.180000000000000000e+02 8.500000000000000000e+01 5.000000000000000000e+00 1.166000000000000000e+03 4.040000000000000000e+02
3.110000000000000000e+02 7.200000000000000000e+01 5.000000000000000000e+00 1.408000000000000000e+03 3.810000000000000000e+02
2.780000000000000000e+02 6.900000000000000000e+01 4.000000000000000000e+00 1.272000000000000000e+03 3.480000000000000000e+02
2.690000000000000000e+02 8.400000000000000000e+01 7.000000000000000000e+00 1.215000000000000000e+03 3.590000000000000000e+02
2.820000000000000000e+02 8.100000000000000000e+01 7.000000000000000000e+00 1.500000000000000000e+03 3.680000000000000000e+02
2.500000000000000000e+02 6.100000000000000000e+01 6.000000000000000000e+00 8.930000000000000000e+02 3.130000000000000000e+02
2.950000000000000000e+02 8.100000000000000000e+01 6.000000000000000000e+00 1.340000000000000000e+03 3.780000000000000000e+02
2.960000000000000000e+02 8.600000000000000000e+01 4.000000000000000000e+00 1.278000000000000000e+03 3.850000000000000000e+02
2.770000000000000000e+02 9.000000000000000000e+01 7.000000000000000000e+00 1.225000000000000000e+03 3.720000000000000000e+02
2.810000000000000000e+02 7.000000000000000000e+01 9.000000000000000000e+00 1.149000000000000000e+03 3.550000000000000000e+02
2.740000000000000000e+02 6.900000000000000000e+01 6.000000000000000000e+00 1.017000000000000000e+03 3.430000000000000000e+02
2.780000000000000000e+02 9.300000000000000000e+01 7.000000000000000000e+00 1.216000000000000000e+03 3.710000000000000000e+02
2.890000000000000000e+02 8.300000000000000000e+01 5.000000000000000000e+00 1.439000000000000000e+03 3.760000000000000000e+02
3.200000000000000000e+02 8.800000000000000000e+01 5.000000000000000000e+00 1.606000000000000000e+03 4.060000000000000000e+02
2.810000000000000000e+02 7.700000000000000000e+01 4.000000000000000000e+00 1.244000000000000000e+03 3.590000000000000000e+02
2.820000000000000000e+02 7.800000000000000000e+01 4.000000000000000000e+00 9.720000000000000000e+02 3.600000000000000000e+02
2.610000000000000000e+02 7.900000000000000000e+01 9.000000000000000000e+00 1.099000000000000000e+03 3.470000000000000000e+02
2.780000000000000000e+02 7.100000000000000000e+01 7.000000000000000000e+00 1.253000000000000000e+03 3.530000000000000000e+02
2.840000000000000000e+02 6.500000000000000000e+01 6.000000000000000000e+00 1.354000000000000000e+03 3.520000000000000000e+02
3.000000000000000000e+02 7.500000000000000000e+01 0.000000000000000000e+00 1.100000000000000000e+03 3.720000000000000000e+02
2.600000000000000000e+02 6.100000000000000000e+01 2.000000000000000000e+00 8.120000000000000000e+02 3.210000000000000000e+02
2.670000000000000000e+02 8.500000000000000000e+01 4.000000000000000000e+00 1.245000000000000000e+03 3.520000000000000000e+02
2.680000000000000000e+02 6.400000000000000000e+01 2.000000000000000000e+00 8.670000000000000000e+02 3.320000000000000000e+02
2.920000000000000000e+02 6.900000000000000000e+01 5.000000000000000000e+00 1.045000000000000000e+03 3.590000000000000000e+02
2.640000000000000000e+02 8.800000000000000000e+01 6.000000000000000000e+00 1.246000000000000000e+03 3.530000000000000000e+02
2.810000000000000000e+02 6.600000000000000000e+01 5.000000000000000000e+00 1.154000000000000000e+03 3.480000000000000000e+02
2.470000000000000000e+02 7.600000000000000000e+01 4.000000000000000000e+00 9.620000000000000000e+02 3.240000000000000000e+02
2.710000000000000000e+02 8.100000000000000000e+01 2.000000000000000000e+00 1.096000000000000000e+03 3.520000000000000000e+02
1.770000000000000000e+02 6.100000000000000000e+01 7.000000000000000000e+00 3.440000000000000000e+02 2.450000000000000000e+02
2.920000000000000000e+02 8.300000000000000000e+01 5.000000000000000000e+00 1.101000000000000000e+03 3.780000000000000000e+02
2.350000000000000000e+02 6.800000000000000000e+01 3.000000000000000000e+00 7.770000000000000000e+02 2.990000000000000000e+02
2.390000000000000000e+02 7.200000000000000000e+01 6.000000000000000000e+00 6.910000000000000000e+02 3.170000000000000000e+02
2.950000000000000000e+02 5.600000000000000000e+01 2.000000000000000000e+00 8.420000000000000000e+02 3.520000000000000000e+02
2.660000000000000000e+02 7.000000000000000000e+01 5.000000000000000000e+00 8.640000000000000000e+02 3.380000000000000000e+02
2.310000000000000000e+02 6.000000000000000000e+01 3.000000000000000000e+00 8.780000000000000000e+02 2.930000000000000000e+02
2.780000000000000000e+02 8.000000000000000000e+01 2.000000000000000000e+00 1.156000000000000000e+03 3.590000000000000000e+02
2.700000000000000000e+02 6.500000000000000000e+01 3.000000000000000000e+00 1.059000000000000000e+03 3.350000000000000000e+02
2.080000000000000000e+02 7.000000000000000000e+01 5.000000000000000000e+00 4.540000000000000000e+02 2.800000000000000000e+02
3.020000000000000000e+02 5.800000000000000000e+01 5.000000000000000000e+00 1.143000000000000000e+03 3.630000000000000000e+02
2.510000000000000000e+02 6.900000000000000000e+01 3.000000000000000000e+00 9.710000000000000000e+02 3.200000000000000000e+02
2.550000000000000000e+02 7.700000000000000000e+01 9.000000000000000000e+00 1.024000000000000000e+03 3.370000000000000000e+02
2.370000000000000000e+02 6.800000000000000000e+01 7.000000000000000000e+00 5.870000000000000000e+02 3.080000000000000000e+02
1.870000000000000000e+02 7.300000000000000000e+01 2.000000000000000000e+00 2.720000000000000000e+02 2.610000000000000000e+02
3.120000000000000000e+02 9.100000000000000000e+01 3.000000000000000000e+00 1.382000000000000000e+03 4.030000000000000000e+02
2.860000000000000000e+02 7.600000000000000000e+01 7.000000000000000000e+00 1.142000000000000000e+03 3.610000000000000000e+02
2.860000000000000000e+02 7.200000000000000000e+01 3.000000000000000000e+00 1.048000000000000000e+03 3.570000000000000000e+02
2.780000000000000000e+02 8.500000000000000000e+01 8.000000000000000000e+00 1.116000000000000000e+03 3.680000000000000000e+02
2.710000000000000000e+02 8.900000000000000000e+01 4.000000000000000000e+00 1.340000000000000000e+03 3.630000000000000000e+02
2.540000000000000000e+02 8.700000000000000000e+01 8.000000000000000000e+00 1.024000000000000000e+03 3.470000000000000000e+02
2.920000000000000000e+02 7.000000000000000000e+01 6.000000000000000000e+00 1.324000000000000000e+03 3.650000000000000000e+02
2.680000000000000000e+02 6.700000000000000000e+01 6.000000000000000000e+00 1.051000000000000000e+03 3.350000000000000000e+02
2.570000000000000000e+02 7.700000000000000000e+01 7.000000000000000000e+00 1.081000000000000000e+03 3.360000000000000000e+02
2.290000000000000000e+02 8.600000000000000000e+01 5.000000000000000000e+00 9.790000000000000000e+02 3.190000000000000000e+02
2.280000000000000000e+02 6.100000000000000000e+01 6.000000000000000000e+00 4.240000000000000000e+02 2.920000000000000000e+02
2.350000000000000000e+02 7.500000000000000000e+01 7.000000000000000000e+00 8.340000000000000000e+02 3.130000000000000000e+02
2.480000000000000000e+02 6.500000000000000000e+01 3.000000000000000000e+00 1.145000000000000000e+03 3.120000000000000000e+02
2.720000000000000000e+02 8.100000000000000000e+01 7.000000000000000000e+00 1.261000000000000000e+03 3.580000000000000000e+02
2.650000000000000000e+02 9.300000000000000000e+01 2.000000000000000000e+00 1.278000000000000000e+03 3.550000000000000000e+02
2.870000000000000000e+02 6.200000000000000000e+01 6.000000000000000000e+00 1.023000000000000000e+03 3.480000000000000000e+02
2.070000000000000000e+02 6.800000000000000000e+01 5.000000000000000000e+00 4.510000000000000000e+02 2.780000000000000000e+02
2.950000000000000000e+02 7.600000000000000000e+01 7.000000000000000000e+00 1.210000000000000000e+03 3.740000000000000000e+02
2.560000000000000000e+02 8.300000000000000000e+01 3.000000000000000000e+00 1.167000000000000000e+03 3.360000000000000000e+02
2.730000000000000000e+02 8.500000000000000000e+01 1.000000000000000000e+01 1.352000000000000000e+03 3.600000000000000000e+02
2.570000000000000000e+02 8.900000000000000000e+01 6.000000000000000000e+00 8.920000000000000000e+02 3.500000000000000000e+02
2.730000000000000000e+02 9.400000000000000000e+01 7.000000000000000000e+00 1.325000000000000000e+03 3.660000000000000000e+02
2.660000000000000000e+02 8.700000000000000000e+01 5.000000000000000000e+00 1.042000000000000000e+03 3.550000000000000000e+02
2.560000000000000000e+02 7.200000000000000000e+01 3.000000000000000000e+00 9.120000000000000000e+02 3.240000000000000000e+02
2.720000000000000000e+02 5.800000000000000000e+01 4.000000000000000000e+00 9.470000000000000000e+02 3.290000000000000000e+02
2.530000000000000000e+02 6.900000000000000000e+01 7.000000000000000000e+00 1.018000000000000000e+03 3.270000000000000000e+02
2.620000000000000000e+02 8.600000000000000000e+01 4.000000000000000000e+00 9.260000000000000000e+02 3.510000000000000000e+02
2.890000000000000000e+02 8.800000000000000000e+01 6.000000000000000000e+00 1.421000000000000000e+03 3.780000000000000000e+02
3.180000000000000000e+02 8.900000000000000000e+01 4.000000000000000000e+00 1.284000000000000000e+03 4.070000000000000000e+02
2.600000000000000000e+02 8.200000000000000000e+01 6.000000000000000000e+00 1.031000000000000000e+03 3.450000000000000000e+02
3.160000000000000000e+02 7.300000000000000000e+01 9.000000000000000000e+00 1.089000000000000000e+03 3.910000000000000000e+02
2.840000000000000000e+02 7.700000000000000000e+01 1.000000000000000000e+01 1.186000000000000000e+03 3.620000000000000000e+02
2.950000000000000000e+02 7.100000000000000000e+01 5.000000000000000000e+00 1.201000000000000000e+03 3.700000000000000000e+02
2.680000000000000000e+02 6.400000000000000000e+01 1.000000000000000000e+00 1.072000000000000000e+03 3.290000000000000000e+02
2.980000000000000000e+02 6.800000000000000000e+01 3.000000000000000000e+00 1.105000000000000000e+03 3.640000000000000000e+02
2.880000000000000000e+02 5.800000000000000000e+01 4.000000000000000000e+00 1.216000000000000000e+03 3.460000000000000000e+02
2.480000000000000000e+02 7.100000000000000000e+01 6.000000000000000000e+00 9.080000000000000000e+02 3.220000000000000000e+02
2.190000000000000000e+02 7.700000000000000000e+01 5.000000000000000000e+00 4.900000000000000000e+02 2.970000000000000000e+02
2.930000000000000000e+02 7.900000000000000000e+01 7.000000000000000000e+00 1.304000000000000000e+03 3.770000000000000000e+02
2.960000000000000000e+02 7.900000000000000000e+01 6.000000000000000000e+00 1.320000000000000000e+03 3.780000000000000000e+02
2.960000000000000000e+02 9.400000000000000000e+01 4.000000000000000000e+00 1.487000000000000000e+03 3.910000000000000000e+02
2.250000000000000000e+02 5.400000000000000000e+01 5.000000000000000000e+00 4.470000000000000000e+02 2.830000000000000000e+02
2.820000000000000000e+02 8.700000000000000000e+01 6.000000000000000000e+00 1.404000000000000000e+03 3.730000000000000000e+02
2.690000000000000000e+02 8.100000000000000000e+01 5.000000000000000000e+00 1.045000000000000000e+03 3.540000000000000000e+02
2.660000000000000000e+02 6.900000000000000000e+01 8.000000000000000000e+00 9.740000000000000000e+02 3.310000000000000000e+02
2.870000000000000000e+02 8.600000000000000000e+01 1.100000000000000000e+01 1.633000000000000000e+03 3.830000000000000000e+02
2.820000000000000000e+02 7.600000000000000000e+01 7.000000000000000000e+00 1.415000000000000000e+03 3.550000000000000000e+02
