3.272000000000000000e+03 6.800000000000000000e+01 2.000000000000000000e+00 8.819000000000000000e+03 1.704000000000000000e+03
3.214000000000000000e+03 6.200000000000000000e+01 0.000000000000000000e+00 8.858000000000000000e+03 1.661000000000000000e+03
2.902000000000000000e+03 7.000000000000000000e+01 3.000000000000000000e+00 8.546000000000000000e+03 1.580000000000000000e+03
3.149000000000000000e+03 7.000000000000000000e+01 6.000000000000000000e+00 8.800000000000000000e+03 1.611000000000000000e+03
2.872000000000000000e+03 6.600000000000000000e+01 4.000000000000000000e+00 8.557000000000000000e+03 1.617000000000000000e+03
2.520000000000000000e+03 5.700000000000000000e+01 3.000000000000000000e+00 8.247000000000000000e+03 1.571000000000000000e+03
2.667000000000000000e+03 6.600000000000000000e+01 3.000000000000000000e+00 7.926000000000000000e+03 1.548000000000000000e+03
2.729000000000000000e+03 5.800000000000000000e+01 4.000000000000000000e+00 8.775000000000000000e+03 1.631000000000000000e+03
2.497000000000000000e+03 5.500000000000000000e+01 5.000000000000000000e+00 7.987000000000000000e+03 1.480000000000000000e+03
3.521000000000000000e+03 6.400000000000000000e+01 5.000000000000000000e+00 8.975000000000000000e+03 1.714000000000000000e+03
2.551000000000000000e+03 5.000000000000000000e+01 0.000000000000000000e+00 8.681000000000000000e+03 1.579000000000000000e+03
2.217000000000000000e+03 5.900000000000000000e+01 6.000000000000000000e+00 6.928000000000000000e+03 1.416000000000000000e+03
2.134000000000000000e+03 5.700000000000000000e+01 4.000000000000000000e+00 7.400000000000000000e+03 1.420000000000000000e+03
1.743000000000000000e+03 3.900000000000000000e+01 0.000000000000000000e+00 6.837000000000000000e+03 1.246000000000000000e+03
3.006000000000000000e+03 5.800000000000000000e+01 2.000000000000000000e+00 8.397000000000000000e+03 1.613000000000000000e+03
3.129000000000000000e+03 4.400000000000000000e+01 1.000000000000000000e+00 8.862000000000000000e+03 1.658000000000000000e+03
2.526000000000000000e+03 5.500000000000000000e+01 1.000000000000000000e+00 7.805000000000000000e+03 1.549000000000000000e+03
2.889000000000000000e+03 5.500000000000000000e+01 5.000000000000000000e+00 8.013000000000000000e+03 1.576000000000000000e+03
2.801000000000000000e+03 5.300000000000000000e+01 2.000000000000000000e+00 8.664000000000000000e+03 1.568000000000000000e+03
3.202000000000000000e+03 7.400000000000000000e+01 3.000000000000000000e+00 8.475000000000000000e+03 1.671000000000000000e+03
2.417000000000000000e+03 5.200000000000000000e+01 4.000000000000000000e+00 7.861000000000000000e+03 1.540000000000000000e+03
3.156000000000000000e+03 7.000000000000000000e+01 2.000000000000000000e+00 8.910000000000000000e+03 1.666000000000000000e+03
2.756000000000000000e+03 5.900000000000000000e+01 1.000000000000000000e+00 7.918000000000000000e+03 1.565000000000000000e+03
3.651000000000000000e+03 6.600000000000000000e+01 4.000000000000000000e+00 9.101000000000000000e+03 1.797000000000000000e+03
1.972000000000000000e+03 5.200000000000000000e+01 5.000000000000000000e+00 7.240000000000000000e+03 1.395000000000000000e+03
2.889000000000000000e+03 5.300000000000000000e+01 6.000000000000000000e+00 8.426000000000000000e+03 1.581000000000000000e+03
2.898000000000000000e+03 5.900000000000000000e+01 1.000000000000000000e+00 8.456000000000000000e+03 1.584000000000000000e+03
2.821000000000000000e+03 7.100000000000000000e+01 6.000000000000000000e+00 8.451000000000000000e+03 1.581000000000000000e+03
2.982000000000000000e+03 7.300000000000000000e+01 4.000000000000000000e+00 8.407000000000000000e+03 1.569000000000000000e+03
2.734000000000000000e+03 5.700000000000000000e+01 3.000000000000000000e+00 8.075000000000000000e+03 1.588000000000000000e+03
2.648000000000000000e+03 5.500000000000000000e+01 5.000000000000000000e+00 8.304000000000000000e+03 1.535000000000000000e+03
3.170000000000000000e+03 7.100000000000000000e+01 5.000000000000000000e+00 8.584000000000000000e+03 1.679000000000000000e+03
2.662000000000000000e+03 5.800000000000000000e+01 3.000000000000000000e+00 7.811000000000000000e+03 1.475000000000000000e+03
2.680000000000000000e+03 6.100000000000000000e+01 5.000000000000000000e+00 7.642000000000000000e+03 1.564000000000000000e+03
3.279000000000000000e+03 7.600000000000000000e+01 6.000000000000000000e+00 8.641000000000000000e+03 1.650000000000000000e+03
2.519000000000000000e+03 6.300000000000000000e+01 4.000000000000000000e+00 7.980000000000000000e+03 1.490000000000000000e+03
2.854000000000000000e+03 5.200000000000000000e+01 1.000000000000000000e+00 8.040000000000000000e+03 1.660000000000000000e+03
2.395000000000000000e+03 5.700000000000000000e+01 3.000000000000000000e+00 7.570000000000000000e+03 1.431000000000000000e+03
2.675000000000000000e+03 6.600000000000000000e+01 6.000000000000000000e+00 8.477000000000000000e+03 1.595000000000000000e+03
2.788000000000000000e+03 5.200000000000000000e+01 4.000000000000000000e+00 8.076000000000000000e+03 1.570000000000000000e+03
2.802000000000000000e+03 6.400000000000000000e+01 6.000000000000000000e+00 8.090000000000000000e+03 1.591000000000000000e+03
2.730000000000000000e+03 5.900000000000000000e+01 3.000000000000000000e+00 8.370000000000000000e+03 1.543000000000000000e+03
2.784000000000000000e+03 6.400000000000000000e+01 2.000000000000000000e+00 8.824000000000000000e+03 1.638000000000000000e+03
2.875000000000000000e+03 4.900000000000000000e+01 1.000000000000000000e+00 8.483000000000000000e+03 1.565000000000000000e+03
2.483000000000000000e+03 6.400000000000000000e+01 5.000000000000000000e+00 7.996000000000000000e+03 1.548000000000000000e+03
3.107000000000000000e+03 6.500000000000000000e+01 3.000000000000000000e+00 8.511000000000000000e+03 1.655000000000000000e+03
2.487000000000000000e+03 6.300000000000000000e+01 5.000000000000000000e+00 7.598000000000000000e+03 1.503000000000000000e+03
2.940000000000000000e+03 6.500000000000000000e+01 4.000000000000000000e+00 8.061000000000000000e+03 1.570000000000000000e+03
2.109000000000000000e+03 4.400000000000000000e+01 0.000000000000000000e+00 7.886000000000000000e+03 1.383000000000000000e+03
2.873000000000000000e+03 6.300000000000000000e+01 1.000000000000000000e+00 8.160000000000000000e+03 1.667000000000000000e+03
2.283000000000000000e+03 5.400000000000000000e+01 2.000000000000000000e+00 8.093000000000000000e+03 1.462000000000000000e+03
2.580000000000000000e+03 5.300000000000000000e+01 2.000000000000000000e+00 8.159000000000000000e+03 1.562000000000000000e+03
2.523000000000000000e+03 6.600000000000000000e+01 2.000000000000000000e+00 7.850000000000000000e+03 1.530000000000000000e+03
2.310000000000000000e+03 5.000000000000000000e+01 2.000000000000000000e+00 7.982000000000000000e+03 1.491000000000000000e+03
2.301000000000000000e+03 5.500000000000000000e+01 3.000000000000000000e+00 8.164000000000000000e+03 1.507000000000000000e+03
2.835000000000000000e+03 7.600000000000000000e+01 4.000000000000000000e+00 8.167000000000000000e+03 1.645000000000000000e+03
2.886000000000000000e+03 6.300000000000000000e+01 3.000000000000000000e+00 8.416000000000000000e+03 1.672000000000000000e+03
2.433000000000000000e+03 4.900000000000000000e+01 1.000000000000000000e+00 8.174000000000000000e+03 1.507000000000000000e+03
2.662000000000000000e+03 3.900000000000000000e+01 1.000000000000000000e+00 7.969000000000000000e+03 1.486000000000000000e+03
2.626000000000000000e+03 5.600000000000000000e+01 6.000000000000000000e+00 7.733000000000000000e+03 1.519000000000000000e+03
2.536000000000000000e+03 6.100000000000000000e+01 2.000000000000000000e+00 7.805000000000000000e+03 1.527000000000000000e+03
3.251000000000000000e+03 6.600000000000000000e+01 6.000000000000000000e+00 8.870000000000000000e+03 1.675000000000000000e+03
2.808000000000000000e+03 5.900000000000000000e+01 3.000000000000000000e+00 8.555000000000000000e+03 1.629000000000000000e+03
2.174000000000000000e+03 4.500000000000000000e+01 3.000000000000000000e+00 7.598000000000000000e+03 1.415000000000000000e+03
3.158000000000000000e+03 7.000000000000000000e+01 4.000000000000000000e+00 8.857000000000000000e+03 1.672000000000000000e+03
2.869000000000000000e+03 6.900000000000000000e+01 2.000000000000000000e+00 8.206000000000000000e+03 1.650000000000000000e+03
3.218000000000000000e+03 5.700000000000000000e+01 3.000000000000000000e+00 8.828000000000000000e+03 1.729000000000000000e+03
3.362000000000000000e+03 7.000000000000000000e+01 5.000000000000000000e+00 8.848000000000000000e+03 1.726000000000000000e+03
2.444000000000000000e+03 5.600000000000000000e+01 2.000000000000000000e+00 7.671000000000000000e+03 1.441000000000000000e+03
2.815000000000000000e+03 6.700000000000000000e+01 5.000000000000000000e+00 7.857000000000000000e+03 1.607000000000000000e+03
2.477000000000000000e+03 5.900000000000000000e+01 3.000000000000000000e+00 8.104000000000000000e+03 1.536000000000000000e+03
2.422000000000000000e+03 6.800000000000000000e+01 4.000000000000000000e+00 8.340000000000000000e+03 1.529000000000000000e+03
2.677000000000000000e+03 6.000000000000000000e+01 3.000000000000000000e+00 8.206000000000000000e+03 1.527000000000000000e+03
2.802000000000000000e+03 5.100000000000000000e+01 5.000000000000000000e+00 8.384000000000000000e+03 1.652000000000000000e+03
3.227000000000000000e+03 6.700000000000000000e+01 6.000000000000000000e+00 8.733000000000000000e+03 1.686000000000000000e+03
2.189000000000000000e+03 4.600000000000000000e+01 4.000000000000000000e+00 7.669000000000000000e+03 1.453000000000000000e+03
2.609000000000000000e+03 5.600000000000000000e+01 2.000000000000000000e+00 8.114000000000000000e+03 1.541000000000000000e+03
2.564000000000000000e+03 6.100000000000000000e+01 1.000000000000000000e+00 7.387000000000000000e+03 1.492000000000000000e+03
3.091000000000000000e+03 6.800000000000000000e+01 0.000000000000000000e+00 8.414000000000000000e+03 1.649000000000000000e+03
2.973000000000000000e+03 6.500000000000000000e+01 4.000000000000000000e+00 8.439000000000000000e+03 1.650000000000000000e+03
2.823000000000000000e+03 6.300000000000000000e+01 3.000000000000000000e+00 7.678000000000000000e+03 1.559000000000000000e+03
2.837000000000000000e+03 6.000000000000000000e+01 2.000000000000000000e+00 8.495000000000000000e+03 1.644000000000000000e+03
2.922000000000000000e+03 5.800000000000000000e+01 5.000000000000000000e+00 7.908000000000000000e+03 1.549000000000000000e+03
2.444000000000000000e+03 4.700000000000000000e+01 4.000000000000000000e+00 7.778000000000000000e+03 1.485000000000000000e+03
3.007000000000000000e+03 5.600000000000000000e+01 2.000000000000000000e+00 8.447000000000000000e+03 1.639000000000000000e+03
3.180000000000000000e+03 6.800000000000000000e+01 7.000000000000000000e+00 8.247000000000000000e+03 1.629000000000000000e+03
2.690000000000000000e+03 5.900000000000000000e+01 6.000000000000000000e+00 8.405000000000000000e+03 1.565000000000000000e+03
2.810000000000000000e+03 6.100000000000000000e+01 2.000000000000000000e+00 8.336000000000000000e+03 1.608000000000000000e+03
2.921000000000000000e+03 7.800000000000000000e+01 3.000000000000000000e+00 8.529000000000000000e+03 1.551000000000000000e+03
3.380000000000000000e+03 6.100000000000000000e+01 5.000000000000000000e+00 8.302000000000000000e+03 1.719000000000000000e+03
3.372000000000000000e+03 6.300000000000000000e+01 2.000000000000000000e+00 9.158000000000000000e+03 1.724000000000000000e+03
2.293000000000000000e+03 5.600000000000000000e+01 2.000000000000000000e+00 7.894000000000000000e+03 1.494000000000000000e+03
3.396000000000000000e+03 7.400000000000000000e+01 1.000000000000000000e+00 8.325000000000000000e+03 1.706000000000000000e+03
3.141000000000000000e+03 6.100000000000000000e+01 3.000000000000000000e+00 8.795000000000000000e+03 1.704000000000000000e+03
2.397000000000000000e+03 5.800000000000000000e+01 2.000000000000000000e+00 7.935000000000000000e+03 1.515000000000000000e+03
2.846000000000000000e+03 6.200000000000000000e+01 3.000000000000000000e+00 7.966000000000000000e+03 1.611000000000000000e+03
3.161000000000000000e+03 6.200000000000000000e+01 4.000000000000000000e+00 8.351000000000000000e+03 1.655000000000000000e+03
2.579000000000000000e+03 6.600000000000000000e+01 6.000000000000000000e+00 8.270000000000000000e+03 1.543000000000000000e+03
2.618000000000000000e+03 6.600000000000000000e+01 5.000000000000000000e+00 8.369000000000000000e+03 1.561000000000000000e+03
2.906000000000000000e+03 5.800000000000000000e+01 4.000000000000000000e+00 8.534000000000000000e+03 1.578000000000000000e+03
2.917000000000000000e+03 6.200000000000000000e+01 5.000000000000000000e+00 7.815000000000000000e+03 1.593000000000000000e+03
2.714000000000000000e+03 6.400000000000000000e+01 3.000000000000000000e+00 8.373000000000000000e+03 1.548000000000000000e+03
3.698000000000000000e+03 5.900000000000000000e+01 3.000000000000000000e+00 8.461000000000000000e+03 1.780000000000000000e+03
2.836000000000000000e+03 5.100000000000000000e+01 2.000000000000000000e+00 8.625000000000000000e+03 1.564000000000000000e+03
2.308000000000000000e+03 6.300000000000000000e+01 4.000000000000000000e+00 7.592000000000000000e+03 1.485000000000000000e+03
2.407000000000000000e+03 5.400000000000000000e+01 4.000000000000000000e+00 8.236000000000000000e+03 1.503000000000000000e+03
2.513000000000000000e+03 4.600000000000000000e+01 0.000000000000000000e+00 7.757000000000000000e+03 1.503000000000000000e+03
2.584000000000000000e+03 5.800000000000000000e+01 0.000000000000000000e+00 7.914000000000000000e+03 1.516000000000000000e+03
2.739000000000000000e+03 6.100000000000000000e+01 4.000000000000000000e+00 8.356000000000000000e+03 1.582000000000000000e+03
2.856000000000000000e+03 7.000000000000000000e+01 4.000000000000000000e+00 8.241000000000000000e+03 1.574000000000000000e+03
3.360000000000000000e+03 5.600000000000000000e+01 1.000000000000000000e+00 8.244000000000000000e+03 1.721000000000000000e+03
2.670000000000000000e+03 7.900000000000000000e+01 1.000000000000000000e+00 8.323000000000000000e+03 1.543000000000000000e+03
3.165000000000000000e+03 7.500000000000000000e+01 3.000000000000000000e+00 8.464000000000000000e+03 1.707000000000000000e+03
3.287000000000000000e+03 7.200000000000000000e+01 3.000000000000000000e+00 8.508000000000000000e+03 1.664000000000000000e+03
2.562000000000000000e+03 5.600000000000000000e+01 3.000000000000000000e+00 8.259000000000000000e+03 1.540000000000000000e+03
2.432000000000000000e+03 6.500000000000000000e+01 1.000000000000000000e+00 8.161000000000000000e+03 1.507000000000000000e+03
2.602000000000000000e+03 5.200000000000000000e+01 1.000000000000000000e+00 8.475000000000000000e+03 1.541000000000000000e+03
2.519000000000000000e+03 5.600000000000000000e+01 0.000000000000000000e+00 7.778000000000000000e+03 1.458000000000000000e+03
2.695000000000000000e+03 6.500000000000000000e+01 1.000000000000000000e+00 7.658000000000000000e+03 1.533000000000000000e+03
3.369000000000000000e+03 5.900000000000000000e+01 4.000000000000000000e+00 8.758000000000000000e+03 1.698000000000000000e+03
3.247000000000000000e+03 6.000000000000000000e+01 5.000000000000000000e+00 8.585000000000000000e+03 1.698000000000000000e+03
2.514000000000000000e+03 7.200000000000000000e+01 3.000000000000000000e+00 8.111000000000000000e+03 1.522000000000000000e+03
2.517000000000000000e+03 6.700000000000000000e+01 3.000000000000000000e+00 8.360000000000000000e+03 1.494000000000000000e+03
2.486000000000000000e+03 5.600000000000000000e+01 2.000000000000000000e+00 7.715000000000000000e+03 1.455000000000000000e+03
2.536000000000000000e+03 5.800000000000000000e+01 2.000000000000000000e+00 8.084000000000000000e+03 1.564000000000000000e+03
2.851000000000000000e+03 5.500000000000000000e+01 7.000000000000000000e+00 7.998000000000000000e+03 1.555000000000000000e+03
2.752000000000000000e+03 5.300000000000000000e+01 2.000000000000000000e+00 8.156000000000000000e+03 1.536000000000000000e+03
2.741000000000000000e+03 5.900000000000000000e+01 3.000000000000000000e+00 8.494000000000000000e+03 1.584000000000000000e+03
3.555000000000000000e+03 8.500000000000000000e+01 4.000000000000000000e+00 8.888000000000000000e+03 1.779000000000000000e+03
2.982000000000000000e+03 6.600000000000000000e+01 4.000000000000000000e+00 8.336000000000000000e+03 1.607000000000000000e+03
3.030000000000000000e+03 5.800000000000000000e+01 0.000000000000000000e+00 8.452000000000000000e+03 1.625000000000000000e+03
2.559000000000000000e+03 6.300000000000000000e+01 5.000000000000000000e+00 8.079000000000000000e+03 1.516000000000000000e+03
2.766000000000000000e+03 6.100000000000000000e+01 7.000000000000000000e+00 8.615000000000000000e+03 1.619000000000000000e+03
2.838000000000000000e+03 6.300000000000000000e+01 3.000000000000000000e+00 8.292000000000000000e+03 1.615000000000000000e+03
2.578000000000000000e+03 6.000000000000000000e+01 5.000000000000000000e+00 8.684000000000000000e+03 1.569000000000000000e+03
3.084000000000000000e+03 6.800000000000000000e+01 1.000000000000000000e+00 9.078000000000000000e+03 1.682000000000000000e+03
3.375000000000000000e+03 7.100000000000000000e+01 4.000000000000000000e+00 8.619000000000000000e+03 1.777000000000000000e+03
3.570000000000000000e+03 7.200000000000000000e+01 5.000000000000000000e+00 8.421000000000000000e+03 1.733000000000000000e+03
3.078000000000000000e+03 5.900000000000000000e+01 3.000000000000000000e+00 8.440000000000000000e+03 1.718000000000000000e+03
2.308000000000000000e+03 7.300000000000000000e+01 4.000000000000000000e+00 8.046000000000000000e+03 1.457000000000000000e+03
3.078000000000000000e+03 7.000000000000000000e+01 1.000000000000000000e+00 8.825000000000000000e+03 1.597000000000000000e+03
2.239000000000000000e+03 5.700000000000000000e+01 3.000000000000000000e+00 8.253000000000000000e+03 1.496000000000000000e+03
2.535000000000000000e+03 7.300000000000000000e+01 3.000000000000000000e+00 8.570000000000000000e+03 1.538000000000000000e+03
2.326000000000000000e+03 4.000000000000000000e+01 2.000000000000000000e+00 7.982000000000000000e+03 1.452000000000000000e+03
3.203000000000000000e+03 6.500000000000000000e+01 0.000000000000000000e+00 8.556000000000000000e+03 1.666000000000000000e+03
2.807000000000000000e+03 5.700000000000000000e+01 0.000000000000000000e+00 7.880000000000000000e+03 1.562000000000000000e+03
2.877000000000000000e+03 6.000000000000000000e+01 5.000000000000000000e+00 8.701000000000000000e+03 1.621000000000000000e+03
2.939000000000000000e+03 6.600000000000000000e+01 2.000000000000000000e+00 8.326000000000000000e+03 1.585000000000000000e+03
2.509000000000000000e+03 5.600000000000000000e+01 4.000000000000000000e+00 7.652000000000000000e+03 1.526000000000000000e+03
2.877000000000000000e+03 5.900000000000000000e+01 1.000000000000000000e+00 8.040000000000000000e+03 1.652000000000000000e+03
3.229000000000000000e+03 6.500000000000000000e+01 3.000000000000000000e+00 8.693000000000000000e+03 1.708000000000000000e+03
2.579000000000000000e+03 5.700000000000000000e+01 3.000000000000000000e+00 8.037000000000000000e+03 1.560000000000000000e+03
2.736000000000000000e+03 6.300000000000000000e+01 7.000000000000000000e+00 8.178000000000000000e+03 1.548000000000000000e+03
2.674000000000000000e+03 4.200000000000000000e+01 4.000000000000000000e+00 8.085000000000000000e+03 1.522000000000000000e+03
2.464000000000000000e+03 5.000000000000000000e+01 3.000000000000000000e+00 7.791000000000000000e+03 1.521000000000000000e+03
2.557000000000000000e+03 6.000000000000000000e+01 5.000000000000000000e+00 8.619000000000000000e+03 1.535000000000000000e+03
2.281000000000000000e+03 5.800000000000000000e+01 2.000000000000000000e+00 7.830000000000000000e+03 1.434000000000000000e+03
2.595000000000000000e+03 5.800000000000000000e+01 2.000000000000000000e+00 7.943000000000000000e+03 1.542000000000000000e+03
2.428000000000000000e+03 5.100000000000000000e+01 1.000000000000000000e+00 8.250000000000000000e+03 1.537000000000000000e+03
3.377000000000000000e+03 5.900000000000000000e+01 5.000000000000000000e+00 8.551000000000000000e+03 1.737000000000000000e+03
2.741000000000000000e+03 7.400000000000000000e+01 2.000000000000000000e+00 8.231000000000000000e+03 1.570000000000000000e+03
2.223000000000000000e+03 6.600000000000000000e+01 3.000000000000000000e+00 7.646000000000000000e+03 1.516000000000000000e+03
2.615000000000000000e+03 4.000000000000000000e+01 3.000000000000000000e+00 8.548000000000000000e+03 1.548000000000000000e+03
2.637000000000000000e+03 6.800000000000000000e+01 3.000000000000000000e+00 8.486000000000000000e+03 1.535000000000000000e+03
2.468000000000000000e+03 6.700000000000000000e+01 6.000000000000000000e+00 8.027000000000000000e+03 1.539000000000000000e+03
2.081000000000000000e+03 5.500000000000000000e+01 2.000000000000000000e+00 7.964000000000000000e+03 1.446000000000000000e+03
2.843000000000000000e+03 5.900000000000000000e+01 0.000000000000000000e+00 8.608000000000000000e+03 1.572000000000000000e+03
2.417000000000000000e+03 5.300000000000000000e+01 3.000000000000000000e+00 7.369000000000000000e+03 1.419000000000000000e+03
2.777000000000000000e+03 6.000000000000000000e+01 5.000000000000000000e+00 8.548000000000000000e+03 1.601000000000000000e+03
2.856000000000000000e+03 5.800000000000000000e+01 6.000000000000000000e+00 7.946000000000000000e+03 1.540000000000000000e+03
3.314000000000000000e+03 6.400000000000000000e+01 3.000000000000000000e+00 8.581000000000000000e+03 1.720000000000000000e+03
2.369000000000000000e+03 6.200000000000000000e+01 9.000000000000000000e+00 7.915000000000000000e+03 1.535000000000000000e+03
2.859000000000000000e+03 7.500000000000000000e+01 1.000000000000000000e+00 8.796000000000000000e+03 1.635000000000000000e+03
2.682000000000000000e+03 6.700000000000000000e+01 6.000000000000000000e+00 8.217000000000000000e+03 1.560000000000000000e+03
2.169000000000000000e+03 6.300000000000000000e+01 2.000000000000000000e+00 7.762000000000000000e+03 1.426000000000000000e+03
3.009000000000000000e+03 5.700000000000000000e+01 4.000000000000000000e+00 8.749000000000000000e+03 1.654000000000000000e+03
2.270000000000000000e+03 5.200000000000000000e+01 2.000000000000000000e+00 7.223000000000000000e+03 1.439000000000000000e+03
2.995000000000000000e+03 7.200000000000000000e+01 2.000000000000000000e+00 8.527000000000000000e+03 1.684000000000000000e+03
2.552000000000000000e+03 6.000000000000000000e+01 4.000000000000000000e+00 8.578000000000000000e+03 1.545000000000000000e+03
2.516000000000000000e+03 5.800000000000000000e+01 7.000000000000000000e+00 7.922000000000000000e+03 1.473000000000000000e+03
2.838000000000000000e+03 4.100000000000000000e+01 5.000000000000000000e+00 8.272000000000000000e+03 1.573000000000000000e+03
2.217000000000000000e+03 5.800000000000000000e+01 0.000000000000000000e+00 7.280000000000000000e+03 1.400000000000000000e+03
3.020000000000000000e+03 6.300000000000000000e+01 1.000000000000000000e+00 8.613000000000000000e+03 1.697000000000000000e+03
2.707000000000000000e+03 4.700000000000000000e+01 0.000000000000000000e+00 8.335000000000000000e+03 1.593000000000000000e+03
3.241000000000000000e+03 5.100000000000000000e+01 1.000000000000000000e+00 8.446000000000000000e+03 1.662000000000000000e+03
2.833000000000000000e+03 7.100000000000000000e+01 4.000000000000000000e+00 8.561000000000000000e+03 1.621000000000000000e+03
3.445000000000000000e+03 5.300000000000000000e+01 1.000000000000000000e+00 8.287000000000000000e+03 1.704000000000000000e+03
2.215000000000000000e+03 6.400000000000000000e+01 4.000000000000000000e+00 7.663000000000000000e+03 1.424000000000000000e+03
2.999000000000000000e+03 7.200000000000000000e+01 5.000000000000000000e+00 8.766000000000000000e+03 1.623000000000000000e+03
2.759000000000000000e+03 6.800000000000000000e+01 1.000000000000000000e+00 8.724000000000000000e+03 1.582000000000000000e+03
2.547000000000000000e+03 6.700000000000000000e+01 7.000000000000000000e+00 8.252000000000000000e+03 1.554000000000000000e+03
2.766000000000000000e+03 6.700000000000000000e+01 3.000000000000000000e+00 7.711000000000000000e+03 1.568000000000000000e+03
2.268000000000000000e+03 4.400000000000000000e+01 3.000000000000000000e+00 7.667000000000000000e+03 1.458000000000000000e+03
2.562000000000000000e+03 5.700000000000000000e+01 4.000000000000000000e+00 8.472000000000000000e+03 1.573000000000000000e+03
3.326000000000000000e+03 6.200000000000000000e+01 1.000000000000000000e+00 8.711000000000000000e+03 1.681000000000000000e+03
3.182000000000000000e+03 5.400000000000000000e+01 1.000000000000000000e+00 8.471000000000000000e+03 1.663000000000000000e+03
2.791000000000000000e+03 6.700000000000000000e+01 4.000000000000000000e+00 7.932000000000000000e+03 1.576000000000000000e+03
2.151000000000000000e+03 5.400000000000000000e+01 7.000000000000000000e+00 7.075000000000000000e+03 1.372000000000000000e+03
2.549000000000000000e+03 6.200000000000000000e+01 0.000000000000000000e+00 8.082000000000000000e+03 1.546000000000000000e+03
2.981000000000000000e+03 6.100000000000000000e+01 3.000000000000000000e+00 7.879000000000000000e+03 1.611000000000000000e+03
3.145000000000000000e+03 6.800000000000000000e+01 1.000000000000000000e+00 8.416000000000000000e+03 1.678000000000000000e+03
3.213000000000000000e+03 4.900000000000000000e+01 2.000000000000000000e+00 8.929000000000000000e+03 1.677000000000000000e+03
2.684000000000000000e+03 5.600000000000000000e+01 3.000000000000000000e+00 7.779000000000000000e+03 1.581000000000000000e+03
2.237000000000000000e+03 6.300000000000000000e+01 1.000000000000000000e+00 7.782000000000000000e+03 1.468000000000000000e+03
2.874000000000000000e+03 5.600000000000000000e+01 5.000000000000000000e+00 8.538000000000000000e+03 1.551000000000000000e+03
2.910000000000000000e+03 6.500000000000000000e+01 7.000000000000000000e+00 8.769000000000000000e+03 1.622000000000000000e+03
2.646000000000000000e+03 4.800000000000000000e+01 0.000000000000000000e+00 8.046000000000000000e+03 1.523000000000000000e+03
3.158000000000000000e+03 6.400000000000000000e+01 5.000000000000000000e+00 8.820000000000000000e+03 1.642000000000000000e+03
2.880000000000000000e+03 5.700000000000000000e+01 2.000000000000000000e+00 7.968000000000000000e+03 1.572000000000000000e+03
2.048000000000000000e+03 4.400000000000000000e+01 2.000000000000000000e+00 7.390000000000000000e+03 1.359000000000000000e+03
3.080000000000000000e+03 7.600000000000000000e+01 5.000000000000000000e+00 8.798000000000000000e+03 1.659000000000000000e+03
2.590000000000000000e+03 3.600000000000000000e+01 0.000000000000000000e+00 8.402000000000000000e+03 1.585000000000000000e+03
2.563000000000000000e+03 5.300000000000000000e+01 2.000000000000000000e+00 7.785000000000000000e+03 1.520000000000000000e+03
3.105000000000000000e+03 6.600000000000000000e+01 2.000000000000000000e+00 8.056000000000000000e+03 1.587000000000000000e+03
2.691000000000000000e+03 6.600000000000000000e+01 3.000000000000000000e+00 8.468000000000000000e+03 1.573000000000000000e+03
2.882000000000000000e+03 6.700000000000000000e+01 2.000000000000000000e+00 8.877000000000000000e+03 1.672000000000000000e+03
2.475000000000000000e+03 4.900000000000000000e+01 3.000000000000000000e+00 7.514000000000000000e+03 1.529000000000000000e+03
3.669000000000000000e+03 6.100000000000000000e+01 3.000000000000000000e+00 8.747000000000000000e+03 1.806000000000000000e+03
3.085000000000000000e+03 5.800000000000000000e+01 2.000000000000000000e+00 8.040000000000000000e+03 1.681000000000000000e+03
2.109000000000000000e+03 5.700000000000000000e+01 3.000000000000000000e+00 8.118000000000000000e+03 1.412000000000000000e+03
2.953000000000000000e+03 6.000000000000000000e+01 5.000000000000000000e+00 7.723000000000000000e+03 1.618000000000000000e+03
2.711000000000000000e+03 5.700000000000000000e+01 3.000000000000000000e+00 8.554000000000000000e+03 1.558000000000000000e+03
2.205000000000000000e+03 4.900000000000000000e+01 3.000000000000000000e+00 7.360000000000000000e+03 1.452000000000000000e+03
3.117000000000000000e+03 6.200000000000000000e+01 2.000000000000000000e+00 8.772000000000000000e+03 1.747000000000000000e+03
2.883000000000000000e+03 6.300000000000000000e+01 3.000000000000000000e+00 8.338000000000000000e+03 1.614000000000000000e+03
2.778000000000000000e+03 6.400000000000000000e+01 7.000000000000000000e+00 7.810000000000000000e+03 1.567000000000000000e+03
2.073000000000000000e+03 5.200000000000000000e+01 2.000000000000000000e+00 7.933000000000000000e+03 1.425000000000000000e+03
2.113000000000000000e+03 4.200000000000000000e+01 3.000000000000000000e+00 7.570000000000000000e+03 1.421000000000000000e+03
2.414000000000000000e+03 7.700000000000000000e+01 6.000000000000000000e+00 8.690000000000000000e+03 1.502000000000000000e+03
2.893000000000000000e+03 6.500000000000000000e+01 4.000000000000000000e+00 8.564000000000000000e+03 1.626000000000000000e+03
3.176000000000000000e+03 6.500000000000000000e+01 2.000000000000000000e+00 8.319000000000000000e+03 1.720000000000000000e+03
3.498000000000000000e+03 5.300000000000000000e+01 3.000000000000000000e+00 8.976000000000000000e+03 1.581000000000000000e+03
2.960000000000000000e+03 6.400000000000000000e+01 1.000000000000000000e+00 8.795000000000000000e+03 1.672000000000000000e+03
3.140000000000000000e+03 6.000000000000000000e+01 4.000000000000000000e+00 8.576000000000000000e+03 1.675000000000000000e+03
2.673000000000000000e+03 7.000000000000000000e+01 2.000000000000000000e+00 8.556000000000000000e+03 1.552000000000000000e+03
2.988000000000000000e+03 6.200000000000000000e+01 3.000000000000000000e+00 8.625000000000000000e+03 1.619000000000000000e+03
2.972000000000000000e+03 7.600000000000000000e+01 5.000000000000000000e+00 8.773000000000000000e+03 1.641000000000000000e+03
3.198000000000000000e+03 7.100000000000000000e+01 3.000000000000000000e+00 8.683000000000000000e+03 1.696000000000000000e+03
2.667000000000000000e+03 5.700000000000000000e+01 5.000000000000000000e+00 7.866000000000000000e+03 1.531000000000000000e+03
2.612000000000000000e+03 5.800000000000000000e+01 6.000000000000000000e+00 8.164000000000000000e+03 1.549000000000000000e+03
2.283000000000000000e+03 6.200000000000000000e+01 1.000000000000000000e+00 7.737000000000000000e+03 1.448000000000000000e+03
2.301000000000000000e+03 5.300000000000000000e+01 2.000000000000000000e+00 7.714000000000000000e+03 1.402000000000000000e+03
2.667000000000000000e+03 7.000000000000000000e+01 5.000000000000000000e+00 8.278000000000000000e+03 1.573000000000000000e+03
3.254000000000000000e+03 6.200000000000000000e+01 6.000000000000000000e+00 8.731000000000000000e+03 1.707000000000000000e+03
2.327000000000000000e+03 5.500000000000000000e+01 3.000000000000000000e+00 8.494000000000000000e+03 1.480000000000000000e+03
2.335000000000000000e+03 4.300000000000000000e+01 1.000000000000000000e+00 7.839000000000000000e+03 1.472000000000000000e+03
2.143000000000000000e+03 6.000000000000000000e+01 4.000000000000000000e+00 7.476000000000000000e+03 1.430000000000000000e+03
2.835000000000000000e+03 7.000000000000000000e+01 3.000000000000000000e+00 8.214000000000000000e+03 1.602000000000000000e+03
2.535000000000000000e+03 5.900000000000000000e+01 1.000000000000000000e+00 8.606000000000000000e+03 1.588000000000000000e+03
2.866000000000000000e+03 4.500000000000000000e+01 2.000000000000000000e+00 8.263000000000000000e+03 1.621000000000000000e+03
