3.303000000000000000e+03 2.370000000000000000e+02 1.500000000000000000e+01 1.079100000000000000e+04 1.669000000000000000e+03
2.969000000000000000e+03 2.560000000000000000e+02 1.200000000000000000e+01 1.062100000000000000e+04 1.681000000000000000e+03
2.910000000000000000e+03 2.530000000000000000e+02 1.700000000000000000e+01 1.029800000000000000e+04 1.637000000000000000e+03
2.575000000000000000e+03 2.460000000000000000e+02 1.200000000000000000e+01 9.527000000000000000e+03 1.571000000000000000e+03
2.617000000000000000e+03 2.260000000000000000e+02 1.400000000000000000e+01 9.054000000000000000e+03 1.584000000000000000e+03
2.996000000000000000e+03 2.070000000000000000e+02 9.000000000000000000e+00 1.008800000000000000e+04 1.591000000000000000e+03
3.231000000000000000e+03 2.450000000000000000e+02 1.700000000000000000e+01 1.094000000000000000e+04 1.738000000000000000e+03
2.769000000000000000e+03 2.110000000000000000e+02 9.000000000000000000e+00 9.528000000000000000e+03 1.589000000000000000e+03
2.788000000000000000e+03 2.100000000000000000e+02 1.400000000000000000e+01 9.638000000000000000e+03 1.553000000000000000e+03
2.992000000000000000e+03 2.230000000000000000e+02 9.000000000000000000e+00 1.115100000000000000e+04 1.595000000000000000e+03
3.197000000000000000e+03 2.330000000000000000e+02 1.000000000000000000e+01 1.119300000000000000e+04 1.662000000000000000e+03
3.067000000000000000e+03 2.420000000000000000e+02 1.200000000000000000e+01 1.078600000000000000e+04 1.671000000000000000e+03
2.961000000000000000e+03 2.370000000000000000e+02 1.900000000000000000e+01 1.003100000000000000e+04 1.671000000000000000e+03
2.348000000000000000e+03 2.250000000000000000e+02 1.000000000000000000e+01 8.368000000000000000e+03 1.529000000000000000e+03
3.557000000000000000e+03 2.660000000000000000e+02 1.400000000000000000e+01 1.138400000000000000e+04 1.768000000000000000e+03
3.017000000000000000e+03 2.560000000000000000e+02 7.000000000000000000e+00 1.029300000000000000e+04 1.649000000000000000e+03
3.245000000000000000e+03 2.300000000000000000e+02 1.000000000000000000e+01 1.068700000000000000e+04 1.626000000000000000e+03
2.990000000000000000e+03 2.500000000000000000e+02 9.000000000000000000e+00 9.907000000000000000e+03 1.650000000000000000e+03
2.968000000000000000e+03 2.530000000000000000e+02 1.300000000000000000e+01 1.035700000000000000e+04 1.648000000000000000e+03
2.765000000000000000e+03 2.340000000000000000e+02 1.100000000000000000e+01 1.041900000000000000e+04 1.610000000000000000e+03
2.886000000000000000e+03 2.560000000000000000e+02 1.300000000000000000e+01 1.055300000000000000e+04 1.591000000000000000e+03
3.082000000000000000e+03 2.480000000000000000e+02 9.000000000000000000e+00 1.132300000000000000e+04 1.598000000000000000e+03
3.129000000000000000e+03 2.380000000000000000e+02 8.000000000000000000e+00 1.070800000000000000e+04 1.631000000000000000e+03
2.386000000000000000e+03 2.390000000000000000e+02 7.000000000000000000e+00 7.654000000000000000e+03 1.533000000000000000e+03
3.190000000000000000e+03 2.460000000000000000e+02 1.600000000000000000e+01 1.065900000000000000e+04 1.658000000000000000e+03
2.770000000000000000e+03 2.500000000000000000e+02 1.300000000000000000e+01 9.586000000000000000e+03 1.626000000000000000e+03
3.088000000000000000e+03 2.360000000000000000e+02 2.000000000000000000e+01 1.039300000000000000e+04 1.665000000000000000e+03
3.167000000000000000e+03 2.520000000000000000e+02 1.200000000000000000e+01 1.096300000000000000e+04 1.667000000000000000e+03
2.996000000000000000e+03 2.380000000000000000e+02 6.000000000000000000e+00 1.005200000000000000e+04 1.565000000000000000e+03
3.018000000000000000e+03 2.510000000000000000e+02 1.800000000000000000e+01 1.078800000000000000e+04 1.604000000000000000e+03
2.672000000000000000e+03 2.580000000000000000e+02 1.500000000000000000e+01 9.244000000000000000e+03 1.621000000000000000e+03
2.997000000000000000e+03 2.440000000000000000e+02 1.300000000000000000e+01 1.040400000000000000e+04 1.602000000000000000e+03
3.103000000000000000e+03 2.570000000000000000e+02 1.900000000000000000e+01 1.092200000000000000e+04 1.634000000000000000e+03
2.803000000000000000e+03 2.340000000000000000e+02 1.600000000000000000e+01 1.034400000000000000e+04 1.579000000000000000e+03
3.212000000000000000e+03 2.500000000000000000e+02 1.100000000000000000e+01 1.053500000000000000e+04 1.690000000000000000e+03
2.550000000000000000e+03 2.300000000000000000e+02 1.300000000000000000e+01 9.006000000000000000e+03 1.528000000000000000e+03
3.285000000000000000e+03 2.550000000000000000e+02 1.300000000000000000e+01 1.101700000000000000e+04 1.740000000000000000e+03
3.244000000000000000e+03 2.390000000000000000e+02 7.000000000000000000e+00 1.096800000000000000e+04 1.678000000000000000e+03
3.251000000000000000e+03 2.420000000000000000e+02 1.400000000000000000e+01 1.089600000000000000e+04 1.717000000000000000e+03
2.982000000000000000e+03 2.310000000000000000e+02 1.100000000000000000e+01 9.912000000000000000e+03 1.618000000000000000e+03
3.259000000000000000e+03 2.430000000000000000e+02 1.800000000000000000e+01 1.129800000000000000e+04 1.664000000000000000e+03
2.750000000000000000e+03 2.600000000000000000e+02 9.000000000000000000e+00 9.537000000000000000e+03 1.613000000000000000e+03
3.213000000000000000e+03 2.470000000000000000e+02 1.200000000000000000e+01 1.163700000000000000e+04 1.674000000000000000e+03
2.551000000000000000e+03 2.320000000000000000e+02 7.000000000000000000e+00 8.964000000000000000e+03 1.509000000000000000e+03
3.050000000000000000e+03 2.510000000000000000e+02 1.100000000000000000e+01 1.120000000000000000e+04 1.643000000000000000e+03
3.192000000000000000e+03 2.160000000000000000e+02 1.400000000000000000e+01 1.121600000000000000e+04 1.642000000000000000e+03
2.747000000000000000e+03 2.180000000000000000e+02 9.000000000000000000e+00 9.964000000000000000e+03 1.559000000000000000e+03
2.777000000000000000e+03 2.360000000000000000e+02 1.200000000000000000e+01 9.259000000000000000e+03 1.647000000000000000e+03
3.136000000000000000e+03 2.550000000000000000e+02 6.000000000000000000e+00 1.092600000000000000e+04 1.646000000000000000e+03
3.267000000000000000e+03 2.500000000000000000e+02 1.200000000000000000e+01 1.083500000000000000e+04 1.675000000000000000e+03
2.452000000000000000e+03 2.340000000000000000e+02 1.800000000000000000e+01 8.743000000000000000e+03 1.520000000000000000e+03
3.112000000000000000e+03 2.550000000000000000e+02 1.900000000000000000e+01 1.087100000000000000e+04 1.638000000000000000e+03
2.492000000000000000e+03 2.190000000000000000e+02 7.000000000000000000e+00 9.753000000000000000e+03 1.539000000000000000e+03
2.774000000000000000e+03 2.340000000000000000e+02 1.200000000000000000e+01 9.510000000000000000e+03 1.619000000000000000e+03
2.625000000000000000e+03 2.440000000000000000e+02 1.600000000000000000e+01 9.376000000000000000e+03 1.618000000000000000e+03
1.895000000000000000e+03 1.930000000000000000e+02 5.000000000000000000e+00 7.190000000000000000e+03 1.362000000000000000e+03
2.355000000000000000e+03 2.240000000000000000e+02 7.000000000000000000e+00 7.954000000000000000e+03 1.505000000000000000e+03
2.443000000000000000e+03 2.250000000000000000e+02 1.000000000000000000e+01 8.532000000000000000e+03 1.509000000000000000e+03
2.733000000000000000e+03 2.370000000000000000e+02 9.000000000000000000e+00 9.518000000000000000e+03 1.611000000000000000e+03
3.069000000000000000e+03 2.500000000000000000e+02 1.600000000000000000e+01 1.119800000000000000e+04 1.631000000000000000e+03
3.201000000000000000e+03 2.390000000000000000e+02 1.200000000000000000e+01 1.069900000000000000e+04 1.693000000000000000e+03
3.394000000000000000e+03 2.480000000000000000e+02 1.000000000000000000e+01 1.155300000000000000e+04 1.676000000000000000e+03
3.380000000000000000e+03 2.450000000000000000e+02 8.000000000000000000e+00 1.132500000000000000e+04 1.712000000000000000e+03
2.985000000000000000e+03 2.380000000000000000e+02 1.600000000000000000e+01 9.837000000000000000e+03 1.590000000000000000e+03
2.821000000000000000e+03 2.390000000000000000e+02 1.200000000000000000e+01 1.084600000000000000e+04 1.600000000000000000e+03
3.108000000000000000e+03 2.550000000000000000e+02 1.000000000000000000e+01 1.083700000000000000e+04 1.625000000000000000e+03
2.345000000000000000e+03 2.160000000000000000e+02 1.100000000000000000e+01 8.031000000000000000e+03 1.522000000000000000e+03
3.062000000000000000e+03 2.680000000000000000e+02 1.100000000000000000e+01 1.102400000000000000e+04 1.686000000000000000e+03
2.481000000000000000e+03 2.570000000000000000e+02 1.300000000000000000e+01 9.851000000000000000e+03 1.557000000000000000e+03
3.107000000000000000e+03 2.450000000000000000e+02 1.800000000000000000e+01 1.057300000000000000e+04 1.720000000000000000e+03
2.540000000000000000e+03 2.340000000000000000e+02 1.300000000000000000e+01 8.866000000000000000e+03 1.547000000000000000e+03
3.286000000000000000e+03 2.430000000000000000e+02 1.400000000000000000e+01 1.153400000000000000e+04 1.685000000000000000e+03
2.774000000000000000e+03 2.540000000000000000e+02 1.200000000000000000e+01 9.976000000000000000e+03 1.634000000000000000e+03
2.888000000000000000e+03 2.410000000000000000e+02 1.900000000000000000e+01 9.605000000000000000e+03 1.617000000000000000e+03
3.000000000000000000e+03 2.110000000000000000e+02 1.500000000000000000e+01 1.091100000000000000e+04 1.631000000000000000e+03
3.171000000000000000e+03 2.450000000000000000e+02 1.100000000000000000e+01 1.087300000000000000e+04 1.708000000000000000e+03
2.625000000000000000e+03 2.270000000000000000e+02 7.000000000000000000e+00 8.182000000000000000e+03 1.586000000000000000e+03
3.006000000000000000e+03 2.200000000000000000e+02 1.100000000000000000e+01 1.155200000000000000e+04 1.606000000000000000e+03
2.962000000000000000e+03 2.420000000000000000e+02 1.100000000000000000e+01 1.012500000000000000e+04 1.611000000000000000e+03
2.648000000000000000e+03 2.180000000000000000e+02 1.400000000000000000e+01 9.555000000000000000e+03 1.582000000000000000e+03
2.687000000000000000e+03 2.120000000000000000e+02 1.100000000000000000e+01 9.383000000000000000e+03 1.552000000000000000e+03
3.056000000000000000e+03 2.390000000000000000e+02 1.000000000000000000e+01 1.047000000000000000e+04 1.641000000000000000e+03
3.257000000000000000e+03 2.910000000000000000e+02 1.700000000000000000e+01 1.161700000000000000e+04 1.728000000000000000e+03
2.928000000000000000e+03 2.370000000000000000e+02 1.200000000000000000e+01 1.091200000000000000e+04 1.620000000000000000e+03
3.178000000000000000e+03 2.150000000000000000e+02 8.000000000000000000e+00 1.097200000000000000e+04 1.666000000000000000e+03
3.376000000000000000e+03 2.560000000000000000e+02 1.500000000000000000e+01 1.142400000000000000e+04 1.760000000000000000e+03
2.533000000000000000e+03 2.260000000000000000e+02 1.100000000000000000e+01 8.277000000000000000e+03 1.539000000000000000e+03
2.960000000000000000e+03 2.640000000000000000e+02 1.100000000000000000e+01 1.087200000000000000e+04 1.613000000000000000e+03
2.180000000000000000e+03 2.130000000000000000e+02 9.000000000000000000e+00 7.598000000000000000e+03 1.465000000000000000e+03
3.236000000000000000e+03 2.480000000000000000e+02 1.300000000000000000e+01 1.094800000000000000e+04 1.701000000000000000e+03
3.146000000000000000e+03 2.500000000000000000e+02 1.200000000000000000e+01 1.102900000000000000e+04 1.629000000000000000e+03
3.103000000000000000e+03 2.200000000000000000e+02 1.500000000000000000e+01 1.077600000000000000e+04 1.647000000000000000e+03
2.819000000000000000e+03 2.270000000000000000e+02 1.000000000000000000e+01 9.382000000000000000e+03 1.632000000000000000e+03
2.555000000000000000e+03 2.090000000000000000e+02 6.000000000000000000e+00 8.718000000000000000e+03 1.602000000000000000e+03
3.057000000000000000e+03 2.210000000000000000e+02 9.000000000000000000e+00 1.060800000000000000e+04 1.612000000000000000e+03
3.001000000000000000e+03 2.210000000000000000e+02 1.300000000000000000e+01 1.041000000000000000e+04 1.685000000000000000e+03
3.299000000000000000e+03 2.320000000000000000e+02 1.800000000000000000e+01 1.123200000000000000e+04 1.644000000000000000e+03
3.113000000000000000e+03 2.470000000000000000e+02 1.500000000000000000e+01 1.114900000000000000e+04 1.632000000000000000e+03
2.610000000000000000e+03 2.550000000000000000e+02 1.700000000000000000e+01 9.805000000000000000e+03 1.569000000000000000e+03
2.543000000000000000e+03 2.410000000000000000e+02 1.800000000000000000e+01 8.888000000000000000e+03 1.563000000000000000e+03
3.315000000000000000e+03 2.510000000000000000e+02 1.500000000000000000e+01 1.093800000000000000e+04 1.651000000000000000e+03
3.248000000000000000e+03 2.390000000000000000e+02 1.700000000000000000e+01 1.070800000000000000e+04 1.668000000000000000e+03
3.334000000000000000e+03 2.470000000000000000e+02 1.400000000000000000e+01 1.144200000000000000e+04 1.710000000000000000e+03
3.078000000000000000e+03 2.320000000000000000e+02 1.000000000000000000e+01 1.097000000000000000e+04 1.607000000000000000e+03
3.176000000000000000e+03 2.390000000000000000e+02 9.000000000000000000e+00 1.083200000000000000e+04 1.660000000000000000e+03
3.019000000000000000e+03 2.290000000000000000e+02 1.000000000000000000e+01 1.037800000000000000e+04 1.649000000000000000e+03
3.287000000000000000e+03 2.630000000000000000e+02 1.300000000000000000e+01 1.213900000000000000e+04 1.715000000000000000e+03
3.069000000000000000e+03 2.280000000000000000e+02 1.100000000000000000e+01 1.069600000000000000e+04 1.691000000000000000e+03
3.311000000000000000e+03 2.330000000000000000e+02 1.300000000000000000e+01 1.086300000000000000e+04 1.695000000000000000e+03
3.267000000000000000e+03 2.230000000000000000e+02 7.000000000000000000e+00 1.102600000000000000e+04 1.604000000000000000e+03
3.013000000000000000e+03 2.620000000000000000e+02 1.000000000000000000e+01 1.060500000000000000e+04 1.706000000000000000e+03
3.131000000000000000e+03 2.440000000000000000e+02 1.000000000000000000e+01 1.133900000000000000e+04 1.629000000000000000e+03
3.073000000000000000e+03 2.210000000000000000e+02 1.400000000000000000e+01 1.099700000000000000e+04 1.650000000000000000e+03
3.014000000000000000e+03 2.300000000000000000e+02 7.000000000000000000e+00 1.061100000000000000e+04 1.599000000000000000e+03
3.076000000000000000e+03 2.430000000000000000e+02 1.200000000000000000e+01 1.084900000000000000e+04 1.594000000000000000e+03
2.401000000000000000e+03 2.460000000000000000e+02 1.000000000000000000e+01 8.722000000000000000e+03 1.525000000000000000e+03
3.088000000000000000e+03 2.290000000000000000e+02 1.500000000000000000e+01 1.048800000000000000e+04 1.711000000000000000e+03
3.037000000000000000e+03 2.190000000000000000e+02 1.200000000000000000e+01 1.033200000000000000e+04 1.664000000000000000e+03
3.016000000000000000e+03 2.460000000000000000e+02 8.000000000000000000e+00 1.015000000000000000e+04 1.618000000000000000e+03
2.950000000000000000e+03 2.300000000000000000e+02 1.200000000000000000e+01 1.044100000000000000e+04 1.633000000000000000e+03
2.825000000000000000e+03 2.640000000000000000e+02 1.500000000000000000e+01 9.646000000000000000e+03 1.600000000000000000e+03
2.315000000000000000e+03 1.910000000000000000e+02 7.000000000000000000e+00 8.281000000000000000e+03 1.429000000000000000e+03
2.915000000000000000e+03 2.700000000000000000e+02 1.800000000000000000e+01 1.007000000000000000e+04 1.630000000000000000e+03
3.089000000000000000e+03 2.300000000000000000e+02 9.000000000000000000e+00 1.098900000000000000e+04 1.681000000000000000e+03
3.212000000000000000e+03 2.370000000000000000e+02 7.000000000000000000e+00 1.088700000000000000e+04 1.645000000000000000e+03
2.692000000000000000e+03 2.310000000000000000e+02 1.100000000000000000e+01 8.559000000000000000e+03 1.591000000000000000e+03
2.627000000000000000e+03 2.300000000000000000e+02 1.600000000000000000e+01 9.025000000000000000e+03 1.584000000000000000e+03
2.517000000000000000e+03 2.340000000000000000e+02 1.000000000000000000e+01 9.117000000000000000e+03 1.527000000000000000e+03
3.270000000000000000e+03 2.480000000000000000e+02 1.100000000000000000e+01 1.063800000000000000e+04 1.659000000000000000e+03
2.738000000000000000e+03 2.210000000000000000e+02 6.000000000000000000e+00 9.972000000000000000e+03 1.563000000000000000e+03
3.028000000000000000e+03 2.590000000000000000e+02 9.000000000000000000e+00 1.029300000000000000e+04 1.636000000000000000e+03
2.965000000000000000e+03 2.340000000000000000e+02 1.200000000000000000e+01 1.053000000000000000e+04 1.632000000000000000e+03
2.682000000000000000e+03 2.320000000000000000e+02 6.000000000000000000e+00 9.806000000000000000e+03 1.627000000000000000e+03
2.703000000000000000e+03 2.330000000000000000e+02 9.000000000000000000e+00 9.212000000000000000e+03 1.542000000000000000e+03
3.263000000000000000e+03 2.530000000000000000e+02 1.100000000000000000e+01 1.152100000000000000e+04 1.623000000000000000e+03
3.168000000000000000e+03 2.420000000000000000e+02 8.000000000000000000e+00 1.126000000000000000e+04 1.643000000000000000e+03
2.785000000000000000e+03 2.150000000000000000e+02 1.000000000000000000e+01 1.009100000000000000e+04 1.600000000000000000e+03
2.713000000000000000e+03 2.360000000000000000e+02 1.200000000000000000e+01 9.091000000000000000e+03 1.569000000000000000e+03
3.085000000000000000e+03 2.400000000000000000e+02 5.000000000000000000e+00 1.042700000000000000e+04 1.604000000000000000e+03
3.294000000000000000e+03 2.310000000000000000e+02 5.000000000000000000e+00 1.065100000000000000e+04 1.667000000000000000e+03
2.728000000000000000e+03 2.190000000000000000e+02 1.500000000000000000e+01 9.931000000000000000e+03 1.597000000000000000e+03
2.901000000000000000e+03 2.270000000000000000e+02 8.000000000000000000e+00 1.046600000000000000e+04 1.670000000000000000e+03
3.130000000000000000e+03 2.160000000000000000e+02 8.000000000000000000e+00 1.067400000000000000e+04 1.613000000000000000e+03
3.154000000000000000e+03 2.470000000000000000e+02 1.000000000000000000e+01 1.117900000000000000e+04 1.648000000000000000e+03
3.166000000000000000e+03 2.410000000000000000e+02 8.000000000000000000e+00 1.074300000000000000e+04 1.718000000000000000e+03
3.316000000000000000e+03 2.280000000000000000e+02 1.000000000000000000e+01 1.168100000000000000e+04 1.692000000000000000e+03
2.781000000000000000e+03 2.470000000000000000e+02 1.900000000000000000e+01 9.202000000000000000e+03 1.634000000000000000e+03
2.955000000000000000e+03 2.060000000000000000e+02 8.000000000000000000e+00 9.849000000000000000e+03 1.588000000000000000e+03
2.961000000000000000e+03 2.480000000000000000e+02 1.200000000000000000e+01 1.061800000000000000e+04 1.610000000000000000e+03
3.037000000000000000e+03 2.390000000000000000e+02 1.700000000000000000e+01 1.078200000000000000e+04 1.631000000000000000e+03
2.570000000000000000e+03 2.180000000000000000e+02 1.000000000000000000e+01 9.329000000000000000e+03 1.619000000000000000e+03
3.323000000000000000e+03 2.500000000000000000e+02 1.500000000000000000e+01 1.121100000000000000e+04 1.734000000000000000e+03
3.154000000000000000e+03 2.590000000000000000e+02 1.100000000000000000e+01 1.094400000000000000e+04 1.746000000000000000e+03
3.335000000000000000e+03 2.390000000000000000e+02 9.000000000000000000e+00 1.080000000000000000e+04 1.760000000000000000e+03
3.181000000000000000e+03 2.420000000000000000e+02 1.400000000000000000e+01 1.068900000000000000e+04 1.665000000000000000e+03
2.353000000000000000e+03 2.110000000000000000e+02 8.000000000000000000e+00 8.128000000000000000e+03 1.504000000000000000e+03
2.631000000000000000e+03 2.620000000000000000e+02 1.200000000000000000e+01 9.967000000000000000e+03 1.597000000000000000e+03
2.489000000000000000e+03 2.220000000000000000e+02 8.000000000000000000e+00 8.429000000000000000e+03 1.595000000000000000e+03
3.119000000000000000e+03 2.610000000000000000e+02 1.100000000000000000e+01 1.052400000000000000e+04 1.634000000000000000e+03
2.970000000000000000e+03 2.600000000000000000e+02 9.000000000000000000e+00 1.077600000000000000e+04 1.624000000000000000e+03
3.005000000000000000e+03 2.450000000000000000e+02 7.000000000000000000e+00 1.022600000000000000e+04 1.631000000000000000e+03
2.721000000000000000e+03 2.330000000000000000e+02 1.200000000000000000e+01 1.001700000000000000e+04 1.597000000000000000e+03
3.001000000000000000e+03 2.400000000000000000e+02 0.000000000000000000e+00 1.019700000000000000e+04 1.662000000000000000e+03
2.917000000000000000e+03 2.420000000000000000e+02 1.500000000000000000e+01 1.017300000000000000e+04 1.541000000000000000e+03
2.475000000000000000e+03 2.260000000000000000e+02 9.000000000000000000e+00 8.756000000000000000e+03 1.521000000000000000e+03
2.977000000000000000e+03 2.390000000000000000e+02 1.400000000000000000e+01 1.043300000000000000e+04 1.615000000000000000e+03
3.262000000000000000e+03 2.370000000000000000e+02 9.000000000000000000e+00 1.070000000000000000e+04 1.652000000000000000e+03
2.319000000000000000e+03 2.170000000000000000e+02 8.000000000000000000e+00 8.388000000000000000e+03 1.519000000000000000e+03
2.949000000000000000e+03 2.490000000000000000e+02 1.400000000000000000e+01 1.038800000000000000e+04 1.645000000000000000e+03
2.774000000000000000e+03 2.130000000000000000e+02 1.600000000000000000e+01 1.007300000000000000e+04 1.557000000000000000e+03
2.534000000000000000e+03 2.110000000000000000e+02 7.000000000000000000e+00 8.151000000000000000e+03 1.588000000000000000e+03
2.666000000000000000e+03 2.190000000000000000e+02 1.100000000000000000e+01 9.764000000000000000e+03 1.570000000000000000e+03
2.879000000000000000e+03 2.320000000000000000e+02 1.500000000000000000e+01 9.691000000000000000e+03 1.618000000000000000e+03
2.982000000000000000e+03 2.190000000000000000e+02 1.000000000000000000e+01 1.028100000000000000e+04 1.616000000000000000e+03
3.372000000000000000e+03 2.390000000000000000e+02 9.000000000000000000e+00 1.101900000000000000e+04 1.723000000000000000e+03
2.805000000000000000e+03 2.350000000000000000e+02 1.600000000000000000e+01 9.973000000000000000e+03 1.613000000000000000e+03
3.013000000000000000e+03 2.770000000000000000e+02 1.200000000000000000e+01 1.087000000000000000e+04 1.596000000000000000e+03
2.701000000000000000e+03 2.360000000000000000e+02 8.000000000000000000e+00 1.044400000000000000e+04 1.576000000000000000e+03
2.666000000000000000e+03 2.420000000000000000e+02 1.300000000000000000e+01 9.753000000000000000e+03 1.581000000000000000e+03
2.827000000000000000e+03 2.490000000000000000e+02 1.300000000000000000e+01 1.061900000000000000e+04 1.624000000000000000e+03
3.238000000000000000e+03 2.470000000000000000e+02 1.400000000000000000e+01 1.083300000000000000e+04 1.688000000000000000e+03
2.722000000000000000e+03 2.280000000000000000e+02 1.500000000000000000e+01 1.000900000000000000e+04 1.585000000000000000e+03
2.683000000000000000e+03 2.520000000000000000e+02 1.500000000000000000e+01 1.006200000000000000e+04 1.509000000000000000e+03
3.185000000000000000e+03 2.450000000000000000e+02 8.000000000000000000e+00 1.125400000000000000e+04 1.639000000000000000e+03
2.986000000000000000e+03 2.520000000000000000e+02 1.900000000000000000e+01 1.046900000000000000e+04 1.676000000000000000e+03
1.947000000000000000e+03 1.980000000000000000e+02 1.200000000000000000e+01 7.786000000000000000e+03 1.467000000000000000e+03
2.645000000000000000e+03 2.320000000000000000e+02 5.000000000000000000e+00 8.797000000000000000e+03 1.510000000000000000e+03
3.048000000000000000e+03 2.440000000000000000e+02 1.500000000000000000e+01 1.103600000000000000e+04 1.624000000000000000e+03
2.681000000000000000e+03 2.310000000000000000e+02 9.000000000000000000e+00 9.354000000000000000e+03 1.552000000000000000e+03
2.830000000000000000e+03 2.200000000000000000e+02 1.000000000000000000e+01 9.305000000000000000e+03 1.592000000000000000e+03
3.040000000000000000e+03 2.460000000000000000e+02 1.100000000000000000e+01 1.045400000000000000e+04 1.637000000000000000e+03
3.109000000000000000e+03 2.350000000000000000e+02 1.300000000000000000e+01 1.075900000000000000e+04 1.669000000000000000e+03
3.265000000000000000e+03 2.680000000000000000e+02 1.200000000000000000e+01 1.109000000000000000e+04 1.661000000000000000e+03
2.887000000000000000e+03 2.360000000000000000e+02 1.100000000000000000e+01 1.028400000000000000e+04 1.616000000000000000e+03
2.802000000000000000e+03 2.280000000000000000e+02 1.300000000000000000e+01 1.010400000000000000e+04 1.622000000000000000e+03
3.059000000000000000e+03 2.200000000000000000e+02 1.100000000000000000e+01 1.042500000000000000e+04 1.612000000000000000e+03
2.438000000000000000e+03 2.190000000000000000e+02 8.000000000000000000e+00 9.036000000000000000e+03 1.521000000000000000e+03
3.120000000000000000e+03 2.430000000000000000e+02 1.200000000000000000e+01 1.046100000000000000e+04 1.640000000000000000e+03
3.283000000000000000e+03 2.440000000000000000e+02 1.400000000000000000e+01 1.142800000000000000e+04 1.667000000000000000e+03
2.811000000000000000e+03 2.400000000000000000e+02 7.000000000000000000e+00 1.019600000000000000e+04 1.616000000000000000e+03
2.774000000000000000e+03 2.080000000000000000e+02 1.800000000000000000e+01 9.966000000000000000e+03 1.542000000000000000e+03
2.431000000000000000e+03 2.340000000000000000e+02 9.000000000000000000e+00 8.721000000000000000e+03 1.525000000000000000e+03
2.968000000000000000e+03 2.340000000000000000e+02 1.500000000000000000e+01 1.088200000000000000e+04 1.599000000000000000e+03
3.179000000000000000e+03 2.510000000000000000e+02 1.300000000000000000e+01 1.073800000000000000e+04 1.730000000000000000e+03
3.380000000000000000e+03 2.800000000000000000e+02 1.100000000000000000e+01 1.143400000000000000e+04 1.715000000000000000e+03
2.732000000000000000e+03 2.270000000000000000e+02 1.200000000000000000e+01 9.058000000000000000e+03 1.566000000000000000e+03
3.222000000000000000e+03 2.280000000000000000e+02 1.100000000000000000e+01 1.129100000000000000e+04 1.700000000000000000e+03
3.153000000000000000e+03 2.350000000000000000e+02 1.500000000000000000e+01 1.086000000000000000e+04 1.654000000000000000e+03
3.233000000000000000e+03 2.480000000000000000e+02 1.800000000000000000e+01 1.076200000000000000e+04 1.655000000000000000e+03
2.687000000000000000e+03 2.240000000000000000e+02 1.400000000000000000e+01 9.324000000000000000e+03 1.556000000000000000e+03
3.294000000000000000e+03 2.580000000000000000e+02 2.200000000000000000e+01 1.128800000000000000e+04 1.635000000000000000e+03
2.572000000000000000e+03 2.450000000000000000e+02 1.100000000000000000e+01 8.892000000000000000e+03 1.560000000000000000e+03
2.585000000000000000e+03 2.230000000000000000e+02 1.300000000000000000e+01 9.289000000000000000e+03 1.563000000000000000e+03
3.137000000000000000e+03 2.340000000000000000e+02 9.000000000000000000e+00 1.037600000000000000e+04 1.655000000000000000e+03
2.497000000000000000e+03 2.300000000000000000e+02 1.800000000000000000e+01 8.891000000000000000e+03 1.548000000000000000e+03
2.957000000000000000e+03 2.380000000000000000e+02 9.000000000000000000e+00 1.012800000000000000e+04 1.627000000000000000e+03
2.611000000000000000e+03 2.160000000000000000e+02 1.100000000000000000e+01 9.299000000000000000e+03 1.569000000000000000e+03
2.677000000000000000e+03 2.380000000000000000e+02 1.200000000000000000e+01 9.291000000000000000e+03 1.609000000000000000e+03
2.319000000000000000e+03 2.050000000000000000e+02 1.000000000000000000e+01 7.983000000000000000e+03 1.457000000000000000e+03
3.129000000000000000e+03 2.280000000000000000e+02 1.300000000000000000e+01 1.076900000000000000e+04 1.670000000000000000e+03
2.815000000000000000e+03 2.370000000000000000e+02 1.400000000000000000e+01 9.977000000000000000e+03 1.634000000000000000e+03
2.193000000000000000e+03 2.120000000000000000e+02 7.000000000000000000e+00 7.610000000000000000e+03 1.476000000000000000e+03
3.195000000000000000e+03 2.430000000000000000e+02 9.000000000000000000e+00 1.111000000000000000e+04 1.636000000000000000e+03
2.808000000000000000e+03 2.340000000000000000e+02 9.000000000000000000e+00 9.857000000000000000e+03 1.573000000000000000e+03
3.108000000000000000e+03 2.490000000000000000e+02 2.000000000000000000e+00 1.054200000000000000e+04 1.678000000000000000e+03
3.097000000000000000e+03 2.780000000000000000e+02 1.700000000000000000e+01 1.158600000000000000e+04 1.689000000000000000e+03
3.535000000000000000e+03 2.530000000000000000e+02 1.200000000000000000e+01 1.157100000000000000e+04 1.712000000000000000e+03
3.131000000000000000e+03 2.330000000000000000e+02 1.700000000000000000e+01 1.073600000000000000e+04 1.632000000000000000e+03
3.087000000000000000e+03 2.270000000000000000e+02 1.300000000000000000e+01 1.047200000000000000e+04 1.633000000000000000e+03
2.493000000000000000e+03 2.310000000000000000e+02 1.200000000000000000e+01 7.901000000000000000e+03 1.527000000000000000e+03
2.998000000000000000e+03 2.380000000000000000e+02 8.000000000000000000e+00 1.054800000000000000e+04 1.683000000000000000e+03
2.702000000000000000e+03 2.410000000000000000e+02 1.500000000000000000e+01 9.682000000000000000e+03 1.568000000000000000e+03
2.894000000000000000e+03 2.810000000000000000e+02 1.000000000000000000e+01 1.030200000000000000e+04 1.705000000000000000e+03
2.554000000000000000e+03 2.260000000000000000e+02 6.000000000000000000e+00 9.930000000000000000e+03 1.541000000000000000e+03
2.967000000000000000e+03 2.520000000000000000e+02 7.000000000000000000e+00 1.030800000000000000e+04 1.677000000000000000e+03
2.828000000000000000e+03 2.610000000000000000e+02 1.000000000000000000e+01 9.600000000000000000e+03 1.630000000000000000e+03
3.143000000000000000e+03 2.360000000000000000e+02 1.400000000000000000e+01 1.082600000000000000e+04 1.731000000000000000e+03
3.151000000000000000e+03 2.130000000000000000e+02 1.100000000000000000e+01 1.064700000000000000e+04 1.625000000000000000e+03
2.830000000000000000e+03 2.180000000000000000e+02 1.200000000000000000e+01 1.058300000000000000e+04 1.586000000000000000e+03
2.700000000000000000e+03 2.370000000000000000e+02 1.500000000000000000e+01 9.020000000000000000e+03 1.614000000000000000e+03
3.307000000000000000e+03 2.410000000000000000e+02 8.000000000000000000e+00 1.072500000000000000e+04 1.644000000000000000e+03
2.746000000000000000e+03 2.570000000000000000e+02 1.300000000000000000e+01 9.978000000000000000e+03 1.614000000000000000e+03
3.297000000000000000e+03 2.550000000000000000e+02 8.000000000000000000e+00 1.079200000000000000e+04 1.729000000000000000e+03
3.139000000000000000e+03 2.420000000000000000e+02 1.000000000000000000e+01 1.010000000000000000e+04 1.648000000000000000e+03
3.225000000000000000e+03 2.420000000000000000e+02 1.200000000000000000e+01 1.042000000000000000e+04 1.683000000000000000e+03
3.401000000000000000e+03 2.510000000000000000e+02 9.000000000000000000e+00 1.147700000000000000e+04 1.732000000000000000e+03
2.976000000000000000e+03 2.440000000000000000e+02 1.500000000000000000e+01 1.029800000000000000e+04 1.653000000000000000e+03
2.712000000000000000e+03 2.430000000000000000e+02 1.200000000000000000e+01 9.921000000000000000e+03 1.594000000000000000e+03
2.152000000000000000e+03 1.990000000000000000e+02 1.100000000000000000e+01 7.915000000000000000e+03 1.462000000000000000e+03
3.027000000000000000e+03 2.330000000000000000e+02 1.200000000000000000e+01 1.018900000000000000e+04 1.656000000000000000e+03
