2.720000000000000000e+02 2.460000000000000000e+02 5.600000000000000000e+01 2.831000000000000000e+03 5.720000000000000000e+02
2.580000000000000000e+02 2.410000000000000000e+02 4.300000000000000000e+01 2.729000000000000000e+03 5.250000000000000000e+02
2.660000000000000000e+02 2.810000000000000000e+02 7.100000000000000000e+01 2.919000000000000000e+03 5.660000000000000000e+02
2.770000000000000000e+02 2.560000000000000000e+02 6.600000000000000000e+01 2.739000000000000000e+03 5.650000000000000000e+02
2.800000000000000000e+02 2.430000000000000000e+02 4.800000000000000000e+01 2.833000000000000000e+03 5.550000000000000000e+02
3.410000000000000000e+02 2.870000000000000000e+02 6.600000000000000000e+01 3.074000000000000000e+03 6.270000000000000000e+02
3.210000000000000000e+02 2.670000000000000000e+02 6.500000000000000000e+01 2.789000000000000000e+03 6.080000000000000000e+02
2.940000000000000000e+02 2.380000000000000000e+02 5.300000000000000000e+01 3.128000000000000000e+03 5.560000000000000000e+02
3.100000000000000000e+02 2.900000000000000000e+02 5.700000000000000000e+01 2.979000000000000000e+03 6.270000000000000000e+02
2.240000000000000000e+02 2.070000000000000000e+02 4.600000000000000000e+01 2.506000000000000000e+03 4.730000000000000000e+02
3.500000000000000000e+02 3.070000000000000000e+02 5.800000000000000000e+01 3.059000000000000000e+03 6.620000000000000000e+02
3.270000000000000000e+02 2.840000000000000000e+02 6.600000000000000000e+01 3.227000000000000000e+03 6.130000000000000000e+02
2.650000000000000000e+02 2.310000000000000000e+02 3.500000000000000000e+01 2.569000000000000000e+03 5.080000000000000000e+02
3.140000000000000000e+02 2.420000000000000000e+02 6.800000000000000000e+01 3.140000000000000000e+03 6.030000000000000000e+02
2.990000000000000000e+02 2.560000000000000000e+02 6.600000000000000000e+01 2.904000000000000000e+03 6.020000000000000000e+02
3.240000000000000000e+02 2.830000000000000000e+02 7.600000000000000000e+01 2.792000000000000000e+03 6.420000000000000000e+02
3.490000000000000000e+02 2.740000000000000000e+02 5.900000000000000000e+01 3.108000000000000000e+03 6.380000000000000000e+02
3.690000000000000000e+02 2.860000000000000000e+02 5.700000000000000000e+01 3.342000000000000000e+03 6.970000000000000000e+02
2.600000000000000000e+02 2.400000000000000000e+02 4.000000000000000000e+01 2.648000000000000000e+03 5.320000000000000000e+02
2.340000000000000000e+02 2.250000000000000000e+02 5.900000000000000000e+01 2.396000000000000000e+03 5.000000000000000000e+02
2.640000000000000000e+02 2.510000000000000000e+02 5.800000000000000000e+01 2.946000000000000000e+03 5.510000000000000000e+02
2.780000000000000000e+02 2.620000000000000000e+02 5.500000000000000000e+01 2.899000000000000000e+03 5.570000000000000000e+02
3.550000000000000000e+02 2.530000000000000000e+02 5.800000000000000000e+01 2.693000000000000000e+03 6.150000000000000000e+02
3.240000000000000000e+02 2.830000000000000000e+02 5.600000000000000000e+01 3.025000000000000000e+03 6.270000000000000000e+02
3.490000000000000000e+02 2.350000000000000000e+02 5.600000000000000000e+01 3.068000000000000000e+03 5.860000000000000000e+02
3.040000000000000000e+02 2.760000000000000000e+02 6.100000000000000000e+01 2.987000000000000000e+03 6.130000000000000000e+02
3.020000000000000000e+02 2.600000000000000000e+02 6.600000000000000000e+01 2.928000000000000000e+03 6.050000000000000000e+02
3.410000000000000000e+02 2.670000000000000000e+02 6.200000000000000000e+01 2.875000000000000000e+03 6.100000000000000000e+02
3.730000000000000000e+02 2.230000000000000000e+02 6.700000000000000000e+01 2.940000000000000000e+03 6.250000000000000000e+02
2.520000000000000000e+02 2.010000000000000000e+02 4.400000000000000000e+01 2.674000000000000000e+03 4.900000000000000000e+02
2.510000000000000000e+02 2.120000000000000000e+02 5.200000000000000000e+01 2.204000000000000000e+03 4.990000000000000000e+02
3.460000000000000000e+02 2.690000000000000000e+02 6.200000000000000000e+01 3.036000000000000000e+03 5.950000000000000000e+02
2.520000000000000000e+02 2.160000000000000000e+02 5.700000000000000000e+01 2.651000000000000000e+03 5.090000000000000000e+02
3.340000000000000000e+02 2.730000000000000000e+02 4.300000000000000000e+01 3.182000000000000000e+03 6.030000000000000000e+02
3.520000000000000000e+02 3.130000000000000000e+02 6.800000000000000000e+01 3.293000000000000000e+03 6.660000000000000000e+02
2.650000000000000000e+02 2.060000000000000000e+02 4.600000000000000000e+01 2.474000000000000000e+03 5.010000000000000000e+02
2.920000000000000000e+02 2.630000000000000000e+02 6.700000000000000000e+01 2.958000000000000000e+03 5.860000000000000000e+02
3.450000000000000000e+02 2.930000000000000000e+02 6.600000000000000000e+01 3.079000000000000000e+03 6.430000000000000000e+02
3.500000000000000000e+02 3.220000000000000000e+02 6.900000000000000000e+01 3.212000000000000000e+03 6.440000000000000000e+02
3.650000000000000000e+02 2.860000000000000000e+02 5.700000000000000000e+01 3.085000000000000000e+03 6.740000000000000000e+02
2.920000000000000000e+02 2.410000000000000000e+02 5.700000000000000000e+01 2.958000000000000000e+03 5.600000000000000000e+02
3.540000000000000000e+02 2.660000000000000000e+02 6.200000000000000000e+01 3.076000000000000000e+03 6.170000000000000000e+02
3.150000000000000000e+02 2.430000000000000000e+02 4.700000000000000000e+01 2.850000000000000000e+03 5.900000000000000000e+02
2.610000000000000000e+02 2.240000000000000000e+02 4.400000000000000000e+01 2.527000000000000000e+03 5.100000000000000000e+02
2.930000000000000000e+02 2.670000000000000000e+02 5.800000000000000000e+01 3.235000000000000000e+03 5.740000000000000000e+02
3.090000000000000000e+02 2.510000000000000000e+02 4.700000000000000000e+01 2.739000000000000000e+03 5.880000000000000000e+02
2.340000000000000000e+02 2.390000000000000000e+02 5.400000000000000000e+01 2.580000000000000000e+03 5.130000000000000000e+02
3.250000000000000000e+02 2.680000000000000000e+02 6.400000000000000000e+01 3.112000000000000000e+03 6.080000000000000000e+02
2.840000000000000000e+02 2.660000000000000000e+02 6.500000000000000000e+01 2.959000000000000000e+03 6.040000000000000000e+02
2.760000000000000000e+02 2.230000000000000000e+02 4.400000000000000000e+01 2.695000000000000000e+03 5.240000000000000000e+02
2.900000000000000000e+02 2.620000000000000000e+02 6.100000000000000000e+01 2.999000000000000000e+03 5.870000000000000000e+02
3.280000000000000000e+02 2.730000000000000000e+02 6.400000000000000000e+01 3.308000000000000000e+03 6.010000000000000000e+02
2.880000000000000000e+02 2.600000000000000000e+02 4.700000000000000000e+01 2.616000000000000000e+03 5.670000000000000000e+02
3.860000000000000000e+02 2.870000000000000000e+02 4.300000000000000000e+01 3.274000000000000000e+03 6.560000000000000000e+02
3.290000000000000000e+02 2.970000000000000000e+02 6.000000000000000000e+01 3.004000000000000000e+03 6.510000000000000000e+02
3.360000000000000000e+02 2.590000000000000000e+02 6.600000000000000000e+01 3.226000000000000000e+03 6.360000000000000000e+02
3.290000000000000000e+02 2.890000000000000000e+02 8.700000000000000000e+01 2.826000000000000000e+03 6.270000000000000000e+02
2.950000000000000000e+02 2.260000000000000000e+02 4.700000000000000000e+01 3.029000000000000000e+03 5.640000000000000000e+02
2.480000000000000000e+02 2.050000000000000000e+02 6.000000000000000000e+01 2.345000000000000000e+03 5.000000000000000000e+02
3.510000000000000000e+02 3.000000000000000000e+02 6.900000000000000000e+01 3.371000000000000000e+03 6.720000000000000000e+02
2.910000000000000000e+02 2.440000000000000000e+02 6.600000000000000000e+01 3.120000000000000000e+03 5.840000000000000000e+02
2.710000000000000000e+02 2.630000000000000000e+02 5.900000000000000000e+01 3.064000000000000000e+03 5.690000000000000000e+02
3.030000000000000000e+02 2.380000000000000000e+02 6.300000000000000000e+01 2.724000000000000000e+03 5.790000000000000000e+02
2.570000000000000000e+02 2.590000000000000000e+02 6.300000000000000000e+01 2.725000000000000000e+03 5.570000000000000000e+02
2.810000000000000000e+02 2.530000000000000000e+02 5.800000000000000000e+01 3.001000000000000000e+03 5.680000000000000000e+02
4.070000000000000000e+02 2.750000000000000000e+02 4.900000000000000000e+01 3.357000000000000000e+03 6.660000000000000000e+02
2.840000000000000000e+02 2.010000000000000000e+02 4.300000000000000000e+01 2.862000000000000000e+03 5.240000000000000000e+02
2.510000000000000000e+02 2.560000000000000000e+02 7.100000000000000000e+01 2.892000000000000000e+03 5.610000000000000000e+02
2.950000000000000000e+02 2.530000000000000000e+02 5.500000000000000000e+01 2.843000000000000000e+03 5.800000000000000000e+02
3.000000000000000000e+02 2.280000000000000000e+02 5.200000000000000000e+01 2.842000000000000000e+03 5.700000000000000000e+02
2.870000000000000000e+02 2.520000000000000000e+02 5.100000000000000000e+01 2.956000000000000000e+03 5.750000000000000000e+02
2.670000000000000000e+02 2.590000000000000000e+02 5.100000000000000000e+01 2.681000000000000000e+03 5.230000000000000000e+02
3.260000000000000000e+02 2.830000000000000000e+02 4.800000000000000000e+01 3.138000000000000000e+03 5.910000000000000000e+02
2.650000000000000000e+02 2.630000000000000000e+02 6.000000000000000000e+01 2.653000000000000000e+03 5.820000000000000000e+02
3.240000000000000000e+02 2.490000000000000000e+02 6.300000000000000000e+01 3.012000000000000000e+03 5.890000000000000000e+02
3.230000000000000000e+02 2.560000000000000000e+02 6.300000000000000000e+01 2.853000000000000000e+03 6.010000000000000000e+02
2.930000000000000000e+02 2.470000000000000000e+02 5.800000000000000000e+01 2.820000000000000000e+03 5.630000000000000000e+02
3.360000000000000000e+02 2.340000000000000000e+02 5.700000000000000000e+01 3.096000000000000000e+03 6.110000000000000000e+02
3.750000000000000000e+02 2.810000000000000000e+02 6.900000000000000000e+01 3.256000000000000000e+03 6.620000000000000000e+02
3.210000000000000000e+02 2.950000000000000000e+02 6.300000000000000000e+01 3.035000000000000000e+03 6.450000000000000000e+02
3.430000000000000000e+02 2.390000000000000000e+02 5.800000000000000000e+01 2.723000000000000000e+03 5.960000000000000000e+02
2.970000000000000000e+02 2.700000000000000000e+02 5.000000000000000000e+01 2.924000000000000000e+03 5.750000000000000000e+02
3.520000000000000000e+02 2.720000000000000000e+02 6.300000000000000000e+01 3.075000000000000000e+03 6.390000000000000000e+02
2.600000000000000000e+02 2.410000000000000000e+02 6.700000000000000000e+01 2.675000000000000000e+03 5.470000000000000000e+02
2.780000000000000000e+02 2.700000000000000000e+02 8.100000000000000000e+01 2.772000000000000000e+03 5.980000000000000000e+02
2.920000000000000000e+02 2.340000000000000000e+02 6.600000000000000000e+01 2.876000000000000000e+03 5.750000000000000000e+02
2.540000000000000000e+02 2.230000000000000000e+02 5.300000000000000000e+01 2.654000000000000000e+03 5.270000000000000000e+02
3.110000000000000000e+02 2.410000000000000000e+02 4.400000000000000000e+01 2.754000000000000000e+03 5.720000000000000000e+02
3.260000000000000000e+02 2.170000000000000000e+02 3.600000000000000000e+01 2.698000000000000000e+03 5.480000000000000000e+02
3.170000000000000000e+02 2.430000000000000000e+02 6.400000000000000000e+01 2.958000000000000000e+03 5.950000000000000000e+02
3.240000000000000000e+02 2.390000000000000000e+02 5.100000000000000000e+01 2.611000000000000000e+03 5.840000000000000000e+02
2.920000000000000000e+02 2.560000000000000000e+02 5.900000000000000000e+01 2.835000000000000000e+03 5.670000000000000000e+02
3.240000000000000000e+02 2.610000000000000000e+02 6.500000000000000000e+01 3.055000000000000000e+03 6.180000000000000000e+02
2.740000000000000000e+02 2.710000000000000000e+02 7.400000000000000000e+01 2.660000000000000000e+03 5.890000000000000000e+02
2.750000000000000000e+02 2.350000000000000000e+02 4.400000000000000000e+01 2.676000000000000000e+03 5.290000000000000000e+02
2.340000000000000000e+02 2.270000000000000000e+02 5.100000000000000000e+01 2.478000000000000000e+03 5.020000000000000000e+02
3.410000000000000000e+02 2.820000000000000000e+02 5.900000000000000000e+01 3.190000000000000000e+03 6.240000000000000000e+02
3.830000000000000000e+02 2.630000000000000000e+02 5.700000000000000000e+01 3.178000000000000000e+03 6.420000000000000000e+02
2.410000000000000000e+02 2.630000000000000000e+02 5.800000000000000000e+01 3.046000000000000000e+03 5.460000000000000000e+02
2.720000000000000000e+02 2.390000000000000000e+02 5.800000000000000000e+01 3.098000000000000000e+03 5.590000000000000000e+02
2.700000000000000000e+02 2.310000000000000000e+02 6.100000000000000000e+01 2.772000000000000000e+03 5.290000000000000000e+02
2.600000000000000000e+02 2.320000000000000000e+02 4.400000000000000000e+01 2.911000000000000000e+03 5.040000000000000000e+02
3.680000000000000000e+02 3.110000000000000000e+02 6.300000000000000000e+01 3.405000000000000000e+03 6.880000000000000000e+02
2.940000000000000000e+02 1.930000000000000000e+02 4.200000000000000000e+01 2.745000000000000000e+03 5.230000000000000000e+02
2.850000000000000000e+02 2.590000000000000000e+02 6.300000000000000000e+01 3.091000000000000000e+03 5.920000000000000000e+02
2.430000000000000000e+02 2.120000000000000000e+02 4.200000000000000000e+01 3.011000000000000000e+03 4.870000000000000000e+02
2.770000000000000000e+02 2.550000000000000000e+02 6.600000000000000000e+01 2.848000000000000000e+03 5.690000000000000000e+02
2.740000000000000000e+02 2.530000000000000000e+02 5.300000000000000000e+01 2.981000000000000000e+03 5.690000000000000000e+02
2.530000000000000000e+02 2.150000000000000000e+02 5.900000000000000000e+01 2.796000000000000000e+03 5.190000000000000000e+02
2.740000000000000000e+02 2.730000000000000000e+02 6.500000000000000000e+01 3.092000000000000000e+03 5.780000000000000000e+02
3.530000000000000000e+02 2.700000000000000000e+02 5.700000000000000000e+01 3.015000000000000000e+03 6.320000000000000000e+02
2.830000000000000000e+02 2.450000000000000000e+02 4.700000000000000000e+01 2.753000000000000000e+03 5.520000000000000000e+02
2.820000000000000000e+02 2.670000000000000000e+02 5.800000000000000000e+01 3.106000000000000000e+03 5.660000000000000000e+02
2.690000000000000000e+02 2.530000000000000000e+02 6.400000000000000000e+01 2.816000000000000000e+03 5.620000000000000000e+02
2.810000000000000000e+02 2.190000000000000000e+02 5.100000000000000000e+01 2.958000000000000000e+03 5.370000000000000000e+02
3.310000000000000000e+02 2.400000000000000000e+02 5.200000000000000000e+01 2.761000000000000000e+03 5.630000000000000000e+02
3.150000000000000000e+02 2.710000000000000000e+02 4.800000000000000000e+01 3.268000000000000000e+03 6.110000000000000000e+02
2.810000000000000000e+02 2.470000000000000000e+02 6.700000000000000000e+01 2.357000000000000000e+03 5.680000000000000000e+02
2.630000000000000000e+02 2.330000000000000000e+02 5.000000000000000000e+01 2.636000000000000000e+03 5.390000000000000000e+02
2.800000000000000000e+02 2.740000000000000000e+02 6.300000000000000000e+01 3.327000000000000000e+03 5.890000000000000000e+02
2.980000000000000000e+02 2.520000000000000000e+02 6.400000000000000000e+01 2.971000000000000000e+03 5.790000000000000000e+02
3.940000000000000000e+02 2.640000000000000000e+02 7.800000000000000000e+01 3.256000000000000000e+03 6.470000000000000000e+02
2.350000000000000000e+02 2.130000000000000000e+02 6.200000000000000000e+01 2.657000000000000000e+03 5.010000000000000000e+02
3.240000000000000000e+02 2.240000000000000000e+02 5.600000000000000000e+01 2.715000000000000000e+03 5.970000000000000000e+02
2.880000000000000000e+02 2.270000000000000000e+02 5.600000000000000000e+01 2.848000000000000000e+03 5.530000000000000000e+02
2.960000000000000000e+02 2.610000000000000000e+02 6.600000000000000000e+01 2.935000000000000000e+03 5.930000000000000000e+02
2.580000000000000000e+02 2.510000000000000000e+02 5.200000000000000000e+01 2.684000000000000000e+03 5.570000000000000000e+02
2.800000000000000000e+02 2.060000000000000000e+02 4.400000000000000000e+01 2.474000000000000000e+03 5.210000000000000000e+02
2.600000000000000000e+02 2.680000000000000000e+02 5.600000000000000000e+01 2.941000000000000000e+03 5.430000000000000000e+02
2.880000000000000000e+02 2.180000000000000000e+02 5.000000000000000000e+01 2.505000000000000000e+03 5.480000000000000000e+02
3.240000000000000000e+02 2.350000000000000000e+02 5.700000000000000000e+01 3.096000000000000000e+03 5.940000000000000000e+02
2.790000000000000000e+02 2.310000000000000000e+02 5.700000000000000000e+01 2.733000000000000000e+03 5.570000000000000000e+02
2.820000000000000000e+02 2.790000000000000000e+02 7.600000000000000000e+01 3.028000000000000000e+03 6.110000000000000000e+02
2.620000000000000000e+02 2.820000000000000000e+02 6.200000000000000000e+01 2.863000000000000000e+03 5.790000000000000000e+02
2.610000000000000000e+02 2.410000000000000000e+02 4.300000000000000000e+01 2.873000000000000000e+03 5.310000000000000000e+02
3.080000000000000000e+02 2.490000000000000000e+02 6.300000000000000000e+01 2.964000000000000000e+03 6.010000000000000000e+02
3.290000000000000000e+02 2.110000000000000000e+02 4.400000000000000000e+01 3.143000000000000000e+03 5.620000000000000000e+02
3.170000000000000000e+02 2.860000000000000000e+02 5.500000000000000000e+01 2.945000000000000000e+03 6.030000000000000000e+02
2.920000000000000000e+02 2.870000000000000000e+02 5.400000000000000000e+01 3.080000000000000000e+03 5.780000000000000000e+02
3.950000000000000000e+02 2.890000000000000000e+02 6.600000000000000000e+01 3.368000000000000000e+03 6.800000000000000000e+02
2.730000000000000000e+02 2.730000000000000000e+02 5.400000000000000000e+01 2.981000000000000000e+03 5.600000000000000000e+02
3.100000000000000000e+02 2.430000000000000000e+02 5.800000000000000000e+01 3.177000000000000000e+03 5.860000000000000000e+02
3.250000000000000000e+02 2.620000000000000000e+02 7.400000000000000000e+01 3.068000000000000000e+03 6.280000000000000000e+02
3.850000000000000000e+02 2.800000000000000000e+02 5.300000000000000000e+01 3.091000000000000000e+03 6.490000000000000000e+02
3.220000000000000000e+02 2.680000000000000000e+02 8.200000000000000000e+01 3.305000000000000000e+03 6.390000000000000000e+02
3.540000000000000000e+02 2.150000000000000000e+02 4.400000000000000000e+01 2.807000000000000000e+03 5.920000000000000000e+02
3.240000000000000000e+02 2.830000000000000000e+02 5.700000000000000000e+01 3.150000000000000000e+03 6.370000000000000000e+02
2.610000000000000000e+02 2.240000000000000000e+02 6.200000000000000000e+01 3.111000000000000000e+03 5.170000000000000000e+02
3.150000000000000000e+02 2.750000000000000000e+02 5.400000000000000000e+01 3.306000000000000000e+03 6.240000000000000000e+02
2.470000000000000000e+02 2.270000000000000000e+02 5.800000000000000000e+01 2.544000000000000000e+03 5.310000000000000000e+02
3.450000000000000000e+02 2.410000000000000000e+02 5.300000000000000000e+01 3.048000000000000000e+03 6.080000000000000000e+02
2.570000000000000000e+02 2.050000000000000000e+02 5.600000000000000000e+01 2.184000000000000000e+03 5.140000000000000000e+02
2.120000000000000000e+02 2.180000000000000000e+02 5.400000000000000000e+01 2.116000000000000000e+03 4.690000000000000000e+02
3.180000000000000000e+02 2.600000000000000000e+02 5.700000000000000000e+01 2.964000000000000000e+03 5.950000000000000000e+02
3.290000000000000000e+02 2.660000000000000000e+02 5.600000000000000000e+01 2.834000000000000000e+03 6.380000000000000000e+02
2.420000000000000000e+02 1.990000000000000000e+02 4.800000000000000000e+01 2.629000000000000000e+03 4.820000000000000000e+02
2.330000000000000000e+02 2.130000000000000000e+02 6.900000000000000000e+01 2.489000000000000000e+03 5.100000000000000000e+02
2.800000000000000000e+02 2.760000000000000000e+02 5.400000000000000000e+01 2.503000000000000000e+03 5.770000000000000000e+02
2.660000000000000000e+02 2.600000000000000000e+02 5.900000000000000000e+01 2.863000000000000000e+03 5.730000000000000000e+02
2.850000000000000000e+02 2.620000000000000000e+02 7.100000000000000000e+01 3.028000000000000000e+03 5.910000000000000000e+02
2.280000000000000000e+02 2.510000000000000000e+02 6.400000000000000000e+01 2.639000000000000000e+03 5.190000000000000000e+02
2.230000000000000000e+02 2.070000000000000000e+02 8.300000000000000000e+01 2.903000000000000000e+03 4.950000000000000000e+02
3.060000000000000000e+02 2.390000000000000000e+02 5.400000000000000000e+01 2.895000000000000000e+03 5.680000000000000000e+02
3.230000000000000000e+02 2.660000000000000000e+02 7.500000000000000000e+01 2.968000000000000000e+03 6.150000000000000000e+02
2.600000000000000000e+02 2.440000000000000000e+02 5.000000000000000000e+01 2.490000000000000000e+03 5.350000000000000000e+02
2.510000000000000000e+02 1.910000000000000000e+02 5.300000000000000000e+01 2.018000000000000000e+03 4.930000000000000000e+02
2.290000000000000000e+02 2.240000000000000000e+02 5.500000000000000000e+01 2.542000000000000000e+03 5.000000000000000000e+02
2.880000000000000000e+02 2.200000000000000000e+02 4.800000000000000000e+01 2.677000000000000000e+03 5.280000000000000000e+02
2.790000000000000000e+02 2.360000000000000000e+02 5.300000000000000000e+01 2.881000000000000000e+03 5.570000000000000000e+02
2.760000000000000000e+02 2.330000000000000000e+02 6.800000000000000000e+01 2.884000000000000000e+03 5.580000000000000000e+02
2.430000000000000000e+02 2.580000000000000000e+02 5.300000000000000000e+01 2.730000000000000000e+03 5.340000000000000000e+02
2.570000000000000000e+02 1.990000000000000000e+02 3.800000000000000000e+01 2.233000000000000000e+03 4.880000000000000000e+02
3.730000000000000000e+02 2.920000000000000000e+02 5.300000000000000000e+01 3.112000000000000000e+03 6.460000000000000000e+02
3.180000000000000000e+02 2.890000000000000000e+02 4.600000000000000000e+01 2.944000000000000000e+03 6.120000000000000000e+02
3.000000000000000000e+02 2.880000000000000000e+02 7.700000000000000000e+01 3.064000000000000000e+03 6.300000000000000000e+02
3.050000000000000000e+02 2.540000000000000000e+02 6.400000000000000000e+01 3.095000000000000000e+03 5.910000000000000000e+02
2.770000000000000000e+02 2.360000000000000000e+02 6.200000000000000000e+01 2.731000000000000000e+03 5.540000000000000000e+02
3.540000000000000000e+02 2.490000000000000000e+02 4.900000000000000000e+01 3.086000000000000000e+03 6.110000000000000000e+02
2.340000000000000000e+02 2.290000000000000000e+02 5.400000000000000000e+01 2.131000000000000000e+03 5.090000000000000000e+02
2.950000000000000000e+02 2.060000000000000000e+02 6.400000000000000000e+01 2.717000000000000000e+03 5.460000000000000000e+02
2.480000000000000000e+02 2.300000000000000000e+02 5.100000000000000000e+01 2.914000000000000000e+03 5.220000000000000000e+02
3.260000000000000000e+02 2.300000000000000000e+02 5.800000000000000000e+01 3.181000000000000000e+03 5.730000000000000000e+02
2.910000000000000000e+02 2.740000000000000000e+02 5.000000000000000000e+01 3.406000000000000000e+03 5.790000000000000000e+02
3.000000000000000000e+02 2.930000000000000000e+02 5.700000000000000000e+01 3.047000000000000000e+03 6.280000000000000000e+02
2.740000000000000000e+02 2.530000000000000000e+02 6.100000000000000000e+01 2.855000000000000000e+03 5.670000000000000000e+02
2.920000000000000000e+02 2.630000000000000000e+02 5.100000000000000000e+01 2.907000000000000000e+03 5.850000000000000000e+02
2.600000000000000000e+02 2.540000000000000000e+02 6.500000000000000000e+01 2.895000000000000000e+03 5.370000000000000000e+02
2.570000000000000000e+02 2.170000000000000000e+02 5.800000000000000000e+01 2.745000000000000000e+03 5.210000000000000000e+02
2.450000000000000000e+02 2.150000000000000000e+02 5.500000000000000000e+01 2.430000000000000000e+03 4.980000000000000000e+02
3.500000000000000000e+02 2.850000000000000000e+02 6.200000000000000000e+01 3.033000000000000000e+03 6.540000000000000000e+02
3.390000000000000000e+02 2.650000000000000000e+02 5.100000000000000000e+01 3.225000000000000000e+03 6.430000000000000000e+02
2.250000000000000000e+02 2.130000000000000000e+02 5.200000000000000000e+01 2.137000000000000000e+03 4.760000000000000000e+02
2.630000000000000000e+02 2.560000000000000000e+02 5.500000000000000000e+01 2.697000000000000000e+03 5.340000000000000000e+02
3.130000000000000000e+02 2.430000000000000000e+02 5.100000000000000000e+01 2.549000000000000000e+03 5.920000000000000000e+02
3.190000000000000000e+02 2.620000000000000000e+02 6.200000000000000000e+01 2.944000000000000000e+03 6.140000000000000000e+02
3.140000000000000000e+02 2.240000000000000000e+02 5.700000000000000000e+01 2.918000000000000000e+03 5.480000000000000000e+02
3.140000000000000000e+02 3.040000000000000000e+02 7.800000000000000000e+01 3.191000000000000000e+03 6.500000000000000000e+02
2.930000000000000000e+02 2.830000000000000000e+02 6.300000000000000000e+01 3.054000000000000000e+03 5.970000000000000000e+02
2.670000000000000000e+02 2.810000000000000000e+02 5.300000000000000000e+01 2.750000000000000000e+03 5.820000000000000000e+02
3.490000000000000000e+02 2.620000000000000000e+02 6.000000000000000000e+01 2.821000000000000000e+03 6.260000000000000000e+02
2.720000000000000000e+02 2.540000000000000000e+02 5.400000000000000000e+01 2.646000000000000000e+03 5.520000000000000000e+02
2.960000000000000000e+02 2.690000000000000000e+02 6.000000000000000000e+01 2.960000000000000000e+03 6.180000000000000000e+02
2.770000000000000000e+02 2.210000000000000000e+02 5.500000000000000000e+01 2.686000000000000000e+03 5.450000000000000000e+02
3.210000000000000000e+02 2.790000000000000000e+02 5.700000000000000000e+01 3.149000000000000000e+03 6.230000000000000000e+02
2.870000000000000000e+02 2.370000000000000000e+02 4.800000000000000000e+01 3.106000000000000000e+03 5.500000000000000000e+02
2.450000000000000000e+02 2.540000000000000000e+02 6.100000000000000000e+01 2.366000000000000000e+03 5.410000000000000000e+02
3.480000000000000000e+02 2.880000000000000000e+02 7.700000000000000000e+01 3.143000000000000000e+03 6.550000000000000000e+02
3.150000000000000000e+02 2.530000000000000000e+02 5.500000000000000000e+01 2.762000000000000000e+03 6.040000000000000000e+02
2.910000000000000000e+02 2.790000000000000000e+02 5.700000000000000000e+01 3.002000000000000000e+03 5.840000000000000000e+02
3.430000000000000000e+02 2.800000000000000000e+02 6.700000000000000000e+01 2.897000000000000000e+03 6.150000000000000000e+02
2.560000000000000000e+02 1.950000000000000000e+02 3.900000000000000000e+01 1.942000000000000000e+03 4.880000000000000000e+02
3.420000000000000000e+02 2.690000000000000000e+02 6.600000000000000000e+01 2.935000000000000000e+03 6.170000000000000000e+02
3.220000000000000000e+02 2.500000000000000000e+02 6.400000000000000000e+01 2.893000000000000000e+03 5.950000000000000000e+02
3.150000000000000000e+02 2.970000000000000000e+02 7.200000000000000000e+01 3.430000000000000000e+03 6.630000000000000000e+02
2.390000000000000000e+02 2.270000000000000000e+02 4.300000000000000000e+01 2.675000000000000000e+03 4.880000000000000000e+02
2.630000000000000000e+02 2.170000000000000000e+02 4.400000000000000000e+01 2.621000000000000000e+03 5.210000000000000000e+02
2.930000000000000000e+02 2.460000000000000000e+02 4.800000000000000000e+01 3.109000000000000000e+03 5.630000000000000000e+02
2.150000000000000000e+02 2.270000000000000000e+02 4.900000000000000000e+01 2.600000000000000000e+03 4.850000000000000000e+02
3.200000000000000000e+02 2.480000000000000000e+02 6.700000000000000000e+01 2.829000000000000000e+03 5.960000000000000000e+02
3.490000000000000000e+02 2.600000000000000000e+02 5.000000000000000000e+01 3.147000000000000000e+03 5.960000000000000000e+02
2.890000000000000000e+02 2.600000000000000000e+02 5.300000000000000000e+01 2.767000000000000000e+03 5.790000000000000000e+02
2.930000000000000000e+02 2.420000000000000000e+02 5.700000000000000000e+01 2.542000000000000000e+03 5.630000000000000000e+02
2.690000000000000000e+02 2.400000000000000000e+02 4.900000000000000000e+01 2.752000000000000000e+03 5.500000000000000000e+02
2.440000000000000000e+02 2.420000000000000000e+02 5.600000000000000000e+01 2.876000000000000000e+03 5.350000000000000000e+02
2.740000000000000000e+02 2.420000000000000000e+02 5.600000000000000000e+01 2.751000000000000000e+03 5.470000000000000000e+02
3.470000000000000000e+02 2.690000000000000000e+02 6.300000000000000000e+01 3.277000000000000000e+03 6.470000000000000000e+02
3.350000000000000000e+02 2.870000000000000000e+02 5.600000000000000000e+01 3.256000000000000000e+03 6.200000000000000000e+02
3.790000000000000000e+02 2.810000000000000000e+02 5.700000000000000000e+01 3.203000000000000000e+03 6.790000000000000000e+02
2.350000000000000000e+02 2.290000000000000000e+02 6.000000000000000000e+01 2.514000000000000000e+03 5.210000000000000000e+02
2.350000000000000000e+02 2.240000000000000000e+02 6.200000000000000000e+01 2.749000000000000000e+03 5.030000000000000000e+02
3.250000000000000000e+02 3.030000000000000000e+02 6.400000000000000000e+01 3.546000000000000000e+03 6.220000000000000000e+02
2.680000000000000000e+02 2.670000000000000000e+02 6.600000000000000000e+01 2.647000000000000000e+03 5.480000000000000000e+02
3.030000000000000000e+02 2.640000000000000000e+02 5.600000000000000000e+01 2.963000000000000000e+03 5.820000000000000000e+02
2.780000000000000000e+02 2.280000000000000000e+02 6.100000000000000000e+01 2.826000000000000000e+03 5.440000000000000000e+02
3.750000000000000000e+02 2.890000000000000000e+02 5.200000000000000000e+01 3.203000000000000000e+03 6.450000000000000000e+02
2.870000000000000000e+02 2.650000000000000000e+02 7.100000000000000000e+01 2.984000000000000000e+03 6.040000000000000000e+02
2.560000000000000000e+02 2.580000000000000000e+02 5.300000000000000000e+01 2.973000000000000000e+03 5.550000000000000000e+02
2.650000000000000000e+02 2.670000000000000000e+02 7.600000000000000000e+01 2.887000000000000000e+03 5.650000000000000000e+02
2.910000000000000000e+02 2.290000000000000000e+02 4.600000000000000000e+01 2.554000000000000000e+03 5.390000000000000000e+02
4.060000000000000000e+02 2.710000000000000000e+02 5.200000000000000000e+01 3.242000000000000000e+03 6.680000000000000000e+02
2.420000000000000000e+02 2.220000000000000000e+02 3.800000000000000000e+01 2.421000000000000000e+03 4.840000000000000000e+02
2.920000000000000000e+02 2.420000000000000000e+02 5.100000000000000000e+01 2.732000000000000000e+03 5.700000000000000000e+02
3.240000000000000000e+02 3.120000000000000000e+02 8.100000000000000000e+01 3.377000000000000000e+03 6.600000000000000000e+02
2.920000000000000000e+02 2.500000000000000000e+02 6.100000000000000000e+01 2.816000000000000000e+03 5.660000000000000000e+02
2.680000000000000000e+02 2.610000000000000000e+02 4.800000000000000000e+01 2.837000000000000000e+03 5.510000000000000000e+02
2.940000000000000000e+02 2.630000000000000000e+02 4.300000000000000000e+01 2.731000000000000000e+03 5.730000000000000000e+02
3.960000000000000000e+02 2.740000000000000000e+02 6.900000000000000000e+01 3.251000000000000000e+03 6.880000000000000000e+02
2.620000000000000000e+02 2.580000000000000000e+02 5.800000000000000000e+01 2.912000000000000000e+03 5.650000000000000000e+02
2.740000000000000000e+02 2.620000000000000000e+02 5.800000000000000000e+01 2.886000000000000000e+03 5.800000000000000000e+02
2.640000000000000000e+02 2.210000000000000000e+02 5.600000000000000000e+01 2.543000000000000000e+03 5.300000000000000000e+02
