2.030000000000000000e+02 7.000000000000000000e+01 5.000000000000000000e+00 1.413000000000000000e+03 2.730000000000000000e+02
1.860000000000000000e+02 6.600000000000000000e+01 2.000000000000000000e+00 1.155000000000000000e+03 2.490000000000000000e+02
1.910000000000000000e+02 8.400000000000000000e+01 1.100000000000000000e+01 1.134000000000000000e+03 2.840000000000000000e+02
2.020000000000000000e+02 6.100000000000000000e+01 1.000000000000000000e+00 1.301000000000000000e+03 2.590000000000000000e+02
1.790000000000000000e+02 8.000000000000000000e+01 1.000000000000000000e+01 1.061000000000000000e+03 2.660000000000000000e+02
1.890000000000000000e+02 6.400000000000000000e+01 8.000000000000000000e+00 1.310000000000000000e+03 2.580000000000000000e+02
1.660000000000000000e+02 6.100000000000000000e+01 5.000000000000000000e+00 6.390000000000000000e+02 2.280000000000000000e+02
1.870000000000000000e+02 6.500000000000000000e+01 6.000000000000000000e+00 1.197000000000000000e+03 2.540000000000000000e+02
2.030000000000000000e+02 7.200000000000000000e+01 4.000000000000000000e+00 1.297000000000000000e+03 2.750000000000000000e+02
1.810000000000000000e+02 7.200000000000000000e+01 4.000000000000000000e+00 1.273000000000000000e+03 2.530000000000000000e+02
1.540000000000000000e+02 7.200000000000000000e+01 8.000000000000000000e+00 6.030000000000000000e+02 2.280000000000000000e+02
1.970000000000000000e+02 6.300000000000000000e+01 2.000000000000000000e+00 1.151000000000000000e+03 2.570000000000000000e+02
1.550000000000000000e+02 7.900000000000000000e+01 6.000000000000000000e+00 8.620000000000000000e+02 2.350000000000000000e+02
1.840000000000000000e+02 6.300000000000000000e+01 6.000000000000000000e+00 8.490000000000000000e+02 2.480000000000000000e+02
1.820000000000000000e+02 5.900000000000000000e+01 1.000000000000000000e+00 1.237000000000000000e+03 2.400000000000000000e+02
1.520000000000000000e+02 7.100000000000000000e+01 5.000000000000000000e+00 7.140000000000000000e+02 2.260000000000000000e+02
1.990000000000000000e+02 5.400000000000000000e+01 4.000000000000000000e+00 7.330000000000000000e+02 2.550000000000000000e+02
2.030000000000000000e+02 7.700000000000000000e+01 6.000000000000000000e+00 1.205000000000000000e+03 2.840000000000000000e+02
1.730000000000000000e+02 8.200000000000000000e+01 8.000000000000000000e+00 7.930000000000000000e+02 2.590000000000000000e+02
1.840000000000000000e+02 7.100000000000000000e+01 6.000000000000000000e+00 1.085000000000000000e+03 2.540000000000000000e+02
1.840000000000000000e+02 6.000000000000000000e+01 5.000000000000000000e+00 8.700000000000000000e+02 2.480000000000000000e+02
2.060000000000000000e+02 5.900000000000000000e+01 8.000000000000000000e+00 1.111000000000000000e+03 2.700000000000000000e+02
2.050000000000000000e+02 8.000000000000000000e+01 8.000000000000000000e+00 1.445000000000000000e+03 2.870000000000000000e+02
1.670000000000000000e+02 6.100000000000000000e+01 3.000000000000000000e+00 1.013000000000000000e+03 2.260000000000000000e+02
2.080000000000000000e+02 7.300000000000000000e+01 3.000000000000000000e+00 1.194000000000000000e+03 2.810000000000000000e+02
1.730000000000000000e+02 6.900000000000000000e+01 4.000000000000000000e+00 1.038000000000000000e+03 2.420000000000000000e+02
2.010000000000000000e+02 5.900000000000000000e+01 2.000000000000000000e+00 1.079000000000000000e+03 2.570000000000000000e+02
1.770000000000000000e+02 7.300000000000000000e+01 4.000000000000000000e+00 7.940000000000000000e+02 2.480000000000000000e+02
1.980000000000000000e+02 6.000000000000000000e+01 4.000000000000000000e+00 1.231000000000000000e+03 2.580000000000000000e+02
1.560000000000000000e+02 7.200000000000000000e+01 5.000000000000000000e+00 1.061000000000000000e+03 2.260000000000000000e+02
1.620000000000000000e+02 6.900000000000000000e+01 4.000000000000000000e+00 9.300000000000000000e+02 2.320000000000000000e+02
1.930000000000000000e+02 7.400000000000000000e+01 5.000000000000000000e+00 1.198000000000000000e+03 2.690000000000000000e+02
2.170000000000000000e+02 8.100000000000000000e+01 8.000000000000000000e+00 1.222000000000000000e+03 3.040000000000000000e+02
2.070000000000000000e+02 8.700000000000000000e+01 4.000000000000000000e+00 1.260000000000000000e+03 2.940000000000000000e+02
2.030000000000000000e+02 8.500000000000000000e+01 5.000000000000000000e+00 1.352000000000000000e+03 2.900000000000000000e+02
1.690000000000000000e+02 6.600000000000000000e+01 3.000000000000000000e+00 1.025000000000000000e+03 2.350000000000000000e+02
1.750000000000000000e+02 6.900000000000000000e+01 6.000000000000000000e+00 8.720000000000000000e+02 2.470000000000000000e+02
1.720000000000000000e+02 7.500000000000000000e+01 9.000000000000000000e+00 1.029000000000000000e+03 2.530000000000000000e+02
1.730000000000000000e+02 7.500000000000000000e+01 1.000000000000000000e+01 1.178000000000000000e+03 2.560000000000000000e+02
1.680000000000000000e+02 6.500000000000000000e+01 9.000000000000000000e+00 9.590000000000000000e+02 2.400000000000000000e+02
1.760000000000000000e+02 9.000000000000000000e+01 1.100000000000000000e+01 1.146000000000000000e+03 2.760000000000000000e+02
1.840000000000000000e+02 7.100000000000000000e+01 5.000000000000000000e+00 1.065000000000000000e+03 2.560000000000000000e+02
1.960000000000000000e+02 5.700000000000000000e+01 2.000000000000000000e+00 1.136000000000000000e+03 2.530000000000000000e+02
2.010000000000000000e+02 7.300000000000000000e+01 4.000000000000000000e+00 1.023000000000000000e+03 2.750000000000000000e+02
2.000000000000000000e+02 4.900000000000000000e+01 7.000000000000000000e+00 8.160000000000000000e+02 2.530000000000000000e+02
1.580000000000000000e+02 6.800000000000000000e+01 4.000000000000000000e+00 7.190000000000000000e+02 2.270000000000000000e+02
1.780000000000000000e+02 7.700000000000000000e+01 2.000000000000000000e+00 1.079000000000000000e+03 2.510000000000000000e+02
1.600000000000000000e+02 6.100000000000000000e+01 2.000000000000000000e+00 8.720000000000000000e+02 2.200000000000000000e+02
1.620000000000000000e+02 7.000000000000000000e+01 9.000000000000000000e+00 9.810000000000000000e+02 2.380000000000000000e+02
1.810000000000000000e+02 7.100000000000000000e+01 8.000000000000000000e+00 1.233000000000000000e+03 2.570000000000000000e+02
1.640000000000000000e+02 7.800000000000000000e+01 8.000000000000000000e+00 1.174000000000000000e+03 2.490000000000000000e+02
1.710000000000000000e+02 8.700000000000000000e+01 9.000000000000000000e+00 1.219000000000000000e+03 2.640000000000000000e+02
1.920000000000000000e+02 6.200000000000000000e+01 7.000000000000000000e+00 1.159000000000000000e+03 2.550000000000000000e+02
2.080000000000000000e+02 8.100000000000000000e+01 6.000000000000000000e+00 1.136000000000000000e+03 2.920000000000000000e+02
1.410000000000000000e+02 6.100000000000000000e+01 7.000000000000000000e+00 5.040000000000000000e+02 2.050000000000000000e+02
1.770000000000000000e+02 7.500000000000000000e+01 9.000000000000000000e+00 9.860000000000000000e+02 2.580000000000000000e+02
1.800000000000000000e+02 8.000000000000000000e+01 1.000000000000000000e+01 1.331000000000000000e+03 2.670000000000000000e+02
1.830000000000000000e+02 7.900000000000000000e+01 3.000000000000000000e+00 1.039000000000000000e+03 2.590000000000000000e+02
1.810000000000000000e+02 6.100000000000000000e+01 1.000000000000000000e+01 1.186000000000000000e+03 2.410000000000000000e+02
1.810000000000000000e+02 5.800000000000000000e+01 5.000000000000000000e+00 1.241000000000000000e+03 2.370000000000000000e+02
2.000000000000000000e+02 8.200000000000000000e+01 5.000000000000000000e+00 1.394000000000000000e+03 2.810000000000000000e+02
1.720000000000000000e+02 7.100000000000000000e+01 7.000000000000000000e+00 1.162000000000000000e+03 2.470000000000000000e+02
1.980000000000000000e+02 8.400000000000000000e+01 1.100000000000000000e+01 1.104000000000000000e+03 2.870000000000000000e+02
1.730000000000000000e+02 1.060000000000000000e+02 1.000000000000000000e+01 1.316000000000000000e+03 2.880000000000000000e+02
1.680000000000000000e+02 6.900000000000000000e+01 3.000000000000000000e+00 1.087000000000000000e+03 2.370000000000000000e+02
1.870000000000000000e+02 7.600000000000000000e+01 4.000000000000000000e+00 1.318000000000000000e+03 2.610000000000000000e+02
2.080000000000000000e+02 7.700000000000000000e+01 6.000000000000000000e+00 1.333000000000000000e+03 2.880000000000000000e+02
1.780000000000000000e+02 7.400000000000000000e+01 7.000000000000000000e+00 1.004000000000000000e+03 2.550000000000000000e+02
1.350000000000000000e+02 5.600000000000000000e+01 7.000000000000000000e+00 4.590000000000000000e+02 1.980000000000000000e+02
1.920000000000000000e+02 7.700000000000000000e+01 7.000000000000000000e+00 1.002000000000000000e+03 2.750000000000000000e+02
2.070000000000000000e+02 7.100000000000000000e+01 6.000000000000000000e+00 1.278000000000000000e+03 2.750000000000000000e+02
2.050000000000000000e+02 6.900000000000000000e+01 4.000000000000000000e+00 9.020000000000000000e+02 2.760000000000000000e+02
1.860000000000000000e+02 7.100000000000000000e+01 6.000000000000000000e+00 1.104000000000000000e+03 2.560000000000000000e+02
1.800000000000000000e+02 6.700000000000000000e+01 2.000000000000000000e+00 1.110000000000000000e+03 2.440000000000000000e+02
1.520000000000000000e+02 8.400000000000000000e+01 6.000000000000000000e+00 1.310000000000000000e+03 2.370000000000000000e+02
1.940000000000000000e+02 8.100000000000000000e+01 2.000000000000000000e+00 1.414000000000000000e+03 2.720000000000000000e+02
1.820000000000000000e+02 6.800000000000000000e+01 7.000000000000000000e+00 9.200000000000000000e+02 2.520000000000000000e+02
1.600000000000000000e+02 6.700000000000000000e+01 7.000000000000000000e+00 9.670000000000000000e+02 2.310000000000000000e+02
2.170000000000000000e+02 7.500000000000000000e+01 3.000000000000000000e+00 1.160000000000000000e+03 2.900000000000000000e+02
1.750000000000000000e+02 7.500000000000000000e+01 4.000000000000000000e+00 1.065000000000000000e+03 2.500000000000000000e+02
2.120000000000000000e+02 6.300000000000000000e+01 5.000000000000000000e+00 1.382000000000000000e+03 2.730000000000000000e+02
1.950000000000000000e+02 8.100000000000000000e+01 7.000000000000000000e+00 1.296000000000000000e+03 2.780000000000000000e+02
1.820000000000000000e+02 7.800000000000000000e+01 7.000000000000000000e+00 9.360000000000000000e+02 2.620000000000000000e+02
1.790000000000000000e+02 7.300000000000000000e+01 3.000000000000000000e+00 9.480000000000000000e+02 2.500000000000000000e+02
1.820000000000000000e+02 6.500000000000000000e+01 6.000000000000000000e+00 1.061000000000000000e+03 2.490000000000000000e+02
1.900000000000000000e+02 7.400000000000000000e+01 8.000000000000000000e+00 1.196000000000000000e+03 2.660000000000000000e+02
1.950000000000000000e+02 7.600000000000000000e+01 8.000000000000000000e+00 1.171000000000000000e+03 2.770000000000000000e+02
1.750000000000000000e+02 6.600000000000000000e+01 4.000000000000000000e+00 1.184000000000000000e+03 2.440000000000000000e+02
1.910000000000000000e+02 8.400000000000000000e+01 1.200000000000000000e+01 1.276000000000000000e+03 2.830000000000000000e+02
2.070000000000000000e+02 5.900000000000000000e+01 5.000000000000000000e+00 1.195000000000000000e+03 2.670000000000000000e+02
1.540000000000000000e+02 5.300000000000000000e+01 5.000000000000000000e+00 7.400000000000000000e+02 2.060000000000000000e+02
1.490000000000000000e+02 6.200000000000000000e+01 6.000000000000000000e+00 7.590000000000000000e+02 2.130000000000000000e+02
1.930000000000000000e+02 6.500000000000000000e+01 2.000000000000000000e+00 1.182000000000000000e+03 2.550000000000000000e+02
2.020000000000000000e+02 7.800000000000000000e+01 1.200000000000000000e+01 1.129000000000000000e+03 2.890000000000000000e+02
2.050000000000000000e+02 5.200000000000000000e+01 4.000000000000000000e+00 9.610000000000000000e+02 2.560000000000000000e+02
1.820000000000000000e+02 7.500000000000000000e+01 4.000000000000000000e+00 1.191000000000000000e+03 2.540000000000000000e+02
1.690000000000000000e+02 9.900000000000000000e+01 4.000000000000000000e+00 1.385000000000000000e+03 2.680000000000000000e+02
1.840000000000000000e+02 8.100000000000000000e+01 5.000000000000000000e+00 9.410000000000000000e+02 2.670000000000000000e+02
1.600000000000000000e+02 7.700000000000000000e+01 6.000000000000000000e+00 8.320000000000000000e+02 2.380000000000000000e+02
1.490000000000000000e+02 6.300000000000000000e+01 4.000000000000000000e+00 8.580000000000000000e+02 2.090000000000000000e+02
2.130000000000000000e+02 6.800000000000000000e+01 5.000000000000000000e+00 1.227000000000000000e+03 2.830000000000000000e+02
1.950000000000000000e+02 7.300000000000000000e+01 8.000000000000000000e+00 1.258000000000000000e+03 2.700000000000000000e+02
1.590000000000000000e+02 5.100000000000000000e+01 4.000000000000000000e+00 7.010000000000000000e+02 2.110000000000000000e+02
1.890000000000000000e+02 6.100000000000000000e+01 4.000000000000000000e+00 9.620000000000000000e+02 2.500000000000000000e+02
1.820000000000000000e+02 5.000000000000000000e+01 3.000000000000000000e+00 1.118000000000000000e+03 2.310000000000000000e+02
1.960000000000000000e+02 7.500000000000000000e+01 5.000000000000000000e+00 1.128000000000000000e+03 2.730000000000000000e+02
1.800000000000000000e+02 6.400000000000000000e+01 6.000000000000000000e+00 1.069000000000000000e+03 2.490000000000000000e+02
1.900000000000000000e+02 8.800000000000000000e+01 4.000000000000000000e+00 1.201000000000000000e+03 2.780000000000000000e+02
1.640000000000000000e+02 7.800000000000000000e+01 5.000000000000000000e+00 8.310000000000000000e+02 2.440000000000000000e+02
1.670000000000000000e+02 5.800000000000000000e+01 4.000000000000000000e+00 4.960000000000000000e+02 2.240000000000000000e+02
1.770000000000000000e+02 6.200000000000000000e+01 2.000000000000000000e+00 1.178000000000000000e+03 2.360000000000000000e+02
2.000000000000000000e+02 8.100000000000000000e+01 5.000000000000000000e+00 1.290000000000000000e+03 2.830000000000000000e+02
1.360000000000000000e+02 5.500000000000000000e+01 2.000000000000000000e+00 4.740000000000000000e+02 1.920000000000000000e+02
1.850000000000000000e+02 7.000000000000000000e+01 3.000000000000000000e+00 8.540000000000000000e+02 2.550000000000000000e+02
1.730000000000000000e+02 6.800000000000000000e+01 4.000000000000000000e+00 1.252000000000000000e+03 2.430000000000000000e+02
1.810000000000000000e+02 9.600000000000000000e+01 6.000000000000000000e+00 1.241000000000000000e+03 2.740000000000000000e+02
1.770000000000000000e+02 6.500000000000000000e+01 2.000000000000000000e+00 1.119000000000000000e+03 2.360000000000000000e+02
1.780000000000000000e+02 8.000000000000000000e+01 7.000000000000000000e+00 1.133000000000000000e+03 2.600000000000000000e+02
1.610000000000000000e+02 5.000000000000000000e+01 4.000000000000000000e+00 8.350000000000000000e+02 2.110000000000000000e+02
1.860000000000000000e+02 6.300000000000000000e+01 3.000000000000000000e+00 7.610000000000000000e+02 2.480000000000000000e+02
1.970000000000000000e+02 9.500000000000000000e+01 4.000000000000000000e+00 1.313000000000000000e+03 2.930000000000000000e+02
1.490000000000000000e+02 4.800000000000000000e+01 2.000000000000000000e+00 5.000000000000000000e+02 1.990000000000000000e+02
2.010000000000000000e+02 7.200000000000000000e+01 4.000000000000000000e+00 1.250000000000000000e+03 2.710000000000000000e+02
1.970000000000000000e+02 7.700000000000000000e+01 6.000000000000000000e+00 1.258000000000000000e+03 2.800000000000000000e+02
1.710000000000000000e+02 8.200000000000000000e+01 6.000000000000000000e+00 8.130000000000000000e+02 2.530000000000000000e+02
1.920000000000000000e+02 6.300000000000000000e+01 6.000000000000000000e+00 1.226000000000000000e+03 2.550000000000000000e+02
2.120000000000000000e+02 7.200000000000000000e+01 5.000000000000000000e+00 1.414000000000000000e+03 2.840000000000000000e+02
1.920000000000000000e+02 7.000000000000000000e+01 9.000000000000000000e+00 1.273000000000000000e+03 2.650000000000000000e+02
1.800000000000000000e+02 7.300000000000000000e+01 1.000000000000000000e+01 1.319000000000000000e+03 2.600000000000000000e+02
1.750000000000000000e+02 7.500000000000000000e+01 3.000000000000000000e+00 1.304000000000000000e+03 2.500000000000000000e+02
1.920000000000000000e+02 6.300000000000000000e+01 5.000000000000000000e+00 1.008000000000000000e+03 2.480000000000000000e+02
1.680000000000000000e+02 8.800000000000000000e+01 1.300000000000000000e+01 1.319000000000000000e+03 2.670000000000000000e+02
1.890000000000000000e+02 6.000000000000000000e+01 4.000000000000000000e+00 1.202000000000000000e+03 2.490000000000000000e+02
2.010000000000000000e+02 6.600000000000000000e+01 3.000000000000000000e+00 1.061000000000000000e+03 2.650000000000000000e+02
1.750000000000000000e+02 8.500000000000000000e+01 4.000000000000000000e+00 1.321000000000000000e+03 2.580000000000000000e+02
1.530000000000000000e+02 6.100000000000000000e+01 2.000000000000000000e+00 6.920000000000000000e+02 2.120000000000000000e+02
1.760000000000000000e+02 9.000000000000000000e+01 4.000000000000000000e+00 1.048000000000000000e+03 2.620000000000000000e+02
1.820000000000000000e+02 6.500000000000000000e+01 3.000000000000000000e+00 9.780000000000000000e+02 2.470000000000000000e+02
1.830000000000000000e+02 6.800000000000000000e+01 3.000000000000000000e+00 1.078000000000000000e+03 2.490000000000000000e+02
2.110000000000000000e+02 1.060000000000000000e+02 9.000000000000000000e+00 1.308000000000000000e+03 3.240000000000000000e+02
2.120000000000000000e+02 7.000000000000000000e+01 5.000000000000000000e+00 1.113000000000000000e+03 2.850000000000000000e+02
2.010000000000000000e+02 7.000000000000000000e+01 6.000000000000000000e+00 1.028000000000000000e+03 2.730000000000000000e+02
2.080000000000000000e+02 7.000000000000000000e+01 4.000000000000000000e+00 1.455000000000000000e+03 2.770000000000000000e+02
1.900000000000000000e+02 7.000000000000000000e+01 7.000000000000000000e+00 1.178000000000000000e+03 2.620000000000000000e+02
1.830000000000000000e+02 6.700000000000000000e+01 5.000000000000000000e+00 1.086000000000000000e+03 2.520000000000000000e+02
1.870000000000000000e+02 6.200000000000000000e+01 5.000000000000000000e+00 1.287000000000000000e+03 2.500000000000000000e+02
1.600000000000000000e+02 7.700000000000000000e+01 7.000000000000000000e+00 1.044000000000000000e+03 2.430000000000000000e+02
2.070000000000000000e+02 7.300000000000000000e+01 4.000000000000000000e+00 1.261000000000000000e+03 2.780000000000000000e+02
1.980000000000000000e+02 8.600000000000000000e+01 1.100000000000000000e+01 1.420000000000000000e+03 2.940000000000000000e+02
1.730000000000000000e+02 5.700000000000000000e+01 5.000000000000000000e+00 9.520000000000000000e+02 2.280000000000000000e+02
1.830000000000000000e+02 5.700000000000000000e+01 2.000000000000000000e+00 1.086000000000000000e+03 2.380000000000000000e+02
1.800000000000000000e+02 6.600000000000000000e+01 5.000000000000000000e+00 1.115000000000000000e+03 2.470000000000000000e+02
1.910000000000000000e+02 8.200000000000000000e+01 9.000000000000000000e+00 1.466000000000000000e+03 2.800000000000000000e+02
1.930000000000000000e+02 7.800000000000000000e+01 1.000000000000000000e+01 1.370000000000000000e+03 2.770000000000000000e+02
2.170000000000000000e+02 7.300000000000000000e+01 6.000000000000000000e+00 1.225000000000000000e+03 2.900000000000000000e+02
1.860000000000000000e+02 6.200000000000000000e+01 2.000000000000000000e+00 1.083000000000000000e+03 2.480000000000000000e+02
1.970000000000000000e+02 7.700000000000000000e+01 3.000000000000000000e+00 1.088000000000000000e+03 2.730000000000000000e+02
1.570000000000000000e+02 7.800000000000000000e+01 6.000000000000000000e+00 9.570000000000000000e+02 2.390000000000000000e+02
1.940000000000000000e+02 7.400000000000000000e+01 1.200000000000000000e+01 1.133000000000000000e+03 2.740000000000000000e+02
1.960000000000000000e+02 6.200000000000000000e+01 7.000000000000000000e+00 1.234000000000000000e+03 2.640000000000000000e+02
2.050000000000000000e+02 7.200000000000000000e+01 7.000000000000000000e+00 1.271000000000000000e+03 2.820000000000000000e+02
1.960000000000000000e+02 7.000000000000000000e+01 3.000000000000000000e+00 1.260000000000000000e+03 2.670000000000000000e+02
1.950000000000000000e+02 7.600000000000000000e+01 1.200000000000000000e+01 1.248000000000000000e+03 2.810000000000000000e+02
1.790000000000000000e+02 8.200000000000000000e+01 4.000000000000000000e+00 1.072000000000000000e+03 2.590000000000000000e+02
1.670000000000000000e+02 7.000000000000000000e+01 7.000000000000000000e+00 6.980000000000000000e+02 2.440000000000000000e+02
1.830000000000000000e+02 5.800000000000000000e+01 4.000000000000000000e+00 1.116000000000000000e+03 2.410000000000000000e+02
1.680000000000000000e+02 6.800000000000000000e+01 6.000000000000000000e+00 8.110000000000000000e+02 2.360000000000000000e+02
1.760000000000000000e+02 7.300000000000000000e+01 3.000000000000000000e+00 1.225000000000000000e+03 2.500000000000000000e+02
1.830000000000000000e+02 6.900000000000000000e+01 3.000000000000000000e+00 1.021000000000000000e+03 2.510000000000000000e+02
1.850000000000000000e+02 5.100000000000000000e+01 4.000000000000000000e+00 1.246000000000000000e+03 2.340000000000000000e+02
1.600000000000000000e+02 7.700000000000000000e+01 5.000000000000000000e+00 8.860000000000000000e+02 2.370000000000000000e+02
1.870000000000000000e+02 5.400000000000000000e+01 3.000000000000000000e+00 1.289000000000000000e+03 2.410000000000000000e+02
1.790000000000000000e+02 6.800000000000000000e+01 7.000000000000000000e+00 9.630000000000000000e+02 2.500000000000000000e+02
1.640000000000000000e+02 5.400000000000000000e+01 8.000000000000000000e+00 1.046000000000000000e+03 2.230000000000000000e+02
1.860000000000000000e+02 7.700000000000000000e+01 6.000000000000000000e+00 1.202000000000000000e+03 2.660000000000000000e+02
1.810000000000000000e+02 7.500000000000000000e+01 9.000000000000000000e+00 1.230000000000000000e+03 2.590000000000000000e+02
1.630000000000000000e+02 7.900000000000000000e+01 1.100000000000000000e+01 9.550000000000000000e+02 2.500000000000000000e+02
1.550000000000000000e+02 8.100000000000000000e+01 6.000000000000000000e+00 9.610000000000000000e+02 2.370000000000000000e+02
1.970000000000000000e+02 7.100000000000000000e+01 4.000000000000000000e+00 1.242000000000000000e+03 2.690000000000000000e+02
1.790000000000000000e+02 6.600000000000000000e+01 6.000000000000000000e+00 7.730000000000000000e+02 2.510000000000000000e+02
1.770000000000000000e+02 5.400000000000000000e+01 5.000000000000000000e+00 1.053000000000000000e+03 2.310000000000000000e+02
1.610000000000000000e+02 6.100000000000000000e+01 7.000000000000000000e+00 7.310000000000000000e+02 2.270000000000000000e+02
1.610000000000000000e+02 7.000000000000000000e+01 4.000000000000000000e+00 1.147000000000000000e+03 2.320000000000000000e+02
1.510000000000000000e+02 6.800000000000000000e+01 5.000000000000000000e+00 7.510000000000000000e+02 2.220000000000000000e+02
2.060000000000000000e+02 7.800000000000000000e+01 6.000000000000000000e+00 1.104000000000000000e+03 2.870000000000000000e+02
1.620000000000000000e+02 7.400000000000000000e+01 7.000000000000000000e+00 9.160000000000000000e+02 2.350000000000000000e+02
1.730000000000000000e+02 6.000000000000000000e+01 3.000000000000000000e+00 9.870000000000000000e+02 2.270000000000000000e+02
1.750000000000000000e+02 6.700000000000000000e+01 7.000000000000000000e+00 9.270000000000000000e+02 2.450000000000000000e+02
1.900000000000000000e+02 7.700000000000000000e+01 8.000000000000000000e+00 1.129000000000000000e+03 2.690000000000000000e+02
1.510000000000000000e+02 6.400000000000000000e+01 2.000000000000000000e+00 7.670000000000000000e+02 2.110000000000000000e+02
1.730000000000000000e+02 5.900000000000000000e+01 7.000000000000000000e+00 1.292000000000000000e+03 2.330000000000000000e+02
2.190000000000000000e+02 6.800000000000000000e+01 8.000000000000000000e+00 1.169000000000000000e+03 2.910000000000000000e+02
1.640000000000000000e+02 5.900000000000000000e+01 6.000000000000000000e+00 5.470000000000000000e+02 2.250000000000000000e+02
2.040000000000000000e+02 7.100000000000000000e+01 4.000000000000000000e+00 9.130000000000000000e+02 2.770000000000000000e+02
1.590000000000000000e+02 6.100000000000000000e+01 2.000000000000000000e+00 7.300000000000000000e+02 2.160000000000000000e+02
1.510000000000000000e+02 6.300000000000000000e+01 5.000000000000000000e+00 6.020000000000000000e+02 2.170000000000000000e+02
1.960000000000000000e+02 6.900000000000000000e+01 7.000000000000000000e+00 1.117000000000000000e+03 2.690000000000000000e+02
2.030000000000000000e+02 8.000000000000000000e+01 3.000000000000000000e+00 1.401000000000000000e+03 2.820000000000000000e+02
1.670000000000000000e+02 8.200000000000000000e+01 5.000000000000000000e+00 9.670000000000000000e+02 2.500000000000000000e+02
1.360000000000000000e+02 5.500000000000000000e+01 6.000000000000000000e+00 4.090000000000000000e+02 1.960000000000000000e+02
1.860000000000000000e+02 8.900000000000000000e+01 8.000000000000000000e+00 1.111000000000000000e+03 2.820000000000000000e+02
1.530000000000000000e+02 7.600000000000000000e+01 8.000000000000000000e+00 1.106000000000000000e+03 2.340000000000000000e+02
1.720000000000000000e+02 5.200000000000000000e+01 3.000000000000000000e+00 8.210000000000000000e+02 2.230000000000000000e+02
2.000000000000000000e+02 7.000000000000000000e+01 8.000000000000000000e+00 1.192000000000000000e+03 2.730000000000000000e+02
1.850000000000000000e+02 7.500000000000000000e+01 7.000000000000000000e+00 1.193000000000000000e+03 2.660000000000000000e+02
1.890000000000000000e+02 6.200000000000000000e+01 3.000000000000000000e+00 9.820000000000000000e+02 2.500000000000000000e+02
1.700000000000000000e+02 7.500000000000000000e+01 4.000000000000000000e+00 7.730000000000000000e+02 2.470000000000000000e+02
1.810000000000000000e+02 9.300000000000000000e+01 1.200000000000000000e+01 1.091000000000000000e+03 2.840000000000000000e+02
1.890000000000000000e+02 6.900000000000000000e+01 7.000000000000000000e+00 1.354000000000000000e+03 2.620000000000000000e+02
1.660000000000000000e+02 8.100000000000000000e+01 1.100000000000000000e+01 1.127000000000000000e+03 2.560000000000000000e+02
1.690000000000000000e+02 8.200000000000000000e+01 6.000000000000000000e+00 1.119000000000000000e+03 2.540000000000000000e+02
2.030000000000000000e+02 7.400000000000000000e+01 4.000000000000000000e+00 1.300000000000000000e+03 2.790000000000000000e+02
2.080000000000000000e+02 6.500000000000000000e+01 6.000000000000000000e+00 1.238000000000000000e+03 2.760000000000000000e+02
1.870000000000000000e+02 6.200000000000000000e+01 5.000000000000000000e+00 1.042000000000000000e+03 2.460000000000000000e+02
1.880000000000000000e+02 6.400000000000000000e+01 1.000000000000000000e+00 1.088000000000000000e+03 2.490000000000000000e+02
2.060000000000000000e+02 8.900000000000000000e+01 7.000000000000000000e+00 1.305000000000000000e+03 3.000000000000000000e+02
1.680000000000000000e+02 7.300000000000000000e+01 8.000000000000000000e+00 8.540000000000000000e+02 2.460000000000000000e+02
1.670000000000000000e+02 6.900000000000000000e+01 7.000000000000000000e+00 1.157000000000000000e+03 2.370000000000000000e+02
1.920000000000000000e+02 7.700000000000000000e+01 4.000000000000000000e+00 1.124000000000000000e+03 2.710000000000000000e+02
1.720000000000000000e+02 6.000000000000000000e+01 3.000000000000000000e+00 9.530000000000000000e+02 2.330000000000000000e+02
1.660000000000000000e+02 8.900000000000000000e+01 5.000000000000000000e+00 1.181000000000000000e+03 2.570000000000000000e+02
1.870000000000000000e+02 7.000000000000000000e+01 6.000000000000000000e+00 1.367000000000000000e+03 2.590000000000000000e+02
2.130000000000000000e+02 5.500000000000000000e+01 7.000000000000000000e+00 1.136000000000000000e+03 2.700000000000000000e+02
1.730000000000000000e+02 7.700000000000000000e+01 5.000000000000000000e+00 9.730000000000000000e+02 2.520000000000000000e+02
2.020000000000000000e+02 8.000000000000000000e+01 3.000000000000000000e+00 1.410000000000000000e+03 2.780000000000000000e+02
1.590000000000000000e+02 7.400000000000000000e+01 5.000000000000000000e+00 8.860000000000000000e+02 2.340000000000000000e+02
1.900000000000000000e+02 7.700000000000000000e+01 1.000000000000000000e+01 1.448000000000000000e+03 2.730000000000000000e+02
1.920000000000000000e+02 7.100000000000000000e+01 6.000000000000000000e+00 1.151000000000000000e+03 2.650000000000000000e+02
1.750000000000000000e+02 7.800000000000000000e+01 5.000000000000000000e+00 1.131000000000000000e+03 2.510000000000000000e+02
1.520000000000000000e+02 6.200000000000000000e+01 6.000000000000000000e+00 7.520000000000000000e+02 2.170000000000000000e+02
1.590000000000000000e+02 6.800000000000000000e+01 2.000000000000000000e+00 7.520000000000000000e+02 2.270000000000000000e+02
1.990000000000000000e+02 6.800000000000000000e+01 9.000000000000000000e+00 1.262000000000000000e+03 2.690000000000000000e+02
1.890000000000000000e+02 8.000000000000000000e+01 1.100000000000000000e+01 1.132000000000000000e+03 2.750000000000000000e+02
1.580000000000000000e+02 7.500000000000000000e+01 5.000000000000000000e+00 8.100000000000000000e+02 2.340000000000000000e+02
1.980000000000000000e+02 5.600000000000000000e+01 3.000000000000000000e+00 9.990000000000000000e+02 2.530000000000000000e+02
1.720000000000000000e+02 7.100000000000000000e+01 1.000000000000000000e+01 1.052000000000000000e+03 2.470000000000000000e+02
2.060000000000000000e+02 7.200000000000000000e+01 4.000000000000000000e+00 1.029000000000000000e+03 2.800000000000000000e+02
1.870000000000000000e+02 6.900000000000000000e+01 6.000000000000000000e+00 1.129000000000000000e+03 2.590000000000000000e+02
1.740000000000000000e+02 8.300000000000000000e+01 4.000000000000000000e+00 1.170000000000000000e+03 2.560000000000000000e+02
1.800000000000000000e+02 6.800000000000000000e+01 8.000000000000000000e+00 1.180000000000000000e+03 2.530000000000000000e+02
1.900000000000000000e+02 5.400000000000000000e+01 8.000000000000000000e+00 9.190000000000000000e+02 2.470000000000000000e+02
1.650000000000000000e+02 6.500000000000000000e+01 3.000000000000000000e+00 9.750000000000000000e+02 2.270000000000000000e+02
1.710000000000000000e+02 7.800000000000000000e+01 8.000000000000000000e+00 1.025000000000000000e+03 2.540000000000000000e+02
1.890000000000000000e+02 7.900000000000000000e+01 5.000000000000000000e+00 1.276000000000000000e+03 2.700000000000000000e+02
1.820000000000000000e+02 6.900000000000000000e+01 6.000000000000000000e+00 1.121000000000000000e+03 2.510000000000000000e+02
1.760000000000000000e+02 6.600000000000000000e+01 5.000000000000000000e+00 1.119000000000000000e+03 2.450000000000000000e+02
1.580000000000000000e+02 5.400000000000000000e+01 2.000000000000000000e+00 8.050000000000000000e+02 2.080000000000000000e+02
1.870000000000000000e+02 7.000000000000000000e+01 6.000000000000000000e+00 9.780000000000000000e+02 2.580000000000000000e+02
1.670000000000000000e+02 7.500000000000000000e+01 6.000000000000000000e+00 6.180000000000000000e+02 2.460000000000000000e+02
1.760000000000000000e+02 6.400000000000000000e+01 1.100000000000000000e+01 9.670000000000000000e+02 2.450000000000000000e+02
