5.587000000000000000e+03 1.770000000000000000e+02 1.400000000000000000e+01 1.482300000000000000e+04 1.700000000000000000e+03
5.506000000000000000e+03 1.730000000000000000e+02 1.000000000000000000e+01 1.489800000000000000e+04 1.712000000000000000e+03
5.153000000000000000e+03 2.020000000000000000e+02 9.000000000000000000e+00 1.440000000000000000e+04 1.779000000000000000e+03
5.465000000000000000e+03 1.890000000000000000e+02 1.100000000000000000e+01 1.455800000000000000e+04 1.782000000000000000e+03
5.506000000000000000e+03 1.930000000000000000e+02 1.400000000000000000e+01 1.536800000000000000e+04 1.682000000000000000e+03
5.597000000000000000e+03 1.700000000000000000e+02 9.000000000000000000e+00 1.565800000000000000e+04 1.691000000000000000e+03
5.918000000000000000e+03 1.970000000000000000e+02 1.000000000000000000e+01 1.586600000000000000e+04 1.762000000000000000e+03
5.642000000000000000e+03 1.840000000000000000e+02 8.000000000000000000e+00 1.557900000000000000e+04 1.752000000000000000e+03
5.808000000000000000e+03 1.850000000000000000e+02 9.000000000000000000e+00 1.622600000000000000e+04 1.734000000000000000e+03
4.938000000000000000e+03 1.790000000000000000e+02 1.400000000000000000e+01 1.404800000000000000e+04 1.805000000000000000e+03
5.280000000000000000e+03 1.890000000000000000e+02 2.000000000000000000e+01 1.409800000000000000e+04 1.909000000000000000e+03
5.651000000000000000e+03 1.830000000000000000e+02 1.500000000000000000e+01 1.541800000000000000e+04 1.723000000000000000e+03
5.631000000000000000e+03 1.690000000000000000e+02 8.000000000000000000e+00 1.567500000000000000e+04 1.689000000000000000e+03
5.097000000000000000e+03 1.800000000000000000e+02 1.500000000000000000e+01 1.448100000000000000e+04 1.722000000000000000e+03
5.298000000000000000e+03 1.860000000000000000e+02 9.000000000000000000e+00 1.536400000000000000e+04 1.704000000000000000e+03
5.774000000000000000e+03 1.620000000000000000e+02 1.300000000000000000e+01 1.534900000000000000e+04 1.651000000000000000e+03
5.643000000000000000e+03 1.760000000000000000e+02 1.900000000000000000e+01 1.543900000000000000e+04 1.768000000000000000e+03
5.743000000000000000e+03 1.600000000000000000e+02 1.000000000000000000e+01 1.489600000000000000e+04 1.667000000000000000e+03
5.220000000000000000e+03 1.560000000000000000e+02 1.000000000000000000e+01 1.414500000000000000e+04 1.756000000000000000e+03
5.738000000000000000e+03 1.630000000000000000e+02 7.000000000000000000e+00 1.553600000000000000e+04 1.747000000000000000e+03
5.494000000000000000e+03 1.710000000000000000e+02 1.200000000000000000e+01 1.541500000000000000e+04 1.629000000000000000e+03
5.659000000000000000e+03 1.610000000000000000e+02 1.100000000000000000e+01 1.523400000000000000e+04 1.714000000000000000e+03
5.380000000000000000e+03 1.690000000000000000e+02 7.000000000000000000e+00 1.549100000000000000e+04 1.724000000000000000e+03
4.834000000000000000e+03 1.660000000000000000e+02 7.000000000000000000e+00 1.412200000000000000e+04 1.734000000000000000e+03
5.323000000000000000e+03 1.640000000000000000e+02 1.200000000000000000e+01 1.527300000000000000e+04 1.689000000000000000e+03
5.099000000000000000e+03 1.730000000000000000e+02 1.200000000000000000e+01 1.482200000000000000e+04 1.708000000000000000e+03
5.457000000000000000e+03 1.590000000000000000e+02 8.000000000000000000e+00 1.516800000000000000e+04 1.717000000000000000e+03
6.119000000000000000e+03 1.860000000000000000e+02 1.500000000000000000e+01 1.567400000000000000e+04 1.744000000000000000e+03
5.582000000000000000e+03 1.430000000000000000e+02 1.400000000000000000e+01 1.486700000000000000e+04 1.739000000000000000e+03
5.525000000000000000e+03 1.530000000000000000e+02 1.300000000000000000e+01 1.543700000000000000e+04 1.676000000000000000e+03
5.509000000000000000e+03 1.740000000000000000e+02 1.600000000000000000e+01 1.526600000000000000e+04 1.758000000000000000e+03
4.844000000000000000e+03 1.640000000000000000e+02 1.500000000000000000e+01 1.482300000000000000e+04 1.757000000000000000e+03
5.816000000000000000e+03 1.790000000000000000e+02 1.200000000000000000e+01 1.565800000000000000e+04 1.752000000000000000e+03
5.502000000000000000e+03 1.630000000000000000e+02 1.000000000000000000e+01 1.521400000000000000e+04 1.766000000000000000e+03
5.309000000000000000e+03 1.740000000000000000e+02 1.300000000000000000e+01 1.462400000000000000e+04 1.861000000000000000e+03
5.731000000000000000e+03 1.510000000000000000e+02 1.500000000000000000e+01 1.550600000000000000e+04 1.681000000000000000e+03
5.578000000000000000e+03 1.680000000000000000e+02 1.000000000000000000e+01 1.525200000000000000e+04 1.767000000000000000e+03
5.528000000000000000e+03 1.560000000000000000e+02 1.500000000000000000e+01 1.504500000000000000e+04 1.714000000000000000e+03
5.915000000000000000e+03 1.730000000000000000e+02 5.000000000000000000e+00 1.553300000000000000e+04 1.765000000000000000e+03
5.398000000000000000e+03 1.780000000000000000e+02 1.200000000000000000e+01 1.498300000000000000e+04 1.691000000000000000e+03
5.530000000000000000e+03 1.830000000000000000e+02 9.000000000000000000e+00 1.546800000000000000e+04 1.594000000000000000e+03
5.855000000000000000e+03 1.880000000000000000e+02 1.000000000000000000e+01 1.542000000000000000e+04 1.614000000000000000e+03
6.136000000000000000e+03 1.530000000000000000e+02 1.000000000000000000e+01 1.563200000000000000e+04 1.773000000000000000e+03
5.658000000000000000e+03 1.560000000000000000e+02 5.000000000000000000e+00 1.545900000000000000e+04 1.722000000000000000e+03
6.130000000000000000e+03 1.850000000000000000e+02 1.200000000000000000e+01 1.521100000000000000e+04 1.701000000000000000e+03
5.411000000000000000e+03 1.770000000000000000e+02 8.000000000000000000e+00 1.491500000000000000e+04 1.822000000000000000e+03
5.268000000000000000e+03 1.490000000000000000e+02 7.000000000000000000e+00 1.452100000000000000e+04 1.749000000000000000e+03
5.296000000000000000e+03 1.570000000000000000e+02 7.000000000000000000e+00 1.561000000000000000e+04 1.672000000000000000e+03
5.377000000000000000e+03 1.650000000000000000e+02 9.000000000000000000e+00 1.512100000000000000e+04 1.715000000000000000e+03
5.628000000000000000e+03 1.830000000000000000e+02 1.000000000000000000e+01 1.563700000000000000e+04 1.759000000000000000e+03
5.695000000000000000e+03 1.770000000000000000e+02 1.100000000000000000e+01 1.506700000000000000e+04 1.787000000000000000e+03
5.932000000000000000e+03 1.720000000000000000e+02 1.100000000000000000e+01 1.580200000000000000e+04 1.749000000000000000e+03
5.254000000000000000e+03 1.840000000000000000e+02 1.000000000000000000e+01 1.456200000000000000e+04 1.730000000000000000e+03
5.821000000000000000e+03 1.790000000000000000e+02 1.000000000000000000e+01 1.584900000000000000e+04 1.716000000000000000e+03
5.972000000000000000e+03 1.860000000000000000e+02 8.000000000000000000e+00 1.494200000000000000e+04 1.827000000000000000e+03
5.690000000000000000e+03 1.550000000000000000e+02 1.000000000000000000e+01 1.538800000000000000e+04 1.678000000000000000e+03
5.620000000000000000e+03 1.760000000000000000e+02 1.200000000000000000e+01 1.498300000000000000e+04 1.671000000000000000e+03
5.372000000000000000e+03 1.660000000000000000e+02 1.100000000000000000e+01 1.499200000000000000e+04 1.707000000000000000e+03
5.742000000000000000e+03 1.700000000000000000e+02 1.000000000000000000e+01 1.505300000000000000e+04 1.672000000000000000e+03
5.656000000000000000e+03 1.710000000000000000e+02 1.100000000000000000e+01 1.530300000000000000e+04 1.692000000000000000e+03
5.639000000000000000e+03 1.610000000000000000e+02 6.000000000000000000e+00 1.507900000000000000e+04 1.718000000000000000e+03
5.258000000000000000e+03 1.790000000000000000e+02 8.000000000000000000e+00 1.419100000000000000e+04 1.689000000000000000e+03
5.241000000000000000e+03 1.540000000000000000e+02 5.000000000000000000e+00 1.554300000000000000e+04 1.698000000000000000e+03
5.270000000000000000e+03 1.920000000000000000e+02 1.000000000000000000e+01 1.511000000000000000e+04 1.635000000000000000e+03
5.638000000000000000e+03 1.470000000000000000e+02 1.400000000000000000e+01 1.507800000000000000e+04 1.750000000000000000e+03
5.974000000000000000e+03 1.690000000000000000e+02 9.000000000000000000e+00 1.579700000000000000e+04 1.767000000000000000e+03
5.697000000000000000e+03 1.760000000000000000e+02 1.000000000000000000e+01 1.527200000000000000e+04 1.677000000000000000e+03
5.395000000000000000e+03 1.830000000000000000e+02 2.000000000000000000e+01 1.492800000000000000e+04 1.677000000000000000e+03
5.673000000000000000e+03 1.520000000000000000e+02 1.300000000000000000e+01 1.496000000000000000e+04 1.776000000000000000e+03
5.655000000000000000e+03 1.980000000000000000e+02 1.000000000000000000e+01 1.496800000000000000e+04 1.753000000000000000e+03
5.912000000000000000e+03 1.710000000000000000e+02 6.000000000000000000e+00 1.536500000000000000e+04 1.667000000000000000e+03
5.194000000000000000e+03 1.800000000000000000e+02 1.600000000000000000e+01 1.525800000000000000e+04 1.743000000000000000e+03
5.625000000000000000e+03 1.620000000000000000e+02 1.300000000000000000e+01 1.539000000000000000e+04 1.663000000000000000e+03
4.814000000000000000e+03 1.870000000000000000e+02 1.100000000000000000e+01 1.401800000000000000e+04 1.802000000000000000e+03
5.131000000000000000e+03 1.550000000000000000e+02 1.100000000000000000e+01 1.514100000000000000e+04 1.762000000000000000e+03
5.698000000000000000e+03 1.620000000000000000e+02 6.000000000000000000e+00 1.573800000000000000e+04 1.734000000000000000e+03
5.005000000000000000e+03 1.970000000000000000e+02 1.300000000000000000e+01 1.360900000000000000e+04 1.710000000000000000e+03
5.424000000000000000e+03 1.790000000000000000e+02 1.500000000000000000e+01 1.475100000000000000e+04 1.780000000000000000e+03
5.221000000000000000e+03 1.450000000000000000e+02 7.000000000000000000e+00 1.470500000000000000e+04 1.717000000000000000e+03
5.586000000000000000e+03 1.820000000000000000e+02 9.000000000000000000e+00 1.488800000000000000e+04 1.812000000000000000e+03
6.121000000000000000e+03 1.930000000000000000e+02 1.600000000000000000e+01 1.580500000000000000e+04 1.753000000000000000e+03
5.352000000000000000e+03 1.520000000000000000e+02 1.500000000000000000e+01 1.573500000000000000e+04 1.638000000000000000e+03
5.068000000000000000e+03 1.850000000000000000e+02 1.100000000000000000e+01 1.518000000000000000e+04 1.734000000000000000e+03
5.326000000000000000e+03 2.040000000000000000e+02 1.700000000000000000e+01 1.533300000000000000e+04 1.787000000000000000e+03
5.794000000000000000e+03 1.870000000000000000e+02 1.200000000000000000e+01 1.547300000000000000e+04 1.793000000000000000e+03
5.297000000000000000e+03 1.710000000000000000e+02 1.400000000000000000e+01 1.542000000000000000e+04 1.664000000000000000e+03
5.778000000000000000e+03 1.830000000000000000e+02 5.000000000000000000e+00 1.526200000000000000e+04 1.812000000000000000e+03
5.577000000000000000e+03 1.790000000000000000e+02 8.000000000000000000e+00 1.583300000000000000e+04 1.685000000000000000e+03
5.770000000000000000e+03 1.470000000000000000e+02 1.300000000000000000e+01 1.478200000000000000e+04 1.801000000000000000e+03
4.577000000000000000e+03 2.090000000000000000e+02 1.600000000000000000e+01 1.262000000000000000e+04 2.097000000000000000e+03
5.079000000000000000e+03 1.770000000000000000e+02 8.000000000000000000e+00 1.405100000000000000e+04 1.827000000000000000e+03
5.514000000000000000e+03 1.620000000000000000e+02 9.000000000000000000e+00 1.573300000000000000e+04 1.705000000000000000e+03
5.743000000000000000e+03 1.630000000000000000e+02 4.000000000000000000e+00 1.481300000000000000e+04 1.755000000000000000e+03
5.138000000000000000e+03 1.910000000000000000e+02 1.800000000000000000e+01 1.519900000000000000e+04 1.673000000000000000e+03
4.799000000000000000e+03 1.860000000000000000e+02 1.200000000000000000e+01 1.414400000000000000e+04 1.800000000000000000e+03
4.932000000000000000e+03 1.560000000000000000e+02 1.200000000000000000e+01 1.536100000000000000e+04 1.602000000000000000e+03
5.496000000000000000e+03 1.870000000000000000e+02 8.000000000000000000e+00 1.469600000000000000e+04 1.868000000000000000e+03
5.530000000000000000e+03 1.630000000000000000e+02 5.000000000000000000e+00 1.506700000000000000e+04 1.683000000000000000e+03
4.749000000000000000e+03 1.870000000000000000e+02 1.300000000000000000e+01 1.315100000000000000e+04 1.809000000000000000e+03
5.865000000000000000e+03 1.960000000000000000e+02 9.000000000000000000e+00 1.543900000000000000e+04 1.678000000000000000e+03
5.622000000000000000e+03 1.670000000000000000e+02 7.000000000000000000e+00 1.574800000000000000e+04 1.728000000000000000e+03
5.194000000000000000e+03 1.920000000000000000e+02 1.600000000000000000e+01 1.439000000000000000e+04 1.827000000000000000e+03
5.378000000000000000e+03 1.580000000000000000e+02 1.200000000000000000e+01 1.415900000000000000e+04 1.751000000000000000e+03
5.749000000000000000e+03 1.710000000000000000e+02 1.200000000000000000e+01 1.482900000000000000e+04 1.766000000000000000e+03
5.728000000000000000e+03 1.780000000000000000e+02 1.300000000000000000e+01 1.485000000000000000e+04 1.677000000000000000e+03
5.082000000000000000e+03 1.860000000000000000e+02 1.700000000000000000e+01 1.479900000000000000e+04 1.752000000000000000e+03
5.961000000000000000e+03 2.020000000000000000e+02 1.600000000000000000e+01 1.477600000000000000e+04 1.858000000000000000e+03
5.559000000000000000e+03 1.650000000000000000e+02 1.000000000000000000e+01 1.519600000000000000e+04 1.749000000000000000e+03
5.611000000000000000e+03 1.690000000000000000e+02 1.200000000000000000e+01 1.509700000000000000e+04 1.650000000000000000e+03
5.793000000000000000e+03 2.030000000000000000e+02 1.200000000000000000e+01 1.472300000000000000e+04 1.859000000000000000e+03
5.681000000000000000e+03 1.840000000000000000e+02 1.500000000000000000e+01 1.505800000000000000e+04 1.811000000000000000e+03
5.567000000000000000e+03 1.610000000000000000e+02 1.100000000000000000e+01 1.540200000000000000e+04 1.735000000000000000e+03
5.815000000000000000e+03 2.040000000000000000e+02 1.800000000000000000e+01 1.543900000000000000e+04 1.735000000000000000e+03
5.149000000000000000e+03 1.650000000000000000e+02 1.800000000000000000e+01 1.499700000000000000e+04 1.676000000000000000e+03
5.339000000000000000e+03 1.550000000000000000e+02 5.000000000000000000e+00 1.501100000000000000e+04 1.675000000000000000e+03
5.200000000000000000e+03 1.690000000000000000e+02 1.400000000000000000e+01 1.428900000000000000e+04 1.787000000000000000e+03
5.120000000000000000e+03 1.750000000000000000e+02 1.500000000000000000e+01 1.547400000000000000e+04 1.732000000000000000e+03
5.047000000000000000e+03 1.610000000000000000e+02 8.000000000000000000e+00 1.390300000000000000e+04 1.706000000000000000e+03
5.659000000000000000e+03 1.820000000000000000e+02 1.200000000000000000e+01 1.550200000000000000e+04 1.697000000000000000e+03
5.402000000000000000e+03 1.920000000000000000e+02 7.000000000000000000e+00 1.485800000000000000e+04 1.847000000000000000e+03
5.066000000000000000e+03 1.660000000000000000e+02 1.200000000000000000e+01 1.484700000000000000e+04 1.786000000000000000e+03
5.062000000000000000e+03 1.650000000000000000e+02 5.000000000000000000e+00 1.431500000000000000e+04 1.733000000000000000e+03
5.642000000000000000e+03 1.980000000000000000e+02 1.100000000000000000e+01 1.522500000000000000e+04 1.772000000000000000e+03
5.287000000000000000e+03 1.870000000000000000e+02 9.000000000000000000e+00 1.475900000000000000e+04 1.753000000000000000e+03
5.723000000000000000e+03 1.940000000000000000e+02 1.200000000000000000e+01 1.514100000000000000e+04 1.806000000000000000e+03
5.379000000000000000e+03 1.800000000000000000e+02 9.000000000000000000e+00 1.564200000000000000e+04 1.686000000000000000e+03
5.627000000000000000e+03 1.660000000000000000e+02 9.000000000000000000e+00 1.546500000000000000e+04 1.652000000000000000e+03
5.688000000000000000e+03 1.340000000000000000e+02 1.300000000000000000e+01 1.564900000000000000e+04 1.665000000000000000e+03
5.758000000000000000e+03 1.680000000000000000e+02 1.100000000000000000e+01 1.526900000000000000e+04 1.748000000000000000e+03
5.098000000000000000e+03 1.590000000000000000e+02 1.300000000000000000e+01 1.539800000000000000e+04 1.653000000000000000e+03
5.112000000000000000e+03 1.690000000000000000e+02 1.300000000000000000e+01 1.480300000000000000e+04 1.664000000000000000e+03
5.769000000000000000e+03 2.180000000000000000e+02 1.700000000000000000e+01 1.550900000000000000e+04 1.774000000000000000e+03
5.752000000000000000e+03 1.560000000000000000e+02 1.200000000000000000e+01 1.550900000000000000e+04 1.651000000000000000e+03
5.228000000000000000e+03 1.700000000000000000e+02 2.000000000000000000e+01 1.519700000000000000e+04 1.700000000000000000e+03
5.497000000000000000e+03 1.680000000000000000e+02 1.300000000000000000e+01 1.475600000000000000e+04 1.759000000000000000e+03
5.196000000000000000e+03 1.690000000000000000e+02 1.600000000000000000e+01 1.475700000000000000e+04 1.738000000000000000e+03
5.026000000000000000e+03 2.130000000000000000e+02 1.800000000000000000e+01 1.325900000000000000e+04 2.093000000000000000e+03
5.767000000000000000e+03 1.770000000000000000e+02 1.500000000000000000e+01 1.510200000000000000e+04 1.716000000000000000e+03
5.552000000000000000e+03 1.750000000000000000e+02 7.000000000000000000e+00 1.528000000000000000e+04 1.741000000000000000e+03
5.836000000000000000e+03 1.680000000000000000e+02 1.100000000000000000e+01 1.515800000000000000e+04 1.774000000000000000e+03
5.919000000000000000e+03 1.640000000000000000e+02 1.000000000000000000e+01 1.621300000000000000e+04 1.746000000000000000e+03
5.551000000000000000e+03 1.660000000000000000e+02 9.000000000000000000e+00 1.528800000000000000e+04 1.678000000000000000e+03
5.543000000000000000e+03 1.590000000000000000e+02 7.000000000000000000e+00 1.529700000000000000e+04 1.677000000000000000e+03
5.401000000000000000e+03 1.790000000000000000e+02 4.000000000000000000e+00 1.469000000000000000e+04 1.690000000000000000e+03
5.275000000000000000e+03 1.810000000000000000e+02 1.500000000000000000e+01 1.429600000000000000e+04 1.707000000000000000e+03
5.272000000000000000e+03 1.980000000000000000e+02 1.500000000000000000e+01 1.501200000000000000e+04 1.787000000000000000e+03
5.681000000000000000e+03 1.610000000000000000e+02 1.200000000000000000e+01 1.509200000000000000e+04 1.696000000000000000e+03
5.641000000000000000e+03 1.410000000000000000e+02 1.500000000000000000e+01 1.556000000000000000e+04 1.645000000000000000e+03
5.741000000000000000e+03 1.720000000000000000e+02 1.200000000000000000e+01 1.525300000000000000e+04 1.774000000000000000e+03
5.401000000000000000e+03 2.070000000000000000e+02 1.400000000000000000e+01 1.409900000000000000e+04 1.791000000000000000e+03
5.339000000000000000e+03 1.690000000000000000e+02 1.400000000000000000e+01 1.546600000000000000e+04 1.689000000000000000e+03
5.353000000000000000e+03 1.780000000000000000e+02 1.200000000000000000e+01 1.533800000000000000e+04 1.669000000000000000e+03
5.541000000000000000e+03 1.650000000000000000e+02 1.100000000000000000e+01 1.465100000000000000e+04 1.741000000000000000e+03
5.772000000000000000e+03 1.820000000000000000e+02 8.000000000000000000e+00 1.532500000000000000e+04 1.708000000000000000e+03
5.250000000000000000e+03 1.870000000000000000e+02 1.000000000000000000e+01 1.493200000000000000e+04 1.711000000000000000e+03
5.835000000000000000e+03 1.790000000000000000e+02 8.000000000000000000e+00 1.609400000000000000e+04 1.737000000000000000e+03
4.995000000000000000e+03 1.710000000000000000e+02 9.000000000000000000e+00 1.528500000000000000e+04 1.663000000000000000e+03
5.236000000000000000e+03 1.990000000000000000e+02 1.500000000000000000e+01 1.488400000000000000e+04 1.746000000000000000e+03
5.559000000000000000e+03 1.810000000000000000e+02 1.400000000000000000e+01 1.600000000000000000e+04 1.644000000000000000e+03
5.550000000000000000e+03 1.890000000000000000e+02 9.000000000000000000e+00 1.580000000000000000e+04 1.708000000000000000e+03
5.830000000000000000e+03 1.730000000000000000e+02 9.000000000000000000e+00 1.528200000000000000e+04 1.690000000000000000e+03
5.858000000000000000e+03 1.730000000000000000e+02 1.400000000000000000e+01 1.558100000000000000e+04 1.704000000000000000e+03
5.708000000000000000e+03 1.930000000000000000e+02 1.100000000000000000e+01 1.535200000000000000e+04 1.703000000000000000e+03
5.521000000000000000e+03 1.770000000000000000e+02 1.200000000000000000e+01 1.554900000000000000e+04 1.723000000000000000e+03
5.405000000000000000e+03 1.870000000000000000e+02 1.600000000000000000e+01 1.400200000000000000e+04 1.822000000000000000e+03
5.758000000000000000e+03 1.610000000000000000e+02 1.300000000000000000e+01 1.508200000000000000e+04 1.738000000000000000e+03
5.147000000000000000e+03 1.840000000000000000e+02 1.600000000000000000e+01 1.467100000000000000e+04 1.642000000000000000e+03
5.425000000000000000e+03 1.780000000000000000e+02 8.000000000000000000e+00 1.483200000000000000e+04 1.738000000000000000e+03
5.489000000000000000e+03 1.720000000000000000e+02 8.000000000000000000e+00 1.535400000000000000e+04 1.689000000000000000e+03
5.471000000000000000e+03 1.950000000000000000e+02 1.800000000000000000e+01 1.463900000000000000e+04 1.788000000000000000e+03
5.540000000000000000e+03 1.780000000000000000e+02 1.500000000000000000e+01 1.510700000000000000e+04 1.727000000000000000e+03
5.395000000000000000e+03 1.550000000000000000e+02 8.000000000000000000e+00 1.511800000000000000e+04 1.640000000000000000e+03
5.403000000000000000e+03 1.410000000000000000e+02 8.000000000000000000e+00 1.529600000000000000e+04 1.575000000000000000e+03
5.539000000000000000e+03 1.760000000000000000e+02 1.400000000000000000e+01 1.509400000000000000e+04 1.678000000000000000e+03
5.646000000000000000e+03 1.810000000000000000e+02 1.100000000000000000e+01 1.566300000000000000e+04 1.751000000000000000e+03
5.215000000000000000e+03 2.150000000000000000e+02 1.400000000000000000e+01 1.514600000000000000e+04 1.767000000000000000e+03
5.038000000000000000e+03 1.780000000000000000e+02 1.100000000000000000e+01 1.547700000000000000e+04 1.732000000000000000e+03
5.577000000000000000e+03 1.870000000000000000e+02 1.000000000000000000e+01 1.492700000000000000e+04 1.781000000000000000e+03
5.677000000000000000e+03 1.810000000000000000e+02 1.100000000000000000e+01 1.528800000000000000e+04 1.656000000000000000e+03
4.768000000000000000e+03 2.340000000000000000e+02 1.400000000000000000e+01 1.242400000000000000e+04 2.121000000000000000e+03
5.575000000000000000e+03 1.540000000000000000e+02 5.000000000000000000e+00 1.501200000000000000e+04 1.720000000000000000e+03
5.612000000000000000e+03 1.760000000000000000e+02 1.300000000000000000e+01 1.574000000000000000e+04 1.672000000000000000e+03
5.431000000000000000e+03 1.620000000000000000e+02 1.200000000000000000e+01 1.511400000000000000e+04 1.680000000000000000e+03
6.000000000000000000e+03 1.710000000000000000e+02 1.600000000000000000e+01 1.550500000000000000e+04 1.737000000000000000e+03
5.406000000000000000e+03 1.680000000000000000e+02 1.300000000000000000e+01 1.570300000000000000e+04 1.676000000000000000e+03
5.367000000000000000e+03 1.740000000000000000e+02 1.400000000000000000e+01 1.539500000000000000e+04 1.711000000000000000e+03
5.241000000000000000e+03 1.500000000000000000e+02 1.400000000000000000e+01 1.513700000000000000e+04 1.732000000000000000e+03
5.918000000000000000e+03 1.820000000000000000e+02 1.400000000000000000e+01 1.517100000000000000e+04 1.735000000000000000e+03
5.755000000000000000e+03 1.670000000000000000e+02 1.100000000000000000e+01 1.555100000000000000e+04 1.716000000000000000e+03
5.677000000000000000e+03 1.680000000000000000e+02 1.600000000000000000e+01 1.535300000000000000e+04 1.781000000000000000e+03
5.268000000000000000e+03 1.650000000000000000e+02 1.000000000000000000e+01 1.418900000000000000e+04 1.781000000000000000e+03
5.629000000000000000e+03 1.970000000000000000e+02 1.400000000000000000e+01 1.497400000000000000e+04 1.814000000000000000e+03
5.399000000000000000e+03 1.820000000000000000e+02 1.400000000000000000e+01 1.526900000000000000e+04 1.754000000000000000e+03
4.991000000000000000e+03 1.540000000000000000e+02 7.000000000000000000e+00 1.423200000000000000e+04 1.695000000000000000e+03
5.430000000000000000e+03 1.580000000000000000e+02 1.100000000000000000e+01 1.504100000000000000e+04 1.808000000000000000e+03
5.653000000000000000e+03 1.650000000000000000e+02 1.200000000000000000e+01 1.527200000000000000e+04 1.774000000000000000e+03
5.708000000000000000e+03 1.600000000000000000e+02 1.300000000000000000e+01 1.518600000000000000e+04 1.667000000000000000e+03
4.809000000000000000e+03 1.740000000000000000e+02 1.200000000000000000e+01 1.422900000000000000e+04 1.681000000000000000e+03
5.637000000000000000e+03 1.820000000000000000e+02 1.000000000000000000e+01 1.525200000000000000e+04 1.695000000000000000e+03
5.647000000000000000e+03 1.730000000000000000e+02 1.600000000000000000e+01 1.600000000000000000e+04 1.729000000000000000e+03
5.472000000000000000e+03 1.530000000000000000e+02 9.000000000000000000e+00 1.532500000000000000e+04 1.662000000000000000e+03
5.531000000000000000e+03 1.730000000000000000e+02 8.000000000000000000e+00 1.527100000000000000e+04 1.682000000000000000e+03
5.795000000000000000e+03 1.440000000000000000e+02 1.400000000000000000e+01 1.509900000000000000e+04 1.718000000000000000e+03
5.309000000000000000e+03 1.380000000000000000e+02 1.100000000000000000e+01 1.412000000000000000e+04 1.693000000000000000e+03
5.793000000000000000e+03 1.710000000000000000e+02 2.300000000000000000e+01 1.499100000000000000e+04 1.709000000000000000e+03
4.708000000000000000e+03 1.640000000000000000e+02 7.000000000000000000e+00 1.393600000000000000e+04 1.698000000000000000e+03
5.439000000000000000e+03 1.610000000000000000e+02 7.000000000000000000e+00 1.530200000000000000e+04 1.682000000000000000e+03
5.004000000000000000e+03 1.730000000000000000e+02 1.300000000000000000e+01 1.357100000000000000e+04 1.793000000000000000e+03
5.137000000000000000e+03 1.840000000000000000e+02 1.200000000000000000e+01 1.411700000000000000e+04 1.709000000000000000e+03
4.599000000000000000e+03 2.020000000000000000e+02 1.100000000000000000e+01 1.138100000000000000e+04 2.121000000000000000e+03
5.486000000000000000e+03 1.900000000000000000e+02 1.400000000000000000e+01 1.517100000000000000e+04 1.716000000000000000e+03
5.599000000000000000e+03 1.550000000000000000e+02 8.000000000000000000e+00 1.463700000000000000e+04 1.638000000000000000e+03
5.761000000000000000e+03 1.850000000000000000e+02 6.000000000000000000e+00 1.478300000000000000e+04 1.816000000000000000e+03
5.355000000000000000e+03 1.710000000000000000e+02 1.300000000000000000e+01 1.516700000000000000e+04 1.668000000000000000e+03
6.033000000000000000e+03 1.520000000000000000e+02 1.400000000000000000e+01 1.549900000000000000e+04 1.651000000000000000e+03
5.316000000000000000e+03 1.790000000000000000e+02 1.200000000000000000e+01 1.507700000000000000e+04 1.673000000000000000e+03
5.787000000000000000e+03 1.780000000000000000e+02 9.000000000000000000e+00 1.549100000000000000e+04 1.681000000000000000e+03
5.019000000000000000e+03 1.750000000000000000e+02 1.100000000000000000e+01 1.439700000000000000e+04 1.825000000000000000e+03
5.301000000000000000e+03 1.750000000000000000e+02 1.300000000000000000e+01 1.547800000000000000e+04 1.664000000000000000e+03
4.937000000000000000e+03 1.730000000000000000e+02 1.100000000000000000e+01 1.405700000000000000e+04 1.748000000000000000e+03
5.575000000000000000e+03 1.800000000000000000e+02 1.600000000000000000e+01 1.564300000000000000e+04 1.769000000000000000e+03
5.635000000000000000e+03 1.660000000000000000e+02 1.700000000000000000e+01 1.526900000000000000e+04 1.710000000000000000e+03
5.587000000000000000e+03 1.810000000000000000e+02 6.000000000000000000e+00 1.433100000000000000e+04 1.870000000000000000e+03
5.744000000000000000e+03 1.670000000000000000e+02 1.500000000000000000e+01 1.506300000000000000e+04 1.765000000000000000e+03
5.818000000000000000e+03 1.510000000000000000e+02 1.400000000000000000e+01 1.627800000000000000e+04 1.669000000000000000e+03
5.535000000000000000e+03 1.600000000000000000e+02 1.500000000000000000e+01 1.477100000000000000e+04 1.705000000000000000e+03
5.738000000000000000e+03 1.940000000000000000e+02 1.600000000000000000e+01 1.572200000000000000e+04 1.758000000000000000e+03
5.782000000000000000e+03 1.810000000000000000e+02 1.200000000000000000e+01 1.544200000000000000e+04 1.754000000000000000e+03
4.792000000000000000e+03 1.870000000000000000e+02 1.100000000000000000e+01 1.418000000000000000e+04 1.786000000000000000e+03
5.007000000000000000e+03 1.990000000000000000e+02 1.400000000000000000e+01 1.470100000000000000e+04 1.793000000000000000e+03
5.353000000000000000e+03 1.710000000000000000e+02 7.000000000000000000e+00 1.501700000000000000e+04 1.697000000000000000e+03
5.029000000000000000e+03 1.500000000000000000e+02 9.000000000000000000e+00 1.493900000000000000e+04 1.702000000000000000e+03
5.780000000000000000e+03 1.570000000000000000e+02 8.000000000000000000e+00 1.518300000000000000e+04 1.731000000000000000e+03
5.032000000000000000e+03 1.790000000000000000e+02 1.400000000000000000e+01 1.454300000000000000e+04 1.762000000000000000e+03
5.136000000000000000e+03 2.160000000000000000e+02 1.300000000000000000e+01 1.524300000000000000e+04 1.773000000000000000e+03
5.820000000000000000e+03 1.640000000000000000e+02 8.000000000000000000e+00 1.581700000000000000e+04 1.734000000000000000e+03
5.697000000000000000e+03 1.550000000000000000e+02 6.000000000000000000e+00 1.518000000000000000e+04 1.667000000000000000e+03
5.408000000000000000e+03 1.610000000000000000e+02 1.500000000000000000e+01 1.522000000000000000e+04 1.681000000000000000e+03
5.571000000000000000e+03 1.520000000000000000e+02 1.400000000000000000e+01 1.480100000000000000e+04 1.690000000000000000e+03
5.539000000000000000e+03 1.560000000000000000e+02 1.900000000000000000e+01 1.465700000000000000e+04 1.738000000000000000e+03
5.191000000000000000e+03 1.800000000000000000e+02 1.000000000000000000e+01 1.481200000000000000e+04 1.768000000000000000e+03
5.683000000000000000e+03 1.500000000000000000e+02 1.200000000000000000e+01 1.556400000000000000e+04 1.642000000000000000e+03
5.329000000000000000e+03 1.580000000000000000e+02 9.000000000000000000e+00 1.506300000000000000e+04 1.709000000000000000e+03
5.275000000000000000e+03 1.710000000000000000e+02 1.200000000000000000e+01 1.548700000000000000e+04 1.687000000000000000e+03
5.673000000000000000e+03 1.590000000000000000e+02 1.100000000000000000e+01 1.602600000000000000e+04 1.660000000000000000e+03
5.920000000000000000e+03 1.620000000000000000e+02 1.100000000000000000e+01 1.508100000000000000e+04 1.745000000000000000e+03
5.710000000000000000e+03 1.590000000000000000e+02 8.000000000000000000e+00 1.532700000000000000e+04 1.639000000000000000e+03
5.776000000000000000e+03 1.680000000000000000e+02 1.400000000000000000e+01 1.536400000000000000e+04 1.658000000000000000e+03
5.018000000000000000e+03 1.950000000000000000e+02 1.100000000000000000e+01 1.340700000000000000e+04 1.886000000000000000e+03
3.866000000000000000e+03 2.000000000000000000e+02 1.000000000000000000e+01 1.063700000000000000e+04 2.007000000000000000e+03
