1.718000000000000000e+03 3.360000000000000000e+02 2.500000000000000000e+01 5.316000000000000000e+03 1.450000000000000000e+03
1.539000000000000000e+03 3.130000000000000000e+02 2.800000000000000000e+01 4.450000000000000000e+03 1.391000000000000000e+03
1.662000000000000000e+03 3.210000000000000000e+02 2.700000000000000000e+01 4.855000000000000000e+03 1.386000000000000000e+03
1.535000000000000000e+03 3.280000000000000000e+02 2.900000000000000000e+01 4.842000000000000000e+03 1.328000000000000000e+03
1.520000000000000000e+03 3.230000000000000000e+02 2.700000000000000000e+01 4.016000000000000000e+03 1.349000000000000000e+03
1.595000000000000000e+03 3.410000000000000000e+02 3.000000000000000000e+01 5.478000000000000000e+03 1.331000000000000000e+03
1.421000000000000000e+03 3.040000000000000000e+02 1.900000000000000000e+01 4.114000000000000000e+03 1.334000000000000000e+03
1.647000000000000000e+03 3.350000000000000000e+02 3.800000000000000000e+01 5.185000000000000000e+03 1.365000000000000000e+03
1.889000000000000000e+03 3.370000000000000000e+02 2.700000000000000000e+01 5.713000000000000000e+03 1.471000000000000000e+03
1.256000000000000000e+03 2.650000000000000000e+02 2.600000000000000000e+01 2.466000000000000000e+03 1.202000000000000000e+03
1.409000000000000000e+03 3.130000000000000000e+02 2.200000000000000000e+01 4.143000000000000000e+03 1.308000000000000000e+03
1.738000000000000000e+03 3.200000000000000000e+02 2.100000000000000000e+01 5.318000000000000000e+03 1.358000000000000000e+03
1.233000000000000000e+03 2.750000000000000000e+02 2.300000000000000000e+01 2.328000000000000000e+03 1.208000000000000000e+03
9.440000000000000000e+02 2.120000000000000000e+02 1.700000000000000000e+01 1.040000000000000000e+03 9.180000000000000000e+02
1.563000000000000000e+03 3.310000000000000000e+02 2.300000000000000000e+01 4.432000000000000000e+03 1.361000000000000000e+03
1.404000000000000000e+03 2.670000000000000000e+02 2.300000000000000000e+01 3.368000000000000000e+03 1.283000000000000000e+03
1.528000000000000000e+03 3.220000000000000000e+02 2.900000000000000000e+01 4.705000000000000000e+03 1.316000000000000000e+03
1.791000000000000000e+03 3.530000000000000000e+02 2.400000000000000000e+01 5.949000000000000000e+03 1.459000000000000000e+03
1.358000000000000000e+03 2.910000000000000000e+02 3.700000000000000000e+01 3.370000000000000000e+03 1.261000000000000000e+03
1.518000000000000000e+03 2.940000000000000000e+02 2.500000000000000000e+01 4.341000000000000000e+03 1.309000000000000000e+03
1.753000000000000000e+03 3.300000000000000000e+02 2.200000000000000000e+01 5.585000000000000000e+03 1.386000000000000000e+03
1.755000000000000000e+03 2.970000000000000000e+02 3.400000000000000000e+01 5.540000000000000000e+03 1.393000000000000000e+03
1.706000000000000000e+03 3.100000000000000000e+02 2.600000000000000000e+01 5.221000000000000000e+03 1.446000000000000000e+03
1.546000000000000000e+03 2.810000000000000000e+02 2.900000000000000000e+01 3.953000000000000000e+03 1.305000000000000000e+03
1.748000000000000000e+03 3.400000000000000000e+02 2.300000000000000000e+01 4.763000000000000000e+03 1.435000000000000000e+03
1.848000000000000000e+03 3.290000000000000000e+02 4.100000000000000000e+01 5.167000000000000000e+03 1.455000000000000000e+03
1.600000000000000000e+03 3.140000000000000000e+02 3.000000000000000000e+01 4.614000000000000000e+03 1.354000000000000000e+03
1.696000000000000000e+03 3.250000000000000000e+02 2.400000000000000000e+01 5.024000000000000000e+03 1.387000000000000000e+03
1.522000000000000000e+03 3.160000000000000000e+02 3.300000000000000000e+01 4.653000000000000000e+03 1.350000000000000000e+03
1.615000000000000000e+03 3.420000000000000000e+02 2.400000000000000000e+01 5.715000000000000000e+03 1.395000000000000000e+03
1.651000000000000000e+03 3.440000000000000000e+02 3.100000000000000000e+01 5.697000000000000000e+03 1.411000000000000000e+03
1.371000000000000000e+03 2.570000000000000000e+02 1.700000000000000000e+01 2.983000000000000000e+03 1.272000000000000000e+03
1.647000000000000000e+03 3.360000000000000000e+02 2.400000000000000000e+01 4.901000000000000000e+03 1.424000000000000000e+03
1.440000000000000000e+03 3.000000000000000000e+02 2.800000000000000000e+01 4.346000000000000000e+03 1.316000000000000000e+03
1.532000000000000000e+03 2.920000000000000000e+02 3.200000000000000000e+01 5.195000000000000000e+03 1.275000000000000000e+03
1.373000000000000000e+03 2.980000000000000000e+02 2.800000000000000000e+01 3.679000000000000000e+03 1.281000000000000000e+03
1.426000000000000000e+03 3.060000000000000000e+02 2.400000000000000000e+01 2.977000000000000000e+03 1.257000000000000000e+03
1.524000000000000000e+03 2.820000000000000000e+02 1.400000000000000000e+01 4.134000000000000000e+03 1.334000000000000000e+03
1.140000000000000000e+03 2.510000000000000000e+02 2.200000000000000000e+01 2.230000000000000000e+03 1.172000000000000000e+03
1.414000000000000000e+03 2.880000000000000000e+02 3.200000000000000000e+01 4.388000000000000000e+03 1.254000000000000000e+03
1.363000000000000000e+03 3.120000000000000000e+02 2.700000000000000000e+01 3.981000000000000000e+03 1.269000000000000000e+03
1.488000000000000000e+03 3.280000000000000000e+02 2.200000000000000000e+01 4.469000000000000000e+03 1.347000000000000000e+03
1.587000000000000000e+03 3.350000000000000000e+02 3.400000000000000000e+01 4.816000000000000000e+03 1.320000000000000000e+03
1.380000000000000000e+03 3.070000000000000000e+02 2.500000000000000000e+01 4.079000000000000000e+03 1.270000000000000000e+03
1.687000000000000000e+03 2.980000000000000000e+02 2.400000000000000000e+01 4.884000000000000000e+03 1.375000000000000000e+03
1.581000000000000000e+03 3.040000000000000000e+02 1.800000000000000000e+01 5.193000000000000000e+03 1.393000000000000000e+03
1.653000000000000000e+03 3.300000000000000000e+02 2.300000000000000000e+01 5.233000000000000000e+03 1.409000000000000000e+03
1.293000000000000000e+03 3.120000000000000000e+02 3.100000000000000000e+01 3.469000000000000000e+03 1.255000000000000000e+03
1.238000000000000000e+03 2.440000000000000000e+02 2.700000000000000000e+01 2.408000000000000000e+03 1.187000000000000000e+03
1.711000000000000000e+03 3.180000000000000000e+02 2.600000000000000000e+01 5.650000000000000000e+03 1.365000000000000000e+03
1.868000000000000000e+03 3.360000000000000000e+02 3.200000000000000000e+01 5.651000000000000000e+03 1.437000000000000000e+03
1.490000000000000000e+03 2.960000000000000000e+02 3.000000000000000000e+01 4.088000000000000000e+03 1.309000000000000000e+03
1.329000000000000000e+03 3.050000000000000000e+02 2.500000000000000000e+01 3.696000000000000000e+03 1.243000000000000000e+03
1.913000000000000000e+03 3.320000000000000000e+02 3.100000000000000000e+01 5.870000000000000000e+03 1.425000000000000000e+03
1.536000000000000000e+03 3.400000000000000000e+02 2.900000000000000000e+01 4.791000000000000000e+03 1.394000000000000000e+03
1.587000000000000000e+03 3.200000000000000000e+02 2.300000000000000000e+01 5.203000000000000000e+03 1.354000000000000000e+03
1.570000000000000000e+03 2.790000000000000000e+02 2.900000000000000000e+01 4.930000000000000000e+03 1.403000000000000000e+03
1.697000000000000000e+03 3.090000000000000000e+02 3.000000000000000000e+01 5.173000000000000000e+03 1.379000000000000000e+03
1.529000000000000000e+03 3.110000000000000000e+02 3.400000000000000000e+01 4.016000000000000000e+03 1.333000000000000000e+03
1.191000000000000000e+03 2.630000000000000000e+02 2.300000000000000000e+01 2.523000000000000000e+03 1.161000000000000000e+03
1.523000000000000000e+03 3.380000000000000000e+02 3.000000000000000000e+01 4.544000000000000000e+03 1.366000000000000000e+03
1.301000000000000000e+03 2.840000000000000000e+02 3.400000000000000000e+01 3.561000000000000000e+03 1.228000000000000000e+03
1.776000000000000000e+03 3.030000000000000000e+02 2.700000000000000000e+01 5.614000000000000000e+03 1.435000000000000000e+03
1.491000000000000000e+03 3.410000000000000000e+02 3.100000000000000000e+01 4.274000000000000000e+03 1.327000000000000000e+03
1.717000000000000000e+03 3.450000000000000000e+02 3.400000000000000000e+01 5.519000000000000000e+03 1.410000000000000000e+03
1.510000000000000000e+03 3.110000000000000000e+02 3.400000000000000000e+01 5.002000000000000000e+03 1.357000000000000000e+03
1.337000000000000000e+03 2.750000000000000000e+02 2.800000000000000000e+01 3.750000000000000000e+03 1.262000000000000000e+03
1.851000000000000000e+03 3.260000000000000000e+02 3.600000000000000000e+01 6.214000000000000000e+03 1.405000000000000000e+03
1.620000000000000000e+03 2.970000000000000000e+02 2.300000000000000000e+01 4.891000000000000000e+03 1.383000000000000000e+03
1.623000000000000000e+03 3.090000000000000000e+02 1.800000000000000000e+01 4.799000000000000000e+03 1.374000000000000000e+03
1.651000000000000000e+03 3.270000000000000000e+02 3.000000000000000000e+01 5.066000000000000000e+03 1.376000000000000000e+03
1.644000000000000000e+03 3.300000000000000000e+02 3.000000000000000000e+01 5.285000000000000000e+03 1.356000000000000000e+03
1.636000000000000000e+03 2.890000000000000000e+02 2.000000000000000000e+01 4.589000000000000000e+03 1.395000000000000000e+03
1.032000000000000000e+03 2.530000000000000000e+02 2.300000000000000000e+01 2.369000000000000000e+03 1.102000000000000000e+03
1.490000000000000000e+03 3.370000000000000000e+02 2.400000000000000000e+01 4.296000000000000000e+03 1.297000000000000000e+03
1.647000000000000000e+03 3.160000000000000000e+02 3.200000000000000000e+01 4.752000000000000000e+03 1.380000000000000000e+03
1.438000000000000000e+03 2.720000000000000000e+02 2.600000000000000000e+01 3.178000000000000000e+03 1.280000000000000000e+03
1.813000000000000000e+03 3.370000000000000000e+02 3.000000000000000000e+01 5.324000000000000000e+03 1.452000000000000000e+03
1.587000000000000000e+03 3.310000000000000000e+02 2.200000000000000000e+01 5.083000000000000000e+03 1.404000000000000000e+03
1.440000000000000000e+03 3.040000000000000000e+02 2.800000000000000000e+01 3.698000000000000000e+03 1.325000000000000000e+03
1.241000000000000000e+03 2.760000000000000000e+02 2.800000000000000000e+01 3.036000000000000000e+03 1.226000000000000000e+03
1.867000000000000000e+03 3.530000000000000000e+02 2.800000000000000000e+01 5.465000000000000000e+03 1.484000000000000000e+03
1.561000000000000000e+03 3.130000000000000000e+02 3.200000000000000000e+01 4.758000000000000000e+03 1.345000000000000000e+03
1.616000000000000000e+03 3.260000000000000000e+02 3.300000000000000000e+01 4.525000000000000000e+03 1.376000000000000000e+03
1.644000000000000000e+03 3.000000000000000000e+02 2.300000000000000000e+01 4.386000000000000000e+03 1.399000000000000000e+03
1.479000000000000000e+03 2.870000000000000000e+02 2.200000000000000000e+01 4.023000000000000000e+03 1.328000000000000000e+03
1.356000000000000000e+03 2.960000000000000000e+02 2.300000000000000000e+01 3.365000000000000000e+03 1.259000000000000000e+03
1.717000000000000000e+03 3.170000000000000000e+02 3.200000000000000000e+01 4.979000000000000000e+03 1.421000000000000000e+03
1.193000000000000000e+03 2.690000000000000000e+02 2.400000000000000000e+01 2.480000000000000000e+03 1.209000000000000000e+03
1.601000000000000000e+03 3.060000000000000000e+02 2.400000000000000000e+01 4.741000000000000000e+03 1.385000000000000000e+03
1.537000000000000000e+03 3.120000000000000000e+02 3.100000000000000000e+01 4.317000000000000000e+03 1.360000000000000000e+03
1.397000000000000000e+03 2.650000000000000000e+02 2.300000000000000000e+01 3.223000000000000000e+03 1.285000000000000000e+03
1.366000000000000000e+03 2.730000000000000000e+02 2.100000000000000000e+01 3.672000000000000000e+03 1.259000000000000000e+03
1.438000000000000000e+03 2.950000000000000000e+02 2.800000000000000000e+01 4.309000000000000000e+03 1.327000000000000000e+03
1.355000000000000000e+03 2.890000000000000000e+02 1.600000000000000000e+01 3.266000000000000000e+03 1.223000000000000000e+03
1.486000000000000000e+03 2.930000000000000000e+02 2.800000000000000000e+01 4.238000000000000000e+03 1.322000000000000000e+03
1.421000000000000000e+03 2.580000000000000000e+02 2.200000000000000000e+01 3.226000000000000000e+03 1.269000000000000000e+03
1.551000000000000000e+03 3.120000000000000000e+02 2.300000000000000000e+01 4.265000000000000000e+03 1.314000000000000000e+03
1.645000000000000000e+03 3.450000000000000000e+02 2.900000000000000000e+01 4.711000000000000000e+03 1.403000000000000000e+03
1.531000000000000000e+03 3.140000000000000000e+02 2.500000000000000000e+01 4.303000000000000000e+03 1.304000000000000000e+03
1.539000000000000000e+03 3.050000000000000000e+02 2.800000000000000000e+01 4.533000000000000000e+03 1.329000000000000000e+03
1.295000000000000000e+03 2.990000000000000000e+02 2.600000000000000000e+01 2.565000000000000000e+03 1.257000000000000000e+03
1.761000000000000000e+03 3.150000000000000000e+02 2.900000000000000000e+01 5.577000000000000000e+03 1.375000000000000000e+03
1.562000000000000000e+03 3.070000000000000000e+02 3.900000000000000000e+01 4.518000000000000000e+03 1.375000000000000000e+03
1.680000000000000000e+03 3.310000000000000000e+02 1.700000000000000000e+01 5.501000000000000000e+03 1.399000000000000000e+03
1.383000000000000000e+03 2.950000000000000000e+02 2.100000000000000000e+01 3.430000000000000000e+03 1.249000000000000000e+03
1.619000000000000000e+03 3.300000000000000000e+02 3.600000000000000000e+01 5.227000000000000000e+03 1.334000000000000000e+03
1.104000000000000000e+03 2.460000000000000000e+02 2.100000000000000000e+01 1.712000000000000000e+03 1.087000000000000000e+03
1.477000000000000000e+03 3.220000000000000000e+02 3.000000000000000000e+01 4.331000000000000000e+03 1.318000000000000000e+03
1.336000000000000000e+03 2.880000000000000000e+02 2.200000000000000000e+01 3.185000000000000000e+03 1.254000000000000000e+03
1.410000000000000000e+03 2.700000000000000000e+02 2.600000000000000000e+01 3.784000000000000000e+03 1.318000000000000000e+03
1.736000000000000000e+03 3.090000000000000000e+02 2.100000000000000000e+01 5.294000000000000000e+03 1.417000000000000000e+03
1.237000000000000000e+03 2.760000000000000000e+02 2.500000000000000000e+01 2.840000000000000000e+03 1.219000000000000000e+03
1.320000000000000000e+03 3.020000000000000000e+02 1.100000000000000000e+01 3.683000000000000000e+03 1.272000000000000000e+03
1.824000000000000000e+03 3.740000000000000000e+02 3.200000000000000000e+01 5.809000000000000000e+03 1.458000000000000000e+03
1.955000000000000000e+03 3.340000000000000000e+02 4.100000000000000000e+01 6.403000000000000000e+03 1.497000000000000000e+03
1.556000000000000000e+03 3.080000000000000000e+02 3.200000000000000000e+01 5.020000000000000000e+03 1.316000000000000000e+03
1.532000000000000000e+03 2.840000000000000000e+02 2.600000000000000000e+01 4.224000000000000000e+03 1.358000000000000000e+03
1.401000000000000000e+03 2.980000000000000000e+02 2.500000000000000000e+01 3.533000000000000000e+03 1.254000000000000000e+03
1.374000000000000000e+03 2.870000000000000000e+02 3.300000000000000000e+01 4.031000000000000000e+03 1.313000000000000000e+03
1.509000000000000000e+03 2.900000000000000000e+02 2.000000000000000000e+01 3.616000000000000000e+03 1.332000000000000000e+03
1.642000000000000000e+03 3.390000000000000000e+02 3.000000000000000000e+01 4.607000000000000000e+03 1.377000000000000000e+03
1.470000000000000000e+03 3.230000000000000000e+02 3.300000000000000000e+01 4.300000000000000000e+03 1.333000000000000000e+03
1.624000000000000000e+03 3.280000000000000000e+02 2.200000000000000000e+01 5.372000000000000000e+03 1.350000000000000000e+03
1.507000000000000000e+03 3.080000000000000000e+02 1.600000000000000000e+01 4.240000000000000000e+03 1.335000000000000000e+03
1.596000000000000000e+03 3.370000000000000000e+02 1.900000000000000000e+01 5.007000000000000000e+03 1.415000000000000000e+03
1.111000000000000000e+03 2.200000000000000000e+02 1.800000000000000000e+01 1.538000000000000000e+03 1.093000000000000000e+03
1.417000000000000000e+03 2.810000000000000000e+02 2.100000000000000000e+01 3.675000000000000000e+03 1.284000000000000000e+03
1.661000000000000000e+03 3.140000000000000000e+02 3.300000000000000000e+01 4.796000000000000000e+03 1.418000000000000000e+03
1.510000000000000000e+03 3.170000000000000000e+02 2.200000000000000000e+01 4.828000000000000000e+03 1.306000000000000000e+03
1.469000000000000000e+03 2.960000000000000000e+02 3.100000000000000000e+01 4.004000000000000000e+03 1.325000000000000000e+03
1.507000000000000000e+03 3.190000000000000000e+02 2.700000000000000000e+01 4.474000000000000000e+03 1.374000000000000000e+03
1.643000000000000000e+03 3.270000000000000000e+02 3.100000000000000000e+01 5.014000000000000000e+03 1.408000000000000000e+03
1.667000000000000000e+03 3.290000000000000000e+02 2.700000000000000000e+01 5.678000000000000000e+03 1.411000000000000000e+03
1.363000000000000000e+03 3.200000000000000000e+02 2.600000000000000000e+01 3.982000000000000000e+03 1.280000000000000000e+03
1.558000000000000000e+03 3.090000000000000000e+02 3.100000000000000000e+01 4.626000000000000000e+03 1.402000000000000000e+03
1.294000000000000000e+03 2.640000000000000000e+02 3.000000000000000000e+01 3.343000000000000000e+03 1.266000000000000000e+03
1.477000000000000000e+03 3.180000000000000000e+02 3.200000000000000000e+01 4.239000000000000000e+03 1.316000000000000000e+03
1.536000000000000000e+03 2.730000000000000000e+02 3.000000000000000000e+01 3.845000000000000000e+03 1.327000000000000000e+03
1.413000000000000000e+03 2.910000000000000000e+02 2.400000000000000000e+01 4.124000000000000000e+03 1.301000000000000000e+03
1.641000000000000000e+03 3.420000000000000000e+02 5.100000000000000000e+01 5.107000000000000000e+03 1.429000000000000000e+03
1.565000000000000000e+03 3.130000000000000000e+02 2.600000000000000000e+01 5.068000000000000000e+03 1.353000000000000000e+03
1.683000000000000000e+03 3.350000000000000000e+02 3.400000000000000000e+01 5.504000000000000000e+03 1.442000000000000000e+03
1.421000000000000000e+03 3.050000000000000000e+02 2.600000000000000000e+01 3.803000000000000000e+03 1.322000000000000000e+03
1.693000000000000000e+03 3.230000000000000000e+02 4.400000000000000000e+01 5.022000000000000000e+03 1.392000000000000000e+03
1.631000000000000000e+03 3.500000000000000000e+02 4.700000000000000000e+01 4.690000000000000000e+03 1.421000000000000000e+03
1.063000000000000000e+03 2.430000000000000000e+02 2.300000000000000000e+01 1.937000000000000000e+03 1.114000000000000000e+03
1.760000000000000000e+03 3.260000000000000000e+02 4.100000000000000000e+01 5.681000000000000000e+03 1.449000000000000000e+03
1.333000000000000000e+03 2.810000000000000000e+02 3.700000000000000000e+01 4.116000000000000000e+03 1.250000000000000000e+03
1.290000000000000000e+03 2.920000000000000000e+02 2.500000000000000000e+01 3.062000000000000000e+03 1.260000000000000000e+03
9.940000000000000000e+02 2.200000000000000000e+02 1.900000000000000000e+01 1.021000000000000000e+03 9.540000000000000000e+02
1.472000000000000000e+03 2.970000000000000000e+02 2.800000000000000000e+01 4.328000000000000000e+03 1.319000000000000000e+03
1.146000000000000000e+03 2.590000000000000000e+02 1.700000000000000000e+01 2.143000000000000000e+03 1.132000000000000000e+03
1.543000000000000000e+03 3.000000000000000000e+02 2.100000000000000000e+01 5.070000000000000000e+03 1.319000000000000000e+03
1.436000000000000000e+03 3.230000000000000000e+02 2.900000000000000000e+01 4.226000000000000000e+03 1.295000000000000000e+03
1.599000000000000000e+03 2.990000000000000000e+02 2.700000000000000000e+01 4.893000000000000000e+03 1.317000000000000000e+03
1.498000000000000000e+03 3.000000000000000000e+02 2.400000000000000000e+01 4.115000000000000000e+03 1.298000000000000000e+03
9.550000000000000000e+02 1.940000000000000000e+02 1.700000000000000000e+01 9.620000000000000000e+02 9.140000000000000000e+02
1.512000000000000000e+03 3.240000000000000000e+02 2.400000000000000000e+01 4.378000000000000000e+03 1.352000000000000000e+03
1.526000000000000000e+03 3.100000000000000000e+02 2.600000000000000000e+01 4.747000000000000000e+03 1.357000000000000000e+03
1.429000000000000000e+03 3.070000000000000000e+02 2.700000000000000000e+01 3.525000000000000000e+03 1.296000000000000000e+03
1.553000000000000000e+03 3.100000000000000000e+02 3.100000000000000000e+01 4.151000000000000000e+03 1.361000000000000000e+03
1.415000000000000000e+03 2.920000000000000000e+02 2.100000000000000000e+01 4.121000000000000000e+03 1.271000000000000000e+03
1.475000000000000000e+03 3.100000000000000000e+02 2.100000000000000000e+01 4.200000000000000000e+03 1.328000000000000000e+03
1.560000000000000000e+03 3.340000000000000000e+02 3.300000000000000000e+01 4.433000000000000000e+03 1.355000000000000000e+03
9.750000000000000000e+02 1.970000000000000000e+02 2.800000000000000000e+01 1.687000000000000000e+03 1.025000000000000000e+03
1.742000000000000000e+03 3.350000000000000000e+02 3.300000000000000000e+01 5.124000000000000000e+03 1.425000000000000000e+03
1.381000000000000000e+03 2.760000000000000000e+02 2.300000000000000000e+01 3.068000000000000000e+03 1.250000000000000000e+03
1.239000000000000000e+03 2.700000000000000000e+02 2.100000000000000000e+01 2.653000000000000000e+03 1.177000000000000000e+03
1.292000000000000000e+03 3.020000000000000000e+02 2.700000000000000000e+01 2.971000000000000000e+03 1.254000000000000000e+03
1.605000000000000000e+03 3.600000000000000000e+02 3.400000000000000000e+01 5.079000000000000000e+03 1.385000000000000000e+03
1.369000000000000000e+03 2.990000000000000000e+02 2.000000000000000000e+01 3.711000000000000000e+03 1.314000000000000000e+03
1.795000000000000000e+03 3.130000000000000000e+02 2.800000000000000000e+01 5.682000000000000000e+03 1.398000000000000000e+03
1.722000000000000000e+03 3.310000000000000000e+02 2.700000000000000000e+01 5.802000000000000000e+03 1.444000000000000000e+03
1.542000000000000000e+03 3.030000000000000000e+02 3.100000000000000000e+01 4.288000000000000000e+03 1.383000000000000000e+03
1.658000000000000000e+03 3.380000000000000000e+02 2.100000000000000000e+01 4.863000000000000000e+03 1.406000000000000000e+03
1.436000000000000000e+03 2.870000000000000000e+02 2.900000000000000000e+01 4.762000000000000000e+03 1.280000000000000000e+03
1.417000000000000000e+03 3.150000000000000000e+02 2.000000000000000000e+01 3.818000000000000000e+03 1.271000000000000000e+03
1.593000000000000000e+03 3.110000000000000000e+02 3.600000000000000000e+01 4.965000000000000000e+03 1.387000000000000000e+03
1.719000000000000000e+03 3.220000000000000000e+02 3.000000000000000000e+01 4.858000000000000000e+03 1.399000000000000000e+03
1.552000000000000000e+03 3.250000000000000000e+02 3.300000000000000000e+01 4.866000000000000000e+03 1.349000000000000000e+03
1.315000000000000000e+03 2.710000000000000000e+02 2.300000000000000000e+01 3.818000000000000000e+03 1.242000000000000000e+03
1.665000000000000000e+03 2.810000000000000000e+02 3.200000000000000000e+01 4.817000000000000000e+03 1.377000000000000000e+03
1.519000000000000000e+03 3.160000000000000000e+02 3.400000000000000000e+01 4.261000000000000000e+03 1.380000000000000000e+03
1.433000000000000000e+03 2.870000000000000000e+02 2.900000000000000000e+01 3.917000000000000000e+03 1.285000000000000000e+03
1.562000000000000000e+03 3.020000000000000000e+02 2.600000000000000000e+01 4.482000000000000000e+03 1.340000000000000000e+03
1.482000000000000000e+03 3.150000000000000000e+02 3.200000000000000000e+01 4.703000000000000000e+03 1.304000000000000000e+03
1.517000000000000000e+03 3.110000000000000000e+02 2.700000000000000000e+01 3.909000000000000000e+03 1.364000000000000000e+03
1.065000000000000000e+03 2.620000000000000000e+02 2.200000000000000000e+01 2.201000000000000000e+03 1.119000000000000000e+03
1.819000000000000000e+03 3.250000000000000000e+02 3.200000000000000000e+01 5.497000000000000000e+03 1.425000000000000000e+03
1.506000000000000000e+03 2.750000000000000000e+02 3.200000000000000000e+01 3.936000000000000000e+03 1.319000000000000000e+03
1.452000000000000000e+03 3.210000000000000000e+02 2.700000000000000000e+01 4.799000000000000000e+03 1.298000000000000000e+03
1.632000000000000000e+03 2.930000000000000000e+02 2.600000000000000000e+01 4.827000000000000000e+03 1.368000000000000000e+03
1.579000000000000000e+03 3.230000000000000000e+02 3.800000000000000000e+01 5.128000000000000000e+03 1.344000000000000000e+03
1.353000000000000000e+03 3.000000000000000000e+02 3.000000000000000000e+01 3.805000000000000000e+03 1.278000000000000000e+03
1.524000000000000000e+03 3.180000000000000000e+02 2.300000000000000000e+01 4.221000000000000000e+03 1.354000000000000000e+03
1.087000000000000000e+03 2.200000000000000000e+02 1.700000000000000000e+01 1.606000000000000000e+03 1.077000000000000000e+03
1.513000000000000000e+03 3.090000000000000000e+02 3.600000000000000000e+01 4.881000000000000000e+03 1.352000000000000000e+03
1.814000000000000000e+03 3.240000000000000000e+02 2.800000000000000000e+01 5.018000000000000000e+03 1.412000000000000000e+03
1.721000000000000000e+03 3.320000000000000000e+02 1.700000000000000000e+01 5.094000000000000000e+03 1.468000000000000000e+03
1.475000000000000000e+03 3.600000000000000000e+02 3.700000000000000000e+01 4.765000000000000000e+03 1.398000000000000000e+03
1.590000000000000000e+03 3.070000000000000000e+02 2.700000000000000000e+01 4.666000000000000000e+03 1.377000000000000000e+03
1.204000000000000000e+03 2.590000000000000000e+02 3.000000000000000000e+01 2.515000000000000000e+03 1.180000000000000000e+03
1.630000000000000000e+03 3.110000000000000000e+02 3.300000000000000000e+01 5.059000000000000000e+03 1.327000000000000000e+03
1.776000000000000000e+03 3.020000000000000000e+02 2.500000000000000000e+01 5.595000000000000000e+03 1.415000000000000000e+03
1.607000000000000000e+03 3.040000000000000000e+02 2.500000000000000000e+01 4.560000000000000000e+03 1.311000000000000000e+03
1.594000000000000000e+03 3.070000000000000000e+02 2.400000000000000000e+01 4.423000000000000000e+03 1.333000000000000000e+03
1.407000000000000000e+03 2.870000000000000000e+02 3.100000000000000000e+01 3.869000000000000000e+03 1.334000000000000000e+03
1.545000000000000000e+03 3.280000000000000000e+02 3.000000000000000000e+01 4.252000000000000000e+03 1.366000000000000000e+03
1.599000000000000000e+03 3.200000000000000000e+02 2.700000000000000000e+01 4.315000000000000000e+03 1.343000000000000000e+03
1.679000000000000000e+03 2.960000000000000000e+02 2.600000000000000000e+01 5.344000000000000000e+03 1.384000000000000000e+03
1.070000000000000000e+03 2.180000000000000000e+02 1.900000000000000000e+01 1.355000000000000000e+03 1.039000000000000000e+03
1.283000000000000000e+03 2.840000000000000000e+02 1.400000000000000000e+01 2.914000000000000000e+03 1.282000000000000000e+03
1.481000000000000000e+03 2.970000000000000000e+02 3.000000000000000000e+01 4.277000000000000000e+03 1.375000000000000000e+03
1.488000000000000000e+03 3.140000000000000000e+02 2.500000000000000000e+01 5.360000000000000000e+03 1.354000000000000000e+03
1.589000000000000000e+03 3.330000000000000000e+02 2.600000000000000000e+01 5.426000000000000000e+03 1.329000000000000000e+03
1.701000000000000000e+03 3.330000000000000000e+02 3.300000000000000000e+01 5.910000000000000000e+03 1.360000000000000000e+03
1.203000000000000000e+03 2.980000000000000000e+02 2.400000000000000000e+01 3.217000000000000000e+03 1.230000000000000000e+03
1.789000000000000000e+03 3.320000000000000000e+02 3.800000000000000000e+01 5.706000000000000000e+03 1.465000000000000000e+03
1.613000000000000000e+03 3.360000000000000000e+02 3.100000000000000000e+01 5.275000000000000000e+03 1.358000000000000000e+03
1.766000000000000000e+03 3.480000000000000000e+02 3.300000000000000000e+01 5.419000000000000000e+03 1.427000000000000000e+03
1.472000000000000000e+03 2.840000000000000000e+02 2.100000000000000000e+01 4.353000000000000000e+03 1.371000000000000000e+03
1.664000000000000000e+03 3.280000000000000000e+02 2.900000000000000000e+01 5.198000000000000000e+03 1.358000000000000000e+03
1.419000000000000000e+03 3.260000000000000000e+02 2.400000000000000000e+01 3.852000000000000000e+03 1.291000000000000000e+03
1.398000000000000000e+03 3.020000000000000000e+02 2.800000000000000000e+01 2.896000000000000000e+03 1.276000000000000000e+03
1.500000000000000000e+03 3.370000000000000000e+02 3.100000000000000000e+01 5.115000000000000000e+03 1.325000000000000000e+03
1.833000000000000000e+03 3.270000000000000000e+02 3.800000000000000000e+01 5.608000000000000000e+03 1.418000000000000000e+03
1.581000000000000000e+03 3.050000000000000000e+02 2.300000000000000000e+01 4.891000000000000000e+03 1.383000000000000000e+03
1.484000000000000000e+03 3.180000000000000000e+02 2.300000000000000000e+01 4.499000000000000000e+03 1.350000000000000000e+03
1.445000000000000000e+03 3.000000000000000000e+02 2.100000000000000000e+01 4.016000000000000000e+03 1.283000000000000000e+03
1.418000000000000000e+03 2.750000000000000000e+02 3.500000000000000000e+01 4.373000000000000000e+03 1.287000000000000000e+03
1.369000000000000000e+03 2.940000000000000000e+02 2.300000000000000000e+01 3.480000000000000000e+03 1.298000000000000000e+03
9.370000000000000000e+02 1.820000000000000000e+02 9.000000000000000000e+00 1.127000000000000000e+03 9.220000000000000000e+02
1.074000000000000000e+03 2.290000000000000000e+02 2.200000000000000000e+01 1.862000000000000000e+03 1.097000000000000000e+03
1.328000000000000000e+03 2.920000000000000000e+02 3.400000000000000000e+01 3.395000000000000000e+03 1.317000000000000000e+03
1.594000000000000000e+03 3.200000000000000000e+02 3.900000000000000000e+01 4.255000000000000000e+03 1.407000000000000000e+03
1.804000000000000000e+03 3.330000000000000000e+02 3.400000000000000000e+01 5.468000000000000000e+03 1.442000000000000000e+03
1.772000000000000000e+03 3.090000000000000000e+02 3.700000000000000000e+01 4.967000000000000000e+03 1.432000000000000000e+03
1.150000000000000000e+03 2.760000000000000000e+02 2.500000000000000000e+01 2.497000000000000000e+03 1.189000000000000000e+03
1.475000000000000000e+03 3.260000000000000000e+02 3.900000000000000000e+01 3.986000000000000000e+03 1.345000000000000000e+03
1.504000000000000000e+03 3.130000000000000000e+02 2.200000000000000000e+01 3.981000000000000000e+03 1.336000000000000000e+03
1.208000000000000000e+03 3.140000000000000000e+02 2.900000000000000000e+01 3.215000000000000000e+03 1.259000000000000000e+03
1.527000000000000000e+03 3.300000000000000000e+02 1.500000000000000000e+01 4.291000000000000000e+03 1.303000000000000000e+03
1.598000000000000000e+03 3.360000000000000000e+02 4.000000000000000000e+01 4.809000000000000000e+03 1.402000000000000000e+03
1.378000000000000000e+03 2.950000000000000000e+02 3.100000000000000000e+01 3.547000000000000000e+03 1.235000000000000000e+03
1.714000000000000000e+03 3.500000000000000000e+02 3.500000000000000000e+01 5.594000000000000000e+03 1.429000000000000000e+03
1.717000000000000000e+03 3.270000000000000000e+02 2.900000000000000000e+01 5.275000000000000000e+03 1.395000000000000000e+03
1.696000000000000000e+03 3.270000000000000000e+02 2.400000000000000000e+01 4.689000000000000000e+03 1.401000000000000000e+03
1.208000000000000000e+03 2.740000000000000000e+02 1.400000000000000000e+01 2.578000000000000000e+03 1.199000000000000000e+03
1.331000000000000000e+03 2.850000000000000000e+02 2.400000000000000000e+01 3.138000000000000000e+03 1.259000000000000000e+03
