2.090000000000000000e+02 3.800000000000000000e+01 2.000000000000000000e+00 1.660000000000000000e+03 2.480000000000000000e+02
2.020000000000000000e+02 3.000000000000000000e+01 3.000000000000000000e+00 1.437000000000000000e+03 2.350000000000000000e+02
2.130000000000000000e+02 3.700000000000000000e+01 2.000000000000000000e+00 1.553000000000000000e+03 2.510000000000000000e+02
2.210000000000000000e+02 2.900000000000000000e+01 0.000000000000000000e+00 1.563000000000000000e+03 2.490000000000000000e+02
2.130000000000000000e+02 2.700000000000000000e+01 2.000000000000000000e+00 1.739000000000000000e+03 2.420000000000000000e+02
1.840000000000000000e+02 2.700000000000000000e+01 1.000000000000000000e+00 1.167000000000000000e+03 2.120000000000000000e+02
2.030000000000000000e+02 3.000000000000000000e+01 2.000000000000000000e+00 1.487000000000000000e+03 2.350000000000000000e+02
1.880000000000000000e+02 2.800000000000000000e+01 1.000000000000000000e+00 1.432000000000000000e+03 2.150000000000000000e+02
1.940000000000000000e+02 3.300000000000000000e+01 0.000000000000000000e+00 1.222000000000000000e+03 2.270000000000000000e+02
1.830000000000000000e+02 2.500000000000000000e+01 3.000000000000000000e+00 1.443000000000000000e+03 2.110000000000000000e+02
2.460000000000000000e+02 2.600000000000000000e+01 1.000000000000000000e+00 1.581000000000000000e+03 2.730000000000000000e+02
2.020000000000000000e+02 2.800000000000000000e+01 3.000000000000000000e+00 1.580000000000000000e+03 2.310000000000000000e+02
1.840000000000000000e+02 2.200000000000000000e+01 2.000000000000000000e+00 1.606000000000000000e+03 2.080000000000000000e+02
1.990000000000000000e+02 2.800000000000000000e+01 0.000000000000000000e+00 1.629000000000000000e+03 2.260000000000000000e+02
2.340000000000000000e+02 2.900000000000000000e+01 1.000000000000000000e+00 1.497000000000000000e+03 2.640000000000000000e+02
2.120000000000000000e+02 2.100000000000000000e+01 1.000000000000000000e+00 1.399000000000000000e+03 2.330000000000000000e+02
1.930000000000000000e+02 3.800000000000000000e+01 2.000000000000000000e+00 1.536000000000000000e+03 2.330000000000000000e+02
2.080000000000000000e+02 4.200000000000000000e+01 2.000000000000000000e+00 1.596000000000000000e+03 2.510000000000000000e+02
2.710000000000000000e+02 3.100000000000000000e+01 1.000000000000000000e+00 1.811000000000000000e+03 3.000000000000000000e+02
1.740000000000000000e+02 3.300000000000000000e+01 2.000000000000000000e+00 1.448000000000000000e+03 2.080000000000000000e+02
1.840000000000000000e+02 2.100000000000000000e+01 3.000000000000000000e+00 1.447000000000000000e+03 2.060000000000000000e+02
2.190000000000000000e+02 2.800000000000000000e+01 2.000000000000000000e+00 1.436000000000000000e+03 2.480000000000000000e+02
1.900000000000000000e+02 4.300000000000000000e+01 2.000000000000000000e+00 1.569000000000000000e+03 2.330000000000000000e+02
1.910000000000000000e+02 2.400000000000000000e+01 1.000000000000000000e+00 1.436000000000000000e+03 2.140000000000000000e+02
2.430000000000000000e+02 2.300000000000000000e+01 2.000000000000000000e+00 1.582000000000000000e+03 2.640000000000000000e+02
1.620000000000000000e+02 3.300000000000000000e+01 2.000000000000000000e+00 1.488000000000000000e+03 1.960000000000000000e+02
2.050000000000000000e+02 2.600000000000000000e+01 1.000000000000000000e+00 1.658000000000000000e+03 2.320000000000000000e+02
2.190000000000000000e+02 3.100000000000000000e+01 2.000000000000000000e+00 1.633000000000000000e+03 2.500000000000000000e+02
1.940000000000000000e+02 2.800000000000000000e+01 0.000000000000000000e+00 1.502000000000000000e+03 2.220000000000000000e+02
2.330000000000000000e+02 3.400000000000000000e+01 1.000000000000000000e+00 1.541000000000000000e+03 2.660000000000000000e+02
2.270000000000000000e+02 3.700000000000000000e+01 3.000000000000000000e+00 1.668000000000000000e+03 2.660000000000000000e+02
2.270000000000000000e+02 2.100000000000000000e+01 0.000000000000000000e+00 1.473000000000000000e+03 2.480000000000000000e+02
2.040000000000000000e+02 3.000000000000000000e+01 1.000000000000000000e+00 1.482000000000000000e+03 2.350000000000000000e+02
2.100000000000000000e+02 1.900000000000000000e+01 0.000000000000000000e+00 1.669000000000000000e+03 2.280000000000000000e+02
2.080000000000000000e+02 3.800000000000000000e+01 0.000000000000000000e+00 1.532000000000000000e+03 2.450000000000000000e+02
1.900000000000000000e+02 2.900000000000000000e+01 1.000000000000000000e+00 1.518000000000000000e+03 2.200000000000000000e+02
2.210000000000000000e+02 2.600000000000000000e+01 0.000000000000000000e+00 1.352000000000000000e+03 2.460000000000000000e+02
2.030000000000000000e+02 2.200000000000000000e+01 1.000000000000000000e+00 1.548000000000000000e+03 2.250000000000000000e+02
1.790000000000000000e+02 2.600000000000000000e+01 1.000000000000000000e+00 1.051000000000000000e+03 2.030000000000000000e+02
1.740000000000000000e+02 2.700000000000000000e+01 3.000000000000000000e+00 1.422000000000000000e+03 2.000000000000000000e+02
1.910000000000000000e+02 1.600000000000000000e+01 1.000000000000000000e+00 1.446000000000000000e+03 2.080000000000000000e+02
1.810000000000000000e+02 1.700000000000000000e+01 0.000000000000000000e+00 1.116000000000000000e+03 1.970000000000000000e+02
1.910000000000000000e+02 1.900000000000000000e+01 0.000000000000000000e+00 1.310000000000000000e+03 2.100000000000000000e+02
1.500000000000000000e+02 1.600000000000000000e+01 1.000000000000000000e+00 1.203000000000000000e+03 1.660000000000000000e+02
1.940000000000000000e+02 2.800000000000000000e+01 1.000000000000000000e+00 1.492000000000000000e+03 2.230000000000000000e+02
1.840000000000000000e+02 2.200000000000000000e+01 2.000000000000000000e+00 1.190000000000000000e+03 2.070000000000000000e+02
1.870000000000000000e+02 2.500000000000000000e+01 0.000000000000000000e+00 1.268000000000000000e+03 2.120000000000000000e+02
1.790000000000000000e+02 3.100000000000000000e+01 0.000000000000000000e+00 1.418000000000000000e+03 2.100000000000000000e+02
1.870000000000000000e+02 3.600000000000000000e+01 3.000000000000000000e+00 1.529000000000000000e+03 2.250000000000000000e+02
2.060000000000000000e+02 3.400000000000000000e+01 2.000000000000000000e+00 1.242000000000000000e+03 2.410000000000000000e+02
1.670000000000000000e+02 3.300000000000000000e+01 1.000000000000000000e+00 1.297000000000000000e+03 2.010000000000000000e+02
2.080000000000000000e+02 2.100000000000000000e+01 1.000000000000000000e+00 1.603000000000000000e+03 2.300000000000000000e+02
1.880000000000000000e+02 3.100000000000000000e+01 0.000000000000000000e+00 1.634000000000000000e+03 2.180000000000000000e+02
2.080000000000000000e+02 1.900000000000000000e+01 0.000000000000000000e+00 1.472000000000000000e+03 2.270000000000000000e+02
2.470000000000000000e+02 2.100000000000000000e+01 0.000000000000000000e+00 1.544000000000000000e+03 2.670000000000000000e+02
2.280000000000000000e+02 2.800000000000000000e+01 2.000000000000000000e+00 1.555000000000000000e+03 2.580000000000000000e+02
2.190000000000000000e+02 3.100000000000000000e+01 0.000000000000000000e+00 1.540000000000000000e+03 2.500000000000000000e+02
2.210000000000000000e+02 2.600000000000000000e+01 0.000000000000000000e+00 1.606000000000000000e+03 2.470000000000000000e+02
2.080000000000000000e+02 2.300000000000000000e+01 1.000000000000000000e+00 1.516000000000000000e+03 2.320000000000000000e+02
1.850000000000000000e+02 2.800000000000000000e+01 2.000000000000000000e+00 1.537000000000000000e+03 2.140000000000000000e+02
2.300000000000000000e+02 2.900000000000000000e+01 2.000000000000000000e+00 1.555000000000000000e+03 2.610000000000000000e+02
2.130000000000000000e+02 1.900000000000000000e+01 0.000000000000000000e+00 1.501000000000000000e+03 2.310000000000000000e+02
1.880000000000000000e+02 3.000000000000000000e+01 1.000000000000000000e+00 1.444000000000000000e+03 2.170000000000000000e+02
1.830000000000000000e+02 3.200000000000000000e+01 3.000000000000000000e+00 1.534000000000000000e+03 2.170000000000000000e+02
2.380000000000000000e+02 2.000000000000000000e+01 0.000000000000000000e+00 1.455000000000000000e+03 2.570000000000000000e+02
2.120000000000000000e+02 2.300000000000000000e+01 3.000000000000000000e+00 1.405000000000000000e+03 2.380000000000000000e+02
2.120000000000000000e+02 2.000000000000000000e+01 2.000000000000000000e+00 1.363000000000000000e+03 2.340000000000000000e+02
2.060000000000000000e+02 2.200000000000000000e+01 1.000000000000000000e+00 1.356000000000000000e+03 2.260000000000000000e+02
2.300000000000000000e+02 2.700000000000000000e+01 3.000000000000000000e+00 1.508000000000000000e+03 2.590000000000000000e+02
1.980000000000000000e+02 2.500000000000000000e+01 0.000000000000000000e+00 1.541000000000000000e+03 2.230000000000000000e+02
1.790000000000000000e+02 2.600000000000000000e+01 2.000000000000000000e+00 1.414000000000000000e+03 2.070000000000000000e+02
2.020000000000000000e+02 2.800000000000000000e+01 2.000000000000000000e+00 1.206000000000000000e+03 2.320000000000000000e+02
2.210000000000000000e+02 2.100000000000000000e+01 1.000000000000000000e+00 1.435000000000000000e+03 2.430000000000000000e+02
1.650000000000000000e+02 2.500000000000000000e+01 1.000000000000000000e+00 1.229000000000000000e+03 1.910000000000000000e+02
1.620000000000000000e+02 2.600000000000000000e+01 0.000000000000000000e+00 1.485000000000000000e+03 1.880000000000000000e+02
1.670000000000000000e+02 2.800000000000000000e+01 1.000000000000000000e+00 1.588000000000000000e+03 1.960000000000000000e+02
1.890000000000000000e+02 1.600000000000000000e+01 0.000000000000000000e+00 1.121000000000000000e+03 2.050000000000000000e+02
2.030000000000000000e+02 3.200000000000000000e+01 2.000000000000000000e+00 1.437000000000000000e+03 2.370000000000000000e+02
2.080000000000000000e+02 3.300000000000000000e+01 1.000000000000000000e+00 1.500000000000000000e+03 2.410000000000000000e+02
1.910000000000000000e+02 3.100000000000000000e+01 2.000000000000000000e+00 1.124000000000000000e+03 2.240000000000000000e+02
2.130000000000000000e+02 3.300000000000000000e+01 1.000000000000000000e+00 1.490000000000000000e+03 2.460000000000000000e+02
2.160000000000000000e+02 2.300000000000000000e+01 1.000000000000000000e+00 1.604000000000000000e+03 2.400000000000000000e+02
2.030000000000000000e+02 3.200000000000000000e+01 2.000000000000000000e+00 1.547000000000000000e+03 2.360000000000000000e+02
2.360000000000000000e+02 3.000000000000000000e+01 2.000000000000000000e+00 1.622000000000000000e+03 2.670000000000000000e+02
2.090000000000000000e+02 2.700000000000000000e+01 2.000000000000000000e+00 1.493000000000000000e+03 2.370000000000000000e+02
2.090000000000000000e+02 3.100000000000000000e+01 2.000000000000000000e+00 1.451000000000000000e+03 2.410000000000000000e+02
2.140000000000000000e+02 2.900000000000000000e+01 1.000000000000000000e+00 1.610000000000000000e+03 2.440000000000000000e+02
2.290000000000000000e+02 2.500000000000000000e+01 0.000000000000000000e+00 1.547000000000000000e+03 2.530000000000000000e+02
2.310000000000000000e+02 3.000000000000000000e+01 2.000000000000000000e+00 1.446000000000000000e+03 2.630000000000000000e+02
2.050000000000000000e+02 2.600000000000000000e+01 0.000000000000000000e+00 1.403000000000000000e+03 2.300000000000000000e+02
2.010000000000000000e+02 2.900000000000000000e+01 3.000000000000000000e+00 1.261000000000000000e+03 2.330000000000000000e+02
2.080000000000000000e+02 2.800000000000000000e+01 1.000000000000000000e+00 1.557000000000000000e+03 2.350000000000000000e+02
1.930000000000000000e+02 1.800000000000000000e+01 0.000000000000000000e+00 1.357000000000000000e+03 2.100000000000000000e+02
2.100000000000000000e+02 2.500000000000000000e+01 4.000000000000000000e+00 1.720000000000000000e+03 2.370000000000000000e+02
1.670000000000000000e+02 3.300000000000000000e+01 0.000000000000000000e+00 1.444000000000000000e+03 1.990000000000000000e+02
1.670000000000000000e+02 2.900000000000000000e+01 2.000000000000000000e+00 1.297000000000000000e+03 1.970000000000000000e+02
2.260000000000000000e+02 3.300000000000000000e+01 3.000000000000000000e+00 1.418000000000000000e+03 2.610000000000000000e+02
1.990000000000000000e+02 2.500000000000000000e+01 3.000000000000000000e+00 1.392000000000000000e+03 2.250000000000000000e+02
2.200000000000000000e+02 2.500000000000000000e+01 0.000000000000000000e+00 1.475000000000000000e+03 2.450000000000000000e+02
1.770000000000000000e+02 3.200000000000000000e+01 2.000000000000000000e+00 1.345000000000000000e+03 2.110000000000000000e+02
2.100000000000000000e+02 2.700000000000000000e+01 1.000000000000000000e+00 1.648000000000000000e+03 2.370000000000000000e+02
2.190000000000000000e+02 2.400000000000000000e+01 0.000000000000000000e+00 1.676000000000000000e+03 2.420000000000000000e+02
2.140000000000000000e+02 2.900000000000000000e+01 1.000000000000000000e+00 1.497000000000000000e+03 2.430000000000000000e+02
2.230000000000000000e+02 1.800000000000000000e+01 0.000000000000000000e+00 1.470000000000000000e+03 2.400000000000000000e+02
1.700000000000000000e+02 3.300000000000000000e+01 1.000000000000000000e+00 1.320000000000000000e+03 2.030000000000000000e+02
2.140000000000000000e+02 2.800000000000000000e+01 4.000000000000000000e+00 1.617000000000000000e+03 2.460000000000000000e+02
1.570000000000000000e+02 2.200000000000000000e+01 2.000000000000000000e+00 1.070000000000000000e+03 1.810000000000000000e+02
1.870000000000000000e+02 4.000000000000000000e+01 1.000000000000000000e+00 1.486000000000000000e+03 2.280000000000000000e+02
2.420000000000000000e+02 2.600000000000000000e+01 3.000000000000000000e+00 1.470000000000000000e+03 2.710000000000000000e+02
2.290000000000000000e+02 2.500000000000000000e+01 2.000000000000000000e+00 1.583000000000000000e+03 2.550000000000000000e+02
1.940000000000000000e+02 2.100000000000000000e+01 2.000000000000000000e+00 1.351000000000000000e+03 2.160000000000000000e+02
1.480000000000000000e+02 2.800000000000000000e+01 1.000000000000000000e+00 1.269000000000000000e+03 1.760000000000000000e+02
2.270000000000000000e+02 4.000000000000000000e+01 1.000000000000000000e+00 1.757000000000000000e+03 2.670000000000000000e+02
1.970000000000000000e+02 3.300000000000000000e+01 4.000000000000000000e+00 1.519000000000000000e+03 2.330000000000000000e+02
1.900000000000000000e+02 1.800000000000000000e+01 3.000000000000000000e+00 1.314000000000000000e+03 2.100000000000000000e+02
1.530000000000000000e+02 2.500000000000000000e+01 0.000000000000000000e+00 8.970000000000000000e+02 1.770000000000000000e+02
2.360000000000000000e+02 3.400000000000000000e+01 2.000000000000000000e+00 1.557000000000000000e+03 2.720000000000000000e+02
1.680000000000000000e+02 2.900000000000000000e+01 1.000000000000000000e+00 1.389000000000000000e+03 1.960000000000000000e+02
2.210000000000000000e+02 2.200000000000000000e+01 1.000000000000000000e+00 1.568000000000000000e+03 2.430000000000000000e+02
2.410000000000000000e+02 2.900000000000000000e+01 2.000000000000000000e+00 1.702000000000000000e+03 2.700000000000000000e+02
2.140000000000000000e+02 2.000000000000000000e+01 2.000000000000000000e+00 1.422000000000000000e+03 2.360000000000000000e+02
2.080000000000000000e+02 3.000000000000000000e+01 1.000000000000000000e+00 1.423000000000000000e+03 2.380000000000000000e+02
2.660000000000000000e+02 2.500000000000000000e+01 1.000000000000000000e+00 1.626000000000000000e+03 2.870000000000000000e+02
1.930000000000000000e+02 2.400000000000000000e+01 3.000000000000000000e+00 1.459000000000000000e+03 2.180000000000000000e+02
2.130000000000000000e+02 2.600000000000000000e+01 0.000000000000000000e+00 1.641000000000000000e+03 2.380000000000000000e+02
2.030000000000000000e+02 3.000000000000000000e+01 2.000000000000000000e+00 1.601000000000000000e+03 2.340000000000000000e+02
1.840000000000000000e+02 1.600000000000000000e+01 2.000000000000000000e+00 1.241000000000000000e+03 2.020000000000000000e+02
1.760000000000000000e+02 1.800000000000000000e+01 2.000000000000000000e+00 1.555000000000000000e+03 1.960000000000000000e+02
2.090000000000000000e+02 2.700000000000000000e+01 1.000000000000000000e+00 1.400000000000000000e+03 2.370000000000000000e+02
2.450000000000000000e+02 3.400000000000000000e+01 2.000000000000000000e+00 1.574000000000000000e+03 2.810000000000000000e+02
2.110000000000000000e+02 3.000000000000000000e+01 0.000000000000000000e+00 1.324000000000000000e+03 2.390000000000000000e+02
1.850000000000000000e+02 3.300000000000000000e+01 2.000000000000000000e+00 1.419000000000000000e+03 2.190000000000000000e+02
1.860000000000000000e+02 3.000000000000000000e+01 2.000000000000000000e+00 1.367000000000000000e+03 2.170000000000000000e+02
1.820000000000000000e+02 3.400000000000000000e+01 3.000000000000000000e+00 1.325000000000000000e+03 2.170000000000000000e+02
2.150000000000000000e+02 2.600000000000000000e+01 1.000000000000000000e+00 1.462000000000000000e+03 2.410000000000000000e+02
1.800000000000000000e+02 3.000000000000000000e+01 1.000000000000000000e+00 1.304000000000000000e+03 2.100000000000000000e+02
1.820000000000000000e+02 2.400000000000000000e+01 3.000000000000000000e+00 1.380000000000000000e+03 2.080000000000000000e+02
2.070000000000000000e+02 2.200000000000000000e+01 1.000000000000000000e+00 1.318000000000000000e+03 2.290000000000000000e+02
2.100000000000000000e+02 3.500000000000000000e+01 2.000000000000000000e+00 1.502000000000000000e+03 2.470000000000000000e+02
2.240000000000000000e+02 3.200000000000000000e+01 5.000000000000000000e+00 1.594000000000000000e+03 2.600000000000000000e+02
2.330000000000000000e+02 3.000000000000000000e+01 5.000000000000000000e+00 1.548000000000000000e+03 2.670000000000000000e+02
2.380000000000000000e+02 3.100000000000000000e+01 0.000000000000000000e+00 1.488000000000000000e+03 2.680000000000000000e+02
1.770000000000000000e+02 3.300000000000000000e+01 2.000000000000000000e+00 1.451000000000000000e+03 2.110000000000000000e+02
1.970000000000000000e+02 3.800000000000000000e+01 1.000000000000000000e+00 1.533000000000000000e+03 2.340000000000000000e+02
2.210000000000000000e+02 2.800000000000000000e+01 0.000000000000000000e+00 1.334000000000000000e+03 2.480000000000000000e+02
2.320000000000000000e+02 2.800000000000000000e+01 1.000000000000000000e+00 1.525000000000000000e+03 2.610000000000000000e+02
2.170000000000000000e+02 2.900000000000000000e+01 2.000000000000000000e+00 1.438000000000000000e+03 2.460000000000000000e+02
1.730000000000000000e+02 2.500000000000000000e+01 0.000000000000000000e+00 1.342000000000000000e+03 1.970000000000000000e+02
2.020000000000000000e+02 2.500000000000000000e+01 0.000000000000000000e+00 1.604000000000000000e+03 2.260000000000000000e+02
2.250000000000000000e+02 3.900000000000000000e+01 0.000000000000000000e+00 1.569000000000000000e+03 2.630000000000000000e+02
1.970000000000000000e+02 1.700000000000000000e+01 1.000000000000000000e+00 1.346000000000000000e+03 2.150000000000000000e+02
1.800000000000000000e+02 3.100000000000000000e+01 1.000000000000000000e+00 1.454000000000000000e+03 2.120000000000000000e+02
2.480000000000000000e+02 3.200000000000000000e+01 1.000000000000000000e+00 1.395000000000000000e+03 2.810000000000000000e+02
2.180000000000000000e+02 2.900000000000000000e+01 1.000000000000000000e+00 1.437000000000000000e+03 2.480000000000000000e+02
1.820000000000000000e+02 2.500000000000000000e+01 3.000000000000000000e+00 1.715000000000000000e+03 2.100000000000000000e+02
2.010000000000000000e+02 2.700000000000000000e+01 2.000000000000000000e+00 1.427000000000000000e+03 2.300000000000000000e+02
2.210000000000000000e+02 2.400000000000000000e+01 1.000000000000000000e+00 1.554000000000000000e+03 2.430000000000000000e+02
2.230000000000000000e+02 2.200000000000000000e+01 1.000000000000000000e+00 1.610000000000000000e+03 2.460000000000000000e+02
1.530000000000000000e+02 2.500000000000000000e+01 1.000000000000000000e+00 1.471000000000000000e+03 1.760000000000000000e+02
2.000000000000000000e+02 2.500000000000000000e+01 0.000000000000000000e+00 1.663000000000000000e+03 2.230000000000000000e+02
1.770000000000000000e+02 3.100000000000000000e+01 1.000000000000000000e+00 1.358000000000000000e+03 2.080000000000000000e+02
1.960000000000000000e+02 2.700000000000000000e+01 3.000000000000000000e+00 1.475000000000000000e+03 2.240000000000000000e+02
2.010000000000000000e+02 2.200000000000000000e+01 0.000000000000000000e+00 1.320000000000000000e+03 2.220000000000000000e+02
1.850000000000000000e+02 2.900000000000000000e+01 3.000000000000000000e+00 1.501000000000000000e+03 2.160000000000000000e+02
1.790000000000000000e+02 2.600000000000000000e+01 3.000000000000000000e+00 1.155000000000000000e+03 2.070000000000000000e+02
2.090000000000000000e+02 2.400000000000000000e+01 1.000000000000000000e+00 1.458000000000000000e+03 2.340000000000000000e+02
1.700000000000000000e+02 2.800000000000000000e+01 2.000000000000000000e+00 1.458000000000000000e+03 1.990000000000000000e+02
2.040000000000000000e+02 1.800000000000000000e+01 4.000000000000000000e+00 1.527000000000000000e+03 2.250000000000000000e+02
2.010000000000000000e+02 2.500000000000000000e+01 0.000000000000000000e+00 1.434000000000000000e+03 2.260000000000000000e+02
1.620000000000000000e+02 2.500000000000000000e+01 0.000000000000000000e+00 1.392000000000000000e+03 1.860000000000000000e+02
2.130000000000000000e+02 2.300000000000000000e+01 0.000000000000000000e+00 1.475000000000000000e+03 2.350000000000000000e+02
2.000000000000000000e+02 3.000000000000000000e+01 1.000000000000000000e+00 1.448000000000000000e+03 2.280000000000000000e+02
2.000000000000000000e+02 3.900000000000000000e+01 3.000000000000000000e+00 1.478000000000000000e+03 2.410000000000000000e+02
2.110000000000000000e+02 3.400000000000000000e+01 2.000000000000000000e+00 1.468000000000000000e+03 2.450000000000000000e+02
2.180000000000000000e+02 3.100000000000000000e+01 0.000000000000000000e+00 1.557000000000000000e+03 2.470000000000000000e+02
1.820000000000000000e+02 4.400000000000000000e+01 1.000000000000000000e+00 1.722000000000000000e+03 2.270000000000000000e+02
2.240000000000000000e+02 2.100000000000000000e+01 3.000000000000000000e+00 1.612000000000000000e+03 2.480000000000000000e+02
2.170000000000000000e+02 3.300000000000000000e+01 1.000000000000000000e+00 1.473000000000000000e+03 2.500000000000000000e+02
1.720000000000000000e+02 1.900000000000000000e+01 0.000000000000000000e+00 1.118000000000000000e+03 1.910000000000000000e+02
1.970000000000000000e+02 2.700000000000000000e+01 3.000000000000000000e+00 1.621000000000000000e+03 2.260000000000000000e+02
2.310000000000000000e+02 2.900000000000000000e+01 1.000000000000000000e+00 1.614000000000000000e+03 2.610000000000000000e+02
1.710000000000000000e+02 1.900000000000000000e+01 0.000000000000000000e+00 7.440000000000000000e+02 1.880000000000000000e+02
2.040000000000000000e+02 2.000000000000000000e+01 1.000000000000000000e+00 1.494000000000000000e+03 2.250000000000000000e+02
2.240000000000000000e+02 2.500000000000000000e+01 1.000000000000000000e+00 1.497000000000000000e+03 2.490000000000000000e+02
2.570000000000000000e+02 3.000000000000000000e+01 3.000000000000000000e+00 1.631000000000000000e+03 2.900000000000000000e+02
2.410000000000000000e+02 3.300000000000000000e+01 1.000000000000000000e+00 1.422000000000000000e+03 2.720000000000000000e+02
1.950000000000000000e+02 2.100000000000000000e+01 1.000000000000000000e+00 1.406000000000000000e+03 2.160000000000000000e+02
2.120000000000000000e+02 2.700000000000000000e+01 1.000000000000000000e+00 1.421000000000000000e+03 2.390000000000000000e+02
2.070000000000000000e+02 2.500000000000000000e+01 1.000000000000000000e+00 1.563000000000000000e+03 2.320000000000000000e+02
2.020000000000000000e+02 2.100000000000000000e+01 0.000000000000000000e+00 1.507000000000000000e+03 2.220000000000000000e+02
1.980000000000000000e+02 1.700000000000000000e+01 1.000000000000000000e+00 1.506000000000000000e+03 2.150000000000000000e+02
2.000000000000000000e+02 3.300000000000000000e+01 0.000000000000000000e+00 1.557000000000000000e+03 2.330000000000000000e+02
2.060000000000000000e+02 2.600000000000000000e+01 2.000000000000000000e+00 1.507000000000000000e+03 2.330000000000000000e+02
2.170000000000000000e+02 2.400000000000000000e+01 0.000000000000000000e+00 1.479000000000000000e+03 2.400000000000000000e+02
1.950000000000000000e+02 3.100000000000000000e+01 0.000000000000000000e+00 1.418000000000000000e+03 2.240000000000000000e+02
1.670000000000000000e+02 3.100000000000000000e+01 3.000000000000000000e+00 1.493000000000000000e+03 2.000000000000000000e+02
2.050000000000000000e+02 2.700000000000000000e+01 2.000000000000000000e+00 1.456000000000000000e+03 2.310000000000000000e+02
1.970000000000000000e+02 2.700000000000000000e+01 0.000000000000000000e+00 1.417000000000000000e+03 2.240000000000000000e+02
1.830000000000000000e+02 2.200000000000000000e+01 1.000000000000000000e+00 1.364000000000000000e+03 2.040000000000000000e+02
2.130000000000000000e+02 2.700000000000000000e+01 1.000000000000000000e+00 1.487000000000000000e+03 2.380000000000000000e+02
2.230000000000000000e+02 2.600000000000000000e+01 2.000000000000000000e+00 1.697000000000000000e+03 2.490000000000000000e+02
2.240000000000000000e+02 2.900000000000000000e+01 1.000000000000000000e+00 1.394000000000000000e+03 2.540000000000000000e+02
2.130000000000000000e+02 3.000000000000000000e+01 1.000000000000000000e+00 1.601000000000000000e+03 2.420000000000000000e+02
2.180000000000000000e+02 2.200000000000000000e+01 1.000000000000000000e+00 1.436000000000000000e+03 2.410000000000000000e+02
2.180000000000000000e+02 3.600000000000000000e+01 1.000000000000000000e+00 1.567000000000000000e+03 2.550000000000000000e+02
2.070000000000000000e+02 2.800000000000000000e+01 1.000000000000000000e+00 1.477000000000000000e+03 2.360000000000000000e+02
2.140000000000000000e+02 3.500000000000000000e+01 0.000000000000000000e+00 1.556000000000000000e+03 2.470000000000000000e+02
2.120000000000000000e+02 3.400000000000000000e+01 1.000000000000000000e+00 1.420000000000000000e+03 2.470000000000000000e+02
1.910000000000000000e+02 2.400000000000000000e+01 1.000000000000000000e+00 1.385000000000000000e+03 2.160000000000000000e+02
1.890000000000000000e+02 2.400000000000000000e+01 0.000000000000000000e+00 1.128000000000000000e+03 2.130000000000000000e+02
2.070000000000000000e+02 3.700000000000000000e+01 3.000000000000000000e+00 1.374000000000000000e+03 2.460000000000000000e+02
1.950000000000000000e+02 2.600000000000000000e+01 3.000000000000000000e+00 1.387000000000000000e+03 2.240000000000000000e+02
2.180000000000000000e+02 2.000000000000000000e+01 1.000000000000000000e+00 1.635000000000000000e+03 2.380000000000000000e+02
1.580000000000000000e+02 2.100000000000000000e+01 1.000000000000000000e+00 1.136000000000000000e+03 1.800000000000000000e+02
2.090000000000000000e+02 3.700000000000000000e+01 0.000000000000000000e+00 1.551000000000000000e+03 2.450000000000000000e+02
2.150000000000000000e+02 3.100000000000000000e+01 1.000000000000000000e+00 1.469000000000000000e+03 2.460000000000000000e+02
1.950000000000000000e+02 2.300000000000000000e+01 2.000000000000000000e+00 1.389000000000000000e+03 2.170000000000000000e+02
1.950000000000000000e+02 2.100000000000000000e+01 0.000000000000000000e+00 1.486000000000000000e+03 2.150000000000000000e+02
1.710000000000000000e+02 3.300000000000000000e+01 0.000000000000000000e+00 1.414000000000000000e+03 2.030000000000000000e+02
2.120000000000000000e+02 2.700000000000000000e+01 1.000000000000000000e+00 1.375000000000000000e+03 2.390000000000000000e+02
2.260000000000000000e+02 3.900000000000000000e+01 1.000000000000000000e+00 1.589000000000000000e+03 2.660000000000000000e+02
1.900000000000000000e+02 2.300000000000000000e+01 2.000000000000000000e+00 1.296000000000000000e+03 2.150000000000000000e+02
1.780000000000000000e+02 3.100000000000000000e+01 1.000000000000000000e+00 1.393000000000000000e+03 2.100000000000000000e+02
2.070000000000000000e+02 2.200000000000000000e+01 0.000000000000000000e+00 1.697000000000000000e+03 2.280000000000000000e+02
2.000000000000000000e+02 2.300000000000000000e+01 1.000000000000000000e+00 1.540000000000000000e+03 2.220000000000000000e+02
2.210000000000000000e+02 2.600000000000000000e+01 2.000000000000000000e+00 1.497000000000000000e+03 2.460000000000000000e+02
2.060000000000000000e+02 2.400000000000000000e+01 0.000000000000000000e+00 1.415000000000000000e+03 2.270000000000000000e+02
2.300000000000000000e+02 2.200000000000000000e+01 1.000000000000000000e+00 1.457000000000000000e+03 2.510000000000000000e+02
2.090000000000000000e+02 3.400000000000000000e+01 4.000000000000000000e+00 1.455000000000000000e+03 2.460000000000000000e+02
2.170000000000000000e+02 2.400000000000000000e+01 1.000000000000000000e+00 1.436000000000000000e+03 2.420000000000000000e+02
1.860000000000000000e+02 2.200000000000000000e+01 1.000000000000000000e+00 1.480000000000000000e+03 2.080000000000000000e+02
1.990000000000000000e+02 2.900000000000000000e+01 2.000000000000000000e+00 1.469000000000000000e+03 2.300000000000000000e+02
1.860000000000000000e+02 2.700000000000000000e+01 0.000000000000000000e+00 1.442000000000000000e+03 2.130000000000000000e+02
2.020000000000000000e+02 3.500000000000000000e+01 2.000000000000000000e+00 1.638000000000000000e+03 2.380000000000000000e+02
2.140000000000000000e+02 3.600000000000000000e+01 3.000000000000000000e+00 1.441000000000000000e+03 2.520000000000000000e+02
2.040000000000000000e+02 2.600000000000000000e+01 2.000000000000000000e+00 1.350000000000000000e+03 2.320000000000000000e+02
2.010000000000000000e+02 3.400000000000000000e+01 1.000000000000000000e+00 1.532000000000000000e+03 2.360000000000000000e+02
2.170000000000000000e+02 2.700000000000000000e+01 0.000000000000000000e+00 1.351000000000000000e+03 2.430000000000000000e+02
1.950000000000000000e+02 1.500000000000000000e+01 1.000000000000000000e+00 1.271000000000000000e+03 2.100000000000000000e+02
1.930000000000000000e+02 3.500000000000000000e+01 3.000000000000000000e+00 1.365000000000000000e+03 2.310000000000000000e+02
2.000000000000000000e+02 4.100000000000000000e+01 1.000000000000000000e+00 1.457000000000000000e+03 2.420000000000000000e+02
2.340000000000000000e+02 2.400000000000000000e+01 1.000000000000000000e+00 1.600000000000000000e+03 2.560000000000000000e+02
1.680000000000000000e+02 2.900000000000000000e+01 0.000000000000000000e+00 1.280000000000000000e+03 1.960000000000000000e+02
2.090000000000000000e+02 2.200000000000000000e+01 0.000000000000000000e+00 1.528000000000000000e+03 2.300000000000000000e+02
2.130000000000000000e+02 2.000000000000000000e+01 0.000000000000000000e+00 1.457000000000000000e+03 2.330000000000000000e+02
2.310000000000000000e+02 2.400000000000000000e+01 1.000000000000000000e+00 1.577000000000000000e+03 2.560000000000000000e+02
2.160000000000000000e+02 2.800000000000000000e+01 2.000000000000000000e+00 1.428000000000000000e+03 2.450000000000000000e+02
1.880000000000000000e+02 2.100000000000000000e+01 0.000000000000000000e+00 1.299000000000000000e+03 2.090000000000000000e+02
2.220000000000000000e+02 2.200000000000000000e+01 3.000000000000000000e+00 1.548000000000000000e+03 2.470000000000000000e+02
2.280000000000000000e+02 3.200000000000000000e+01 1.000000000000000000e+00 1.573000000000000000e+03 2.600000000000000000e+02
