4.940000000000000000e+02 1.110000000000000000e+02 5.000000000000000000e+00 3.138000000000000000e+03 5.620000000000000000e+02
6.140000000000000000e+02 1.290000000000000000e+02 5.000000000000000000e+00 3.559000000000000000e+03 6.480000000000000000e+02
6.160000000000000000e+02 1.320000000000000000e+02 9.000000000000000000e+00 3.911000000000000000e+03 6.750000000000000000e+02
5.630000000000000000e+02 1.440000000000000000e+02 1.000000000000000000e+01 3.748000000000000000e+03 6.340000000000000000e+02
6.030000000000000000e+02 1.440000000000000000e+02 1.500000000000000000e+01 3.901000000000000000e+03 6.620000000000000000e+02
6.870000000000000000e+02 1.460000000000000000e+02 1.100000000000000000e+01 4.109000000000000000e+03 7.050000000000000000e+02
6.410000000000000000e+02 1.540000000000000000e+02 1.300000000000000000e+01 4.204000000000000000e+03 6.990000000000000000e+02
6.670000000000000000e+02 1.530000000000000000e+02 8.000000000000000000e+00 3.848000000000000000e+03 7.380000000000000000e+02
6.330000000000000000e+02 1.270000000000000000e+02 9.000000000000000000e+00 4.322000000000000000e+03 6.440000000000000000e+02
4.980000000000000000e+02 1.340000000000000000e+02 6.000000000000000000e+00 3.477000000000000000e+03 6.020000000000000000e+02
4.270000000000000000e+02 1.140000000000000000e+02 8.000000000000000000e+00 3.379000000000000000e+03 5.230000000000000000e+02
5.800000000000000000e+02 1.420000000000000000e+02 7.000000000000000000e+00 3.937000000000000000e+03 6.660000000000000000e+02
5.120000000000000000e+02 1.030000000000000000e+02 1.000000000000000000e+01 3.706000000000000000e+03 5.790000000000000000e+02
4.440000000000000000e+02 1.070000000000000000e+02 4.000000000000000000e+00 3.036000000000000000e+03 5.270000000000000000e+02
5.550000000000000000e+02 1.250000000000000000e+02 1.100000000000000000e+01 3.369000000000000000e+03 6.460000000000000000e+02
6.040000000000000000e+02 1.530000000000000000e+02 9.000000000000000000e+00 3.876000000000000000e+03 6.890000000000000000e+02
5.960000000000000000e+02 1.190000000000000000e+02 1.200000000000000000e+01 3.776000000000000000e+03 6.140000000000000000e+02
5.760000000000000000e+02 1.310000000000000000e+02 4.000000000000000000e+00 3.678000000000000000e+03 6.500000000000000000e+02
6.190000000000000000e+02 1.340000000000000000e+02 9.000000000000000000e+00 3.814000000000000000e+03 6.730000000000000000e+02
6.110000000000000000e+02 1.180000000000000000e+02 8.000000000000000000e+00 3.600000000000000000e+03 6.730000000000000000e+02
5.190000000000000000e+02 1.420000000000000000e+02 1.400000000000000000e+01 3.728000000000000000e+03 6.210000000000000000e+02
6.080000000000000000e+02 1.280000000000000000e+02 7.000000000000000000e+00 3.629000000000000000e+03 6.610000000000000000e+02
6.220000000000000000e+02 1.430000000000000000e+02 1.600000000000000000e+01 4.113000000000000000e+03 6.880000000000000000e+02
4.770000000000000000e+02 1.220000000000000000e+02 1.100000000000000000e+01 3.264000000000000000e+03 5.820000000000000000e+02
6.150000000000000000e+02 1.430000000000000000e+02 9.000000000000000000e+00 3.953000000000000000e+03 6.290000000000000000e+02
5.700000000000000000e+02 1.730000000000000000e+02 5.000000000000000000e+00 4.145000000000000000e+03 6.530000000000000000e+02
6.830000000000000000e+02 1.530000000000000000e+02 7.000000000000000000e+00 3.948000000000000000e+03 7.250000000000000000e+02
5.410000000000000000e+02 1.360000000000000000e+02 1.000000000000000000e+01 3.513000000000000000e+03 6.440000000000000000e+02
6.960000000000000000e+02 1.400000000000000000e+02 9.000000000000000000e+00 4.334000000000000000e+03 6.800000000000000000e+02
5.390000000000000000e+02 1.170000000000000000e+02 1.300000000000000000e+01 3.399000000000000000e+03 6.120000000000000000e+02
5.430000000000000000e+02 1.450000000000000000e+02 5.000000000000000000e+00 4.016000000000000000e+03 6.220000000000000000e+02
5.430000000000000000e+02 1.460000000000000000e+02 1.500000000000000000e+01 4.126000000000000000e+03 6.430000000000000000e+02
5.310000000000000000e+02 1.280000000000000000e+02 1.300000000000000000e+01 4.093000000000000000e+03 6.390000000000000000e+02
6.600000000000000000e+02 1.250000000000000000e+02 3.000000000000000000e+00 3.883000000000000000e+03 6.840000000000000000e+02
5.550000000000000000e+02 1.130000000000000000e+02 6.000000000000000000e+00 3.607000000000000000e+03 6.370000000000000000e+02
5.210000000000000000e+02 1.260000000000000000e+02 7.000000000000000000e+00 3.658000000000000000e+03 6.030000000000000000e+02
4.450000000000000000e+02 1.070000000000000000e+02 1.000000000000000000e+01 2.849000000000000000e+03 5.510000000000000000e+02
6.110000000000000000e+02 1.080000000000000000e+02 3.000000000000000000e+00 3.552000000000000000e+03 6.510000000000000000e+02
5.480000000000000000e+02 1.420000000000000000e+02 6.000000000000000000e+00 3.840000000000000000e+03 6.290000000000000000e+02
4.620000000000000000e+02 1.200000000000000000e+02 7.000000000000000000e+00 3.321000000000000000e+03 5.310000000000000000e+02
6.510000000000000000e+02 1.420000000000000000e+02 1.000000000000000000e+01 3.875000000000000000e+03 7.090000000000000000e+02
5.480000000000000000e+02 1.470000000000000000e+02 1.000000000000000000e+01 3.790000000000000000e+03 6.400000000000000000e+02
5.840000000000000000e+02 1.150000000000000000e+02 9.000000000000000000e+00 3.881000000000000000e+03 6.460000000000000000e+02
4.960000000000000000e+02 1.560000000000000000e+02 1.100000000000000000e+01 3.185000000000000000e+03 6.230000000000000000e+02
6.390000000000000000e+02 1.580000000000000000e+02 7.000000000000000000e+00 4.084000000000000000e+03 7.220000000000000000e+02
6.130000000000000000e+02 1.560000000000000000e+02 2.000000000000000000e+00 4.051000000000000000e+03 7.070000000000000000e+02
5.540000000000000000e+02 1.380000000000000000e+02 1.000000000000000000e+01 3.917000000000000000e+03 6.460000000000000000e+02
5.770000000000000000e+02 1.360000000000000000e+02 7.000000000000000000e+00 4.055000000000000000e+03 6.320000000000000000e+02
5.870000000000000000e+02 1.600000000000000000e+02 9.000000000000000000e+00 4.113000000000000000e+03 6.690000000000000000e+02
5.750000000000000000e+02 1.490000000000000000e+02 1.100000000000000000e+01 3.952000000000000000e+03 6.850000000000000000e+02
4.900000000000000000e+02 1.420000000000000000e+02 5.000000000000000000e+00 3.556000000000000000e+03 5.900000000000000000e+02
5.300000000000000000e+02 1.380000000000000000e+02 1.200000000000000000e+01 3.614000000000000000e+03 6.310000000000000000e+02
5.420000000000000000e+02 1.470000000000000000e+02 1.100000000000000000e+01 3.837000000000000000e+03 6.540000000000000000e+02
6.130000000000000000e+02 1.420000000000000000e+02 1.000000000000000000e+01 3.716000000000000000e+03 6.740000000000000000e+02
6.010000000000000000e+02 1.420000000000000000e+02 1.100000000000000000e+01 3.781000000000000000e+03 6.790000000000000000e+02
6.020000000000000000e+02 1.310000000000000000e+02 1.200000000000000000e+01 3.978000000000000000e+03 6.690000000000000000e+02
5.960000000000000000e+02 1.300000000000000000e+02 6.000000000000000000e+00 3.880000000000000000e+03 6.480000000000000000e+02
5.370000000000000000e+02 1.450000000000000000e+02 9.000000000000000000e+00 3.648000000000000000e+03 6.530000000000000000e+02
6.590000000000000000e+02 1.550000000000000000e+02 8.000000000000000000e+00 4.153000000000000000e+03 6.970000000000000000e+02
7.460000000000000000e+02 1.440000000000000000e+02 9.000000000000000000e+00 4.451000000000000000e+03 6.920000000000000000e+02
5.840000000000000000e+02 1.310000000000000000e+02 9.000000000000000000e+00 4.073000000000000000e+03 6.590000000000000000e+02
5.890000000000000000e+02 1.540000000000000000e+02 5.000000000000000000e+00 4.034000000000000000e+03 6.700000000000000000e+02
5.210000000000000000e+02 1.220000000000000000e+02 6.000000000000000000e+00 3.527000000000000000e+03 5.890000000000000000e+02
5.650000000000000000e+02 1.290000000000000000e+02 3.000000000000000000e+00 3.806000000000000000e+03 6.530000000000000000e+02
4.920000000000000000e+02 1.080000000000000000e+02 5.000000000000000000e+00 3.625000000000000000e+03 5.580000000000000000e+02
6.280000000000000000e+02 1.370000000000000000e+02 7.000000000000000000e+00 4.105000000000000000e+03 6.510000000000000000e+02
5.750000000000000000e+02 1.450000000000000000e+02 1.200000000000000000e+01 3.937000000000000000e+03 6.360000000000000000e+02
7.170000000000000000e+02 1.450000000000000000e+02 1.200000000000000000e+01 4.167000000000000000e+03 7.110000000000000000e+02
5.460000000000000000e+02 1.360000000000000000e+02 8.000000000000000000e+00 3.855000000000000000e+03 6.380000000000000000e+02
6.550000000000000000e+02 1.390000000000000000e+02 9.000000000000000000e+00 4.224000000000000000e+03 7.240000000000000000e+02
5.780000000000000000e+02 1.470000000000000000e+02 8.000000000000000000e+00 3.842000000000000000e+03 6.410000000000000000e+02
4.630000000000000000e+02 1.310000000000000000e+02 3.000000000000000000e+00 3.245000000000000000e+03 5.660000000000000000e+02
5.500000000000000000e+02 1.190000000000000000e+02 1.000000000000000000e+01 3.584000000000000000e+03 6.370000000000000000e+02
5.090000000000000000e+02 1.370000000000000000e+02 1.100000000000000000e+01 3.303000000000000000e+03 6.070000000000000000e+02
4.610000000000000000e+02 1.140000000000000000e+02 1.000000000000000000e+01 3.077000000000000000e+03 5.320000000000000000e+02
5.660000000000000000e+02 1.300000000000000000e+02 8.000000000000000000e+00 4.061000000000000000e+03 6.630000000000000000e+02
4.740000000000000000e+02 1.510000000000000000e+02 1.000000000000000000e+01 3.383000000000000000e+03 5.990000000000000000e+02
5.200000000000000000e+02 1.130000000000000000e+02 5.000000000000000000e+00 3.436000000000000000e+03 5.600000000000000000e+02
6.270000000000000000e+02 1.420000000000000000e+02 1.100000000000000000e+01 4.080000000000000000e+03 6.750000000000000000e+02
4.400000000000000000e+02 9.800000000000000000e+01 9.000000000000000000e+00 3.435000000000000000e+03 5.300000000000000000e+02
5.870000000000000000e+02 1.360000000000000000e+02 8.000000000000000000e+00 3.677000000000000000e+03 6.280000000000000000e+02
5.380000000000000000e+02 1.280000000000000000e+02 1.300000000000000000e+01 3.841000000000000000e+03 6.090000000000000000e+02
5.380000000000000000e+02 1.290000000000000000e+02 1.300000000000000000e+01 3.374000000000000000e+03 6.370000000000000000e+02
5.970000000000000000e+02 1.470000000000000000e+02 1.100000000000000000e+01 4.033000000000000000e+03 6.860000000000000000e+02
5.490000000000000000e+02 1.390000000000000000e+02 1.100000000000000000e+01 3.347000000000000000e+03 6.410000000000000000e+02
5.420000000000000000e+02 1.410000000000000000e+02 1.300000000000000000e+01 3.802000000000000000e+03 6.470000000000000000e+02
5.960000000000000000e+02 1.260000000000000000e+02 6.000000000000000000e+00 3.902000000000000000e+03 6.640000000000000000e+02
4.840000000000000000e+02 1.310000000000000000e+02 1.200000000000000000e+01 3.279000000000000000e+03 5.940000000000000000e+02
5.470000000000000000e+02 1.090000000000000000e+02 7.000000000000000000e+00 3.602000000000000000e+03 6.050000000000000000e+02
4.240000000000000000e+02 1.350000000000000000e+02 8.000000000000000000e+00 2.737000000000000000e+03 5.360000000000000000e+02
5.270000000000000000e+02 1.570000000000000000e+02 1.100000000000000000e+01 3.631000000000000000e+03 6.220000000000000000e+02
5.300000000000000000e+02 1.170000000000000000e+02 1.000000000000000000e+01 3.503000000000000000e+03 6.100000000000000000e+02
5.490000000000000000e+02 1.200000000000000000e+02 1.300000000000000000e+01 3.514000000000000000e+03 6.550000000000000000e+02
6.060000000000000000e+02 1.250000000000000000e+02 5.000000000000000000e+00 3.543000000000000000e+03 6.490000000000000000e+02
5.880000000000000000e+02 1.420000000000000000e+02 9.000000000000000000e+00 3.822000000000000000e+03 6.560000000000000000e+02
6.100000000000000000e+02 1.430000000000000000e+02 1.000000000000000000e+01 3.856000000000000000e+03 6.720000000000000000e+02
5.800000000000000000e+02 1.400000000000000000e+02 8.000000000000000000e+00 3.730000000000000000e+03 6.610000000000000000e+02
4.710000000000000000e+02 1.320000000000000000e+02 9.000000000000000000e+00 3.144000000000000000e+03 5.690000000000000000e+02
5.490000000000000000e+02 1.230000000000000000e+02 9.000000000000000000e+00 3.808000000000000000e+03 6.290000000000000000e+02
4.860000000000000000e+02 1.180000000000000000e+02 9.000000000000000000e+00 3.136000000000000000e+03 5.880000000000000000e+02
6.340000000000000000e+02 1.280000000000000000e+02 9.000000000000000000e+00 3.991000000000000000e+03 6.780000000000000000e+02
6.650000000000000000e+02 1.300000000000000000e+02 6.000000000000000000e+00 3.883000000000000000e+03 7.000000000000000000e+02
5.550000000000000000e+02 1.290000000000000000e+02 8.000000000000000000e+00 3.856000000000000000e+03 6.530000000000000000e+02
5.370000000000000000e+02 1.110000000000000000e+02 7.000000000000000000e+00 3.859000000000000000e+03 5.800000000000000000e+02
4.970000000000000000e+02 1.210000000000000000e+02 9.000000000000000000e+00 3.371000000000000000e+03 5.790000000000000000e+02
6.640000000000000000e+02 1.390000000000000000e+02 1.200000000000000000e+01 4.020000000000000000e+03 7.270000000000000000e+02
4.260000000000000000e+02 1.090000000000000000e+02 5.000000000000000000e+00 2.894000000000000000e+03 5.370000000000000000e+02
6.150000000000000000e+02 1.620000000000000000e+02 8.000000000000000000e+00 3.789000000000000000e+03 6.740000000000000000e+02
5.400000000000000000e+02 1.010000000000000000e+02 1.000000000000000000e+01 3.554000000000000000e+03 6.060000000000000000e+02
6.870000000000000000e+02 1.510000000000000000e+02 1.700000000000000000e+01 4.451000000000000000e+03 7.160000000000000000e+02
5.580000000000000000e+02 1.320000000000000000e+02 7.000000000000000000e+00 3.789000000000000000e+03 6.440000000000000000e+02
6.500000000000000000e+02 1.440000000000000000e+02 1.100000000000000000e+01 4.305000000000000000e+03 6.680000000000000000e+02
4.500000000000000000e+02 1.260000000000000000e+02 8.000000000000000000e+00 3.319000000000000000e+03 5.550000000000000000e+02
6.150000000000000000e+02 1.480000000000000000e+02 5.000000000000000000e+00 4.125000000000000000e+03 6.640000000000000000e+02
5.410000000000000000e+02 1.430000000000000000e+02 1.200000000000000000e+01 3.589000000000000000e+03 6.430000000000000000e+02
6.530000000000000000e+02 1.530000000000000000e+02 9.000000000000000000e+00 4.527000000000000000e+03 6.930000000000000000e+02
5.950000000000000000e+02 1.350000000000000000e+02 1.300000000000000000e+01 3.930000000000000000e+03 6.710000000000000000e+02
5.390000000000000000e+02 1.190000000000000000e+02 5.000000000000000000e+00 3.927000000000000000e+03 6.090000000000000000e+02
6.670000000000000000e+02 1.520000000000000000e+02 8.000000000000000000e+00 4.178000000000000000e+03 6.960000000000000000e+02
4.680000000000000000e+02 1.310000000000000000e+02 3.000000000000000000e+00 3.345000000000000000e+03 5.860000000000000000e+02
5.060000000000000000e+02 1.360000000000000000e+02 7.000000000000000000e+00 3.275000000000000000e+03 5.870000000000000000e+02
6.320000000000000000e+02 1.240000000000000000e+02 9.000000000000000000e+00 3.690000000000000000e+03 6.530000000000000000e+02
5.770000000000000000e+02 1.630000000000000000e+02 7.000000000000000000e+00 3.628000000000000000e+03 6.570000000000000000e+02
6.370000000000000000e+02 1.280000000000000000e+02 9.000000000000000000e+00 3.927000000000000000e+03 6.610000000000000000e+02
4.800000000000000000e+02 1.340000000000000000e+02 6.000000000000000000e+00 3.270000000000000000e+03 5.810000000000000000e+02
6.010000000000000000e+02 1.130000000000000000e+02 9.000000000000000000e+00 3.972000000000000000e+03 6.480000000000000000e+02
5.060000000000000000e+02 1.370000000000000000e+02 7.000000000000000000e+00 3.258000000000000000e+03 6.260000000000000000e+02
5.030000000000000000e+02 1.390000000000000000e+02 5.000000000000000000e+00 3.640000000000000000e+03 6.090000000000000000e+02
5.100000000000000000e+02 9.900000000000000000e+01 5.000000000000000000e+00 3.174000000000000000e+03 5.700000000000000000e+02
4.930000000000000000e+02 1.310000000000000000e+02 9.000000000000000000e+00 3.102000000000000000e+03 6.100000000000000000e+02
6.450000000000000000e+02 1.190000000000000000e+02 8.000000000000000000e+00 3.769000000000000000e+03 6.520000000000000000e+02
4.990000000000000000e+02 1.260000000000000000e+02 7.000000000000000000e+00 3.540000000000000000e+03 5.900000000000000000e+02
4.330000000000000000e+02 1.370000000000000000e+02 4.000000000000000000e+00 2.741000000000000000e+03 5.490000000000000000e+02
6.040000000000000000e+02 1.460000000000000000e+02 7.000000000000000000e+00 3.682000000000000000e+03 7.000000000000000000e+02
6.860000000000000000e+02 1.640000000000000000e+02 1.300000000000000000e+01 3.994000000000000000e+03 7.450000000000000000e+02
4.580000000000000000e+02 1.170000000000000000e+02 3.000000000000000000e+00 2.839000000000000000e+03 5.550000000000000000e+02
4.510000000000000000e+02 1.170000000000000000e+02 8.000000000000000000e+00 3.304000000000000000e+03 5.440000000000000000e+02
5.150000000000000000e+02 1.280000000000000000e+02 8.000000000000000000e+00 3.522000000000000000e+03 5.960000000000000000e+02
5.830000000000000000e+02 1.560000000000000000e+02 6.000000000000000000e+00 3.656000000000000000e+03 6.690000000000000000e+02
6.290000000000000000e+02 1.480000000000000000e+02 1.000000000000000000e+01 4.149000000000000000e+03 7.050000000000000000e+02
5.230000000000000000e+02 1.540000000000000000e+02 7.000000000000000000e+00 3.743000000000000000e+03 6.170000000000000000e+02
5.950000000000000000e+02 1.190000000000000000e+02 8.000000000000000000e+00 3.952000000000000000e+03 6.630000000000000000e+02
5.600000000000000000e+02 1.370000000000000000e+02 1.000000000000000000e+00 3.930000000000000000e+03 6.130000000000000000e+02
6.170000000000000000e+02 1.460000000000000000e+02 7.000000000000000000e+00 3.865000000000000000e+03 6.880000000000000000e+02
7.020000000000000000e+02 1.380000000000000000e+02 1.000000000000000000e+01 4.186000000000000000e+03 7.380000000000000000e+02
6.080000000000000000e+02 1.300000000000000000e+02 1.300000000000000000e+01 4.030000000000000000e+03 6.880000000000000000e+02
7.530000000000000000e+02 1.660000000000000000e+02 7.000000000000000000e+00 4.226000000000000000e+03 7.350000000000000000e+02
5.730000000000000000e+02 1.530000000000000000e+02 7.000000000000000000e+00 3.905000000000000000e+03 6.660000000000000000e+02
4.720000000000000000e+02 1.370000000000000000e+02 1.100000000000000000e+01 3.440000000000000000e+03 5.990000000000000000e+02
5.260000000000000000e+02 1.330000000000000000e+02 6.000000000000000000e+00 4.017000000000000000e+03 6.370000000000000000e+02
5.600000000000000000e+02 1.190000000000000000e+02 6.000000000000000000e+00 3.630000000000000000e+03 6.040000000000000000e+02
4.810000000000000000e+02 1.240000000000000000e+02 7.000000000000000000e+00 3.534000000000000000e+03 5.730000000000000000e+02
5.600000000000000000e+02 1.430000000000000000e+02 5.000000000000000000e+00 3.755000000000000000e+03 6.570000000000000000e+02
4.660000000000000000e+02 1.080000000000000000e+02 4.000000000000000000e+00 3.348000000000000000e+03 5.490000000000000000e+02
4.830000000000000000e+02 1.340000000000000000e+02 8.000000000000000000e+00 3.563000000000000000e+03 5.750000000000000000e+02
4.770000000000000000e+02 1.070000000000000000e+02 6.000000000000000000e+00 3.313000000000000000e+03 5.460000000000000000e+02
4.220000000000000000e+02 1.050000000000000000e+02 6.000000000000000000e+00 2.946000000000000000e+03 5.110000000000000000e+02
5.050000000000000000e+02 1.470000000000000000e+02 8.000000000000000000e+00 3.576000000000000000e+03 6.140000000000000000e+02
5.830000000000000000e+02 1.570000000000000000e+02 1.400000000000000000e+01 4.023000000000000000e+03 6.710000000000000000e+02
5.650000000000000000e+02 1.370000000000000000e+02 6.000000000000000000e+00 3.859000000000000000e+03 6.650000000000000000e+02
6.350000000000000000e+02 1.520000000000000000e+02 9.000000000000000000e+00 3.933000000000000000e+03 7.040000000000000000e+02
4.630000000000000000e+02 1.150000000000000000e+02 1.000000000000000000e+01 3.270000000000000000e+03 5.660000000000000000e+02
6.300000000000000000e+02 1.450000000000000000e+02 9.000000000000000000e+00 4.245000000000000000e+03 6.880000000000000000e+02
5.790000000000000000e+02 1.390000000000000000e+02 4.000000000000000000e+00 3.599000000000000000e+03 6.360000000000000000e+02
6.280000000000000000e+02 1.370000000000000000e+02 7.000000000000000000e+00 4.086000000000000000e+03 6.860000000000000000e+02
5.270000000000000000e+02 1.180000000000000000e+02 8.000000000000000000e+00 3.705000000000000000e+03 6.150000000000000000e+02
5.490000000000000000e+02 1.500000000000000000e+02 1.000000000000000000e+01 4.090000000000000000e+03 6.400000000000000000e+02
5.970000000000000000e+02 1.520000000000000000e+02 1.000000000000000000e+01 4.125000000000000000e+03 7.190000000000000000e+02
5.760000000000000000e+02 1.280000000000000000e+02 1.100000000000000000e+01 4.094000000000000000e+03 6.420000000000000000e+02
6.210000000000000000e+02 1.570000000000000000e+02 1.200000000000000000e+01 4.082000000000000000e+03 6.840000000000000000e+02
6.380000000000000000e+02 1.450000000000000000e+02 8.000000000000000000e+00 4.149000000000000000e+03 6.970000000000000000e+02
6.240000000000000000e+02 1.500000000000000000e+02 1.100000000000000000e+01 3.838000000000000000e+03 7.100000000000000000e+02
5.120000000000000000e+02 1.380000000000000000e+02 9.000000000000000000e+00 3.781000000000000000e+03 6.080000000000000000e+02
6.140000000000000000e+02 1.270000000000000000e+02 1.300000000000000000e+01 4.069000000000000000e+03 6.600000000000000000e+02
6.080000000000000000e+02 1.460000000000000000e+02 7.000000000000000000e+00 3.692000000000000000e+03 6.650000000000000000e+02
5.470000000000000000e+02 1.340000000000000000e+02 1.000000000000000000e+01 3.656000000000000000e+03 6.180000000000000000e+02
6.770000000000000000e+02 1.270000000000000000e+02 8.000000000000000000e+00 4.316000000000000000e+03 6.900000000000000000e+02
5.860000000000000000e+02 1.330000000000000000e+02 8.000000000000000000e+00 3.731000000000000000e+03 6.600000000000000000e+02
6.060000000000000000e+02 1.420000000000000000e+02 1.000000000000000000e+01 4.002000000000000000e+03 6.680000000000000000e+02
5.420000000000000000e+02 1.280000000000000000e+02 7.000000000000000000e+00 3.410000000000000000e+03 6.100000000000000000e+02
7.210000000000000000e+02 1.540000000000000000e+02 1.800000000000000000e+01 4.265000000000000000e+03 7.600000000000000000e+02
7.510000000000000000e+02 1.300000000000000000e+02 7.000000000000000000e+00 4.046000000000000000e+03 6.970000000000000000e+02
5.320000000000000000e+02 1.280000000000000000e+02 1.500000000000000000e+01 3.555000000000000000e+03 6.380000000000000000e+02
4.900000000000000000e+02 1.200000000000000000e+02 1.100000000000000000e+01 3.580000000000000000e+03 5.870000000000000000e+02
5.190000000000000000e+02 1.340000000000000000e+02 8.000000000000000000e+00 3.630000000000000000e+03 6.020000000000000000e+02
6.560000000000000000e+02 1.230000000000000000e+02 6.000000000000000000e+00 3.953000000000000000e+03 6.620000000000000000e+02
5.620000000000000000e+02 1.400000000000000000e+02 9.000000000000000000e+00 3.677000000000000000e+03 6.150000000000000000e+02
5.640000000000000000e+02 1.600000000000000000e+02 8.000000000000000000e+00 3.660000000000000000e+03 6.720000000000000000e+02
6.190000000000000000e+02 1.330000000000000000e+02 4.000000000000000000e+00 3.858000000000000000e+03 6.540000000000000000e+02
5.170000000000000000e+02 1.250000000000000000e+02 7.000000000000000000e+00 3.503000000000000000e+03 6.060000000000000000e+02
6.150000000000000000e+02 1.500000000000000000e+02 4.000000000000000000e+00 3.733000000000000000e+03 6.800000000000000000e+02
5.670000000000000000e+02 1.470000000000000000e+02 1.100000000000000000e+01 3.692000000000000000e+03 6.630000000000000000e+02
5.800000000000000000e+02 1.530000000000000000e+02 1.300000000000000000e+01 3.647000000000000000e+03 6.730000000000000000e+02
6.760000000000000000e+02 1.330000000000000000e+02 8.000000000000000000e+00 4.218000000000000000e+03 6.800000000000000000e+02
4.920000000000000000e+02 1.370000000000000000e+02 9.000000000000000000e+00 3.494000000000000000e+03 6.030000000000000000e+02
5.870000000000000000e+02 1.570000000000000000e+02 1.200000000000000000e+01 3.766000000000000000e+03 6.780000000000000000e+02
6.300000000000000000e+02 1.470000000000000000e+02 9.000000000000000000e+00 3.658000000000000000e+03 7.130000000000000000e+02
5.560000000000000000e+02 1.410000000000000000e+02 8.000000000000000000e+00 3.679000000000000000e+03 6.620000000000000000e+02
6.190000000000000000e+02 1.220000000000000000e+02 1.000000000000000000e+00 3.850000000000000000e+03 6.410000000000000000e+02
5.170000000000000000e+02 1.280000000000000000e+02 9.000000000000000000e+00 3.481000000000000000e+03 6.000000000000000000e+02
6.470000000000000000e+02 1.240000000000000000e+02 6.000000000000000000e+00 4.013000000000000000e+03 6.840000000000000000e+02
7.140000000000000000e+02 1.570000000000000000e+02 1.500000000000000000e+01 4.282000000000000000e+03 7.300000000000000000e+02
7.090000000000000000e+02 1.560000000000000000e+02 1.100000000000000000e+01 4.323000000000000000e+03 7.240000000000000000e+02
5.120000000000000000e+02 1.340000000000000000e+02 8.000000000000000000e+00 3.276000000000000000e+03 6.060000000000000000e+02
6.210000000000000000e+02 1.400000000000000000e+02 1.300000000000000000e+01 3.710000000000000000e+03 6.970000000000000000e+02
5.690000000000000000e+02 1.530000000000000000e+02 7.000000000000000000e+00 3.470000000000000000e+03 6.520000000000000000e+02
4.410000000000000000e+02 1.020000000000000000e+02 1.300000000000000000e+01 3.043000000000000000e+03 5.350000000000000000e+02
6.050000000000000000e+02 1.440000000000000000e+02 7.000000000000000000e+00 3.833000000000000000e+03 6.840000000000000000e+02
6.240000000000000000e+02 1.430000000000000000e+02 2.000000000000000000e+00 4.080000000000000000e+03 7.130000000000000000e+02
4.760000000000000000e+02 1.320000000000000000e+02 9.000000000000000000e+00 3.455000000000000000e+03 5.710000000000000000e+02
6.310000000000000000e+02 1.120000000000000000e+02 9.000000000000000000e+00 3.900000000000000000e+03 6.760000000000000000e+02
7.250000000000000000e+02 1.640000000000000000e+02 1.400000000000000000e+01 4.308000000000000000e+03 7.040000000000000000e+02
7.170000000000000000e+02 1.420000000000000000e+02 7.000000000000000000e+00 4.351000000000000000e+03 7.250000000000000000e+02
4.780000000000000000e+02 1.340000000000000000e+02 3.000000000000000000e+00 3.894000000000000000e+03 5.800000000000000000e+02
6.110000000000000000e+02 1.470000000000000000e+02 1.100000000000000000e+01 3.824000000000000000e+03 6.740000000000000000e+02
6.040000000000000000e+02 1.540000000000000000e+02 9.000000000000000000e+00 4.026000000000000000e+03 6.630000000000000000e+02
4.920000000000000000e+02 1.360000000000000000e+02 6.000000000000000000e+00 3.959000000000000000e+03 5.990000000000000000e+02
4.960000000000000000e+02 1.140000000000000000e+02 1.200000000000000000e+01 3.663000000000000000e+03 5.770000000000000000e+02
5.040000000000000000e+02 1.560000000000000000e+02 7.000000000000000000e+00 3.379000000000000000e+03 6.340000000000000000e+02
5.410000000000000000e+02 1.370000000000000000e+02 8.000000000000000000e+00 3.864000000000000000e+03 6.190000000000000000e+02
5.530000000000000000e+02 1.680000000000000000e+02 1.500000000000000000e+01 3.962000000000000000e+03 6.410000000000000000e+02
5.020000000000000000e+02 1.230000000000000000e+02 7.000000000000000000e+00 3.781000000000000000e+03 6.000000000000000000e+02
5.700000000000000000e+02 1.380000000000000000e+02 8.000000000000000000e+00 3.585000000000000000e+03 6.610000000000000000e+02
5.450000000000000000e+02 1.080000000000000000e+02 9.000000000000000000e+00 3.755000000000000000e+03 5.990000000000000000e+02
6.600000000000000000e+02 1.180000000000000000e+02 1.400000000000000000e+01 4.140000000000000000e+03 7.210000000000000000e+02
6.710000000000000000e+02 1.470000000000000000e+02 5.000000000000000000e+00 4.258000000000000000e+03 7.220000000000000000e+02
7.380000000000000000e+02 1.590000000000000000e+02 1.100000000000000000e+01 4.279000000000000000e+03 7.420000000000000000e+02
5.500000000000000000e+02 1.310000000000000000e+02 8.000000000000000000e+00 3.961000000000000000e+03 6.380000000000000000e+02
5.970000000000000000e+02 1.380000000000000000e+02 1.000000000000000000e+01 3.667000000000000000e+03 6.740000000000000000e+02
5.830000000000000000e+02 1.440000000000000000e+02 1.100000000000000000e+01 3.811000000000000000e+03 6.610000000000000000e+02
6.610000000000000000e+02 1.480000000000000000e+02 2.000000000000000000e+00 4.330000000000000000e+03 7.060000000000000000e+02
5.270000000000000000e+02 1.290000000000000000e+02 1.300000000000000000e+01 3.793000000000000000e+03 6.280000000000000000e+02
6.210000000000000000e+02 1.310000000000000000e+02 8.000000000000000000e+00 3.627000000000000000e+03 6.480000000000000000e+02
4.740000000000000000e+02 1.330000000000000000e+02 1.100000000000000000e+01 3.297000000000000000e+03 5.870000000000000000e+02
6.090000000000000000e+02 1.510000000000000000e+02 9.000000000000000000e+00 4.139000000000000000e+03 6.870000000000000000e+02
6.410000000000000000e+02 1.320000000000000000e+02 4.000000000000000000e+00 3.950000000000000000e+03 6.950000000000000000e+02
5.050000000000000000e+02 1.330000000000000000e+02 7.000000000000000000e+00 3.593000000000000000e+03 5.880000000000000000e+02
5.280000000000000000e+02 1.230000000000000000e+02 1.000000000000000000e+01 3.100000000000000000e+03 5.740000000000000000e+02
6.020000000000000000e+02 1.290000000000000000e+02 6.000000000000000000e+00 3.957000000000000000e+03 6.550000000000000000e+02
4.980000000000000000e+02 1.330000000000000000e+02 8.000000000000000000e+00 3.126000000000000000e+03 5.990000000000000000e+02
4.960000000000000000e+02 1.300000000000000000e+02 7.000000000000000000e+00 3.033000000000000000e+03 6.020000000000000000e+02
6.390000000000000000e+02 1.430000000000000000e+02 6.000000000000000000e+00 3.895000000000000000e+03 6.870000000000000000e+02
5.370000000000000000e+02 1.060000000000000000e+02 1.200000000000000000e+01 3.572000000000000000e+03 6.130000000000000000e+02
6.550000000000000000e+02 1.170000000000000000e+02 1.100000000000000000e+01 4.167000000000000000e+03 6.710000000000000000e+02
4.740000000000000000e+02 1.320000000000000000e+02 1.200000000000000000e+01 2.869000000000000000e+03 5.920000000000000000e+02
5.750000000000000000e+02 1.020000000000000000e+02 8.000000000000000000e+00 3.591000000000000000e+03 6.110000000000000000e+02
6.430000000000000000e+02 1.210000000000000000e+02 7.000000000000000000e+00 4.100000000000000000e+03 6.540000000000000000e+02
5.160000000000000000e+02 1.240000000000000000e+02 1.100000000000000000e+01 3.849000000000000000e+03 6.090000000000000000e+02
6.630000000000000000e+02 1.610000000000000000e+02 1.200000000000000000e+01 4.048000000000000000e+03 7.530000000000000000e+02
7.070000000000000000e+02 1.420000000000000000e+02 1.200000000000000000e+01 4.273000000000000000e+03 7.210000000000000000e+02
