6.880000000000000000e+02 1.000000000000000000e+02 6.000000000000000000e+00 4.186000000000000000e+03 7.490000000000000000e+02
6.020000000000000000e+02 9.300000000000000000e+01 3.000000000000000000e+00 4.051000000000000000e+03 6.310000000000000000e+02
6.030000000000000000e+02 1.020000000000000000e+02 5.000000000000000000e+00 4.032000000000000000e+03 6.540000000000000000e+02
6.470000000000000000e+02 9.000000000000000000e+01 2.000000000000000000e+00 3.806000000000000000e+03 6.520000000000000000e+02
6.720000000000000000e+02 1.070000000000000000e+02 5.000000000000000000e+00 4.212000000000000000e+03 6.830000000000000000e+02
5.740000000000000000e+02 8.200000000000000000e+01 6.000000000000000000e+00 4.065000000000000000e+03 6.180000000000000000e+02
6.290000000000000000e+02 9.200000000000000000e+01 3.000000000000000000e+00 3.859000000000000000e+03 6.690000000000000000e+02
6.960000000000000000e+02 9.600000000000000000e+01 3.000000000000000000e+00 4.306000000000000000e+03 6.970000000000000000e+02
8.420000000000000000e+02 1.090000000000000000e+02 8.000000000000000000e+00 4.700000000000000000e+03 7.980000000000000000e+02
6.370000000000000000e+02 1.000000000000000000e+02 4.000000000000000000e+00 3.947000000000000000e+03 6.950000000000000000e+02
6.120000000000000000e+02 9.200000000000000000e+01 2.000000000000000000e+00 3.974000000000000000e+03 6.490000000000000000e+02
6.620000000000000000e+02 8.700000000000000000e+01 4.000000000000000000e+00 4.155000000000000000e+03 6.690000000000000000e+02
6.330000000000000000e+02 9.200000000000000000e+01 4.000000000000000000e+00 3.375000000000000000e+03 6.350000000000000000e+02
6.480000000000000000e+02 9.000000000000000000e+01 7.000000000000000000e+00 4.171000000000000000e+03 6.820000000000000000e+02
7.650000000000000000e+02 1.090000000000000000e+02 8.000000000000000000e+00 4.592000000000000000e+03 7.320000000000000000e+02
5.910000000000000000e+02 8.600000000000000000e+01 6.000000000000000000e+00 3.596000000000000000e+03 6.560000000000000000e+02
6.240000000000000000e+02 9.300000000000000000e+01 6.000000000000000000e+00 3.662000000000000000e+03 6.550000000000000000e+02
7.470000000000000000e+02 1.020000000000000000e+02 6.000000000000000000e+00 4.419000000000000000e+03 6.640000000000000000e+02
7.680000000000000000e+02 1.070000000000000000e+02 6.000000000000000000e+00 4.570000000000000000e+03 7.350000000000000000e+02
7.060000000000000000e+02 1.040000000000000000e+02 4.000000000000000000e+00 4.176000000000000000e+03 7.230000000000000000e+02
6.840000000000000000e+02 9.200000000000000000e+01 1.000000000000000000e+00 3.645000000000000000e+03 6.790000000000000000e+02
7.480000000000000000e+02 1.020000000000000000e+02 9.000000000000000000e+00 4.488000000000000000e+03 7.150000000000000000e+02
7.590000000000000000e+02 9.600000000000000000e+01 4.000000000000000000e+00 4.194000000000000000e+03 7.480000000000000000e+02
7.640000000000000000e+02 1.150000000000000000e+02 9.000000000000000000e+00 4.137000000000000000e+03 7.440000000000000000e+02
6.460000000000000000e+02 9.400000000000000000e+01 8.000000000000000000e+00 4.228000000000000000e+03 6.730000000000000000e+02
8.350000000000000000e+02 9.500000000000000000e+01 2.000000000000000000e+00 4.519000000000000000e+03 7.260000000000000000e+02
6.870000000000000000e+02 1.090000000000000000e+02 6.000000000000000000e+00 4.175000000000000000e+03 7.150000000000000000e+02
6.270000000000000000e+02 9.800000000000000000e+01 3.000000000000000000e+00 4.213000000000000000e+03 6.550000000000000000e+02
6.530000000000000000e+02 1.070000000000000000e+02 4.000000000000000000e+00 4.060000000000000000e+03 7.070000000000000000e+02
7.300000000000000000e+02 1.100000000000000000e+02 7.000000000000000000e+00 4.511000000000000000e+03 7.210000000000000000e+02
5.830000000000000000e+02 9.000000000000000000e+01 4.000000000000000000e+00 3.815000000000000000e+03 6.200000000000000000e+02
7.280000000000000000e+02 9.300000000000000000e+01 9.000000000000000000e+00 4.356000000000000000e+03 7.440000000000000000e+02
7.220000000000000000e+02 1.110000000000000000e+02 1.100000000000000000e+01 4.323000000000000000e+03 7.270000000000000000e+02
6.090000000000000000e+02 9.200000000000000000e+01 8.000000000000000000e+00 4.136000000000000000e+03 6.500000000000000000e+02
5.640000000000000000e+02 7.800000000000000000e+01 5.000000000000000000e+00 3.668000000000000000e+03 6.050000000000000000e+02
6.750000000000000000e+02 8.000000000000000000e+01 3.000000000000000000e+00 3.999000000000000000e+03 6.690000000000000000e+02
7.740000000000000000e+02 1.100000000000000000e+02 4.000000000000000000e+00 4.432000000000000000e+03 7.360000000000000000e+02
6.520000000000000000e+02 8.500000000000000000e+01 7.000000000000000000e+00 4.380000000000000000e+03 6.810000000000000000e+02
7.820000000000000000e+02 9.200000000000000000e+01 6.000000000000000000e+00 4.635000000000000000e+03 7.520000000000000000e+02
7.030000000000000000e+02 9.500000000000000000e+01 3.000000000000000000e+00 4.364000000000000000e+03 7.290000000000000000e+02
5.780000000000000000e+02 7.600000000000000000e+01 4.000000000000000000e+00 3.648000000000000000e+03 6.250000000000000000e+02
7.030000000000000000e+02 1.010000000000000000e+02 6.000000000000000000e+00 4.186000000000000000e+03 7.320000000000000000e+02
6.440000000000000000e+02 8.500000000000000000e+01 3.000000000000000000e+00 3.609000000000000000e+03 6.340000000000000000e+02
7.230000000000000000e+02 9.200000000000000000e+01 5.000000000000000000e+00 4.176000000000000000e+03 7.140000000000000000e+02
6.860000000000000000e+02 9.300000000000000000e+01 3.000000000000000000e+00 4.107000000000000000e+03 7.070000000000000000e+02
6.460000000000000000e+02 1.080000000000000000e+02 4.000000000000000000e+00 3.970000000000000000e+03 6.990000000000000000e+02
5.230000000000000000e+02 9.300000000000000000e+01 3.000000000000000000e+00 3.342000000000000000e+03 5.850000000000000000e+02
5.850000000000000000e+02 7.600000000000000000e+01 3.000000000000000000e+00 4.103000000000000000e+03 6.190000000000000000e+02
8.010000000000000000e+02 1.000000000000000000e+02 6.000000000000000000e+00 4.615000000000000000e+03 7.330000000000000000e+02
7.440000000000000000e+02 9.600000000000000000e+01 3.000000000000000000e+00 4.307000000000000000e+03 7.240000000000000000e+02
6.820000000000000000e+02 1.140000000000000000e+02 6.000000000000000000e+00 4.369000000000000000e+03 7.060000000000000000e+02
6.200000000000000000e+02 1.070000000000000000e+02 9.000000000000000000e+00 4.150000000000000000e+03 6.910000000000000000e+02
5.060000000000000000e+02 9.300000000000000000e+01 4.000000000000000000e+00 3.113000000000000000e+03 5.940000000000000000e+02
7.030000000000000000e+02 1.140000000000000000e+02 7.000000000000000000e+00 4.462000000000000000e+03 7.160000000000000000e+02
5.440000000000000000e+02 8.300000000000000000e+01 6.000000000000000000e+00 3.521000000000000000e+03 5.960000000000000000e+02
9.250000000000000000e+02 8.800000000000000000e+01 1.000000000000000000e+01 4.644000000000000000e+03 7.510000000000000000e+02
6.520000000000000000e+02 8.000000000000000000e+01 2.000000000000000000e+00 4.283000000000000000e+03 6.780000000000000000e+02
5.440000000000000000e+02 8.900000000000000000e+01 3.000000000000000000e+00 3.790000000000000000e+03 5.960000000000000000e+02
6.430000000000000000e+02 9.900000000000000000e+01 6.000000000000000000e+00 4.183000000000000000e+03 6.570000000000000000e+02
6.350000000000000000e+02 1.040000000000000000e+02 7.000000000000000000e+00 4.016000000000000000e+03 6.440000000000000000e+02
7.410000000000000000e+02 1.160000000000000000e+02 6.000000000000000000e+00 4.216000000000000000e+03 7.290000000000000000e+02
6.540000000000000000e+02 1.010000000000000000e+02 5.000000000000000000e+00 4.315000000000000000e+03 7.130000000000000000e+02
6.310000000000000000e+02 9.800000000000000000e+01 3.000000000000000000e+00 4.144000000000000000e+03 6.780000000000000000e+02
6.530000000000000000e+02 8.000000000000000000e+01 4.000000000000000000e+00 3.920000000000000000e+03 6.480000000000000000e+02
5.460000000000000000e+02 8.700000000000000000e+01 1.000000000000000000e+00 3.712000000000000000e+03 6.050000000000000000e+02
6.790000000000000000e+02 1.020000000000000000e+02 2.000000000000000000e+00 4.195000000000000000e+03 6.900000000000000000e+02
7.600000000000000000e+02 9.600000000000000000e+01 3.000000000000000000e+00 4.335000000000000000e+03 7.270000000000000000e+02
6.950000000000000000e+02 1.100000000000000000e+02 5.000000000000000000e+00 4.446000000000000000e+03 7.350000000000000000e+02
6.420000000000000000e+02 9.100000000000000000e+01 2.000000000000000000e+00 4.104000000000000000e+03 6.430000000000000000e+02
6.240000000000000000e+02 9.100000000000000000e+01 2.000000000000000000e+00 4.230000000000000000e+03 6.270000000000000000e+02
7.100000000000000000e+02 1.090000000000000000e+02 7.000000000000000000e+00 4.041000000000000000e+03 7.310000000000000000e+02
6.390000000000000000e+02 1.000000000000000000e+02 5.000000000000000000e+00 4.321000000000000000e+03 6.720000000000000000e+02
5.930000000000000000e+02 8.300000000000000000e+01 3.000000000000000000e+00 3.793000000000000000e+03 6.130000000000000000e+02
6.510000000000000000e+02 8.100000000000000000e+01 8.000000000000000000e+00 3.909000000000000000e+03 6.500000000000000000e+02
5.520000000000000000e+02 1.210000000000000000e+02 6.000000000000000000e+00 3.688000000000000000e+03 6.620000000000000000e+02
6.870000000000000000e+02 1.080000000000000000e+02 4.000000000000000000e+00 3.937000000000000000e+03 7.110000000000000000e+02
8.020000000000000000e+02 8.600000000000000000e+01 6.000000000000000000e+00 4.570000000000000000e+03 7.660000000000000000e+02
7.040000000000000000e+02 1.020000000000000000e+02 3.000000000000000000e+00 4.273000000000000000e+03 7.240000000000000000e+02
6.330000000000000000e+02 1.050000000000000000e+02 8.000000000000000000e+00 3.915000000000000000e+03 6.940000000000000000e+02
6.560000000000000000e+02 9.700000000000000000e+01 2.000000000000000000e+00 4.206000000000000000e+03 6.760000000000000000e+02
6.410000000000000000e+02 1.060000000000000000e+02 5.000000000000000000e+00 4.240000000000000000e+03 6.590000000000000000e+02
7.510000000000000000e+02 8.900000000000000000e+01 9.000000000000000000e+00 4.010000000000000000e+03 7.030000000000000000e+02
6.560000000000000000e+02 1.010000000000000000e+02 5.000000000000000000e+00 3.952000000000000000e+03 7.230000000000000000e+02
5.270000000000000000e+02 8.500000000000000000e+01 4.000000000000000000e+00 3.740000000000000000e+03 5.910000000000000000e+02
5.980000000000000000e+02 8.600000000000000000e+01 4.000000000000000000e+00 3.742000000000000000e+03 6.240000000000000000e+02
6.260000000000000000e+02 9.800000000000000000e+01 5.000000000000000000e+00 3.951000000000000000e+03 6.730000000000000000e+02
5.280000000000000000e+02 9.700000000000000000e+01 7.000000000000000000e+00 3.368000000000000000e+03 6.070000000000000000e+02
7.430000000000000000e+02 9.200000000000000000e+01 5.000000000000000000e+00 4.221000000000000000e+03 7.270000000000000000e+02
6.930000000000000000e+02 8.300000000000000000e+01 2.000000000000000000e+00 4.006000000000000000e+03 6.810000000000000000e+02
7.060000000000000000e+02 1.090000000000000000e+02 3.000000000000000000e+00 4.199000000000000000e+03 7.260000000000000000e+02
6.300000000000000000e+02 9.000000000000000000e+01 4.000000000000000000e+00 4.007000000000000000e+03 6.460000000000000000e+02
7.410000000000000000e+02 8.800000000000000000e+01 5.000000000000000000e+00 4.194000000000000000e+03 7.300000000000000000e+02
6.360000000000000000e+02 8.900000000000000000e+01 5.000000000000000000e+00 3.928000000000000000e+03 6.600000000000000000e+02
6.690000000000000000e+02 8.900000000000000000e+01 4.000000000000000000e+00 4.311000000000000000e+03 6.960000000000000000e+02
8.800000000000000000e+02 1.080000000000000000e+02 6.000000000000000000e+00 4.503000000000000000e+03 7.420000000000000000e+02
5.670000000000000000e+02 1.000000000000000000e+02 9.000000000000000000e+00 3.818000000000000000e+03 6.310000000000000000e+02
7.410000000000000000e+02 1.170000000000000000e+02 5.000000000000000000e+00 4.381000000000000000e+03 7.190000000000000000e+02
6.440000000000000000e+02 8.500000000000000000e+01 0.000000000000000000e+00 3.826000000000000000e+03 6.720000000000000000e+02
7.530000000000000000e+02 9.500000000000000000e+01 2.000000000000000000e+00 4.439000000000000000e+03 7.400000000000000000e+02
5.570000000000000000e+02 9.600000000000000000e+01 3.000000000000000000e+00 3.720000000000000000e+03 5.910000000000000000e+02
6.640000000000000000e+02 9.600000000000000000e+01 4.000000000000000000e+00 4.058000000000000000e+03 6.570000000000000000e+02
7.030000000000000000e+02 1.130000000000000000e+02 4.000000000000000000e+00 4.015000000000000000e+03 7.020000000000000000e+02
6.740000000000000000e+02 1.000000000000000000e+02 3.000000000000000000e+00 4.364000000000000000e+03 6.850000000000000000e+02
6.790000000000000000e+02 9.800000000000000000e+01 5.000000000000000000e+00 4.372000000000000000e+03 6.970000000000000000e+02
5.080000000000000000e+02 8.500000000000000000e+01 2.000000000000000000e+00 3.375000000000000000e+03 5.770000000000000000e+02
6.890000000000000000e+02 9.500000000000000000e+01 8.000000000000000000e+00 4.340000000000000000e+03 6.940000000000000000e+02
6.180000000000000000e+02 9.000000000000000000e+01 4.000000000000000000e+00 3.561000000000000000e+03 6.610000000000000000e+02
6.700000000000000000e+02 8.800000000000000000e+01 4.000000000000000000e+00 4.103000000000000000e+03 7.180000000000000000e+02
6.060000000000000000e+02 8.600000000000000000e+01 3.000000000000000000e+00 4.103000000000000000e+03 6.510000000000000000e+02
5.820000000000000000e+02 9.400000000000000000e+01 5.000000000000000000e+00 3.989000000000000000e+03 6.080000000000000000e+02
6.090000000000000000e+02 7.400000000000000000e+01 1.000000000000000000e+00 3.827000000000000000e+03 6.410000000000000000e+02
7.500000000000000000e+02 8.600000000000000000e+01 3.000000000000000000e+00 4.471000000000000000e+03 6.860000000000000000e+02
5.410000000000000000e+02 1.060000000000000000e+02 5.000000000000000000e+00 3.869000000000000000e+03 6.160000000000000000e+02
6.450000000000000000e+02 9.800000000000000000e+01 3.000000000000000000e+00 4.307000000000000000e+03 6.450000000000000000e+02
6.580000000000000000e+02 8.100000000000000000e+01 2.000000000000000000e+00 4.396000000000000000e+03 6.770000000000000000e+02
6.220000000000000000e+02 9.100000000000000000e+01 6.000000000000000000e+00 3.901000000000000000e+03 6.550000000000000000e+02
7.310000000000000000e+02 9.200000000000000000e+01 4.000000000000000000e+00 4.429000000000000000e+03 6.970000000000000000e+02
6.780000000000000000e+02 9.200000000000000000e+01 7.000000000000000000e+00 4.232000000000000000e+03 6.730000000000000000e+02
6.440000000000000000e+02 9.300000000000000000e+01 7.000000000000000000e+00 3.909000000000000000e+03 6.620000000000000000e+02
5.630000000000000000e+02 8.200000000000000000e+01 5.000000000000000000e+00 3.394000000000000000e+03 6.050000000000000000e+02
6.160000000000000000e+02 7.100000000000000000e+01 2.000000000000000000e+00 4.145000000000000000e+03 6.510000000000000000e+02
7.680000000000000000e+02 1.040000000000000000e+02 2.000000000000000000e+00 4.500000000000000000e+03 7.560000000000000000e+02
8.040000000000000000e+02 1.080000000000000000e+02 5.000000000000000000e+00 4.624000000000000000e+03 7.640000000000000000e+02
7.620000000000000000e+02 1.200000000000000000e+02 9.000000000000000000e+00 4.397000000000000000e+03 7.450000000000000000e+02
6.770000000000000000e+02 8.800000000000000000e+01 4.000000000000000000e+00 4.302000000000000000e+03 7.080000000000000000e+02
5.170000000000000000e+02 8.700000000000000000e+01 4.000000000000000000e+00 3.486000000000000000e+03 5.790000000000000000e+02
6.270000000000000000e+02 7.000000000000000000e+01 6.000000000000000000e+00 3.647000000000000000e+03 6.290000000000000000e+02
7.150000000000000000e+02 9.000000000000000000e+01 3.000000000000000000e+00 4.335000000000000000e+03 7.080000000000000000e+02
5.960000000000000000e+02 9.500000000000000000e+01 3.000000000000000000e+00 4.230000000000000000e+03 6.580000000000000000e+02
7.150000000000000000e+02 8.200000000000000000e+01 6.000000000000000000e+00 4.373000000000000000e+03 6.850000000000000000e+02
6.520000000000000000e+02 7.500000000000000000e+01 2.000000000000000000e+00 4.017000000000000000e+03 6.500000000000000000e+02
6.360000000000000000e+02 9.700000000000000000e+01 5.000000000000000000e+00 4.076000000000000000e+03 6.490000000000000000e+02
5.730000000000000000e+02 9.400000000000000000e+01 6.000000000000000000e+00 3.516000000000000000e+03 6.170000000000000000e+02
6.990000000000000000e+02 1.110000000000000000e+02 6.000000000000000000e+00 4.554000000000000000e+03 7.270000000000000000e+02
6.300000000000000000e+02 9.100000000000000000e+01 2.000000000000000000e+00 3.901000000000000000e+03 6.450000000000000000e+02
6.350000000000000000e+02 9.500000000000000000e+01 6.000000000000000000e+00 4.060000000000000000e+03 6.680000000000000000e+02
6.290000000000000000e+02 9.700000000000000000e+01 5.000000000000000000e+00 4.065000000000000000e+03 6.730000000000000000e+02
7.220000000000000000e+02 1.030000000000000000e+02 1.100000000000000000e+01 3.892000000000000000e+03 7.090000000000000000e+02
7.190000000000000000e+02 9.600000000000000000e+01 3.000000000000000000e+00 4.288000000000000000e+03 7.020000000000000000e+02
6.810000000000000000e+02 9.200000000000000000e+01 5.000000000000000000e+00 4.177000000000000000e+03 6.630000000000000000e+02
5.950000000000000000e+02 8.600000000000000000e+01 6.000000000000000000e+00 3.848000000000000000e+03 6.390000000000000000e+02
5.550000000000000000e+02 7.300000000000000000e+01 3.000000000000000000e+00 3.995000000000000000e+03 5.950000000000000000e+02
6.090000000000000000e+02 9.200000000000000000e+01 4.000000000000000000e+00 3.651000000000000000e+03 6.420000000000000000e+02
6.010000000000000000e+02 1.040000000000000000e+02 1.000000000000000000e+00 4.175000000000000000e+03 6.480000000000000000e+02
6.550000000000000000e+02 1.110000000000000000e+02 6.000000000000000000e+00 4.089000000000000000e+03 6.920000000000000000e+02
6.210000000000000000e+02 9.300000000000000000e+01 1.100000000000000000e+01 3.954000000000000000e+03 6.640000000000000000e+02
6.520000000000000000e+02 1.150000000000000000e+02 7.000000000000000000e+00 4.449000000000000000e+03 6.930000000000000000e+02
6.640000000000000000e+02 1.000000000000000000e+02 6.000000000000000000e+00 4.004000000000000000e+03 6.730000000000000000e+02
5.880000000000000000e+02 9.200000000000000000e+01 5.000000000000000000e+00 3.517000000000000000e+03 6.450000000000000000e+02
5.350000000000000000e+02 6.900000000000000000e+01 4.000000000000000000e+00 3.592000000000000000e+03 5.620000000000000000e+02
6.560000000000000000e+02 1.280000000000000000e+02 8.000000000000000000e+00 4.308000000000000000e+03 7.000000000000000000e+02
6.590000000000000000e+02 8.500000000000000000e+01 4.000000000000000000e+00 3.944000000000000000e+03 6.570000000000000000e+02
7.590000000000000000e+02 9.600000000000000000e+01 1.000000000000000000e+00 4.495000000000000000e+03 7.230000000000000000e+02
6.910000000000000000e+02 8.600000000000000000e+01 4.000000000000000000e+00 4.292000000000000000e+03 7.040000000000000000e+02
7.940000000000000000e+02 9.500000000000000000e+01 5.000000000000000000e+00 4.256000000000000000e+03 7.380000000000000000e+02
7.000000000000000000e+02 9.400000000000000000e+01 2.000000000000000000e+00 4.442000000000000000e+03 6.980000000000000000e+02
6.300000000000000000e+02 1.040000000000000000e+02 1.000000000000000000e+01 4.356000000000000000e+03 6.670000000000000000e+02
6.490000000000000000e+02 1.090000000000000000e+02 8.000000000000000000e+00 3.792000000000000000e+03 7.070000000000000000e+02
7.500000000000000000e+02 9.600000000000000000e+01 6.000000000000000000e+00 4.483000000000000000e+03 7.220000000000000000e+02
7.110000000000000000e+02 1.010000000000000000e+02 3.000000000000000000e+00 4.032000000000000000e+03 7.090000000000000000e+02
8.830000000000000000e+02 1.150000000000000000e+02 5.000000000000000000e+00 4.479000000000000000e+03 8.270000000000000000e+02
6.850000000000000000e+02 7.000000000000000000e+01 5.000000000000000000e+00 3.994000000000000000e+03 6.740000000000000000e+02
6.670000000000000000e+02 9.500000000000000000e+01 4.000000000000000000e+00 3.996000000000000000e+03 7.030000000000000000e+02
6.960000000000000000e+02 9.500000000000000000e+01 4.000000000000000000e+00 4.553000000000000000e+03 6.750000000000000000e+02
7.340000000000000000e+02 1.080000000000000000e+02 5.000000000000000000e+00 4.256000000000000000e+03 7.920000000000000000e+02
8.200000000000000000e+02 1.040000000000000000e+02 3.000000000000000000e+00 4.454000000000000000e+03 7.540000000000000000e+02
6.670000000000000000e+02 9.000000000000000000e+01 6.000000000000000000e+00 3.953000000000000000e+03 6.850000000000000000e+02
7.390000000000000000e+02 1.090000000000000000e+02 4.000000000000000000e+00 4.455000000000000000e+03 7.420000000000000000e+02
7.880000000000000000e+02 1.040000000000000000e+02 1.000000000000000000e+00 4.321000000000000000e+03 7.490000000000000000e+02
7.310000000000000000e+02 1.120000000000000000e+02 4.000000000000000000e+00 4.470000000000000000e+03 7.520000000000000000e+02
9.030000000000000000e+02 1.100000000000000000e+02 8.000000000000000000e+00 4.521000000000000000e+03 8.290000000000000000e+02
6.840000000000000000e+02 1.010000000000000000e+02 6.000000000000000000e+00 4.275000000000000000e+03 6.810000000000000000e+02
6.550000000000000000e+02 8.200000000000000000e+01 6.000000000000000000e+00 3.794000000000000000e+03 6.770000000000000000e+02
7.160000000000000000e+02 8.500000000000000000e+01 1.000000000000000000e+00 4.242000000000000000e+03 7.230000000000000000e+02
6.370000000000000000e+02 9.700000000000000000e+01 5.000000000000000000e+00 3.921000000000000000e+03 6.520000000000000000e+02
7.730000000000000000e+02 8.900000000000000000e+01 7.000000000000000000e+00 4.648000000000000000e+03 7.000000000000000000e+02
6.600000000000000000e+02 8.300000000000000000e+01 4.000000000000000000e+00 4.165000000000000000e+03 6.460000000000000000e+02
6.100000000000000000e+02 7.000000000000000000e+01 0.000000000000000000e+00 3.595000000000000000e+03 6.350000000000000000e+02
6.950000000000000000e+02 9.100000000000000000e+01 4.000000000000000000e+00 4.136000000000000000e+03 7.060000000000000000e+02
4.890000000000000000e+02 6.100000000000000000e+01 2.000000000000000000e+00 3.334000000000000000e+03 5.140000000000000000e+02
6.230000000000000000e+02 1.100000000000000000e+02 7.000000000000000000e+00 4.168000000000000000e+03 6.810000000000000000e+02
6.520000000000000000e+02 1.100000000000000000e+02 4.000000000000000000e+00 4.022000000000000000e+03 6.930000000000000000e+02
6.070000000000000000e+02 8.100000000000000000e+01 4.000000000000000000e+00 4.099000000000000000e+03 6.210000000000000000e+02
6.430000000000000000e+02 9.300000000000000000e+01 7.000000000000000000e+00 3.844000000000000000e+03 6.450000000000000000e+02
7.620000000000000000e+02 1.160000000000000000e+02 8.000000000000000000e+00 4.359000000000000000e+03 7.680000000000000000e+02
5.260000000000000000e+02 9.700000000000000000e+01 2.000000000000000000e+00 3.349000000000000000e+03 5.900000000000000000e+02
7.600000000000000000e+02 1.000000000000000000e+02 4.000000000000000000e+00 4.417000000000000000e+03 6.990000000000000000e+02
6.530000000000000000e+02 7.900000000000000000e+01 4.000000000000000000e+00 4.023000000000000000e+03 6.880000000000000000e+02
8.250000000000000000e+02 9.300000000000000000e+01 4.000000000000000000e+00 4.275000000000000000e+03 7.540000000000000000e+02
6.550000000000000000e+02 9.600000000000000000e+01 6.000000000000000000e+00 3.778000000000000000e+03 6.870000000000000000e+02
7.540000000000000000e+02 1.080000000000000000e+02 9.000000000000000000e+00 4.229000000000000000e+03 7.600000000000000000e+02
7.370000000000000000e+02 1.160000000000000000e+02 8.000000000000000000e+00 4.254000000000000000e+03 7.390000000000000000e+02
5.480000000000000000e+02 9.700000000000000000e+01 5.000000000000000000e+00 3.574000000000000000e+03 6.010000000000000000e+02
7.550000000000000000e+02 8.600000000000000000e+01 3.000000000000000000e+00 4.155000000000000000e+03 7.020000000000000000e+02
8.070000000000000000e+02 9.400000000000000000e+01 5.000000000000000000e+00 4.736000000000000000e+03 7.240000000000000000e+02
6.060000000000000000e+02 8.100000000000000000e+01 5.000000000000000000e+00 3.922000000000000000e+03 6.410000000000000000e+02
5.780000000000000000e+02 1.070000000000000000e+02 3.000000000000000000e+00 3.937000000000000000e+03 6.170000000000000000e+02
6.600000000000000000e+02 1.040000000000000000e+02 5.000000000000000000e+00 4.084000000000000000e+03 6.980000000000000000e+02
6.550000000000000000e+02 1.010000000000000000e+02 2.000000000000000000e+00 4.324000000000000000e+03 6.880000000000000000e+02
6.490000000000000000e+02 9.900000000000000000e+01 3.000000000000000000e+00 4.229000000000000000e+03 6.810000000000000000e+02
7.710000000000000000e+02 1.180000000000000000e+02 3.000000000000000000e+00 4.647000000000000000e+03 7.360000000000000000e+02
8.860000000000000000e+02 9.700000000000000000e+01 5.000000000000000000e+00 4.468000000000000000e+03 7.600000000000000000e+02
6.120000000000000000e+02 8.500000000000000000e+01 7.000000000000000000e+00 4.252000000000000000e+03 6.690000000000000000e+02
5.840000000000000000e+02 8.300000000000000000e+01 4.000000000000000000e+00 3.914000000000000000e+03 6.510000000000000000e+02
6.800000000000000000e+02 9.300000000000000000e+01 1.000000000000000000e+01 4.108000000000000000e+03 7.000000000000000000e+02
5.950000000000000000e+02 9.400000000000000000e+01 4.000000000000000000e+00 3.995000000000000000e+03 6.250000000000000000e+02
6.710000000000000000e+02 1.060000000000000000e+02 3.000000000000000000e+00 4.231000000000000000e+03 6.900000000000000000e+02
6.950000000000000000e+02 8.000000000000000000e+01 7.000000000000000000e+00 3.979000000000000000e+03 6.520000000000000000e+02
6.900000000000000000e+02 9.400000000000000000e+01 9.000000000000000000e+00 4.398000000000000000e+03 6.890000000000000000e+02
8.100000000000000000e+02 1.020000000000000000e+02 5.000000000000000000e+00 4.422000000000000000e+03 7.570000000000000000e+02
7.330000000000000000e+02 9.700000000000000000e+01 7.000000000000000000e+00 4.111000000000000000e+03 7.200000000000000000e+02
7.870000000000000000e+02 1.190000000000000000e+02 4.000000000000000000e+00 4.291000000000000000e+03 7.590000000000000000e+02
6.300000000000000000e+02 1.000000000000000000e+02 7.000000000000000000e+00 3.679000000000000000e+03 6.870000000000000000e+02
7.520000000000000000e+02 1.000000000000000000e+02 3.000000000000000000e+00 4.514000000000000000e+03 6.880000000000000000e+02
6.160000000000000000e+02 9.500000000000000000e+01 8.000000000000000000e+00 4.114000000000000000e+03 6.710000000000000000e+02
7.290000000000000000e+02 1.140000000000000000e+02 7.000000000000000000e+00 3.932000000000000000e+03 6.850000000000000000e+02
6.750000000000000000e+02 7.400000000000000000e+01 3.000000000000000000e+00 3.927000000000000000e+03 6.550000000000000000e+02
6.580000000000000000e+02 9.600000000000000000e+01 3.000000000000000000e+00 4.310000000000000000e+03 6.700000000000000000e+02
7.110000000000000000e+02 1.130000000000000000e+02 2.000000000000000000e+00 4.188000000000000000e+03 7.350000000000000000e+02
6.460000000000000000e+02 1.040000000000000000e+02 3.000000000000000000e+00 4.167000000000000000e+03 7.010000000000000000e+02
5.290000000000000000e+02 6.700000000000000000e+01 4.000000000000000000e+00 3.174000000000000000e+03 5.750000000000000000e+02
7.770000000000000000e+02 8.400000000000000000e+01 1.000000000000000000e+00 4.518000000000000000e+03 7.210000000000000000e+02
6.630000000000000000e+02 7.600000000000000000e+01 6.000000000000000000e+00 4.103000000000000000e+03 6.320000000000000000e+02
5.890000000000000000e+02 9.300000000000000000e+01 4.000000000000000000e+00 3.800000000000000000e+03 6.430000000000000000e+02
7.760000000000000000e+02 1.160000000000000000e+02 5.000000000000000000e+00 4.271000000000000000e+03 7.560000000000000000e+02
7.160000000000000000e+02 1.160000000000000000e+02 3.000000000000000000e+00 4.229000000000000000e+03 7.250000000000000000e+02
6.920000000000000000e+02 8.800000000000000000e+01 5.000000000000000000e+00 4.226000000000000000e+03 6.920000000000000000e+02
6.810000000000000000e+02 8.900000000000000000e+01 8.000000000000000000e+00 4.348000000000000000e+03 6.620000000000000000e+02
7.730000000000000000e+02 1.110000000000000000e+02 5.000000000000000000e+00 4.303000000000000000e+03 7.840000000000000000e+02
8.410000000000000000e+02 1.080000000000000000e+02 3.000000000000000000e+00 4.411000000000000000e+03 7.940000000000000000e+02
6.830000000000000000e+02 9.500000000000000000e+01 7.000000000000000000e+00 4.171000000000000000e+03 6.880000000000000000e+02
6.750000000000000000e+02 1.060000000000000000e+02 5.000000000000000000e+00 4.042000000000000000e+03 6.780000000000000000e+02
7.040000000000000000e+02 1.040000000000000000e+02 9.000000000000000000e+00 4.345000000000000000e+03 7.250000000000000000e+02
6.230000000000000000e+02 9.300000000000000000e+01 3.000000000000000000e+00 4.233000000000000000e+03 6.570000000000000000e+02
7.320000000000000000e+02 1.110000000000000000e+02 3.000000000000000000e+00 4.330000000000000000e+03 7.420000000000000000e+02
6.690000000000000000e+02 1.000000000000000000e+02 7.000000000000000000e+00 3.909000000000000000e+03 7.040000000000000000e+02
7.050000000000000000e+02 9.900000000000000000e+01 5.000000000000000000e+00 4.284000000000000000e+03 6.990000000000000000e+02
7.100000000000000000e+02 9.200000000000000000e+01 4.000000000000000000e+00 4.365000000000000000e+03 6.690000000000000000e+02
7.130000000000000000e+02 9.000000000000000000e+01 6.000000000000000000e+00 4.315000000000000000e+03 6.610000000000000000e+02
8.330000000000000000e+02 1.190000000000000000e+02 4.000000000000000000e+00 4.483000000000000000e+03 7.700000000000000000e+02
7.250000000000000000e+02 9.600000000000000000e+01 6.000000000000000000e+00 4.418000000000000000e+03 6.900000000000000000e+02
7.520000000000000000e+02 8.900000000000000000e+01 2.000000000000000000e+00 4.241000000000000000e+03 7.010000000000000000e+02
6.410000000000000000e+02 9.900000000000000000e+01 1.000000000000000000e+00 4.008000000000000000e+03 6.750000000000000000e+02
7.140000000000000000e+02 1.100000000000000000e+02 3.000000000000000000e+00 3.899000000000000000e+03 7.180000000000000000e+02
7.440000000000000000e+02 9.400000000000000000e+01 6.000000000000000000e+00 4.278000000000000000e+03 7.190000000000000000e+02
7.190000000000000000e+02 1.060000000000000000e+02 9.000000000000000000e+00 4.172000000000000000e+03 7.310000000000000000e+02
6.750000000000000000e+02 9.400000000000000000e+01 6.000000000000000000e+00 4.227000000000000000e+03 6.820000000000000000e+02
7.330000000000000000e+02 8.500000000000000000e+01 4.000000000000000000e+00 4.579000000000000000e+03 7.240000000000000000e+02
6.630000000000000000e+02 8.900000000000000000e+01 6.000000000000000000e+00 4.168000000000000000e+03 6.530000000000000000e+02
5.260000000000000000e+02 7.900000000000000000e+01 8.000000000000000000e+00 3.972000000000000000e+03 5.620000000000000000e+02
