2.554000000000000000e+03 7.450000000000000000e+02 1.150000000000000000e+02 1.102700000000000000e+04 1.739000000000000000e+03
2.471000000000000000e+03 7.070000000000000000e+02 1.060000000000000000e+02 1.094500000000000000e+04 1.651000000000000000e+03
2.649000000000000000e+03 7.550000000000000000e+02 1.000000000000000000e+02 1.061500000000000000e+04 1.744000000000000000e+03
2.815000000000000000e+03 8.040000000000000000e+02 1.160000000000000000e+02 1.181400000000000000e+04 1.791000000000000000e+03
2.467000000000000000e+03 7.680000000000000000e+02 1.190000000000000000e+02 1.121500000000000000e+04 1.711000000000000000e+03
2.097000000000000000e+03 6.790000000000000000e+02 1.040000000000000000e+02 9.681000000000000000e+03 1.596000000000000000e+03
2.230000000000000000e+03 6.850000000000000000e+02 1.000000000000000000e+02 9.519000000000000000e+03 1.654000000000000000e+03
2.735000000000000000e+03 7.880000000000000000e+02 1.030000000000000000e+02 1.179300000000000000e+04 1.753000000000000000e+03
2.508000000000000000e+03 7.350000000000000000e+02 9.100000000000000000e+01 1.028700000000000000e+04 1.730000000000000000e+03
2.492000000000000000e+03 7.370000000000000000e+02 1.080000000000000000e+02 1.057800000000000000e+04 1.766000000000000000e+03
2.627000000000000000e+03 7.370000000000000000e+02 1.160000000000000000e+02 1.076700000000000000e+04 1.746000000000000000e+03
2.706000000000000000e+03 7.420000000000000000e+02 1.000000000000000000e+02 1.139200000000000000e+04 1.733000000000000000e+03
2.501000000000000000e+03 7.230000000000000000e+02 1.020000000000000000e+02 1.016800000000000000e+04 1.746000000000000000e+03
2.934000000000000000e+03 7.230000000000000000e+02 1.000000000000000000e+02 1.137500000000000000e+04 1.762000000000000000e+03
2.455000000000000000e+03 7.560000000000000000e+02 1.200000000000000000e+02 1.133500000000000000e+04 1.690000000000000000e+03
2.648000000000000000e+03 7.760000000000000000e+02 1.060000000000000000e+02 1.128900000000000000e+04 1.744000000000000000e+03
2.529000000000000000e+03 7.220000000000000000e+02 1.030000000000000000e+02 1.006300000000000000e+04 1.689000000000000000e+03
2.613000000000000000e+03 7.970000000000000000e+02 1.120000000000000000e+02 1.095400000000000000e+04 1.742000000000000000e+03
2.567000000000000000e+03 7.050000000000000000e+02 1.080000000000000000e+02 1.099800000000000000e+04 1.619000000000000000e+03
2.751000000000000000e+03 7.240000000000000000e+02 1.050000000000000000e+02 1.078500000000000000e+04 1.746000000000000000e+03
2.447000000000000000e+03 7.190000000000000000e+02 1.200000000000000000e+02 1.067700000000000000e+04 1.729000000000000000e+03
2.840000000000000000e+03 8.670000000000000000e+02 1.040000000000000000e+02 1.190500000000000000e+04 1.837000000000000000e+03
2.812000000000000000e+03 7.790000000000000000e+02 1.200000000000000000e+02 1.161700000000000000e+04 1.814000000000000000e+03
2.774000000000000000e+03 7.550000000000000000e+02 1.070000000000000000e+02 1.169700000000000000e+04 1.735000000000000000e+03
2.502000000000000000e+03 7.380000000000000000e+02 9.800000000000000000e+01 1.053400000000000000e+04 1.678000000000000000e+03
2.865000000000000000e+03 7.840000000000000000e+02 1.070000000000000000e+02 1.180600000000000000e+04 1.749000000000000000e+03
2.465000000000000000e+03 7.430000000000000000e+02 1.020000000000000000e+02 1.110900000000000000e+04 1.710000000000000000e+03
2.289000000000000000e+03 7.490000000000000000e+02 1.190000000000000000e+02 1.091300000000000000e+04 1.654000000000000000e+03
2.878000000000000000e+03 7.680000000000000000e+02 1.090000000000000000e+02 1.190500000000000000e+04 1.818000000000000000e+03
2.374000000000000000e+03 7.050000000000000000e+02 8.400000000000000000e+01 1.012500000000000000e+04 1.702000000000000000e+03
2.360000000000000000e+03 7.470000000000000000e+02 1.110000000000000000e+02 1.038400000000000000e+04 1.639000000000000000e+03
2.615000000000000000e+03 7.550000000000000000e+02 1.140000000000000000e+02 1.101700000000000000e+04 1.719000000000000000e+03
2.779000000000000000e+03 8.170000000000000000e+02 1.160000000000000000e+02 1.129500000000000000e+04 1.840000000000000000e+03
2.636000000000000000e+03 7.650000000000000000e+02 1.240000000000000000e+02 1.097800000000000000e+04 1.725000000000000000e+03
2.984000000000000000e+03 7.630000000000000000e+02 1.160000000000000000e+02 1.188600000000000000e+04 1.791000000000000000e+03
2.510000000000000000e+03 7.520000000000000000e+02 9.100000000000000000e+01 1.106900000000000000e+04 1.771000000000000000e+03
2.584000000000000000e+03 7.560000000000000000e+02 9.500000000000000000e+01 1.070100000000000000e+04 1.751000000000000000e+03
2.161000000000000000e+03 6.940000000000000000e+02 1.020000000000000000e+02 9.838000000000000000e+03 1.656000000000000000e+03
2.580000000000000000e+03 7.340000000000000000e+02 9.200000000000000000e+01 1.082700000000000000e+04 1.703000000000000000e+03
2.462000000000000000e+03 7.110000000000000000e+02 8.700000000000000000e+01 1.146500000000000000e+04 1.684000000000000000e+03
2.961000000000000000e+03 8.410000000000000000e+02 1.210000000000000000e+02 1.204500000000000000e+04 1.845000000000000000e+03
2.751000000000000000e+03 7.700000000000000000e+02 1.060000000000000000e+02 1.160000000000000000e+04 1.765000000000000000e+03
2.762000000000000000e+03 7.050000000000000000e+02 9.300000000000000000e+01 1.166600000000000000e+04 1.713000000000000000e+03
2.151000000000000000e+03 6.620000000000000000e+02 1.030000000000000000e+02 9.238000000000000000e+03 1.604000000000000000e+03
1.924000000000000000e+03 6.650000000000000000e+02 1.080000000000000000e+02 9.721000000000000000e+03 1.529000000000000000e+03
2.933000000000000000e+03 7.740000000000000000e+02 1.170000000000000000e+02 1.226700000000000000e+04 1.752000000000000000e+03
2.776000000000000000e+03 7.130000000000000000e+02 1.040000000000000000e+02 1.152400000000000000e+04 1.713000000000000000e+03
2.887000000000000000e+03 7.980000000000000000e+02 9.700000000000000000e+01 1.189300000000000000e+04 1.788000000000000000e+03
2.570000000000000000e+03 7.540000000000000000e+02 1.240000000000000000e+02 1.133100000000000000e+04 1.751000000000000000e+03
2.511000000000000000e+03 7.170000000000000000e+02 1.340000000000000000e+02 1.165100000000000000e+04 1.670000000000000000e+03
2.515000000000000000e+03 8.030000000000000000e+02 1.170000000000000000e+02 1.085100000000000000e+04 1.780000000000000000e+03
2.215000000000000000e+03 6.830000000000000000e+02 9.800000000000000000e+01 9.970000000000000000e+03 1.631000000000000000e+03
2.417000000000000000e+03 7.440000000000000000e+02 1.090000000000000000e+02 1.042300000000000000e+04 1.694000000000000000e+03
2.504000000000000000e+03 7.710000000000000000e+02 1.250000000000000000e+02 1.136600000000000000e+04 1.690000000000000000e+03
2.428000000000000000e+03 7.720000000000000000e+02 9.600000000000000000e+01 1.065000000000000000e+04 1.736000000000000000e+03
2.695000000000000000e+03 7.740000000000000000e+02 9.100000000000000000e+01 1.169300000000000000e+04 1.731000000000000000e+03
2.434000000000000000e+03 7.740000000000000000e+02 1.070000000000000000e+02 1.053900000000000000e+04 1.746000000000000000e+03
1.913000000000000000e+03 6.430000000000000000e+02 9.700000000000000000e+01 8.746000000000000000e+03 1.543000000000000000e+03
2.014000000000000000e+03 6.760000000000000000e+02 8.800000000000000000e+01 9.708000000000000000e+03 1.601000000000000000e+03
2.339000000000000000e+03 7.750000000000000000e+02 1.100000000000000000e+02 1.034800000000000000e+04 1.673000000000000000e+03
2.274000000000000000e+03 7.160000000000000000e+02 1.040000000000000000e+02 9.784000000000000000e+03 1.693000000000000000e+03
2.268000000000000000e+03 6.560000000000000000e+02 8.400000000000000000e+01 9.779000000000000000e+03 1.612000000000000000e+03
2.860000000000000000e+03 7.620000000000000000e+02 1.220000000000000000e+02 1.157900000000000000e+04 1.794000000000000000e+03
2.720000000000000000e+03 7.530000000000000000e+02 1.040000000000000000e+02 1.181700000000000000e+04 1.738000000000000000e+03
2.324000000000000000e+03 7.190000000000000000e+02 1.010000000000000000e+02 1.030300000000000000e+04 1.679000000000000000e+03
2.498000000000000000e+03 7.150000000000000000e+02 9.900000000000000000e+01 1.109500000000000000e+04 1.658000000000000000e+03
2.555000000000000000e+03 7.510000000000000000e+02 1.100000000000000000e+02 1.069100000000000000e+04 1.726000000000000000e+03
2.739000000000000000e+03 7.850000000000000000e+02 1.020000000000000000e+02 1.199800000000000000e+04 1.757000000000000000e+03
2.942000000000000000e+03 7.740000000000000000e+02 1.100000000000000000e+02 1.120600000000000000e+04 1.778000000000000000e+03
2.221000000000000000e+03 6.770000000000000000e+02 1.240000000000000000e+02 9.012000000000000000e+03 1.681000000000000000e+03
2.618000000000000000e+03 7.760000000000000000e+02 1.080000000000000000e+02 1.074300000000000000e+04 1.742000000000000000e+03
2.650000000000000000e+03 7.830000000000000000e+02 1.280000000000000000e+02 1.134600000000000000e+04 1.806000000000000000e+03
2.553000000000000000e+03 7.390000000000000000e+02 1.190000000000000000e+02 1.063300000000000000e+04 1.757000000000000000e+03
3.063000000000000000e+03 7.790000000000000000e+02 1.080000000000000000e+02 1.172400000000000000e+04 1.828000000000000000e+03
2.421000000000000000e+03 6.780000000000000000e+02 1.180000000000000000e+02 1.130900000000000000e+04 1.692000000000000000e+03
2.402000000000000000e+03 7.110000000000000000e+02 9.800000000000000000e+01 1.068700000000000000e+04 1.588000000000000000e+03
2.700000000000000000e+03 7.470000000000000000e+02 8.700000000000000000e+01 1.187300000000000000e+04 1.704000000000000000e+03
2.412000000000000000e+03 7.090000000000000000e+02 9.900000000000000000e+01 1.016300000000000000e+04 1.691000000000000000e+03
2.233000000000000000e+03 7.010000000000000000e+02 7.700000000000000000e+01 9.890000000000000000e+03 1.600000000000000000e+03
2.897000000000000000e+03 7.740000000000000000e+02 1.180000000000000000e+02 1.133100000000000000e+04 1.797000000000000000e+03
2.338000000000000000e+03 6.870000000000000000e+02 9.900000000000000000e+01 1.065200000000000000e+04 1.660000000000000000e+03
2.319000000000000000e+03 7.090000000000000000e+02 1.010000000000000000e+02 1.076200000000000000e+04 1.652000000000000000e+03
2.867000000000000000e+03 7.500000000000000000e+02 1.020000000000000000e+02 1.112700000000000000e+04 1.764000000000000000e+03
2.696000000000000000e+03 7.380000000000000000e+02 1.030000000000000000e+02 1.143000000000000000e+04 1.677000000000000000e+03
2.593000000000000000e+03 7.160000000000000000e+02 1.070000000000000000e+02 1.137700000000000000e+04 1.749000000000000000e+03
2.221000000000000000e+03 7.070000000000000000e+02 1.040000000000000000e+02 1.016300000000000000e+04 1.629000000000000000e+03
2.237000000000000000e+03 6.660000000000000000e+02 8.300000000000000000e+01 1.027100000000000000e+04 1.638000000000000000e+03
2.349000000000000000e+03 6.760000000000000000e+02 9.600000000000000000e+01 9.583000000000000000e+03 1.680000000000000000e+03
2.913000000000000000e+03 7.760000000000000000e+02 1.030000000000000000e+02 1.177100000000000000e+04 1.734000000000000000e+03
2.714000000000000000e+03 8.090000000000000000e+02 1.100000000000000000e+02 1.184000000000000000e+04 1.819000000000000000e+03
2.446000000000000000e+03 6.820000000000000000e+02 1.100000000000000000e+02 1.047700000000000000e+04 1.661000000000000000e+03
2.381000000000000000e+03 6.980000000000000000e+02 1.120000000000000000e+02 1.006000000000000000e+04 1.638000000000000000e+03
2.894000000000000000e+03 7.550000000000000000e+02 1.010000000000000000e+02 1.211800000000000000e+04 1.783000000000000000e+03
2.276000000000000000e+03 7.190000000000000000e+02 8.600000000000000000e+01 9.936000000000000000e+03 1.696000000000000000e+03
2.582000000000000000e+03 7.380000000000000000e+02 1.210000000000000000e+02 1.079100000000000000e+04 1.716000000000000000e+03
2.793000000000000000e+03 7.620000000000000000e+02 9.800000000000000000e+01 1.168900000000000000e+04 1.776000000000000000e+03
2.493000000000000000e+03 7.540000000000000000e+02 1.050000000000000000e+02 1.105100000000000000e+04 1.738000000000000000e+03
2.605000000000000000e+03 8.060000000000000000e+02 1.090000000000000000e+02 1.122300000000000000e+04 1.775000000000000000e+03
2.324000000000000000e+03 7.640000000000000000e+02 9.900000000000000000e+01 1.041600000000000000e+04 1.659000000000000000e+03
2.638000000000000000e+03 7.580000000000000000e+02 1.110000000000000000e+02 1.157000000000000000e+04 1.691000000000000000e+03
2.504000000000000000e+03 7.140000000000000000e+02 1.040000000000000000e+02 1.115100000000000000e+04 1.663000000000000000e+03
2.740000000000000000e+03 8.240000000000000000e+02 1.000000000000000000e+02 1.184100000000000000e+04 1.731000000000000000e+03
2.678000000000000000e+03 7.780000000000000000e+02 1.150000000000000000e+02 1.167600000000000000e+04 1.711000000000000000e+03
2.846000000000000000e+03 7.930000000000000000e+02 1.090000000000000000e+02 1.179000000000000000e+04 1.799000000000000000e+03
2.261000000000000000e+03 7.150000000000000000e+02 9.300000000000000000e+01 1.002400000000000000e+04 1.653000000000000000e+03
2.711000000000000000e+03 7.570000000000000000e+02 1.060000000000000000e+02 1.161700000000000000e+04 1.685000000000000000e+03
2.832000000000000000e+03 7.830000000000000000e+02 1.160000000000000000e+02 1.208700000000000000e+04 1.778000000000000000e+03
2.655000000000000000e+03 7.610000000000000000e+02 1.220000000000000000e+02 1.127300000000000000e+04 1.726000000000000000e+03
2.321000000000000000e+03 7.260000000000000000e+02 8.900000000000000000e+01 1.061700000000000000e+04 1.604000000000000000e+03
2.638000000000000000e+03 7.520000000000000000e+02 1.130000000000000000e+02 1.116100000000000000e+04 1.717000000000000000e+03
2.536000000000000000e+03 7.590000000000000000e+02 1.040000000000000000e+02 1.046000000000000000e+04 1.753000000000000000e+03
2.506000000000000000e+03 7.710000000000000000e+02 1.150000000000000000e+02 1.106700000000000000e+04 1.816000000000000000e+03
2.761000000000000000e+03 8.200000000000000000e+02 1.120000000000000000e+02 1.166300000000000000e+04 1.778000000000000000e+03
2.703000000000000000e+03 7.630000000000000000e+02 1.090000000000000000e+02 1.091500000000000000e+04 1.733000000000000000e+03
2.575000000000000000e+03 7.580000000000000000e+02 1.100000000000000000e+02 1.112500000000000000e+04 1.752000000000000000e+03
2.503000000000000000e+03 7.690000000000000000e+02 1.070000000000000000e+02 1.139600000000000000e+04 1.739000000000000000e+03
2.748000000000000000e+03 8.050000000000000000e+02 1.090000000000000000e+02 1.199000000000000000e+04 1.826000000000000000e+03
2.563000000000000000e+03 7.460000000000000000e+02 9.600000000000000000e+01 1.083100000000000000e+04 1.721000000000000000e+03
2.656000000000000000e+03 7.500000000000000000e+02 1.020000000000000000e+02 1.164500000000000000e+04 1.663000000000000000e+03
2.034000000000000000e+03 6.760000000000000000e+02 1.030000000000000000e+02 8.846000000000000000e+03 1.625000000000000000e+03
2.427000000000000000e+03 6.960000000000000000e+02 1.030000000000000000e+02 1.159700000000000000e+04 1.621000000000000000e+03
2.454000000000000000e+03 7.220000000000000000e+02 8.900000000000000000e+01 1.093100000000000000e+04 1.641000000000000000e+03
2.375000000000000000e+03 7.520000000000000000e+02 9.600000000000000000e+01 1.049700000000000000e+04 1.683000000000000000e+03
2.598000000000000000e+03 7.400000000000000000e+02 8.400000000000000000e+01 1.075300000000000000e+04 1.684000000000000000e+03
2.647000000000000000e+03 8.350000000000000000e+02 1.090000000000000000e+02 1.151200000000000000e+04 1.755000000000000000e+03
2.468000000000000000e+03 6.970000000000000000e+02 9.900000000000000000e+01 1.051600000000000000e+04 1.669000000000000000e+03
2.562000000000000000e+03 6.810000000000000000e+02 1.020000000000000000e+02 1.071600000000000000e+04 1.691000000000000000e+03
2.702000000000000000e+03 8.160000000000000000e+02 9.900000000000000000e+01 1.173000000000000000e+04 1.738000000000000000e+03
2.534000000000000000e+03 7.920000000000000000e+02 1.140000000000000000e+02 1.091600000000000000e+04 1.737000000000000000e+03
1.991000000000000000e+03 6.770000000000000000e+02 9.000000000000000000e+01 8.906000000000000000e+03 1.574000000000000000e+03
2.354000000000000000e+03 7.040000000000000000e+02 9.500000000000000000e+01 1.070100000000000000e+04 1.666000000000000000e+03
2.631000000000000000e+03 7.980000000000000000e+02 9.700000000000000000e+01 1.136900000000000000e+04 1.740000000000000000e+03
2.734000000000000000e+03 7.410000000000000000e+02 1.150000000000000000e+02 1.126800000000000000e+04 1.809000000000000000e+03
2.576000000000000000e+03 7.310000000000000000e+02 1.030000000000000000e+02 1.095800000000000000e+04 1.733000000000000000e+03
2.554000000000000000e+03 7.600000000000000000e+02 1.120000000000000000e+02 1.060600000000000000e+04 1.705000000000000000e+03
2.780000000000000000e+03 7.480000000000000000e+02 1.090000000000000000e+02 1.223200000000000000e+04 1.760000000000000000e+03
2.351000000000000000e+03 6.920000000000000000e+02 1.040000000000000000e+02 1.091500000000000000e+04 1.635000000000000000e+03
2.818000000000000000e+03 7.100000000000000000e+02 1.030000000000000000e+02 1.204900000000000000e+04 1.740000000000000000e+03
2.770000000000000000e+03 8.010000000000000000e+02 1.160000000000000000e+02 1.176900000000000000e+04 1.746000000000000000e+03
2.149000000000000000e+03 6.810000000000000000e+02 9.500000000000000000e+01 9.789000000000000000e+03 1.613000000000000000e+03
2.490000000000000000e+03 7.090000000000000000e+02 1.180000000000000000e+02 1.129000000000000000e+04 1.731000000000000000e+03
2.682000000000000000e+03 7.770000000000000000e+02 1.020000000000000000e+02 1.144900000000000000e+04 1.749000000000000000e+03
2.651000000000000000e+03 7.690000000000000000e+02 9.500000000000000000e+01 1.086300000000000000e+04 1.734000000000000000e+03
2.429000000000000000e+03 7.310000000000000000e+02 1.200000000000000000e+02 1.059500000000000000e+04 1.695000000000000000e+03
2.720000000000000000e+03 7.770000000000000000e+02 1.150000000000000000e+02 1.125600000000000000e+04 1.774000000000000000e+03
2.284000000000000000e+03 7.560000000000000000e+02 1.080000000000000000e+02 1.028800000000000000e+04 1.675000000000000000e+03
2.430000000000000000e+03 6.820000000000000000e+02 1.000000000000000000e+02 1.096500000000000000e+04 1.631000000000000000e+03
2.445000000000000000e+03 7.680000000000000000e+02 1.010000000000000000e+02 1.069100000000000000e+04 1.697000000000000000e+03
2.263000000000000000e+03 7.280000000000000000e+02 1.040000000000000000e+02 1.037300000000000000e+04 1.665000000000000000e+03
2.540000000000000000e+03 7.630000000000000000e+02 1.030000000000000000e+02 1.101800000000000000e+04 1.713000000000000000e+03
2.428000000000000000e+03 7.210000000000000000e+02 1.260000000000000000e+02 1.004400000000000000e+04 1.715000000000000000e+03
2.746000000000000000e+03 7.350000000000000000e+02 1.140000000000000000e+02 1.165700000000000000e+04 1.785000000000000000e+03
2.900000000000000000e+03 7.900000000000000000e+02 1.160000000000000000e+02 1.194000000000000000e+04 1.823000000000000000e+03
2.623000000000000000e+03 7.440000000000000000e+02 1.130000000000000000e+02 1.201600000000000000e+04 1.697000000000000000e+03
3.067000000000000000e+03 7.950000000000000000e+02 1.000000000000000000e+02 1.194800000000000000e+04 1.789000000000000000e+03
2.313000000000000000e+03 6.950000000000000000e+02 1.000000000000000000e+02 1.002800000000000000e+04 1.646000000000000000e+03
1.990000000000000000e+03 6.890000000000000000e+02 9.300000000000000000e+01 8.293000000000000000e+03 1.641000000000000000e+03
2.616000000000000000e+03 7.160000000000000000e+02 1.020000000000000000e+02 1.097200000000000000e+04 1.688000000000000000e+03
2.629000000000000000e+03 7.190000000000000000e+02 1.050000000000000000e+02 1.160500000000000000e+04 1.710000000000000000e+03
2.817000000000000000e+03 8.040000000000000000e+02 1.110000000000000000e+02 1.135200000000000000e+04 1.810000000000000000e+03
2.902000000000000000e+03 8.320000000000000000e+02 1.300000000000000000e+02 1.173500000000000000e+04 1.815000000000000000e+03
2.891000000000000000e+03 7.480000000000000000e+02 1.020000000000000000e+02 1.117300000000000000e+04 1.726000000000000000e+03
2.382000000000000000e+03 7.270000000000000000e+02 9.200000000000000000e+01 1.012900000000000000e+04 1.730000000000000000e+03
2.421000000000000000e+03 7.940000000000000000e+02 1.110000000000000000e+02 1.109800000000000000e+04 1.745000000000000000e+03
2.648000000000000000e+03 8.120000000000000000e+02 1.260000000000000000e+02 1.195400000000000000e+04 1.785000000000000000e+03
2.644000000000000000e+03 7.510000000000000000e+02 9.500000000000000000e+01 1.150400000000000000e+04 1.739000000000000000e+03
2.626000000000000000e+03 7.610000000000000000e+02 1.110000000000000000e+02 1.170100000000000000e+04 1.782000000000000000e+03
2.616000000000000000e+03 7.940000000000000000e+02 1.140000000000000000e+02 1.219800000000000000e+04 1.707000000000000000e+03
2.646000000000000000e+03 7.610000000000000000e+02 1.050000000000000000e+02 1.214500000000000000e+04 1.724000000000000000e+03
2.331000000000000000e+03 7.660000000000000000e+02 1.150000000000000000e+02 1.103100000000000000e+04 1.768000000000000000e+03
2.577000000000000000e+03 8.050000000000000000e+02 1.200000000000000000e+02 1.119800000000000000e+04 1.735000000000000000e+03
2.650000000000000000e+03 7.850000000000000000e+02 9.700000000000000000e+01 1.100300000000000000e+04 1.780000000000000000e+03
2.643000000000000000e+03 8.210000000000000000e+02 1.150000000000000000e+02 1.151400000000000000e+04 1.766000000000000000e+03
2.360000000000000000e+03 7.130000000000000000e+02 9.300000000000000000e+01 1.070800000000000000e+04 1.676000000000000000e+03
2.582000000000000000e+03 7.950000000000000000e+02 1.110000000000000000e+02 1.141300000000000000e+04 1.720000000000000000e+03
2.738000000000000000e+03 7.600000000000000000e+02 1.070000000000000000e+02 1.164200000000000000e+04 1.712000000000000000e+03
2.792000000000000000e+03 7.840000000000000000e+02 1.130000000000000000e+02 1.192500000000000000e+04 1.777000000000000000e+03
2.425000000000000000e+03 7.410000000000000000e+02 9.300000000000000000e+01 1.093300000000000000e+04 1.685000000000000000e+03
2.471000000000000000e+03 7.450000000000000000e+02 9.800000000000000000e+01 1.052700000000000000e+04 1.720000000000000000e+03
2.364000000000000000e+03 6.930000000000000000e+02 1.000000000000000000e+02 1.068700000000000000e+04 1.650000000000000000e+03
2.598000000000000000e+03 7.200000000000000000e+02 8.800000000000000000e+01 1.111800000000000000e+04 1.735000000000000000e+03
2.604000000000000000e+03 8.010000000000000000e+02 1.300000000000000000e+02 1.129900000000000000e+04 1.729000000000000000e+03
2.307000000000000000e+03 7.380000000000000000e+02 9.600000000000000000e+01 1.085100000000000000e+04 1.683000000000000000e+03
2.644000000000000000e+03 7.460000000000000000e+02 9.600000000000000000e+01 1.113400000000000000e+04 1.734000000000000000e+03
2.628000000000000000e+03 7.860000000000000000e+02 1.270000000000000000e+02 1.141900000000000000e+04 1.736000000000000000e+03
2.485000000000000000e+03 6.830000000000000000e+02 1.000000000000000000e+02 1.075600000000000000e+04 1.673000000000000000e+03
2.912000000000000000e+03 7.670000000000000000e+02 1.100000000000000000e+02 1.168200000000000000e+04 1.775000000000000000e+03
2.302000000000000000e+03 7.240000000000000000e+02 1.090000000000000000e+02 1.119600000000000000e+04 1.682000000000000000e+03
2.820000000000000000e+03 7.640000000000000000e+02 9.100000000000000000e+01 1.190700000000000000e+04 1.770000000000000000e+03
2.452000000000000000e+03 7.350000000000000000e+02 9.500000000000000000e+01 1.117100000000000000e+04 1.653000000000000000e+03
2.261000000000000000e+03 7.290000000000000000e+02 1.080000000000000000e+02 9.865000000000000000e+03 1.655000000000000000e+03
2.951000000000000000e+03 7.990000000000000000e+02 1.050000000000000000e+02 1.124700000000000000e+04 1.808000000000000000e+03
2.403000000000000000e+03 7.480000000000000000e+02 1.000000000000000000e+02 1.069200000000000000e+04 1.702000000000000000e+03
2.926000000000000000e+03 8.270000000000000000e+02 1.200000000000000000e+02 1.164800000000000000e+04 1.813000000000000000e+03
3.004000000000000000e+03 8.340000000000000000e+02 1.120000000000000000e+02 1.232000000000000000e+04 1.797000000000000000e+03
2.496000000000000000e+03 7.800000000000000000e+02 1.150000000000000000e+02 1.171000000000000000e+04 1.714000000000000000e+03
2.635000000000000000e+03 6.960000000000000000e+02 1.010000000000000000e+02 1.085600000000000000e+04 1.705000000000000000e+03
1.927000000000000000e+03 6.740000000000000000e+02 9.600000000000000000e+01 8.585000000000000000e+03 1.560000000000000000e+03
2.569000000000000000e+03 7.680000000000000000e+02 1.010000000000000000e+02 1.119500000000000000e+04 1.743000000000000000e+03
2.389000000000000000e+03 7.260000000000000000e+02 1.130000000000000000e+02 9.883000000000000000e+03 1.741000000000000000e+03
2.325000000000000000e+03 6.730000000000000000e+02 1.070000000000000000e+02 1.023600000000000000e+04 1.622000000000000000e+03
2.830000000000000000e+03 7.610000000000000000e+02 9.700000000000000000e+01 1.118200000000000000e+04 1.753000000000000000e+03
2.437000000000000000e+03 7.600000000000000000e+02 1.100000000000000000e+02 1.118800000000000000e+04 1.733000000000000000e+03
2.447000000000000000e+03 7.780000000000000000e+02 1.050000000000000000e+02 1.070700000000000000e+04 1.767000000000000000e+03
2.125000000000000000e+03 6.910000000000000000e+02 9.800000000000000000e+01 9.644000000000000000e+03 1.590000000000000000e+03
2.711000000000000000e+03 7.700000000000000000e+02 1.010000000000000000e+02 1.123100000000000000e+04 1.761000000000000000e+03
2.217000000000000000e+03 7.650000000000000000e+02 9.300000000000000000e+01 1.016300000000000000e+04 1.668000000000000000e+03
2.969000000000000000e+03 7.410000000000000000e+02 1.180000000000000000e+02 1.189600000000000000e+04 1.762000000000000000e+03
2.114000000000000000e+03 6.980000000000000000e+02 1.070000000000000000e+02 9.639000000000000000e+03 1.678000000000000000e+03
2.733000000000000000e+03 7.660000000000000000e+02 1.050000000000000000e+02 1.152900000000000000e+04 1.717000000000000000e+03
2.324000000000000000e+03 7.670000000000000000e+02 1.160000000000000000e+02 1.036700000000000000e+04 1.695000000000000000e+03
2.532000000000000000e+03 7.900000000000000000e+02 1.260000000000000000e+02 1.109800000000000000e+04 1.747000000000000000e+03
2.701000000000000000e+03 7.880000000000000000e+02 9.600000000000000000e+01 1.083500000000000000e+04 1.777000000000000000e+03
2.666000000000000000e+03 7.200000000000000000e+02 1.060000000000000000e+02 1.102100000000000000e+04 1.695000000000000000e+03
2.874000000000000000e+03 7.400000000000000000e+02 1.070000000000000000e+02 1.183200000000000000e+04 1.781000000000000000e+03
2.871000000000000000e+03 7.880000000000000000e+02 1.020000000000000000e+02 1.146300000000000000e+04 1.741000000000000000e+03
2.703000000000000000e+03 7.320000000000000000e+02 1.140000000000000000e+02 1.153800000000000000e+04 1.738000000000000000e+03
2.701000000000000000e+03 7.270000000000000000e+02 9.700000000000000000e+01 1.166400000000000000e+04 1.773000000000000000e+03
3.022000000000000000e+03 7.820000000000000000e+02 1.050000000000000000e+02 1.258700000000000000e+04 1.824000000000000000e+03
2.812000000000000000e+03 8.150000000000000000e+02 1.220000000000000000e+02 1.172400000000000000e+04 1.810000000000000000e+03
2.551000000000000000e+03 7.220000000000000000e+02 1.210000000000000000e+02 1.060400000000000000e+04 1.717000000000000000e+03
2.692000000000000000e+03 7.580000000000000000e+02 1.030000000000000000e+02 1.154200000000000000e+04 1.770000000000000000e+03
2.465000000000000000e+03 7.630000000000000000e+02 1.020000000000000000e+02 1.077900000000000000e+04 1.715000000000000000e+03
2.440000000000000000e+03 7.380000000000000000e+02 9.000000000000000000e+01 1.100900000000000000e+04 1.714000000000000000e+03
2.675000000000000000e+03 7.610000000000000000e+02 1.070000000000000000e+02 1.260600000000000000e+04 1.730000000000000000e+03
2.414000000000000000e+03 7.600000000000000000e+02 9.800000000000000000e+01 1.062700000000000000e+04 1.730000000000000000e+03
2.641000000000000000e+03 7.980000000000000000e+02 1.150000000000000000e+02 1.169300000000000000e+04 1.804000000000000000e+03
2.496000000000000000e+03 7.360000000000000000e+02 8.200000000000000000e+01 1.032300000000000000e+04 1.719000000000000000e+03
2.375000000000000000e+03 7.200000000000000000e+02 1.080000000000000000e+02 1.012900000000000000e+04 1.685000000000000000e+03
2.656000000000000000e+03 7.620000000000000000e+02 1.080000000000000000e+02 1.137100000000000000e+04 1.714000000000000000e+03
2.083000000000000000e+03 7.310000000000000000e+02 1.240000000000000000e+02 9.830000000000000000e+03 1.617000000000000000e+03
2.714000000000000000e+03 7.560000000000000000e+02 1.130000000000000000e+02 1.122600000000000000e+04 1.760000000000000000e+03
2.565000000000000000e+03 7.370000000000000000e+02 1.010000000000000000e+02 1.060200000000000000e+04 1.707000000000000000e+03
2.588000000000000000e+03 7.420000000000000000e+02 1.020000000000000000e+02 1.087700000000000000e+04 1.763000000000000000e+03
2.617000000000000000e+03 8.000000000000000000e+02 1.000000000000000000e+02 1.114300000000000000e+04 1.725000000000000000e+03
2.528000000000000000e+03 7.500000000000000000e+02 1.100000000000000000e+02 1.142700000000000000e+04 1.724000000000000000e+03
2.260000000000000000e+03 6.750000000000000000e+02 1.040000000000000000e+02 1.084500000000000000e+04 1.674000000000000000e+03
2.737000000000000000e+03 7.750000000000000000e+02 1.100000000000000000e+02 1.198100000000000000e+04 1.763000000000000000e+03
2.701000000000000000e+03 7.730000000000000000e+02 9.100000000000000000e+01 1.184400000000000000e+04 1.741000000000000000e+03
2.152000000000000000e+03 6.440000000000000000e+02 1.040000000000000000e+02 9.231000000000000000e+03 1.585000000000000000e+03
2.832000000000000000e+03 7.580000000000000000e+02 1.130000000000000000e+02 1.165500000000000000e+04 1.769000000000000000e+03
2.213000000000000000e+03 7.080000000000000000e+02 1.230000000000000000e+02 9.184000000000000000e+03 1.674000000000000000e+03
1.956000000000000000e+03 6.910000000000000000e+02 1.050000000000000000e+02 9.632000000000000000e+03 1.539000000000000000e+03
2.826000000000000000e+03 7.940000000000000000e+02 1.260000000000000000e+02 1.168200000000000000e+04 1.786000000000000000e+03
2.513000000000000000e+03 7.490000000000000000e+02 9.800000000000000000e+01 1.049000000000000000e+04 1.703000000000000000e+03
2.004000000000000000e+03 6.800000000000000000e+02 1.030000000000000000e+02 9.534000000000000000e+03 1.596000000000000000e+03
2.422000000000000000e+03 7.100000000000000000e+02 1.100000000000000000e+02 1.026300000000000000e+04 1.665000000000000000e+03
2.858000000000000000e+03 8.250000000000000000e+02 1.220000000000000000e+02 1.215700000000000000e+04 1.759000000000000000e+03
1.605000000000000000e+03 6.010000000000000000e+02 9.600000000000000000e+01 7.057000000000000000e+03 1.542000000000000000e+03
2.456000000000000000e+03 7.400000000000000000e+02 9.300000000000000000e+01 1.070000000000000000e+04 1.711000000000000000e+03
