2.089000000000000000e+03 4.720000000000000000e+02 4.800000000000000000e+01 9.467000000000000000e+03 1.407000000000000000e+03
2.152000000000000000e+03 4.690000000000000000e+02 5.300000000000000000e+01 1.071600000000000000e+04 1.343000000000000000e+03
1.947000000000000000e+03 4.390000000000000000e+02 3.800000000000000000e+01 9.094000000000000000e+03 1.294000000000000000e+03
1.919000000000000000e+03 4.320000000000000000e+02 4.100000000000000000e+01 9.466000000000000000e+03 1.332000000000000000e+03
1.822000000000000000e+03 4.640000000000000000e+02 3.900000000000000000e+01 8.989000000000000000e+03 1.322000000000000000e+03
1.953000000000000000e+03 4.230000000000000000e+02 5.500000000000000000e+01 9.509000000000000000e+03 1.309000000000000000e+03
2.003000000000000000e+03 4.710000000000000000e+02 4.400000000000000000e+01 9.374000000000000000e+03 1.401000000000000000e+03
1.670000000000000000e+03 3.960000000000000000e+02 4.900000000000000000e+01 8.724000000000000000e+03 1.283000000000000000e+03
2.093000000000000000e+03 4.530000000000000000e+02 4.500000000000000000e+01 1.048300000000000000e+04 1.368000000000000000e+03
2.290000000000000000e+03 5.090000000000000000e+02 4.000000000000000000e+01 9.779000000000000000e+03 1.431000000000000000e+03
2.253000000000000000e+03 4.910000000000000000e+02 5.000000000000000000e+01 9.821000000000000000e+03 1.443000000000000000e+03
2.314000000000000000e+03 5.370000000000000000e+02 4.400000000000000000e+01 1.024000000000000000e+04 1.508000000000000000e+03
2.099000000000000000e+03 4.430000000000000000e+02 4.000000000000000000e+01 9.733000000000000000e+03 1.338000000000000000e+03
2.085000000000000000e+03 4.820000000000000000e+02 5.000000000000000000e+01 9.762000000000000000e+03 1.421000000000000000e+03
1.852000000000000000e+03 4.340000000000000000e+02 4.100000000000000000e+01 8.720000000000000000e+03 1.319000000000000000e+03
1.969000000000000000e+03 4.220000000000000000e+02 4.700000000000000000e+01 9.390000000000000000e+03 1.330000000000000000e+03
2.277000000000000000e+03 4.890000000000000000e+02 5.400000000000000000e+01 9.900000000000000000e+03 1.415000000000000000e+03
2.379000000000000000e+03 4.890000000000000000e+02 3.600000000000000000e+01 1.077400000000000000e+04 1.435000000000000000e+03
2.339000000000000000e+03 5.170000000000000000e+02 5.300000000000000000e+01 1.067200000000000000e+04 1.489000000000000000e+03
1.948000000000000000e+03 4.690000000000000000e+02 4.100000000000000000e+01 9.285000000000000000e+03 1.327000000000000000e+03
2.242000000000000000e+03 4.770000000000000000e+02 3.200000000000000000e+01 1.049000000000000000e+04 1.392000000000000000e+03
2.070000000000000000e+03 4.440000000000000000e+02 3.600000000000000000e+01 9.786000000000000000e+03 1.363000000000000000e+03
1.992000000000000000e+03 4.480000000000000000e+02 3.500000000000000000e+01 9.481000000000000000e+03 1.376000000000000000e+03
2.284000000000000000e+03 4.930000000000000000e+02 4.400000000000000000e+01 1.078100000000000000e+04 1.488000000000000000e+03
2.201000000000000000e+03 4.810000000000000000e+02 4.400000000000000000e+01 1.037300000000000000e+04 1.395000000000000000e+03
2.150000000000000000e+03 4.640000000000000000e+02 4.500000000000000000e+01 9.997000000000000000e+03 1.386000000000000000e+03
1.992000000000000000e+03 4.750000000000000000e+02 5.100000000000000000e+01 9.892000000000000000e+03 1.388000000000000000e+03
2.376000000000000000e+03 5.350000000000000000e+02 5.700000000000000000e+01 1.066200000000000000e+04 1.516000000000000000e+03
2.097000000000000000e+03 4.790000000000000000e+02 4.800000000000000000e+01 1.084200000000000000e+04 1.353000000000000000e+03
1.714000000000000000e+03 4.430000000000000000e+02 4.000000000000000000e+01 8.864000000000000000e+03 1.297000000000000000e+03
1.970000000000000000e+03 4.790000000000000000e+02 5.500000000000000000e+01 9.589000000000000000e+03 1.360000000000000000e+03
1.932000000000000000e+03 4.740000000000000000e+02 4.700000000000000000e+01 9.811000000000000000e+03 1.312000000000000000e+03
1.620000000000000000e+03 4.280000000000000000e+02 4.700000000000000000e+01 8.396000000000000000e+03 1.277000000000000000e+03
2.275000000000000000e+03 4.380000000000000000e+02 3.500000000000000000e+01 1.015600000000000000e+04 1.372000000000000000e+03
2.241000000000000000e+03 5.080000000000000000e+02 5.300000000000000000e+01 1.030800000000000000e+04 1.452000000000000000e+03
2.047000000000000000e+03 4.640000000000000000e+02 4.800000000000000000e+01 9.327000000000000000e+03 1.381000000000000000e+03
2.168000000000000000e+03 4.780000000000000000e+02 5.200000000000000000e+01 1.010800000000000000e+04 1.417000000000000000e+03
2.320000000000000000e+03 4.840000000000000000e+02 5.600000000000000000e+01 1.044800000000000000e+04 1.405000000000000000e+03
1.813000000000000000e+03 4.580000000000000000e+02 4.900000000000000000e+01 9.240000000000000000e+03 1.305000000000000000e+03
1.911000000000000000e+03 4.470000000000000000e+02 4.000000000000000000e+01 9.315000000000000000e+03 1.341000000000000000e+03
2.313000000000000000e+03 4.950000000000000000e+02 3.900000000000000000e+01 1.134600000000000000e+04 1.423000000000000000e+03
2.202000000000000000e+03 4.660000000000000000e+02 4.500000000000000000e+01 1.055700000000000000e+04 1.392000000000000000e+03
2.058000000000000000e+03 4.240000000000000000e+02 4.100000000000000000e+01 1.028700000000000000e+04 1.393000000000000000e+03
2.254000000000000000e+03 4.750000000000000000e+02 5.600000000000000000e+01 1.035000000000000000e+04 1.459000000000000000e+03
2.104000000000000000e+03 4.830000000000000000e+02 3.600000000000000000e+01 1.063000000000000000e+04 1.380000000000000000e+03
1.936000000000000000e+03 4.360000000000000000e+02 4.300000000000000000e+01 9.503000000000000000e+03 1.343000000000000000e+03
2.118000000000000000e+03 4.690000000000000000e+02 5.600000000000000000e+01 9.676000000000000000e+03 1.402000000000000000e+03
2.437000000000000000e+03 4.700000000000000000e+02 5.200000000000000000e+01 1.051800000000000000e+04 1.439000000000000000e+03
2.200000000000000000e+03 4.930000000000000000e+02 4.900000000000000000e+01 9.943000000000000000e+03 1.450000000000000000e+03
1.647000000000000000e+03 4.290000000000000000e+02 4.600000000000000000e+01 8.259000000000000000e+03 1.288000000000000000e+03
1.931000000000000000e+03 4.500000000000000000e+02 5.200000000000000000e+01 9.834000000000000000e+03 1.344000000000000000e+03
2.106000000000000000e+03 4.450000000000000000e+02 4.600000000000000000e+01 9.758000000000000000e+03 1.350000000000000000e+03
2.121000000000000000e+03 4.700000000000000000e+02 3.100000000000000000e+01 1.000600000000000000e+04 1.426000000000000000e+03
1.869000000000000000e+03 4.580000000000000000e+02 3.800000000000000000e+01 9.512000000000000000e+03 1.354000000000000000e+03
2.310000000000000000e+03 5.060000000000000000e+02 5.500000000000000000e+01 1.009900000000000000e+04 1.468000000000000000e+03
2.365000000000000000e+03 4.930000000000000000e+02 5.000000000000000000e+01 1.001800000000000000e+04 1.473000000000000000e+03
2.025000000000000000e+03 4.840000000000000000e+02 3.800000000000000000e+01 9.766000000000000000e+03 1.401000000000000000e+03
1.852000000000000000e+03 4.130000000000000000e+02 4.500000000000000000e+01 9.059000000000000000e+03 1.277000000000000000e+03
1.900000000000000000e+03 4.580000000000000000e+02 5.500000000000000000e+01 9.151000000000000000e+03 1.334000000000000000e+03
1.956000000000000000e+03 4.460000000000000000e+02 3.800000000000000000e+01 9.656000000000000000e+03 1.345000000000000000e+03
1.879000000000000000e+03 4.680000000000000000e+02 4.600000000000000000e+01 9.472000000000000000e+03 1.345000000000000000e+03
1.970000000000000000e+03 5.040000000000000000e+02 4.400000000000000000e+01 9.975000000000000000e+03 1.375000000000000000e+03
1.952000000000000000e+03 4.370000000000000000e+02 5.300000000000000000e+01 9.416000000000000000e+03 1.399000000000000000e+03
2.104000000000000000e+03 4.980000000000000000e+02 5.700000000000000000e+01 1.036500000000000000e+04 1.384000000000000000e+03
1.832000000000000000e+03 4.570000000000000000e+02 5.100000000000000000e+01 9.450000000000000000e+03 1.359000000000000000e+03
2.156000000000000000e+03 4.940000000000000000e+02 5.500000000000000000e+01 9.800000000000000000e+03 1.440000000000000000e+03
2.373000000000000000e+03 4.720000000000000000e+02 4.900000000000000000e+01 1.043500000000000000e+04 1.422000000000000000e+03
2.297000000000000000e+03 5.260000000000000000e+02 3.800000000000000000e+01 1.042400000000000000e+04 1.475000000000000000e+03
2.244000000000000000e+03 4.710000000000000000e+02 4.600000000000000000e+01 1.056400000000000000e+04 1.384000000000000000e+03
2.070000000000000000e+03 5.000000000000000000e+02 5.100000000000000000e+01 1.001000000000000000e+04 1.397000000000000000e+03
2.264000000000000000e+03 4.850000000000000000e+02 5.400000000000000000e+01 1.069100000000000000e+04 1.442000000000000000e+03
2.014000000000000000e+03 4.400000000000000000e+02 5.700000000000000000e+01 9.480000000000000000e+03 1.399000000000000000e+03
2.248000000000000000e+03 4.750000000000000000e+02 5.700000000000000000e+01 9.727000000000000000e+03 1.421000000000000000e+03
2.096000000000000000e+03 4.540000000000000000e+02 3.700000000000000000e+01 1.010000000000000000e+04 1.389000000000000000e+03
1.853000000000000000e+03 4.500000000000000000e+02 5.200000000000000000e+01 9.397000000000000000e+03 1.308000000000000000e+03
1.846000000000000000e+03 4.640000000000000000e+02 5.100000000000000000e+01 9.429000000000000000e+03 1.307000000000000000e+03
2.151000000000000000e+03 4.670000000000000000e+02 4.600000000000000000e+01 9.955000000000000000e+03 1.403000000000000000e+03
1.705000000000000000e+03 4.520000000000000000e+02 4.300000000000000000e+01 8.942000000000000000e+03 1.294000000000000000e+03
1.883000000000000000e+03 4.170000000000000000e+02 4.500000000000000000e+01 9.207000000000000000e+03 1.280000000000000000e+03
1.979000000000000000e+03 4.790000000000000000e+02 4.700000000000000000e+01 9.496000000000000000e+03 1.373000000000000000e+03
2.090000000000000000e+03 4.700000000000000000e+02 3.400000000000000000e+01 9.532000000000000000e+03 1.378000000000000000e+03
2.086000000000000000e+03 4.400000000000000000e+02 4.200000000000000000e+01 1.041400000000000000e+04 1.356000000000000000e+03
2.243000000000000000e+03 5.120000000000000000e+02 3.900000000000000000e+01 1.050500000000000000e+04 1.479000000000000000e+03
2.137000000000000000e+03 4.880000000000000000e+02 4.000000000000000000e+01 1.048500000000000000e+04 1.403000000000000000e+03
2.331000000000000000e+03 4.870000000000000000e+02 4.300000000000000000e+01 1.068400000000000000e+04 1.415000000000000000e+03
2.158000000000000000e+03 4.500000000000000000e+02 3.700000000000000000e+01 1.034600000000000000e+04 1.374000000000000000e+03
2.251000000000000000e+03 4.330000000000000000e+02 4.700000000000000000e+01 1.053800000000000000e+04 1.390000000000000000e+03
2.245000000000000000e+03 4.630000000000000000e+02 4.100000000000000000e+01 1.022500000000000000e+04 1.422000000000000000e+03
2.174000000000000000e+03 4.740000000000000000e+02 3.900000000000000000e+01 1.038800000000000000e+04 1.406000000000000000e+03
2.064000000000000000e+03 4.990000000000000000e+02 4.900000000000000000e+01 9.734000000000000000e+03 1.425000000000000000e+03
1.891000000000000000e+03 4.620000000000000000e+02 4.300000000000000000e+01 9.723000000000000000e+03 1.304000000000000000e+03
2.296000000000000000e+03 5.090000000000000000e+02 4.900000000000000000e+01 1.051300000000000000e+04 1.445000000000000000e+03
1.715000000000000000e+03 4.300000000000000000e+02 4.400000000000000000e+01 8.225000000000000000e+03 1.346000000000000000e+03
2.242000000000000000e+03 4.750000000000000000e+02 4.800000000000000000e+01 1.033100000000000000e+04 1.399000000000000000e+03
2.044000000000000000e+03 4.350000000000000000e+02 5.000000000000000000e+01 9.488000000000000000e+03 1.333000000000000000e+03
2.118000000000000000e+03 4.420000000000000000e+02 5.600000000000000000e+01 1.029400000000000000e+04 1.367000000000000000e+03
1.890000000000000000e+03 4.490000000000000000e+02 3.300000000000000000e+01 8.784000000000000000e+03 1.321000000000000000e+03
2.064000000000000000e+03 4.720000000000000000e+02 4.800000000000000000e+01 9.745000000000000000e+03 1.417000000000000000e+03
2.381000000000000000e+03 5.170000000000000000e+02 4.800000000000000000e+01 9.692000000000000000e+03 1.488000000000000000e+03
1.739000000000000000e+03 4.500000000000000000e+02 4.700000000000000000e+01 8.340000000000000000e+03 1.279000000000000000e+03
1.935000000000000000e+03 4.370000000000000000e+02 5.300000000000000000e+01 9.655000000000000000e+03 1.329000000000000000e+03
2.320000000000000000e+03 4.570000000000000000e+02 3.500000000000000000e+01 1.037400000000000000e+04 1.402000000000000000e+03
1.763000000000000000e+03 4.020000000000000000e+02 3.600000000000000000e+01 8.638000000000000000e+03 1.261000000000000000e+03
2.262000000000000000e+03 4.860000000000000000e+02 4.900000000000000000e+01 1.001600000000000000e+04 1.428000000000000000e+03
2.064000000000000000e+03 4.870000000000000000e+02 4.000000000000000000e+01 1.024800000000000000e+04 1.351000000000000000e+03
1.931000000000000000e+03 4.380000000000000000e+02 4.400000000000000000e+01 8.994000000000000000e+03 1.319000000000000000e+03
2.224000000000000000e+03 4.840000000000000000e+02 3.700000000000000000e+01 1.040500000000000000e+04 1.423000000000000000e+03
2.475000000000000000e+03 5.170000000000000000e+02 4.400000000000000000e+01 1.050300000000000000e+04 1.523000000000000000e+03
2.015000000000000000e+03 4.670000000000000000e+02 5.300000000000000000e+01 9.870000000000000000e+03 1.404000000000000000e+03
2.149000000000000000e+03 5.040000000000000000e+02 5.900000000000000000e+01 1.042300000000000000e+04 1.431000000000000000e+03
1.815000000000000000e+03 4.300000000000000000e+02 4.000000000000000000e+01 9.000000000000000000e+03 1.315000000000000000e+03
2.369000000000000000e+03 5.010000000000000000e+02 5.100000000000000000e+01 1.018100000000000000e+04 1.481000000000000000e+03
2.252000000000000000e+03 5.260000000000000000e+02 4.800000000000000000e+01 9.707000000000000000e+03 1.515000000000000000e+03
2.370000000000000000e+03 4.920000000000000000e+02 4.300000000000000000e+01 1.045700000000000000e+04 1.437000000000000000e+03
1.897000000000000000e+03 4.720000000000000000e+02 5.600000000000000000e+01 9.287000000000000000e+03 1.358000000000000000e+03
2.045000000000000000e+03 4.850000000000000000e+02 4.700000000000000000e+01 9.877000000000000000e+03 1.371000000000000000e+03
2.110000000000000000e+03 4.560000000000000000e+02 5.000000000000000000e+01 9.943000000000000000e+03 1.394000000000000000e+03
1.259000000000000000e+03 3.850000000000000000e+02 3.500000000000000000e+01 7.222000000000000000e+03 1.165000000000000000e+03
1.932000000000000000e+03 4.610000000000000000e+02 3.300000000000000000e+01 9.488000000000000000e+03 1.428000000000000000e+03
2.432000000000000000e+03 4.580000000000000000e+02 4.000000000000000000e+01 1.058600000000000000e+04 1.434000000000000000e+03
1.914000000000000000e+03 4.450000000000000000e+02 5.400000000000000000e+01 9.098000000000000000e+03 1.350000000000000000e+03
1.922000000000000000e+03 4.610000000000000000e+02 5.000000000000000000e+01 9.672000000000000000e+03 1.342000000000000000e+03
2.146000000000000000e+03 5.000000000000000000e+02 4.800000000000000000e+01 9.694000000000000000e+03 1.421000000000000000e+03
1.944000000000000000e+03 4.670000000000000000e+02 4.400000000000000000e+01 9.887000000000000000e+03 1.340000000000000000e+03
1.818000000000000000e+03 4.820000000000000000e+02 4.700000000000000000e+01 9.390000000000000000e+03 1.392000000000000000e+03
2.152000000000000000e+03 4.430000000000000000e+02 4.400000000000000000e+01 9.897000000000000000e+03 1.371000000000000000e+03
2.128000000000000000e+03 4.750000000000000000e+02 4.200000000000000000e+01 1.055200000000000000e+04 1.382000000000000000e+03
2.079000000000000000e+03 4.960000000000000000e+02 4.500000000000000000e+01 1.050800000000000000e+04 1.445000000000000000e+03
1.859000000000000000e+03 4.670000000000000000e+02 4.100000000000000000e+01 9.260000000000000000e+03 1.359000000000000000e+03
2.372000000000000000e+03 5.100000000000000000e+02 5.200000000000000000e+01 1.037800000000000000e+04 1.500000000000000000e+03
1.991000000000000000e+03 4.790000000000000000e+02 4.000000000000000000e+01 9.918000000000000000e+03 1.354000000000000000e+03
2.015000000000000000e+03 4.830000000000000000e+02 4.300000000000000000e+01 9.281000000000000000e+03 1.412000000000000000e+03
2.126000000000000000e+03 4.750000000000000000e+02 4.300000000000000000e+01 9.147000000000000000e+03 1.444000000000000000e+03
2.307000000000000000e+03 4.900000000000000000e+02 4.300000000000000000e+01 1.045800000000000000e+04 1.470000000000000000e+03
2.145000000000000000e+03 4.680000000000000000e+02 5.000000000000000000e+01 1.023500000000000000e+04 1.412000000000000000e+03
2.067000000000000000e+03 4.710000000000000000e+02 4.300000000000000000e+01 9.561000000000000000e+03 1.354000000000000000e+03
2.314000000000000000e+03 4.880000000000000000e+02 5.200000000000000000e+01 1.050400000000000000e+04 1.445000000000000000e+03
2.053000000000000000e+03 4.870000000000000000e+02 5.000000000000000000e+01 9.633000000000000000e+03 1.403000000000000000e+03
2.044000000000000000e+03 4.610000000000000000e+02 4.000000000000000000e+01 9.595000000000000000e+03 1.380000000000000000e+03
2.268000000000000000e+03 4.760000000000000000e+02 4.800000000000000000e+01 1.017400000000000000e+04 1.417000000000000000e+03
2.333000000000000000e+03 4.720000000000000000e+02 4.000000000000000000e+01 1.031500000000000000e+04 1.426000000000000000e+03
1.832000000000000000e+03 4.530000000000000000e+02 3.900000000000000000e+01 8.748000000000000000e+03 1.307000000000000000e+03
1.969000000000000000e+03 4.850000000000000000e+02 6.100000000000000000e+01 9.889000000000000000e+03 1.323000000000000000e+03
2.217000000000000000e+03 4.920000000000000000e+02 4.500000000000000000e+01 9.987000000000000000e+03 1.436000000000000000e+03
2.202000000000000000e+03 4.550000000000000000e+02 5.300000000000000000e+01 1.042200000000000000e+04 1.390000000000000000e+03
1.671000000000000000e+03 4.630000000000000000e+02 5.200000000000000000e+01 8.911000000000000000e+03 1.261000000000000000e+03
2.036000000000000000e+03 4.930000000000000000e+02 4.600000000000000000e+01 9.743000000000000000e+03 1.386000000000000000e+03
1.799000000000000000e+03 4.150000000000000000e+02 4.100000000000000000e+01 9.031000000000000000e+03 1.348000000000000000e+03
2.189000000000000000e+03 5.120000000000000000e+02 6.500000000000000000e+01 1.000600000000000000e+04 1.418000000000000000e+03
2.131000000000000000e+03 4.870000000000000000e+02 4.200000000000000000e+01 1.007600000000000000e+04 1.410000000000000000e+03
2.235000000000000000e+03 4.320000000000000000e+02 6.200000000000000000e+01 1.036700000000000000e+04 1.436000000000000000e+03
2.323000000000000000e+03 4.860000000000000000e+02 4.200000000000000000e+01 1.032500000000000000e+04 1.436000000000000000e+03
1.981000000000000000e+03 4.970000000000000000e+02 4.900000000000000000e+01 9.151000000000000000e+03 1.401000000000000000e+03
1.726000000000000000e+03 4.530000000000000000e+02 3.500000000000000000e+01 8.183000000000000000e+03 1.328000000000000000e+03
2.190000000000000000e+03 4.890000000000000000e+02 4.500000000000000000e+01 1.005500000000000000e+04 1.441000000000000000e+03
2.453000000000000000e+03 4.540000000000000000e+02 4.500000000000000000e+01 1.061300000000000000e+04 1.435000000000000000e+03
2.075000000000000000e+03 4.590000000000000000e+02 4.900000000000000000e+01 1.036000000000000000e+04 1.369000000000000000e+03
1.886000000000000000e+03 4.510000000000000000e+02 4.000000000000000000e+01 9.269000000000000000e+03 1.357000000000000000e+03
2.053000000000000000e+03 4.630000000000000000e+02 4.600000000000000000e+01 9.613000000000000000e+03 1.433000000000000000e+03
2.137000000000000000e+03 5.070000000000000000e+02 4.800000000000000000e+01 1.037900000000000000e+04 1.440000000000000000e+03
1.860000000000000000e+03 4.610000000000000000e+02 4.500000000000000000e+01 9.290000000000000000e+03 1.365000000000000000e+03
1.761000000000000000e+03 4.170000000000000000e+02 4.700000000000000000e+01 8.462000000000000000e+03 1.288000000000000000e+03
2.448000000000000000e+03 5.010000000000000000e+02 5.600000000000000000e+01 1.030500000000000000e+04 1.468000000000000000e+03
1.901000000000000000e+03 4.700000000000000000e+02 5.200000000000000000e+01 9.587000000000000000e+03 1.341000000000000000e+03
2.381000000000000000e+03 5.300000000000000000e+02 4.600000000000000000e+01 1.082000000000000000e+04 1.449000000000000000e+03
2.142000000000000000e+03 4.680000000000000000e+02 5.100000000000000000e+01 9.992000000000000000e+03 1.438000000000000000e+03
2.131000000000000000e+03 4.840000000000000000e+02 4.800000000000000000e+01 9.597000000000000000e+03 1.445000000000000000e+03
2.228000000000000000e+03 4.800000000000000000e+02 3.800000000000000000e+01 1.070100000000000000e+04 1.430000000000000000e+03
2.200000000000000000e+03 5.180000000000000000e+02 5.100000000000000000e+01 9.721000000000000000e+03 1.449000000000000000e+03
2.299000000000000000e+03 4.860000000000000000e+02 3.800000000000000000e+01 1.039400000000000000e+04 1.462000000000000000e+03
2.034000000000000000e+03 4.870000000000000000e+02 5.300000000000000000e+01 8.970000000000000000e+03 1.408000000000000000e+03
2.112000000000000000e+03 4.360000000000000000e+02 5.300000000000000000e+01 1.024600000000000000e+04 1.372000000000000000e+03
1.810000000000000000e+03 4.540000000000000000e+02 2.400000000000000000e+01 9.328000000000000000e+03 1.311000000000000000e+03
2.352000000000000000e+03 4.730000000000000000e+02 4.700000000000000000e+01 1.100800000000000000e+04 1.424000000000000000e+03
2.103000000000000000e+03 4.830000000000000000e+02 4.400000000000000000e+01 9.528000000000000000e+03 1.393000000000000000e+03
2.202000000000000000e+03 4.990000000000000000e+02 5.800000000000000000e+01 1.010200000000000000e+04 1.424000000000000000e+03
2.082000000000000000e+03 4.510000000000000000e+02 3.800000000000000000e+01 9.993000000000000000e+03 1.335000000000000000e+03
2.299000000000000000e+03 5.090000000000000000e+02 4.900000000000000000e+01 1.035200000000000000e+04 1.414000000000000000e+03
1.624000000000000000e+03 4.290000000000000000e+02 4.900000000000000000e+01 8.895000000000000000e+03 1.274000000000000000e+03
2.420000000000000000e+03 4.980000000000000000e+02 5.800000000000000000e+01 1.073100000000000000e+04 1.467000000000000000e+03
1.876000000000000000e+03 4.620000000000000000e+02 5.500000000000000000e+01 9.295000000000000000e+03 1.341000000000000000e+03
2.271000000000000000e+03 4.870000000000000000e+02 4.200000000000000000e+01 1.016100000000000000e+04 1.439000000000000000e+03
2.043000000000000000e+03 4.750000000000000000e+02 4.500000000000000000e+01 9.729000000000000000e+03 1.360000000000000000e+03
2.199000000000000000e+03 4.480000000000000000e+02 4.700000000000000000e+01 1.024800000000000000e+04 1.386000000000000000e+03
1.726000000000000000e+03 4.310000000000000000e+02 4.100000000000000000e+01 8.632000000000000000e+03 1.304000000000000000e+03
2.084000000000000000e+03 5.030000000000000000e+02 4.600000000000000000e+01 9.820000000000000000e+03 1.446000000000000000e+03
2.155000000000000000e+03 4.430000000000000000e+02 4.900000000000000000e+01 1.011700000000000000e+04 1.408000000000000000e+03
2.067000000000000000e+03 4.510000000000000000e+02 4.800000000000000000e+01 9.545000000000000000e+03 1.376000000000000000e+03
2.345000000000000000e+03 4.800000000000000000e+02 5.100000000000000000e+01 1.060000000000000000e+04 1.420000000000000000e+03
2.234000000000000000e+03 4.520000000000000000e+02 5.100000000000000000e+01 1.039200000000000000e+04 1.424000000000000000e+03
2.277000000000000000e+03 4.980000000000000000e+02 3.900000000000000000e+01 1.027400000000000000e+04 1.439000000000000000e+03
2.076000000000000000e+03 4.720000000000000000e+02 4.200000000000000000e+01 9.555000000000000000e+03 1.437000000000000000e+03
2.391000000000000000e+03 4.940000000000000000e+02 4.500000000000000000e+01 1.052600000000000000e+04 1.468000000000000000e+03
2.395000000000000000e+03 4.720000000000000000e+02 5.100000000000000000e+01 1.065400000000000000e+04 1.426000000000000000e+03
2.051000000000000000e+03 5.060000000000000000e+02 4.200000000000000000e+01 9.966000000000000000e+03 1.374000000000000000e+03
1.759000000000000000e+03 4.690000000000000000e+02 5.300000000000000000e+01 8.567000000000000000e+03 1.358000000000000000e+03
2.164000000000000000e+03 4.400000000000000000e+02 4.800000000000000000e+01 1.020900000000000000e+04 1.415000000000000000e+03
1.846000000000000000e+03 4.780000000000000000e+02 4.300000000000000000e+01 8.402000000000000000e+03 1.352000000000000000e+03
2.201000000000000000e+03 4.720000000000000000e+02 3.600000000000000000e+01 9.800000000000000000e+03 1.437000000000000000e+03
1.900000000000000000e+03 4.710000000000000000e+02 5.100000000000000000e+01 9.815000000000000000e+03 1.353000000000000000e+03
2.181000000000000000e+03 5.000000000000000000e+02 6.300000000000000000e+01 1.002400000000000000e+04 1.396000000000000000e+03
2.058000000000000000e+03 4.860000000000000000e+02 4.000000000000000000e+01 9.936000000000000000e+03 1.351000000000000000e+03
2.311000000000000000e+03 4.660000000000000000e+02 4.900000000000000000e+01 1.070300000000000000e+04 1.507000000000000000e+03
2.038000000000000000e+03 4.860000000000000000e+02 5.000000000000000000e+01 9.591000000000000000e+03 1.337000000000000000e+03
2.180000000000000000e+03 5.080000000000000000e+02 5.500000000000000000e+01 9.613000000000000000e+03 1.428000000000000000e+03
1.821000000000000000e+03 4.760000000000000000e+02 3.800000000000000000e+01 9.631000000000000000e+03 1.323000000000000000e+03
1.918000000000000000e+03 4.850000000000000000e+02 3.800000000000000000e+01 1.056400000000000000e+04 1.383000000000000000e+03
1.987000000000000000e+03 4.760000000000000000e+02 4.900000000000000000e+01 8.738000000000000000e+03 1.374000000000000000e+03
1.883000000000000000e+03 4.390000000000000000e+02 4.200000000000000000e+01 8.835000000000000000e+03 1.335000000000000000e+03
1.982000000000000000e+03 4.730000000000000000e+02 5.000000000000000000e+01 9.494000000000000000e+03 1.342000000000000000e+03
1.988000000000000000e+03 4.750000000000000000e+02 4.000000000000000000e+01 9.709000000000000000e+03 1.373000000000000000e+03
2.044000000000000000e+03 4.620000000000000000e+02 4.700000000000000000e+01 9.429000000000000000e+03 1.391000000000000000e+03
2.278000000000000000e+03 5.550000000000000000e+02 5.300000000000000000e+01 1.052700000000000000e+04 1.480000000000000000e+03
2.250000000000000000e+03 5.150000000000000000e+02 3.800000000000000000e+01 1.000600000000000000e+04 1.467000000000000000e+03
2.112000000000000000e+03 4.610000000000000000e+02 3.100000000000000000e+01 8.801000000000000000e+03 1.407000000000000000e+03
1.796000000000000000e+03 4.670000000000000000e+02 5.100000000000000000e+01 9.704000000000000000e+03 1.319000000000000000e+03
2.087000000000000000e+03 4.930000000000000000e+02 4.700000000000000000e+01 9.875000000000000000e+03 1.439000000000000000e+03
2.076000000000000000e+03 5.080000000000000000e+02 5.400000000000000000e+01 1.012500000000000000e+04 1.387000000000000000e+03
1.801000000000000000e+03 4.670000000000000000e+02 4.800000000000000000e+01 8.518000000000000000e+03 1.302000000000000000e+03
2.163000000000000000e+03 4.670000000000000000e+02 3.800000000000000000e+01 9.938000000000000000e+03 1.400000000000000000e+03
1.640000000000000000e+03 4.560000000000000000e+02 4.200000000000000000e+01 8.814000000000000000e+03 1.315000000000000000e+03
1.974000000000000000e+03 4.660000000000000000e+02 4.300000000000000000e+01 1.010100000000000000e+04 1.312000000000000000e+03
2.378000000000000000e+03 4.940000000000000000e+02 5.700000000000000000e+01 1.042500000000000000e+04 1.456000000000000000e+03
2.112000000000000000e+03 5.220000000000000000e+02 6.200000000000000000e+01 9.746000000000000000e+03 1.359000000000000000e+03
2.354000000000000000e+03 4.860000000000000000e+02 5.800000000000000000e+01 9.857000000000000000e+03 1.490000000000000000e+03
1.990000000000000000e+03 4.880000000000000000e+02 5.600000000000000000e+01 1.009500000000000000e+04 1.398000000000000000e+03
2.046000000000000000e+03 4.790000000000000000e+02 4.700000000000000000e+01 9.807000000000000000e+03 1.396000000000000000e+03
1.475000000000000000e+03 4.570000000000000000e+02 3.800000000000000000e+01 8.156000000000000000e+03 1.229000000000000000e+03
2.120000000000000000e+03 4.750000000000000000e+02 4.900000000000000000e+01 1.000000000000000000e+04 1.392000000000000000e+03
2.044000000000000000e+03 4.610000000000000000e+02 4.400000000000000000e+01 9.237000000000000000e+03 1.418000000000000000e+03
2.293000000000000000e+03 5.130000000000000000e+02 5.500000000000000000e+01 1.081600000000000000e+04 1.408000000000000000e+03
2.252000000000000000e+03 4.880000000000000000e+02 4.200000000000000000e+01 9.901000000000000000e+03 1.389000000000000000e+03
2.391000000000000000e+03 4.820000000000000000e+02 4.800000000000000000e+01 1.015400000000000000e+04 1.486000000000000000e+03
2.103000000000000000e+03 4.670000000000000000e+02 4.300000000000000000e+01 1.002600000000000000e+04 1.363000000000000000e+03
2.221000000000000000e+03 4.790000000000000000e+02 4.000000000000000000e+01 1.037900000000000000e+04 1.415000000000000000e+03
2.359000000000000000e+03 4.590000000000000000e+02 4.800000000000000000e+01 1.035100000000000000e+04 1.449000000000000000e+03
2.172000000000000000e+03 4.660000000000000000e+02 4.400000000000000000e+01 9.775000000000000000e+03 1.359000000000000000e+03
2.082000000000000000e+03 4.360000000000000000e+02 4.400000000000000000e+01 1.010300000000000000e+04 1.332000000000000000e+03
2.046000000000000000e+03 4.430000000000000000e+02 4.000000000000000000e+01 9.783000000000000000e+03 1.365000000000000000e+03
2.039000000000000000e+03 5.120000000000000000e+02 6.100000000000000000e+01 9.580000000000000000e+03 1.406000000000000000e+03
1.775000000000000000e+03 4.350000000000000000e+02 5.600000000000000000e+01 8.812000000000000000e+03 1.271000000000000000e+03
2.173000000000000000e+03 5.170000000000000000e+02 5.600000000000000000e+01 1.003600000000000000e+04 1.429000000000000000e+03
1.796000000000000000e+03 4.620000000000000000e+02 4.900000000000000000e+01 9.317000000000000000e+03 1.345000000000000000e+03
2.244000000000000000e+03 4.810000000000000000e+02 4.800000000000000000e+01 1.003400000000000000e+04 1.394000000000000000e+03
2.074000000000000000e+03 4.850000000000000000e+02 4.500000000000000000e+01 1.000100000000000000e+04 1.375000000000000000e+03
1.923000000000000000e+03 4.810000000000000000e+02 5.000000000000000000e+01 9.666000000000000000e+03 1.357000000000000000e+03
2.064000000000000000e+03 4.640000000000000000e+02 4.200000000000000000e+01 9.809000000000000000e+03 1.359000000000000000e+03
2.399000000000000000e+03 4.980000000000000000e+02 5.900000000000000000e+01 1.070700000000000000e+04 1.498000000000000000e+03
2.193000000000000000e+03 4.660000000000000000e+02 6.500000000000000000e+01 1.009100000000000000e+04 1.410000000000000000e+03
1.760000000000000000e+03 4.440000000000000000e+02 4.600000000000000000e+01 8.571000000000000000e+03 1.359000000000000000e+03
