1.500000000000000000e+02 5.600000000000000000e+01 6.000000000000000000e+00 1.149000000000000000e+03 2.100000000000000000e+02
1.810000000000000000e+02 6.000000000000000000e+01 3.000000000000000000e+00 1.271000000000000000e+03 2.430000000000000000e+02
1.250000000000000000e+02 4.000000000000000000e+01 6.000000000000000000e+00 1.050000000000000000e+03 1.660000000000000000e+02
1.570000000000000000e+02 4.500000000000000000e+01 2.000000000000000000e+00 1.106000000000000000e+03 2.010000000000000000e+02
1.110000000000000000e+02 4.700000000000000000e+01 2.000000000000000000e+00 6.890000000000000000e+02 1.580000000000000000e+02
1.420000000000000000e+02 5.200000000000000000e+01 3.000000000000000000e+00 1.278000000000000000e+03 1.950000000000000000e+02
1.490000000000000000e+02 5.300000000000000000e+01 6.000000000000000000e+00 1.327000000000000000e+03 2.070000000000000000e+02
1.440000000000000000e+02 5.300000000000000000e+01 7.000000000000000000e+00 1.215000000000000000e+03 2.010000000000000000e+02
1.320000000000000000e+02 5.200000000000000000e+01 5.000000000000000000e+00 1.008000000000000000e+03 1.880000000000000000e+02
1.350000000000000000e+02 5.600000000000000000e+01 3.000000000000000000e+00 1.361000000000000000e+03 1.930000000000000000e+02
1.130000000000000000e+02 5.100000000000000000e+01 5.000000000000000000e+00 1.039000000000000000e+03 1.690000000000000000e+02
1.440000000000000000e+02 6.600000000000000000e+01 7.000000000000000000e+00 9.840000000000000000e+02 2.150000000000000000e+02
1.140000000000000000e+02 6.000000000000000000e+01 8.000000000000000000e+00 1.268000000000000000e+03 1.790000000000000000e+02
1.500000000000000000e+02 6.400000000000000000e+01 8.000000000000000000e+00 1.298000000000000000e+03 2.180000000000000000e+02
1.350000000000000000e+02 5.400000000000000000e+01 6.000000000000000000e+00 1.020000000000000000e+03 1.950000000000000000e+02
1.330000000000000000e+02 5.100000000000000000e+01 5.000000000000000000e+00 1.108000000000000000e+03 1.870000000000000000e+02
1.560000000000000000e+02 5.800000000000000000e+01 6.000000000000000000e+00 1.149000000000000000e+03 2.200000000000000000e+02
1.420000000000000000e+02 5.800000000000000000e+01 2.000000000000000000e+00 1.094000000000000000e+03 1.990000000000000000e+02
1.330000000000000000e+02 6.600000000000000000e+01 9.000000000000000000e+00 1.327000000000000000e+03 2.040000000000000000e+02
1.400000000000000000e+02 8.400000000000000000e+01 4.000000000000000000e+00 1.351000000000000000e+03 2.260000000000000000e+02
1.430000000000000000e+02 5.700000000000000000e+01 6.000000000000000000e+00 1.334000000000000000e+03 2.030000000000000000e+02
1.380000000000000000e+02 7.200000000000000000e+01 6.000000000000000000e+00 1.171000000000000000e+03 2.150000000000000000e+02
1.250000000000000000e+02 7.200000000000000000e+01 8.000000000000000000e+00 1.324000000000000000e+03 2.030000000000000000e+02
1.330000000000000000e+02 6.700000000000000000e+01 9.000000000000000000e+00 1.310000000000000000e+03 2.060000000000000000e+02
1.380000000000000000e+02 6.900000000000000000e+01 7.000000000000000000e+00 1.099000000000000000e+03 2.130000000000000000e+02
1.120000000000000000e+02 5.300000000000000000e+01 1.000000000000000000e+01 1.007000000000000000e+03 1.710000000000000000e+02
1.500000000000000000e+02 5.600000000000000000e+01 4.000000000000000000e+00 1.335000000000000000e+03 2.070000000000000000e+02
1.580000000000000000e+02 7.300000000000000000e+01 6.000000000000000000e+00 1.121000000000000000e+03 2.320000000000000000e+02
1.480000000000000000e+02 5.500000000000000000e+01 6.000000000000000000e+00 1.089000000000000000e+03 2.070000000000000000e+02
1.350000000000000000e+02 5.400000000000000000e+01 4.000000000000000000e+00 8.870000000000000000e+02 1.920000000000000000e+02
1.600000000000000000e+02 8.100000000000000000e+01 7.000000000000000000e+00 1.420000000000000000e+03 2.440000000000000000e+02
1.400000000000000000e+02 6.900000000000000000e+01 3.000000000000000000e+00 1.148000000000000000e+03 2.080000000000000000e+02
1.180000000000000000e+02 5.700000000000000000e+01 9.000000000000000000e+00 9.400000000000000000e+02 1.810000000000000000e+02
1.380000000000000000e+02 4.700000000000000000e+01 3.000000000000000000e+00 1.057000000000000000e+03 1.880000000000000000e+02
1.390000000000000000e+02 5.300000000000000000e+01 6.000000000000000000e+00 1.138000000000000000e+03 1.910000000000000000e+02
1.080000000000000000e+02 6.200000000000000000e+01 3.000000000000000000e+00 8.700000000000000000e+02 1.680000000000000000e+02
1.480000000000000000e+02 6.500000000000000000e+01 5.000000000000000000e+00 1.187000000000000000e+03 2.150000000000000000e+02
1.230000000000000000e+02 5.700000000000000000e+01 6.000000000000000000e+00 1.147000000000000000e+03 1.840000000000000000e+02
1.560000000000000000e+02 6.000000000000000000e+01 2.000000000000000000e+00 1.195000000000000000e+03 2.170000000000000000e+02
1.470000000000000000e+02 6.000000000000000000e+01 3.000000000000000000e+00 1.286000000000000000e+03 2.080000000000000000e+02
1.310000000000000000e+02 5.000000000000000000e+01 5.000000000000000000e+00 1.224000000000000000e+03 1.820000000000000000e+02
1.250000000000000000e+02 5.600000000000000000e+01 7.000000000000000000e+00 1.049000000000000000e+03 1.850000000000000000e+02
1.370000000000000000e+02 5.300000000000000000e+01 4.000000000000000000e+00 1.184000000000000000e+03 1.930000000000000000e+02
1.550000000000000000e+02 6.100000000000000000e+01 3.000000000000000000e+00 1.194000000000000000e+03 2.160000000000000000e+02
1.020000000000000000e+02 6.100000000000000000e+01 5.000000000000000000e+00 6.150000000000000000e+02 1.650000000000000000e+02
1.270000000000000000e+02 4.900000000000000000e+01 1.000000000000000000e+01 8.270000000000000000e+02 1.840000000000000000e+02
1.240000000000000000e+02 5.300000000000000000e+01 5.000000000000000000e+00 1.168000000000000000e+03 1.790000000000000000e+02
1.210000000000000000e+02 5.400000000000000000e+01 4.000000000000000000e+00 9.530000000000000000e+02 1.760000000000000000e+02
1.420000000000000000e+02 5.200000000000000000e+01 4.000000000000000000e+00 1.224000000000000000e+03 1.970000000000000000e+02
1.180000000000000000e+02 5.100000000000000000e+01 6.000000000000000000e+00 9.690000000000000000e+02 1.740000000000000000e+02
1.450000000000000000e+02 4.600000000000000000e+01 7.000000000000000000e+00 1.234000000000000000e+03 1.940000000000000000e+02
1.440000000000000000e+02 5.000000000000000000e+01 5.000000000000000000e+00 1.139000000000000000e+03 1.970000000000000000e+02
1.500000000000000000e+02 5.500000000000000000e+01 4.000000000000000000e+00 1.330000000000000000e+03 2.050000000000000000e+02
1.520000000000000000e+02 5.800000000000000000e+01 9.000000000000000000e+00 1.254000000000000000e+03 2.150000000000000000e+02
1.570000000000000000e+02 6.900000000000000000e+01 9.000000000000000000e+00 1.351000000000000000e+03 2.350000000000000000e+02
1.080000000000000000e+02 6.200000000000000000e+01 1.000000000000000000e+01 1.070000000000000000e+03 1.750000000000000000e+02
1.430000000000000000e+02 7.000000000000000000e+01 4.000000000000000000e+00 1.025000000000000000e+03 2.160000000000000000e+02
1.300000000000000000e+02 6.100000000000000000e+01 6.000000000000000000e+00 1.171000000000000000e+03 1.960000000000000000e+02
1.100000000000000000e+02 5.600000000000000000e+01 7.000000000000000000e+00 9.880000000000000000e+02 1.680000000000000000e+02
1.180000000000000000e+02 5.100000000000000000e+01 5.000000000000000000e+00 1.268000000000000000e+03 1.740000000000000000e+02
1.210000000000000000e+02 4.200000000000000000e+01 1.000000000000000000e+00 7.540000000000000000e+02 1.610000000000000000e+02
1.500000000000000000e+02 5.900000000000000000e+01 2.000000000000000000e+00 1.283000000000000000e+03 2.050000000000000000e+02
1.850000000000000000e+02 6.000000000000000000e+01 4.000000000000000000e+00 1.504000000000000000e+03 2.430000000000000000e+02
1.380000000000000000e+02 5.500000000000000000e+01 8.000000000000000000e+00 1.229000000000000000e+03 1.990000000000000000e+02
1.680000000000000000e+02 6.900000000000000000e+01 4.000000000000000000e+00 1.193000000000000000e+03 2.380000000000000000e+02
1.400000000000000000e+02 6.300000000000000000e+01 7.000000000000000000e+00 1.048000000000000000e+03 2.100000000000000000e+02
1.150000000000000000e+02 4.400000000000000000e+01 3.000000000000000000e+00 1.136000000000000000e+03 1.600000000000000000e+02
1.760000000000000000e+02 6.600000000000000000e+01 3.000000000000000000e+00 1.310000000000000000e+03 2.430000000000000000e+02
1.350000000000000000e+02 4.600000000000000000e+01 7.000000000000000000e+00 9.970000000000000000e+02 1.880000000000000000e+02
1.520000000000000000e+02 6.300000000000000000e+01 6.000000000000000000e+00 1.403000000000000000e+03 2.170000000000000000e+02
1.110000000000000000e+02 6.800000000000000000e+01 6.000000000000000000e+00 9.820000000000000000e+02 1.810000000000000000e+02
1.230000000000000000e+02 5.900000000000000000e+01 9.000000000000000000e+00 7.690000000000000000e+02 1.890000000000000000e+02
1.440000000000000000e+02 6.400000000000000000e+01 7.000000000000000000e+00 1.178000000000000000e+03 2.150000000000000000e+02
1.310000000000000000e+02 5.400000000000000000e+01 8.000000000000000000e+00 8.350000000000000000e+02 1.900000000000000000e+02
1.430000000000000000e+02 5.900000000000000000e+01 6.000000000000000000e+00 1.020000000000000000e+03 2.060000000000000000e+02
1.170000000000000000e+02 5.500000000000000000e+01 6.000000000000000000e+00 1.090000000000000000e+03 1.770000000000000000e+02
1.290000000000000000e+02 5.900000000000000000e+01 7.000000000000000000e+00 1.135000000000000000e+03 1.930000000000000000e+02
1.370000000000000000e+02 6.600000000000000000e+01 5.000000000000000000e+00 1.190000000000000000e+03 2.050000000000000000e+02
1.290000000000000000e+02 8.200000000000000000e+01 8.000000000000000000e+00 1.167000000000000000e+03 2.190000000000000000e+02
1.020000000000000000e+02 6.100000000000000000e+01 5.000000000000000000e+00 5.300000000000000000e+02 1.650000000000000000e+02
1.150000000000000000e+02 6.500000000000000000e+01 1.200000000000000000e+01 9.030000000000000000e+02 1.920000000000000000e+02
1.390000000000000000e+02 4.700000000000000000e+01 3.000000000000000000e+00 8.630000000000000000e+02 1.860000000000000000e+02
1.500000000000000000e+02 5.100000000000000000e+01 5.000000000000000000e+00 9.140000000000000000e+02 2.020000000000000000e+02
1.250000000000000000e+02 7.100000000000000000e+01 8.000000000000000000e+00 1.196000000000000000e+03 2.020000000000000000e+02
1.180000000000000000e+02 5.600000000000000000e+01 7.000000000000000000e+00 8.440000000000000000e+02 1.780000000000000000e+02
1.580000000000000000e+02 7.500000000000000000e+01 7.000000000000000000e+00 1.337000000000000000e+03 2.390000000000000000e+02
1.500000000000000000e+02 6.000000000000000000e+01 7.000000000000000000e+00 1.254000000000000000e+03 2.150000000000000000e+02
1.430000000000000000e+02 5.900000000000000000e+01 6.000000000000000000e+00 1.214000000000000000e+03 2.060000000000000000e+02
1.130000000000000000e+02 5.800000000000000000e+01 8.000000000000000000e+00 8.740000000000000000e+02 1.760000000000000000e+02
1.400000000000000000e+02 6.400000000000000000e+01 2.000000000000000000e+00 1.014000000000000000e+03 2.040000000000000000e+02
1.480000000000000000e+02 5.500000000000000000e+01 9.000000000000000000e+00 1.157000000000000000e+03 2.110000000000000000e+02
1.480000000000000000e+02 5.700000000000000000e+01 5.000000000000000000e+00 1.181000000000000000e+03 2.090000000000000000e+02
1.390000000000000000e+02 6.800000000000000000e+01 1.000000000000000000e+01 1.251000000000000000e+03 2.150000000000000000e+02
1.370000000000000000e+02 5.900000000000000000e+01 4.000000000000000000e+00 1.264000000000000000e+03 1.990000000000000000e+02
1.330000000000000000e+02 7.200000000000000000e+01 6.000000000000000000e+00 1.197000000000000000e+03 2.100000000000000000e+02
1.380000000000000000e+02 6.400000000000000000e+01 6.000000000000000000e+00 1.214000000000000000e+03 2.060000000000000000e+02
1.450000000000000000e+02 5.500000000000000000e+01 5.000000000000000000e+00 1.180000000000000000e+03 2.010000000000000000e+02
1.480000000000000000e+02 6.400000000000000000e+01 3.000000000000000000e+00 1.089000000000000000e+03 2.130000000000000000e+02
1.490000000000000000e+02 6.500000000000000000e+01 5.000000000000000000e+00 1.257000000000000000e+03 2.150000000000000000e+02
1.280000000000000000e+02 6.000000000000000000e+01 3.000000000000000000e+00 1.017000000000000000e+03 1.890000000000000000e+02
1.270000000000000000e+02 4.600000000000000000e+01 5.000000000000000000e+00 8.880000000000000000e+02 1.770000000000000000e+02
1.360000000000000000e+02 6.200000000000000000e+01 9.000000000000000000e+00 1.121000000000000000e+03 2.070000000000000000e+02
1.520000000000000000e+02 7.300000000000000000e+01 7.000000000000000000e+00 1.352000000000000000e+03 2.320000000000000000e+02
1.410000000000000000e+02 6.200000000000000000e+01 8.000000000000000000e+00 1.044000000000000000e+03 2.110000000000000000e+02
1.410000000000000000e+02 5.200000000000000000e+01 8.000000000000000000e+00 1.133000000000000000e+03 1.960000000000000000e+02
1.190000000000000000e+02 5.100000000000000000e+01 8.000000000000000000e+00 1.111000000000000000e+03 1.760000000000000000e+02
1.270000000000000000e+02 5.600000000000000000e+01 3.000000000000000000e+00 1.070000000000000000e+03 1.830000000000000000e+02
1.280000000000000000e+02 6.700000000000000000e+01 6.000000000000000000e+00 9.980000000000000000e+02 2.000000000000000000e+02
1.410000000000000000e+02 8.000000000000000000e+01 5.000000000000000000e+00 1.234000000000000000e+03 2.230000000000000000e+02
1.340000000000000000e+02 6.600000000000000000e+01 8.000000000000000000e+00 1.224000000000000000e+03 2.040000000000000000e+02
1.330000000000000000e+02 4.900000000000000000e+01 7.000000000000000000e+00 1.230000000000000000e+03 1.800000000000000000e+02
1.320000000000000000e+02 4.800000000000000000e+01 4.000000000000000000e+00 1.074000000000000000e+03 1.820000000000000000e+02
1.500000000000000000e+02 6.400000000000000000e+01 7.000000000000000000e+00 1.000000000000000000e+03 2.210000000000000000e+02
1.230000000000000000e+02 4.400000000000000000e+01 1.000000000000000000e+00 1.022000000000000000e+03 1.650000000000000000e+02
1.230000000000000000e+02 5.500000000000000000e+01 6.000000000000000000e+00 1.168000000000000000e+03 1.790000000000000000e+02
1.170000000000000000e+02 5.600000000000000000e+01 6.000000000000000000e+00 1.185000000000000000e+03 1.790000000000000000e+02
1.290000000000000000e+02 4.900000000000000000e+01 8.000000000000000000e+00 1.139000000000000000e+03 1.860000000000000000e+02
1.710000000000000000e+02 5.500000000000000000e+01 0.000000000000000000e+00 1.312000000000000000e+03 2.250000000000000000e+02
1.300000000000000000e+02 6.700000000000000000e+01 5.000000000000000000e+00 9.660000000000000000e+02 2.010000000000000000e+02
1.180000000000000000e+02 6.300000000000000000e+01 5.000000000000000000e+00 1.048000000000000000e+03 1.860000000000000000e+02
1.280000000000000000e+02 6.300000000000000000e+01 5.000000000000000000e+00 1.354000000000000000e+03 1.950000000000000000e+02
1.430000000000000000e+02 6.200000000000000000e+01 7.000000000000000000e+00 1.134000000000000000e+03 2.110000000000000000e+02
1.500000000000000000e+02 5.900000000000000000e+01 4.000000000000000000e+00 1.348000000000000000e+03 2.090000000000000000e+02
1.250000000000000000e+02 6.100000000000000000e+01 6.000000000000000000e+00 1.105000000000000000e+03 1.910000000000000000e+02
1.460000000000000000e+02 6.500000000000000000e+01 9.000000000000000000e+00 1.267000000000000000e+03 2.180000000000000000e+02
1.700000000000000000e+02 5.100000000000000000e+01 6.000000000000000000e+00 1.278000000000000000e+03 2.240000000000000000e+02
1.270000000000000000e+02 6.300000000000000000e+01 9.000000000000000000e+00 1.112000000000000000e+03 1.980000000000000000e+02
1.170000000000000000e+02 5.900000000000000000e+01 9.000000000000000000e+00 1.050000000000000000e+03 1.830000000000000000e+02
1.270000000000000000e+02 5.500000000000000000e+01 7.000000000000000000e+00 1.348000000000000000e+03 1.880000000000000000e+02
1.400000000000000000e+02 6.700000000000000000e+01 4.000000000000000000e+00 1.276000000000000000e+03 2.070000000000000000e+02
1.400000000000000000e+02 5.500000000000000000e+01 5.000000000000000000e+00 9.160000000000000000e+02 1.990000000000000000e+02
1.320000000000000000e+02 5.700000000000000000e+01 6.000000000000000000e+00 1.292000000000000000e+03 1.950000000000000000e+02
1.730000000000000000e+02 6.100000000000000000e+01 8.000000000000000000e+00 1.454000000000000000e+03 2.330000000000000000e+02
1.310000000000000000e+02 4.800000000000000000e+01 5.000000000000000000e+00 1.164000000000000000e+03 1.800000000000000000e+02
1.260000000000000000e+02 5.600000000000000000e+01 5.000000000000000000e+00 1.090000000000000000e+03 1.860000000000000000e+02
1.430000000000000000e+02 6.000000000000000000e+01 7.000000000000000000e+00 1.292000000000000000e+03 2.070000000000000000e+02
1.680000000000000000e+02 5.400000000000000000e+01 7.000000000000000000e+00 1.181000000000000000e+03 2.280000000000000000e+02
1.300000000000000000e+02 6.000000000000000000e+01 1.000000000000000000e+00 1.084000000000000000e+03 1.850000000000000000e+02
1.100000000000000000e+02 6.100000000000000000e+01 4.000000000000000000e+00 7.720000000000000000e+02 1.740000000000000000e+02
1.300000000000000000e+02 5.200000000000000000e+01 4.000000000000000000e+00 9.180000000000000000e+02 1.850000000000000000e+02
1.520000000000000000e+02 5.700000000000000000e+01 7.000000000000000000e+00 1.295000000000000000e+03 2.140000000000000000e+02
1.270000000000000000e+02 5.000000000000000000e+01 5.000000000000000000e+00 9.370000000000000000e+02 1.800000000000000000e+02
1.320000000000000000e+02 5.200000000000000000e+01 8.000000000000000000e+00 1.199000000000000000e+03 1.900000000000000000e+02
1.150000000000000000e+02 6.800000000000000000e+01 9.000000000000000000e+00 1.198000000000000000e+03 1.900000000000000000e+02
1.300000000000000000e+02 5.000000000000000000e+01 9.000000000000000000e+00 1.225000000000000000e+03 1.880000000000000000e+02
1.390000000000000000e+02 4.800000000000000000e+01 6.000000000000000000e+00 1.218000000000000000e+03 1.900000000000000000e+02
1.430000000000000000e+02 6.800000000000000000e+01 6.000000000000000000e+00 1.232000000000000000e+03 2.130000000000000000e+02
1.190000000000000000e+02 6.100000000000000000e+01 5.000000000000000000e+00 1.012000000000000000e+03 1.830000000000000000e+02
9.900000000000000000e+01 5.800000000000000000e+01 1.000000000000000000e+01 1.006000000000000000e+03 1.670000000000000000e+02
1.420000000000000000e+02 5.900000000000000000e+01 5.000000000000000000e+00 1.269000000000000000e+03 2.040000000000000000e+02
1.390000000000000000e+02 7.100000000000000000e+01 1.200000000000000000e+01 1.324000000000000000e+03 2.190000000000000000e+02
1.350000000000000000e+02 4.300000000000000000e+01 4.000000000000000000e+00 1.151000000000000000e+03 1.810000000000000000e+02
1.240000000000000000e+02 5.600000000000000000e+01 1.000000000000000000e+00 1.131000000000000000e+03 1.800000000000000000e+02
1.300000000000000000e+02 6.200000000000000000e+01 1.100000000000000000e+01 1.180000000000000000e+03 2.010000000000000000e+02
1.450000000000000000e+02 5.800000000000000000e+01 4.000000000000000000e+00 1.262000000000000000e+03 2.030000000000000000e+02
1.260000000000000000e+02 5.900000000000000000e+01 4.000000000000000000e+00 1.010000000000000000e+03 1.880000000000000000e+02
1.380000000000000000e+02 7.200000000000000000e+01 8.000000000000000000e+00 1.206000000000000000e+03 2.150000000000000000e+02
1.250000000000000000e+02 4.700000000000000000e+01 3.000000000000000000e+00 1.059000000000000000e+03 1.740000000000000000e+02
1.380000000000000000e+02 5.400000000000000000e+01 8.000000000000000000e+00 1.168000000000000000e+03 2.000000000000000000e+02
1.120000000000000000e+02 6.100000000000000000e+01 3.000000000000000000e+00 1.127000000000000000e+03 1.750000000000000000e+02
1.490000000000000000e+02 6.500000000000000000e+01 1.200000000000000000e+01 1.240000000000000000e+03 2.220000000000000000e+02
1.430000000000000000e+02 6.200000000000000000e+01 7.000000000000000000e+00 1.165000000000000000e+03 2.090000000000000000e+02
1.500000000000000000e+02 5.300000000000000000e+01 3.000000000000000000e+00 1.224000000000000000e+03 2.050000000000000000e+02
1.220000000000000000e+02 6.700000000000000000e+01 9.000000000000000000e+00 1.248000000000000000e+03 1.960000000000000000e+02
1.150000000000000000e+02 5.800000000000000000e+01 4.000000000000000000e+00 1.069000000000000000e+03 1.740000000000000000e+02
1.130000000000000000e+02 5.600000000000000000e+01 5.000000000000000000e+00 1.227000000000000000e+03 1.710000000000000000e+02
1.170000000000000000e+02 5.500000000000000000e+01 6.000000000000000000e+00 1.127000000000000000e+03 1.760000000000000000e+02
1.270000000000000000e+02 6.200000000000000000e+01 5.000000000000000000e+00 1.109000000000000000e+03 1.900000000000000000e+02
1.250000000000000000e+02 7.200000000000000000e+01 6.000000000000000000e+00 1.217000000000000000e+03 1.980000000000000000e+02
1.340000000000000000e+02 6.200000000000000000e+01 4.000000000000000000e+00 1.182000000000000000e+03 1.960000000000000000e+02
1.180000000000000000e+02 6.100000000000000000e+01 6.000000000000000000e+00 1.217000000000000000e+03 1.830000000000000000e+02
1.490000000000000000e+02 5.100000000000000000e+01 8.000000000000000000e+00 1.177000000000000000e+03 2.070000000000000000e+02
1.460000000000000000e+02 6.300000000000000000e+01 9.000000000000000000e+00 1.109000000000000000e+03 2.180000000000000000e+02
1.260000000000000000e+02 4.800000000000000000e+01 3.000000000000000000e+00 7.540000000000000000e+02 1.740000000000000000e+02
1.360000000000000000e+02 5.500000000000000000e+01 1.000000000000000000e+01 1.245000000000000000e+03 1.990000000000000000e+02
1.550000000000000000e+02 6.300000000000000000e+01 5.000000000000000000e+00 1.258000000000000000e+03 2.190000000000000000e+02
1.330000000000000000e+02 5.500000000000000000e+01 8.000000000000000000e+00 1.228000000000000000e+03 1.950000000000000000e+02
1.120000000000000000e+02 6.900000000000000000e+01 1.400000000000000000e+01 1.002000000000000000e+03 1.870000000000000000e+02
1.500000000000000000e+02 6.600000000000000000e+01 7.000000000000000000e+00 1.180000000000000000e+03 2.210000000000000000e+02
1.250000000000000000e+02 5.100000000000000000e+01 7.000000000000000000e+00 9.290000000000000000e+02 1.790000000000000000e+02
1.270000000000000000e+02 6.000000000000000000e+01 6.000000000000000000e+00 1.131000000000000000e+03 1.920000000000000000e+02
1.620000000000000000e+02 6.000000000000000000e+01 6.000000000000000000e+00 1.330000000000000000e+03 2.260000000000000000e+02
1.440000000000000000e+02 6.200000000000000000e+01 7.000000000000000000e+00 1.353000000000000000e+03 2.110000000000000000e+02
1.280000000000000000e+02 6.500000000000000000e+01 6.000000000000000000e+00 1.160000000000000000e+03 1.980000000000000000e+02
1.320000000000000000e+02 5.800000000000000000e+01 9.000000000000000000e+00 1.084000000000000000e+03 1.970000000000000000e+02
1.200000000000000000e+02 5.800000000000000000e+01 6.000000000000000000e+00 1.148000000000000000e+03 1.830000000000000000e+02
1.190000000000000000e+02 6.500000000000000000e+01 8.000000000000000000e+00 8.780000000000000000e+02 1.890000000000000000e+02
1.310000000000000000e+02 6.100000000000000000e+01 6.000000000000000000e+00 1.339000000000000000e+03 1.950000000000000000e+02
1.370000000000000000e+02 5.200000000000000000e+01 7.000000000000000000e+00 1.052000000000000000e+03 1.950000000000000000e+02
1.220000000000000000e+02 5.900000000000000000e+01 3.000000000000000000e+00 1.133000000000000000e+03 1.830000000000000000e+02
1.360000000000000000e+02 4.700000000000000000e+01 3.000000000000000000e+00 9.740000000000000000e+02 1.850000000000000000e+02
1.320000000000000000e+02 5.000000000000000000e+01 4.000000000000000000e+00 1.041000000000000000e+03 1.860000000000000000e+02
1.400000000000000000e+02 5.000000000000000000e+01 4.000000000000000000e+00 1.122000000000000000e+03 1.890000000000000000e+02
1.350000000000000000e+02 6.200000000000000000e+01 7.000000000000000000e+00 1.288000000000000000e+03 2.030000000000000000e+02
1.450000000000000000e+02 6.900000000000000000e+01 5.000000000000000000e+00 1.163000000000000000e+03 2.180000000000000000e+02
1.390000000000000000e+02 6.100000000000000000e+01 7.000000000000000000e+00 1.362000000000000000e+03 2.050000000000000000e+02
1.210000000000000000e+02 6.800000000000000000e+01 1.300000000000000000e+01 1.216000000000000000e+03 1.970000000000000000e+02
1.360000000000000000e+02 5.700000000000000000e+01 7.000000000000000000e+00 1.096000000000000000e+03 1.990000000000000000e+02
1.400000000000000000e+02 6.000000000000000000e+01 8.000000000000000000e+00 1.146000000000000000e+03 2.070000000000000000e+02
1.230000000000000000e+02 6.600000000000000000e+01 1.200000000000000000e+01 1.295000000000000000e+03 2.000000000000000000e+02
1.060000000000000000e+02 5.400000000000000000e+01 1.200000000000000000e+01 1.043000000000000000e+03 1.700000000000000000e+02
1.240000000000000000e+02 6.100000000000000000e+01 6.000000000000000000e+00 9.420000000000000000e+02 1.900000000000000000e+02
1.220000000000000000e+02 7.100000000000000000e+01 6.000000000000000000e+00 1.180000000000000000e+03 1.940000000000000000e+02
1.420000000000000000e+02 5.000000000000000000e+01 3.000000000000000000e+00 1.012000000000000000e+03 1.910000000000000000e+02
1.230000000000000000e+02 6.100000000000000000e+01 1.000000000000000000e+00 1.131000000000000000e+03 1.830000000000000000e+02
1.400000000000000000e+02 6.800000000000000000e+01 6.000000000000000000e+00 1.147000000000000000e+03 2.120000000000000000e+02
1.800000000000000000e+02 6.900000000000000000e+01 5.000000000000000000e+00 1.358000000000000000e+03 2.510000000000000000e+02
1.600000000000000000e+02 7.600000000000000000e+01 5.000000000000000000e+00 1.208000000000000000e+03 2.400000000000000000e+02
1.540000000000000000e+02 5.800000000000000000e+01 4.000000000000000000e+00 1.145000000000000000e+03 2.120000000000000000e+02
1.200000000000000000e+02 5.800000000000000000e+01 6.000000000000000000e+00 1.096000000000000000e+03 1.800000000000000000e+02
1.300000000000000000e+02 5.800000000000000000e+01 6.000000000000000000e+00 1.036000000000000000e+03 1.910000000000000000e+02
1.500000000000000000e+02 6.400000000000000000e+01 8.000000000000000000e+00 1.183000000000000000e+03 2.200000000000000000e+02
1.190000000000000000e+02 6.000000000000000000e+01 9.000000000000000000e+00 1.039000000000000000e+03 1.830000000000000000e+02
1.310000000000000000e+02 5.200000000000000000e+01 1.300000000000000000e+01 9.820000000000000000e+02 1.930000000000000000e+02
1.450000000000000000e+02 5.700000000000000000e+01 3.000000000000000000e+00 1.002000000000000000e+03 2.000000000000000000e+02
1.240000000000000000e+02 6.800000000000000000e+01 1.000000000000000000e+01 1.106000000000000000e+03 2.020000000000000000e+02
1.000000000000000000e+02 5.500000000000000000e+01 6.000000000000000000e+00 9.940000000000000000e+02 1.580000000000000000e+02
1.430000000000000000e+02 5.800000000000000000e+01 4.000000000000000000e+00 1.240000000000000000e+03 2.020000000000000000e+02
1.170000000000000000e+02 6.300000000000000000e+01 9.000000000000000000e+00 1.234000000000000000e+03 1.850000000000000000e+02
1.140000000000000000e+02 6.200000000000000000e+01 7.000000000000000000e+00 1.092000000000000000e+03 1.820000000000000000e+02
1.180000000000000000e+02 4.400000000000000000e+01 1.000000000000000000e+01 6.590000000000000000e+02 1.680000000000000000e+02
1.230000000000000000e+02 7.200000000000000000e+01 4.000000000000000000e+00 8.620000000000000000e+02 1.980000000000000000e+02
1.050000000000000000e+02 6.000000000000000000e+01 1.000000000000000000e+01 7.560000000000000000e+02 1.740000000000000000e+02
1.310000000000000000e+02 4.800000000000000000e+01 5.000000000000000000e+00 1.271000000000000000e+03 1.830000000000000000e+02
1.270000000000000000e+02 5.300000000000000000e+01 6.000000000000000000e+00 1.028000000000000000e+03 1.830000000000000000e+02
1.550000000000000000e+02 6.000000000000000000e+01 8.000000000000000000e+00 1.103000000000000000e+03 2.210000000000000000e+02
1.580000000000000000e+02 4.500000000000000000e+01 4.000000000000000000e+00 1.081000000000000000e+03 2.050000000000000000e+02
1.020000000000000000e+02 6.000000000000000000e+01 1.200000000000000000e+01 9.740000000000000000e+02 1.730000000000000000e+02
1.310000000000000000e+02 6.500000000000000000e+01 2.000000000000000000e+00 1.098000000000000000e+03 1.970000000000000000e+02
1.320000000000000000e+02 4.900000000000000000e+01 7.000000000000000000e+00 1.098000000000000000e+03 1.850000000000000000e+02
1.480000000000000000e+02 6.100000000000000000e+01 6.000000000000000000e+00 1.355000000000000000e+03 2.120000000000000000e+02
1.080000000000000000e+02 6.900000000000000000e+01 5.000000000000000000e+00 1.252000000000000000e+03 1.790000000000000000e+02
1.150000000000000000e+02 6.600000000000000000e+01 1.100000000000000000e+01 1.077000000000000000e+03 1.900000000000000000e+02
1.160000000000000000e+02 6.100000000000000000e+01 7.000000000000000000e+00 1.159000000000000000e+03 1.810000000000000000e+02
1.420000000000000000e+02 5.000000000000000000e+01 6.000000000000000000e+00 1.124000000000000000e+03 1.930000000000000000e+02
9.700000000000000000e+01 4.400000000000000000e+01 2.000000000000000000e+00 8.120000000000000000e+02 1.430000000000000000e+02
1.190000000000000000e+02 5.600000000000000000e+01 3.000000000000000000e+00 1.291000000000000000e+03 1.770000000000000000e+02
1.450000000000000000e+02 7.700000000000000000e+01 7.000000000000000000e+00 1.404000000000000000e+03 2.270000000000000000e+02
1.590000000000000000e+02 7.000000000000000000e+01 7.000000000000000000e+00 1.359000000000000000e+03 2.330000000000000000e+02
1.340000000000000000e+02 5.500000000000000000e+01 6.000000000000000000e+00 1.129000000000000000e+03 1.930000000000000000e+02
1.140000000000000000e+02 5.900000000000000000e+01 4.000000000000000000e+00 9.780000000000000000e+02 1.760000000000000000e+02
1.290000000000000000e+02 7.700000000000000000e+01 9.000000000000000000e+00 1.275000000000000000e+03 2.110000000000000000e+02
1.450000000000000000e+02 5.600000000000000000e+01 6.000000000000000000e+00 1.109000000000000000e+03 2.000000000000000000e+02
1.100000000000000000e+02 4.900000000000000000e+01 1.000000000000000000e+01 8.130000000000000000e+02 1.680000000000000000e+02
1.240000000000000000e+02 6.200000000000000000e+01 5.000000000000000000e+00 1.131000000000000000e+03 1.880000000000000000e+02
1.220000000000000000e+02 6.100000000000000000e+01 7.000000000000000000e+00 1.230000000000000000e+03 1.880000000000000000e+02
1.240000000000000000e+02 4.400000000000000000e+01 4.000000000000000000e+00 1.072000000000000000e+03 1.650000000000000000e+02
1.420000000000000000e+02 4.900000000000000000e+01 6.000000000000000000e+00 1.111000000000000000e+03 1.960000000000000000e+02
1.240000000000000000e+02 6.600000000000000000e+01 5.000000000000000000e+00 1.230000000000000000e+03 1.930000000000000000e+02
1.550000000000000000e+02 6.300000000000000000e+01 7.000000000000000000e+00 1.217000000000000000e+03 2.220000000000000000e+02
