2.260000000000000000e+02 5.000000000000000000e+01 7.000000000000000000e+00 2.218000000000000000e+03 2.830000000000000000e+02
3.000000000000000000e+02 5.000000000000000000e+01 4.000000000000000000e+00 2.281000000000000000e+03 3.520000000000000000e+02
3.080000000000000000e+02 6.200000000000000000e+01 5.000000000000000000e+00 2.550000000000000000e+03 3.730000000000000000e+02
3.100000000000000000e+02 5.400000000000000000e+01 2.000000000000000000e+00 2.260000000000000000e+03 3.640000000000000000e+02
3.250000000000000000e+02 7.600000000000000000e+01 1.000000000000000000e+01 2.690000000000000000e+03 4.080000000000000000e+02
3.590000000000000000e+02 7.100000000000000000e+01 8.000000000000000000e+00 2.429000000000000000e+03 4.360000000000000000e+02
2.810000000000000000e+02 4.900000000000000000e+01 3.000000000000000000e+00 2.172000000000000000e+03 3.330000000000000000e+02
3.140000000000000000e+02 7.300000000000000000e+01 3.000000000000000000e+00 2.481000000000000000e+03 3.890000000000000000e+02
3.260000000000000000e+02 5.900000000000000000e+01 7.000000000000000000e+00 2.428000000000000000e+03 3.900000000000000000e+02
2.450000000000000000e+02 5.100000000000000000e+01 1.000000000000000000e+00 2.374000000000000000e+03 2.950000000000000000e+02
2.620000000000000000e+02 6.800000000000000000e+01 9.000000000000000000e+00 2.314000000000000000e+03 3.390000000000000000e+02
2.400000000000000000e+02 5.900000000000000000e+01 6.000000000000000000e+00 2.355000000000000000e+03 3.030000000000000000e+02
3.170000000000000000e+02 6.100000000000000000e+01 6.000000000000000000e+00 2.635000000000000000e+03 3.820000000000000000e+02
3.350000000000000000e+02 6.000000000000000000e+01 5.000000000000000000e+00 2.482000000000000000e+03 3.970000000000000000e+02
2.630000000000000000e+02 4.200000000000000000e+01 5.000000000000000000e+00 2.435000000000000000e+03 3.090000000000000000e+02
3.240000000000000000e+02 5.800000000000000000e+01 5.000000000000000000e+00 2.230000000000000000e+03 3.860000000000000000e+02
2.890000000000000000e+02 4.800000000000000000e+01 8.000000000000000000e+00 2.248000000000000000e+03 3.430000000000000000e+02
2.630000000000000000e+02 5.500000000000000000e+01 3.000000000000000000e+00 2.226000000000000000e+03 3.210000000000000000e+02
2.810000000000000000e+02 5.300000000000000000e+01 3.000000000000000000e+00 2.312000000000000000e+03 3.360000000000000000e+02
2.350000000000000000e+02 3.800000000000000000e+01 6.000000000000000000e+00 2.111000000000000000e+03 2.790000000000000000e+02
3.390000000000000000e+02 6.900000000000000000e+01 2.000000000000000000e+00 2.637000000000000000e+03 4.050000000000000000e+02
2.370000000000000000e+02 5.600000000000000000e+01 5.000000000000000000e+00 2.287000000000000000e+03 2.950000000000000000e+02
2.300000000000000000e+02 5.700000000000000000e+01 5.000000000000000000e+00 2.249000000000000000e+03 2.920000000000000000e+02
3.020000000000000000e+02 5.200000000000000000e+01 5.000000000000000000e+00 2.416000000000000000e+03 3.570000000000000000e+02
2.090000000000000000e+02 4.300000000000000000e+01 6.000000000000000000e+00 2.073000000000000000e+03 2.570000000000000000e+02
3.000000000000000000e+02 6.100000000000000000e+01 3.000000000000000000e+00 2.371000000000000000e+03 3.630000000000000000e+02
2.770000000000000000e+02 4.700000000000000000e+01 5.000000000000000000e+00 2.260000000000000000e+03 3.280000000000000000e+02
3.380000000000000000e+02 5.200000000000000000e+01 8.000000000000000000e+00 2.531000000000000000e+03 3.960000000000000000e+02
2.570000000000000000e+02 4.700000000000000000e+01 3.000000000000000000e+00 2.240000000000000000e+03 3.060000000000000000e+02
2.600000000000000000e+02 5.600000000000000000e+01 4.000000000000000000e+00 2.090000000000000000e+03 3.190000000000000000e+02
2.910000000000000000e+02 5.900000000000000000e+01 2.000000000000000000e+00 2.456000000000000000e+03 3.520000000000000000e+02
3.060000000000000000e+02 4.500000000000000000e+01 3.000000000000000000e+00 2.560000000000000000e+03 3.540000000000000000e+02
2.270000000000000000e+02 4.900000000000000000e+01 5.000000000000000000e+00 2.303000000000000000e+03 2.790000000000000000e+02
2.060000000000000000e+02 4.000000000000000000e+01 6.000000000000000000e+00 1.811000000000000000e+03 2.510000000000000000e+02
2.670000000000000000e+02 4.800000000000000000e+01 5.000000000000000000e+00 2.196000000000000000e+03 3.190000000000000000e+02
2.430000000000000000e+02 4.700000000000000000e+01 7.000000000000000000e+00 2.452000000000000000e+03 2.950000000000000000e+02
2.350000000000000000e+02 5.200000000000000000e+01 9.000000000000000000e+00 2.306000000000000000e+03 2.950000000000000000e+02
3.830000000000000000e+02 8.800000000000000000e+01 1.000000000000000000e+01 2.674000000000000000e+03 4.780000000000000000e+02
3.250000000000000000e+02 4.800000000000000000e+01 6.000000000000000000e+00 2.202000000000000000e+03 3.770000000000000000e+02
2.350000000000000000e+02 6.700000000000000000e+01 4.000000000000000000e+00 2.335000000000000000e+03 3.050000000000000000e+02
2.830000000000000000e+02 5.700000000000000000e+01 5.000000000000000000e+00 2.302000000000000000e+03 3.450000000000000000e+02
2.480000000000000000e+02 4.500000000000000000e+01 5.000000000000000000e+00 2.553000000000000000e+03 2.950000000000000000e+02
2.340000000000000000e+02 4.500000000000000000e+01 6.000000000000000000e+00 2.323000000000000000e+03 2.830000000000000000e+02
3.090000000000000000e+02 4.500000000000000000e+01 8.000000000000000000e+00 2.399000000000000000e+03 3.600000000000000000e+02
3.060000000000000000e+02 7.000000000000000000e+01 5.000000000000000000e+00 2.558000000000000000e+03 3.790000000000000000e+02
3.150000000000000000e+02 5.200000000000000000e+01 7.000000000000000000e+00 2.297000000000000000e+03 3.730000000000000000e+02
2.740000000000000000e+02 5.600000000000000000e+01 1.200000000000000000e+01 2.362000000000000000e+03 3.420000000000000000e+02
2.140000000000000000e+02 5.600000000000000000e+01 5.000000000000000000e+00 2.164000000000000000e+03 2.720000000000000000e+02
2.360000000000000000e+02 5.300000000000000000e+01 7.000000000000000000e+00 2.088000000000000000e+03 2.940000000000000000e+02
2.340000000000000000e+02 6.400000000000000000e+01 8.000000000000000000e+00 2.364000000000000000e+03 3.040000000000000000e+02
3.010000000000000000e+02 5.600000000000000000e+01 4.000000000000000000e+00 2.306000000000000000e+03 3.580000000000000000e+02
3.120000000000000000e+02 6.100000000000000000e+01 6.000000000000000000e+00 2.413000000000000000e+03 3.790000000000000000e+02
2.970000000000000000e+02 5.700000000000000000e+01 7.000000000000000000e+00 2.674000000000000000e+03 3.610000000000000000e+02
3.180000000000000000e+02 7.300000000000000000e+01 1.200000000000000000e+01 2.458000000000000000e+03 4.010000000000000000e+02
2.470000000000000000e+02 6.300000000000000000e+01 5.000000000000000000e+00 2.254000000000000000e+03 3.140000000000000000e+02
2.810000000000000000e+02 6.100000000000000000e+01 7.000000000000000000e+00 2.412000000000000000e+03 3.450000000000000000e+02
3.270000000000000000e+02 5.100000000000000000e+01 4.000000000000000000e+00 2.494000000000000000e+03 3.820000000000000000e+02
2.750000000000000000e+02 4.800000000000000000e+01 1.000000000000000000e+00 2.178000000000000000e+03 3.230000000000000000e+02
2.210000000000000000e+02 5.300000000000000000e+01 5.000000000000000000e+00 2.115000000000000000e+03 2.770000000000000000e+02
2.640000000000000000e+02 5.700000000000000000e+01 9.000000000000000000e+00 2.273000000000000000e+03 3.280000000000000000e+02
3.090000000000000000e+02 5.000000000000000000e+01 4.000000000000000000e+00 2.443000000000000000e+03 3.600000000000000000e+02
3.100000000000000000e+02 4.600000000000000000e+01 4.000000000000000000e+00 2.476000000000000000e+03 3.600000000000000000e+02
3.300000000000000000e+02 4.600000000000000000e+01 1.000000000000000000e+01 2.355000000000000000e+03 3.840000000000000000e+02
3.250000000000000000e+02 5.400000000000000000e+01 1.100000000000000000e+01 2.580000000000000000e+03 3.900000000000000000e+02
3.340000000000000000e+02 6.300000000000000000e+01 9.000000000000000000e+00 2.444000000000000000e+03 4.050000000000000000e+02
2.990000000000000000e+02 4.800000000000000000e+01 6.000000000000000000e+00 2.632000000000000000e+03 3.530000000000000000e+02
2.500000000000000000e+02 6.300000000000000000e+01 5.000000000000000000e+00 2.327000000000000000e+03 3.180000000000000000e+02
3.950000000000000000e+02 5.800000000000000000e+01 5.000000000000000000e+00 2.632000000000000000e+03 4.520000000000000000e+02
2.810000000000000000e+02 6.800000000000000000e+01 6.000000000000000000e+00 2.331000000000000000e+03 3.540000000000000000e+02
3.170000000000000000e+02 7.200000000000000000e+01 5.000000000000000000e+00 2.343000000000000000e+03 3.930000000000000000e+02
2.520000000000000000e+02 5.500000000000000000e+01 6.000000000000000000e+00 2.242000000000000000e+03 3.130000000000000000e+02
2.460000000000000000e+02 6.200000000000000000e+01 7.000000000000000000e+00 2.217000000000000000e+03 3.140000000000000000e+02
2.770000000000000000e+02 5.100000000000000000e+01 9.000000000000000000e+00 2.356000000000000000e+03 3.370000000000000000e+02
3.330000000000000000e+02 5.700000000000000000e+01 6.000000000000000000e+00 2.411000000000000000e+03 3.920000000000000000e+02
2.820000000000000000e+02 6.100000000000000000e+01 6.000000000000000000e+00 2.495000000000000000e+03 3.470000000000000000e+02
3.450000000000000000e+02 6.500000000000000000e+01 1.000000000000000000e+01 2.386000000000000000e+03 4.190000000000000000e+02
2.930000000000000000e+02 7.200000000000000000e+01 5.000000000000000000e+00 2.418000000000000000e+03 3.700000000000000000e+02
2.680000000000000000e+02 6.000000000000000000e+01 7.000000000000000000e+00 2.376000000000000000e+03 3.350000000000000000e+02
3.310000000000000000e+02 8.300000000000000000e+01 1.200000000000000000e+01 2.526000000000000000e+03 4.250000000000000000e+02
2.860000000000000000e+02 4.900000000000000000e+01 5.000000000000000000e+00 2.413000000000000000e+03 3.400000000000000000e+02
4.270000000000000000e+02 8.800000000000000000e+01 9.000000000000000000e+00 2.772000000000000000e+03 5.150000000000000000e+02
3.320000000000000000e+02 7.700000000000000000e+01 1.000000000000000000e+01 2.476000000000000000e+03 4.160000000000000000e+02
3.070000000000000000e+02 4.800000000000000000e+01 3.000000000000000000e+00 2.330000000000000000e+03 3.560000000000000000e+02
2.870000000000000000e+02 5.700000000000000000e+01 8.000000000000000000e+00 2.462000000000000000e+03 3.500000000000000000e+02
2.850000000000000000e+02 5.100000000000000000e+01 5.000000000000000000e+00 2.140000000000000000e+03 3.390000000000000000e+02
2.570000000000000000e+02 4.500000000000000000e+01 9.000000000000000000e+00 2.233000000000000000e+03 3.110000000000000000e+02
2.190000000000000000e+02 5.200000000000000000e+01 5.000000000000000000e+00 2.439000000000000000e+03 2.760000000000000000e+02
3.160000000000000000e+02 5.600000000000000000e+01 2.000000000000000000e+00 2.382000000000000000e+03 3.730000000000000000e+02
2.930000000000000000e+02 6.100000000000000000e+01 3.000000000000000000e+00 2.493000000000000000e+03 3.560000000000000000e+02
3.060000000000000000e+02 6.400000000000000000e+01 9.000000000000000000e+00 2.192000000000000000e+03 3.780000000000000000e+02
3.070000000000000000e+02 7.800000000000000000e+01 9.000000000000000000e+00 2.490000000000000000e+03 3.930000000000000000e+02
3.350000000000000000e+02 6.500000000000000000e+01 7.000000000000000000e+00 2.560000000000000000e+03 4.070000000000000000e+02
2.330000000000000000e+02 4.700000000000000000e+01 3.000000000000000000e+00 2.090000000000000000e+03 2.830000000000000000e+02
2.970000000000000000e+02 7.300000000000000000e+01 6.000000000000000000e+00 2.361000000000000000e+03 3.740000000000000000e+02
2.930000000000000000e+02 5.700000000000000000e+01 9.000000000000000000e+00 2.542000000000000000e+03 3.580000000000000000e+02
2.300000000000000000e+02 3.400000000000000000e+01 2.000000000000000000e+00 2.125000000000000000e+03 2.640000000000000000e+02
2.670000000000000000e+02 5.600000000000000000e+01 8.000000000000000000e+00 2.281000000000000000e+03 3.290000000000000000e+02
2.840000000000000000e+02 7.400000000000000000e+01 8.000000000000000000e+00 2.539000000000000000e+03 3.650000000000000000e+02
3.180000000000000000e+02 6.700000000000000000e+01 2.000000000000000000e+00 2.473000000000000000e+03 3.860000000000000000e+02
2.840000000000000000e+02 5.200000000000000000e+01 5.000000000000000000e+00 2.381000000000000000e+03 3.400000000000000000e+02
2.750000000000000000e+02 6.800000000000000000e+01 7.000000000000000000e+00 2.283000000000000000e+03 3.480000000000000000e+02
2.900000000000000000e+02 6.100000000000000000e+01 5.000000000000000000e+00 2.254000000000000000e+03 3.550000000000000000e+02
2.640000000000000000e+02 5.800000000000000000e+01 6.000000000000000000e+00 2.278000000000000000e+03 3.260000000000000000e+02
3.090000000000000000e+02 6.600000000000000000e+01 6.000000000000000000e+00 2.303000000000000000e+03 3.770000000000000000e+02
3.070000000000000000e+02 8.300000000000000000e+01 6.000000000000000000e+00 2.500000000000000000e+03 3.960000000000000000e+02
2.430000000000000000e+02 5.600000000000000000e+01 7.000000000000000000e+00 2.458000000000000000e+03 3.030000000000000000e+02
2.500000000000000000e+02 6.000000000000000000e+01 5.000000000000000000e+00 2.214000000000000000e+03 3.140000000000000000e+02
2.870000000000000000e+02 4.500000000000000000e+01 4.000000000000000000e+00 2.358000000000000000e+03 3.350000000000000000e+02
3.290000000000000000e+02 6.600000000000000000e+01 4.000000000000000000e+00 2.677000000000000000e+03 3.970000000000000000e+02
2.560000000000000000e+02 6.300000000000000000e+01 7.000000000000000000e+00 2.479000000000000000e+03 3.230000000000000000e+02
3.520000000000000000e+02 7.500000000000000000e+01 7.000000000000000000e+00 2.546000000000000000e+03 4.330000000000000000e+02
3.220000000000000000e+02 8.800000000000000000e+01 1.000000000000000000e+01 2.476000000000000000e+03 4.200000000000000000e+02
3.820000000000000000e+02 7.800000000000000000e+01 3.000000000000000000e+00 2.640000000000000000e+03 4.610000000000000000e+02
2.760000000000000000e+02 5.900000000000000000e+01 8.000000000000000000e+00 2.520000000000000000e+03 3.420000000000000000e+02
2.340000000000000000e+02 5.100000000000000000e+01 6.000000000000000000e+00 2.230000000000000000e+03 2.890000000000000000e+02
3.470000000000000000e+02 7.300000000000000000e+01 8.000000000000000000e+00 2.703000000000000000e+03 4.260000000000000000e+02
2.970000000000000000e+02 6.600000000000000000e+01 6.000000000000000000e+00 2.580000000000000000e+03 3.680000000000000000e+02
3.050000000000000000e+02 6.400000000000000000e+01 4.000000000000000000e+00 2.590000000000000000e+03 3.730000000000000000e+02
2.860000000000000000e+02 6.300000000000000000e+01 8.000000000000000000e+00 2.455000000000000000e+03 3.560000000000000000e+02
2.140000000000000000e+02 5.200000000000000000e+01 5.000000000000000000e+00 1.810000000000000000e+03 2.700000000000000000e+02
3.100000000000000000e+02 6.900000000000000000e+01 9.000000000000000000e+00 2.385000000000000000e+03 3.870000000000000000e+02
2.690000000000000000e+02 5.400000000000000000e+01 4.000000000000000000e+00 2.155000000000000000e+03 3.260000000000000000e+02
3.200000000000000000e+02 5.500000000000000000e+01 5.000000000000000000e+00 2.465000000000000000e+03 3.780000000000000000e+02
3.170000000000000000e+02 4.600000000000000000e+01 2.000000000000000000e+00 2.051000000000000000e+03 3.640000000000000000e+02
2.520000000000000000e+02 6.200000000000000000e+01 5.000000000000000000e+00 2.327000000000000000e+03 3.180000000000000000e+02
3.450000000000000000e+02 6.900000000000000000e+01 8.000000000000000000e+00 2.665000000000000000e+03 4.220000000000000000e+02
2.790000000000000000e+02 4.900000000000000000e+01 4.000000000000000000e+00 2.518000000000000000e+03 3.320000000000000000e+02
2.890000000000000000e+02 7.700000000000000000e+01 8.000000000000000000e+00 2.373000000000000000e+03 3.730000000000000000e+02
2.760000000000000000e+02 7.400000000000000000e+01 7.000000000000000000e+00 2.210000000000000000e+03 3.540000000000000000e+02
3.140000000000000000e+02 6.900000000000000000e+01 5.000000000000000000e+00 2.479000000000000000e+03 3.860000000000000000e+02
2.550000000000000000e+02 7.600000000000000000e+01 7.000000000000000000e+00 2.688000000000000000e+03 3.340000000000000000e+02
3.140000000000000000e+02 6.900000000000000000e+01 1.100000000000000000e+01 2.412000000000000000e+03 3.920000000000000000e+02
2.770000000000000000e+02 5.600000000000000000e+01 8.000000000000000000e+00 2.403000000000000000e+03 3.410000000000000000e+02
3.400000000000000000e+02 5.400000000000000000e+01 6.000000000000000000e+00 2.482000000000000000e+03 3.980000000000000000e+02
2.330000000000000000e+02 5.600000000000000000e+01 7.000000000000000000e+00 2.373000000000000000e+03 2.960000000000000000e+02
3.030000000000000000e+02 4.300000000000000000e+01 8.000000000000000000e+00 2.306000000000000000e+03 3.530000000000000000e+02
3.650000000000000000e+02 7.200000000000000000e+01 9.000000000000000000e+00 2.575000000000000000e+03 4.450000000000000000e+02
3.660000000000000000e+02 6.300000000000000000e+01 6.000000000000000000e+00 2.459000000000000000e+03 4.290000000000000000e+02
3.280000000000000000e+02 6.300000000000000000e+01 5.000000000000000000e+00 2.430000000000000000e+03 3.950000000000000000e+02
3.150000000000000000e+02 6.100000000000000000e+01 6.000000000000000000e+00 2.392000000000000000e+03 3.800000000000000000e+02
2.260000000000000000e+02 4.500000000000000000e+01 3.000000000000000000e+00 2.232000000000000000e+03 2.740000000000000000e+02
2.520000000000000000e+02 5.800000000000000000e+01 7.000000000000000000e+00 2.327000000000000000e+03 3.160000000000000000e+02
2.810000000000000000e+02 7.000000000000000000e+01 7.000000000000000000e+00 2.613000000000000000e+03 3.580000000000000000e+02
2.170000000000000000e+02 4.500000000000000000e+01 4.000000000000000000e+00 2.182000000000000000e+03 2.660000000000000000e+02
2.780000000000000000e+02 5.600000000000000000e+01 6.000000000000000000e+00 2.177000000000000000e+03 3.380000000000000000e+02
2.480000000000000000e+02 5.200000000000000000e+01 3.000000000000000000e+00 2.223000000000000000e+03 3.030000000000000000e+02
2.210000000000000000e+02 5.000000000000000000e+01 6.000000000000000000e+00 2.110000000000000000e+03 2.760000000000000000e+02
3.030000000000000000e+02 7.300000000000000000e+01 6.000000000000000000e+00 2.359000000000000000e+03 3.810000000000000000e+02
3.210000000000000000e+02 5.200000000000000000e+01 6.000000000000000000e+00 2.175000000000000000e+03 3.760000000000000000e+02
2.950000000000000000e+02 5.000000000000000000e+01 6.000000000000000000e+00 2.316000000000000000e+03 3.490000000000000000e+02
2.520000000000000000e+02 4.300000000000000000e+01 1.000000000000000000e+00 2.191000000000000000e+03 2.940000000000000000e+02
2.760000000000000000e+02 6.300000000000000000e+01 6.000000000000000000e+00 2.406000000000000000e+03 3.440000000000000000e+02
2.700000000000000000e+02 5.700000000000000000e+01 5.000000000000000000e+00 2.485000000000000000e+03 3.310000000000000000e+02
2.710000000000000000e+02 5.300000000000000000e+01 4.000000000000000000e+00 2.329000000000000000e+03 3.260000000000000000e+02
2.630000000000000000e+02 6.100000000000000000e+01 7.000000000000000000e+00 2.299000000000000000e+03 3.300000000000000000e+02
2.230000000000000000e+02 5.600000000000000000e+01 1.000000000000000000e+01 2.208000000000000000e+03 2.880000000000000000e+02
2.310000000000000000e+02 4.500000000000000000e+01 5.000000000000000000e+00 2.145000000000000000e+03 2.780000000000000000e+02
2.950000000000000000e+02 4.700000000000000000e+01 5.000000000000000000e+00 2.606000000000000000e+03 3.470000000000000000e+02
2.150000000000000000e+02 4.900000000000000000e+01 5.000000000000000000e+00 2.078000000000000000e+03 2.690000000000000000e+02
2.480000000000000000e+02 5.400000000000000000e+01 5.000000000000000000e+00 2.188000000000000000e+03 3.060000000000000000e+02
3.020000000000000000e+02 6.500000000000000000e+01 1.000000000000000000e+01 2.192000000000000000e+03 3.740000000000000000e+02
2.840000000000000000e+02 5.600000000000000000e+01 8.000000000000000000e+00 2.430000000000000000e+03 3.470000000000000000e+02
2.500000000000000000e+02 4.300000000000000000e+01 4.000000000000000000e+00 2.140000000000000000e+03 2.960000000000000000e+02
3.050000000000000000e+02 5.900000000000000000e+01 1.000000000000000000e+01 2.371000000000000000e+03 3.730000000000000000e+02
2.320000000000000000e+02 4.300000000000000000e+01 2.000000000000000000e+00 2.384000000000000000e+03 2.770000000000000000e+02
2.490000000000000000e+02 6.100000000000000000e+01 3.000000000000000000e+00 2.441000000000000000e+03 3.120000000000000000e+02
3.060000000000000000e+02 6.500000000000000000e+01 6.000000000000000000e+00 2.477000000000000000e+03 3.770000000000000000e+02
2.340000000000000000e+02 6.000000000000000000e+01 5.000000000000000000e+00 2.254000000000000000e+03 2.990000000000000000e+02
3.410000000000000000e+02 8.200000000000000000e+01 5.000000000000000000e+00 2.750000000000000000e+03 4.280000000000000000e+02
3.350000000000000000e+02 6.200000000000000000e+01 7.000000000000000000e+00 2.361000000000000000e+03 4.030000000000000000e+02
2.360000000000000000e+02 5.500000000000000000e+01 5.000000000000000000e+00 2.152000000000000000e+03 2.950000000000000000e+02
3.120000000000000000e+02 5.400000000000000000e+01 4.000000000000000000e+00 2.315000000000000000e+03 3.690000000000000000e+02
2.850000000000000000e+02 6.300000000000000000e+01 2.000000000000000000e+00 2.468000000000000000e+03 3.480000000000000000e+02
2.500000000000000000e+02 5.800000000000000000e+01 8.000000000000000000e+00 2.305000000000000000e+03 3.140000000000000000e+02
1.990000000000000000e+02 4.500000000000000000e+01 7.000000000000000000e+00 2.073000000000000000e+03 2.510000000000000000e+02
2.260000000000000000e+02 4.100000000000000000e+01 4.000000000000000000e+00 2.186000000000000000e+03 2.710000000000000000e+02
2.940000000000000000e+02 6.300000000000000000e+01 4.000000000000000000e+00 2.566000000000000000e+03 3.600000000000000000e+02
3.610000000000000000e+02 6.100000000000000000e+01 4.000000000000000000e+00 2.598000000000000000e+03 4.220000000000000000e+02
2.530000000000000000e+02 5.900000000000000000e+01 8.000000000000000000e+00 2.335000000000000000e+03 3.200000000000000000e+02
2.860000000000000000e+02 4.900000000000000000e+01 3.000000000000000000e+00 2.327000000000000000e+03 3.380000000000000000e+02
3.150000000000000000e+02 7.000000000000000000e+01 1.200000000000000000e+01 2.591000000000000000e+03 3.970000000000000000e+02
3.230000000000000000e+02 8.800000000000000000e+01 5.000000000000000000e+00 2.651000000000000000e+03 4.160000000000000000e+02
2.710000000000000000e+02 5.500000000000000000e+01 6.000000000000000000e+00 2.483000000000000000e+03 3.320000000000000000e+02
2.780000000000000000e+02 5.500000000000000000e+01 5.000000000000000000e+00 2.468000000000000000e+03 3.370000000000000000e+02
2.470000000000000000e+02 5.900000000000000000e+01 3.000000000000000000e+00 2.305000000000000000e+03 3.070000000000000000e+02
2.490000000000000000e+02 6.400000000000000000e+01 7.000000000000000000e+00 2.382000000000000000e+03 3.200000000000000000e+02
2.990000000000000000e+02 6.100000000000000000e+01 6.000000000000000000e+00 2.317000000000000000e+03 3.650000000000000000e+02
3.530000000000000000e+02 8.400000000000000000e+01 1.000000000000000000e+01 2.280000000000000000e+03 4.470000000000000000e+02
2.370000000000000000e+02 5.100000000000000000e+01 6.000000000000000000e+00 2.336000000000000000e+03 2.940000000000000000e+02
3.260000000000000000e+02 7.600000000000000000e+01 1.000000000000000000e+01 2.374000000000000000e+03 4.110000000000000000e+02
2.930000000000000000e+02 6.000000000000000000e+01 4.000000000000000000e+00 2.487000000000000000e+03 3.560000000000000000e+02
2.720000000000000000e+02 6.000000000000000000e+01 4.000000000000000000e+00 2.399000000000000000e+03 3.350000000000000000e+02
2.590000000000000000e+02 6.900000000000000000e+01 9.000000000000000000e+00 2.356000000000000000e+03 3.350000000000000000e+02
2.990000000000000000e+02 6.500000000000000000e+01 9.000000000000000000e+00 2.536000000000000000e+03 3.720000000000000000e+02
2.700000000000000000e+02 4.300000000000000000e+01 6.000000000000000000e+00 2.386000000000000000e+03 3.180000000000000000e+02
3.180000000000000000e+02 6.100000000000000000e+01 9.000000000000000000e+00 2.576000000000000000e+03 3.870000000000000000e+02
2.720000000000000000e+02 4.900000000000000000e+01 5.000000000000000000e+00 2.356000000000000000e+03 3.250000000000000000e+02
2.220000000000000000e+02 4.500000000000000000e+01 3.000000000000000000e+00 1.767000000000000000e+03 2.690000000000000000e+02
2.910000000000000000e+02 7.000000000000000000e+01 1.200000000000000000e+01 2.125000000000000000e+03 3.710000000000000000e+02
3.740000000000000000e+02 7.800000000000000000e+01 1.000000000000000000e+01 2.710000000000000000e+03 4.590000000000000000e+02
2.730000000000000000e+02 6.300000000000000000e+01 5.000000000000000000e+00 2.399000000000000000e+03 3.380000000000000000e+02
3.060000000000000000e+02 5.700000000000000000e+01 9.000000000000000000e+00 2.622000000000000000e+03 3.690000000000000000e+02
2.960000000000000000e+02 5.900000000000000000e+01 8.000000000000000000e+00 2.471000000000000000e+03 3.620000000000000000e+02
2.650000000000000000e+02 7.000000000000000000e+01 7.000000000000000000e+00 2.125000000000000000e+03 3.420000000000000000e+02
2.430000000000000000e+02 4.400000000000000000e+01 4.000000000000000000e+00 2.322000000000000000e+03 2.910000000000000000e+02
2.540000000000000000e+02 5.200000000000000000e+01 5.000000000000000000e+00 2.170000000000000000e+03 3.100000000000000000e+02
2.330000000000000000e+02 6.400000000000000000e+01 6.000000000000000000e+00 2.366000000000000000e+03 3.020000000000000000e+02
3.340000000000000000e+02 6.100000000000000000e+01 2.000000000000000000e+00 2.409000000000000000e+03 3.930000000000000000e+02
2.790000000000000000e+02 6.000000000000000000e+01 4.000000000000000000e+00 2.382000000000000000e+03 3.430000000000000000e+02
2.300000000000000000e+02 3.700000000000000000e+01 6.000000000000000000e+00 2.410000000000000000e+03 2.730000000000000000e+02
2.900000000000000000e+02 6.000000000000000000e+01 6.000000000000000000e+00 2.452000000000000000e+03 3.560000000000000000e+02
2.560000000000000000e+02 5.200000000000000000e+01 4.000000000000000000e+00 2.133000000000000000e+03 3.120000000000000000e+02
2.690000000000000000e+02 5.600000000000000000e+01 5.000000000000000000e+00 2.352000000000000000e+03 3.270000000000000000e+02
2.720000000000000000e+02 4.300000000000000000e+01 5.000000000000000000e+00 2.189000000000000000e+03 3.170000000000000000e+02
2.650000000000000000e+02 4.600000000000000000e+01 6.000000000000000000e+00 2.436000000000000000e+03 3.170000000000000000e+02
2.440000000000000000e+02 6.600000000000000000e+01 5.000000000000000000e+00 2.255000000000000000e+03 3.150000000000000000e+02
2.580000000000000000e+02 5.700000000000000000e+01 5.000000000000000000e+00 2.551000000000000000e+03 3.180000000000000000e+02
3.860000000000000000e+02 5.100000000000000000e+01 3.000000000000000000e+00 2.669000000000000000e+03 4.390000000000000000e+02
2.610000000000000000e+02 6.200000000000000000e+01 9.000000000000000000e+00 2.292000000000000000e+03 3.310000000000000000e+02
2.850000000000000000e+02 4.500000000000000000e+01 4.000000000000000000e+00 2.457000000000000000e+03 3.330000000000000000e+02
2.400000000000000000e+02 6.000000000000000000e+01 1.200000000000000000e+01 1.971000000000000000e+03 3.120000000000000000e+02
2.790000000000000000e+02 3.800000000000000000e+01 2.000000000000000000e+00 2.128000000000000000e+03 3.180000000000000000e+02
2.960000000000000000e+02 6.000000000000000000e+01 9.000000000000000000e+00 2.248000000000000000e+03 3.650000000000000000e+02
2.260000000000000000e+02 6.100000000000000000e+01 1.100000000000000000e+01 2.275000000000000000e+03 2.980000000000000000e+02
3.310000000000000000e+02 5.400000000000000000e+01 6.000000000000000000e+00 2.479000000000000000e+03 3.900000000000000000e+02
2.620000000000000000e+02 5.800000000000000000e+01 3.000000000000000000e+00 2.505000000000000000e+03 3.230000000000000000e+02
3.300000000000000000e+02 5.300000000000000000e+01 1.000000000000000000e+00 2.383000000000000000e+03 3.830000000000000000e+02
2.920000000000000000e+02 4.900000000000000000e+01 3.000000000000000000e+00 2.430000000000000000e+03 3.440000000000000000e+02
2.880000000000000000e+02 5.300000000000000000e+01 6.000000000000000000e+00 2.370000000000000000e+03 3.460000000000000000e+02
2.640000000000000000e+02 5.900000000000000000e+01 7.000000000000000000e+00 2.309000000000000000e+03 3.300000000000000000e+02
2.780000000000000000e+02 4.300000000000000000e+01 4.000000000000000000e+00 2.303000000000000000e+03 3.230000000000000000e+02
2.670000000000000000e+02 4.800000000000000000e+01 7.000000000000000000e+00 2.264000000000000000e+03 3.210000000000000000e+02
2.470000000000000000e+02 3.900000000000000000e+01 5.000000000000000000e+00 2.194000000000000000e+03 2.910000000000000000e+02
2.870000000000000000e+02 5.800000000000000000e+01 7.000000000000000000e+00 2.397000000000000000e+03 3.490000000000000000e+02
2.340000000000000000e+02 5.700000000000000000e+01 5.000000000000000000e+00 2.198000000000000000e+03 2.950000000000000000e+02
2.560000000000000000e+02 6.300000000000000000e+01 4.000000000000000000e+00 2.425000000000000000e+03 3.220000000000000000e+02
3.010000000000000000e+02 7.400000000000000000e+01 3.000000000000000000e+00 2.459000000000000000e+03 3.780000000000000000e+02
2.840000000000000000e+02 5.700000000000000000e+01 6.000000000000000000e+00 2.270000000000000000e+03 3.440000000000000000e+02
2.420000000000000000e+02 4.400000000000000000e+01 5.000000000000000000e+00 2.454000000000000000e+03 2.900000000000000000e+02
2.350000000000000000e+02 4.900000000000000000e+01 8.000000000000000000e+00 2.235000000000000000e+03 2.910000000000000000e+02
3.130000000000000000e+02 4.300000000000000000e+01 4.000000000000000000e+00 2.566000000000000000e+03 3.590000000000000000e+02
2.660000000000000000e+02 5.700000000000000000e+01 7.000000000000000000e+00 1.954000000000000000e+03 3.300000000000000000e+02
3.670000000000000000e+02 7.600000000000000000e+01 6.000000000000000000e+00 2.712000000000000000e+03 4.400000000000000000e+02
2.650000000000000000e+02 6.300000000000000000e+01 1.200000000000000000e+01 2.324000000000000000e+03 3.400000000000000000e+02
2.690000000000000000e+02 4.900000000000000000e+01 4.000000000000000000e+00 2.380000000000000000e+03 3.200000000000000000e+02
2.440000000000000000e+02 5.400000000000000000e+01 1.300000000000000000e+01 2.442000000000000000e+03 3.080000000000000000e+02
3.260000000000000000e+02 7.500000000000000000e+01 6.000000000000000000e+00 2.565000000000000000e+03 4.060000000000000000e+02
2.280000000000000000e+02 5.300000000000000000e+01 5.000000000000000000e+00 2.222000000000000000e+03 2.840000000000000000e+02
2.620000000000000000e+02 5.100000000000000000e+01 2.000000000000000000e+00 2.255000000000000000e+03 3.150000000000000000e+02
2.280000000000000000e+02 6.000000000000000000e+01 6.000000000000000000e+00 2.162000000000000000e+03 2.940000000000000000e+02
