1.910000000000000000e+02 4.100000000000000000e+01 0.000000000000000000e+00 1.369000000000000000e+03 2.320000000000000000e+02
1.870000000000000000e+02 3.000000000000000000e+01 0.000000000000000000e+00 1.405000000000000000e+03 2.150000000000000000e+02
1.630000000000000000e+02 3.700000000000000000e+01 1.000000000000000000e+00 1.438000000000000000e+03 2.000000000000000000e+02
1.540000000000000000e+02 2.200000000000000000e+01 0.000000000000000000e+00 1.121000000000000000e+03 1.750000000000000000e+02
1.560000000000000000e+02 2.200000000000000000e+01 1.000000000000000000e+00 1.227000000000000000e+03 1.760000000000000000e+02
2.010000000000000000e+02 3.100000000000000000e+01 3.000000000000000000e+00 1.584000000000000000e+03 2.340000000000000000e+02
1.600000000000000000e+02 2.500000000000000000e+01 3.000000000000000000e+00 1.369000000000000000e+03 1.860000000000000000e+02
1.570000000000000000e+02 4.000000000000000000e+01 1.000000000000000000e+00 1.287000000000000000e+03 1.980000000000000000e+02
1.610000000000000000e+02 4.600000000000000000e+01 4.000000000000000000e+00 1.422000000000000000e+03 2.090000000000000000e+02
1.800000000000000000e+02 3.200000000000000000e+01 1.000000000000000000e+00 1.298000000000000000e+03 2.090000000000000000e+02
1.470000000000000000e+02 4.200000000000000000e+01 1.000000000000000000e+00 8.760000000000000000e+02 1.890000000000000000e+02
1.660000000000000000e+02 3.500000000000000000e+01 0.000000000000000000e+00 1.326000000000000000e+03 1.990000000000000000e+02
1.450000000000000000e+02 3.700000000000000000e+01 3.000000000000000000e+00 1.035000000000000000e+03 1.840000000000000000e+02
1.710000000000000000e+02 3.700000000000000000e+01 3.000000000000000000e+00 1.496000000000000000e+03 2.070000000000000000e+02
2.010000000000000000e+02 2.800000000000000000e+01 0.000000000000000000e+00 1.466000000000000000e+03 2.290000000000000000e+02
1.680000000000000000e+02 3.400000000000000000e+01 1.000000000000000000e+00 1.433000000000000000e+03 2.010000000000000000e+02
1.660000000000000000e+02 2.100000000000000000e+01 0.000000000000000000e+00 1.381000000000000000e+03 1.850000000000000000e+02
1.760000000000000000e+02 2.500000000000000000e+01 1.000000000000000000e+00 1.062000000000000000e+03 1.990000000000000000e+02
1.750000000000000000e+02 3.100000000000000000e+01 1.000000000000000000e+00 1.395000000000000000e+03 2.060000000000000000e+02
1.620000000000000000e+02 4.300000000000000000e+01 0.000000000000000000e+00 9.540000000000000000e+02 2.030000000000000000e+02
1.900000000000000000e+02 2.500000000000000000e+01 2.000000000000000000e+00 1.421000000000000000e+03 2.170000000000000000e+02
1.680000000000000000e+02 3.000000000000000000e+01 1.000000000000000000e+00 1.376000000000000000e+03 1.980000000000000000e+02
1.720000000000000000e+02 3.500000000000000000e+01 2.000000000000000000e+00 1.322000000000000000e+03 2.070000000000000000e+02
1.840000000000000000e+02 3.200000000000000000e+01 4.000000000000000000e+00 1.512000000000000000e+03 2.180000000000000000e+02
1.630000000000000000e+02 3.900000000000000000e+01 0.000000000000000000e+00 1.420000000000000000e+03 2.000000000000000000e+02
1.730000000000000000e+02 2.500000000000000000e+01 1.000000000000000000e+00 1.248000000000000000e+03 1.980000000000000000e+02
1.510000000000000000e+02 3.900000000000000000e+01 0.000000000000000000e+00 1.380000000000000000e+03 1.890000000000000000e+02
1.640000000000000000e+02 2.600000000000000000e+01 0.000000000000000000e+00 1.232000000000000000e+03 1.860000000000000000e+02
1.930000000000000000e+02 2.600000000000000000e+01 1.000000000000000000e+00 1.488000000000000000e+03 2.200000000000000000e+02
1.850000000000000000e+02 2.900000000000000000e+01 0.000000000000000000e+00 1.319000000000000000e+03 2.100000000000000000e+02
1.940000000000000000e+02 4.100000000000000000e+01 1.000000000000000000e+00 1.516000000000000000e+03 2.360000000000000000e+02
1.560000000000000000e+02 3.900000000000000000e+01 2.000000000000000000e+00 1.141000000000000000e+03 1.970000000000000000e+02
1.470000000000000000e+02 3.200000000000000000e+01 0.000000000000000000e+00 1.171000000000000000e+03 1.760000000000000000e+02
1.390000000000000000e+02 2.500000000000000000e+01 0.000000000000000000e+00 7.580000000000000000e+02 1.600000000000000000e+02
1.930000000000000000e+02 2.900000000000000000e+01 1.000000000000000000e+00 1.182000000000000000e+03 2.230000000000000000e+02
1.650000000000000000e+02 3.300000000000000000e+01 2.000000000000000000e+00 1.308000000000000000e+03 1.980000000000000000e+02
1.510000000000000000e+02 3.100000000000000000e+01 3.000000000000000000e+00 1.337000000000000000e+03 1.840000000000000000e+02
1.830000000000000000e+02 3.300000000000000000e+01 1.000000000000000000e+00 1.426000000000000000e+03 2.130000000000000000e+02
1.580000000000000000e+02 3.400000000000000000e+01 3.000000000000000000e+00 1.143000000000000000e+03 1.940000000000000000e+02
1.720000000000000000e+02 3.100000000000000000e+01 2.000000000000000000e+00 1.263000000000000000e+03 2.030000000000000000e+02
1.980000000000000000e+02 4.700000000000000000e+01 1.000000000000000000e+00 1.390000000000000000e+03 2.430000000000000000e+02
1.710000000000000000e+02 2.900000000000000000e+01 2.000000000000000000e+00 1.252000000000000000e+03 2.020000000000000000e+02
1.660000000000000000e+02 2.900000000000000000e+01 0.000000000000000000e+00 1.420000000000000000e+03 1.930000000000000000e+02
1.700000000000000000e+02 3.100000000000000000e+01 0.000000000000000000e+00 1.344000000000000000e+03 1.990000000000000000e+02
1.690000000000000000e+02 2.700000000000000000e+01 1.000000000000000000e+00 1.257000000000000000e+03 1.930000000000000000e+02
1.660000000000000000e+02 3.300000000000000000e+01 4.000000000000000000e+00 1.268000000000000000e+03 2.010000000000000000e+02
1.770000000000000000e+02 2.900000000000000000e+01 2.000000000000000000e+00 1.506000000000000000e+03 2.050000000000000000e+02
1.730000000000000000e+02 4.200000000000000000e+01 3.000000000000000000e+00 1.533000000000000000e+03 2.150000000000000000e+02
1.750000000000000000e+02 3.200000000000000000e+01 1.000000000000000000e+00 1.484000000000000000e+03 2.080000000000000000e+02
1.370000000000000000e+02 1.600000000000000000e+01 2.000000000000000000e+00 1.385000000000000000e+03 1.520000000000000000e+02
1.770000000000000000e+02 4.300000000000000000e+01 0.000000000000000000e+00 1.564000000000000000e+03 2.190000000000000000e+02
1.960000000000000000e+02 2.500000000000000000e+01 1.000000000000000000e+00 1.436000000000000000e+03 2.170000000000000000e+02
1.820000000000000000e+02 2.900000000000000000e+01 0.000000000000000000e+00 1.523000000000000000e+03 2.080000000000000000e+02
1.400000000000000000e+02 3.100000000000000000e+01 1.000000000000000000e+00 1.226000000000000000e+03 1.700000000000000000e+02
1.610000000000000000e+02 3.100000000000000000e+01 0.000000000000000000e+00 1.305000000000000000e+03 1.880000000000000000e+02
1.900000000000000000e+02 3.100000000000000000e+01 1.000000000000000000e+00 1.428000000000000000e+03 2.220000000000000000e+02
1.860000000000000000e+02 2.300000000000000000e+01 0.000000000000000000e+00 1.305000000000000000e+03 2.070000000000000000e+02
1.770000000000000000e+02 2.900000000000000000e+01 0.000000000000000000e+00 1.392000000000000000e+03 2.060000000000000000e+02
1.650000000000000000e+02 3.600000000000000000e+01 1.000000000000000000e+00 1.322000000000000000e+03 2.000000000000000000e+02
1.700000000000000000e+02 3.200000000000000000e+01 1.000000000000000000e+00 1.444000000000000000e+03 1.980000000000000000e+02
1.880000000000000000e+02 2.700000000000000000e+01 0.000000000000000000e+00 1.382000000000000000e+03 2.140000000000000000e+02
1.550000000000000000e+02 4.000000000000000000e+01 2.000000000000000000e+00 1.463000000000000000e+03 1.970000000000000000e+02
1.620000000000000000e+02 2.300000000000000000e+01 0.000000000000000000e+00 1.418000000000000000e+03 1.840000000000000000e+02
1.570000000000000000e+02 2.200000000000000000e+01 2.000000000000000000e+00 1.061000000000000000e+03 1.800000000000000000e+02
1.890000000000000000e+02 2.600000000000000000e+01 1.000000000000000000e+00 1.535000000000000000e+03 2.130000000000000000e+02
1.800000000000000000e+02 3.400000000000000000e+01 1.000000000000000000e+00 1.322000000000000000e+03 2.120000000000000000e+02
1.500000000000000000e+02 3.100000000000000000e+01 1.000000000000000000e+00 1.108000000000000000e+03 1.820000000000000000e+02
1.820000000000000000e+02 2.900000000000000000e+01 0.000000000000000000e+00 1.324000000000000000e+03 2.080000000000000000e+02
1.690000000000000000e+02 3.600000000000000000e+01 3.000000000000000000e+00 1.404000000000000000e+03 2.040000000000000000e+02
1.780000000000000000e+02 1.900000000000000000e+01 0.000000000000000000e+00 1.314000000000000000e+03 1.940000000000000000e+02
1.650000000000000000e+02 2.600000000000000000e+01 0.000000000000000000e+00 1.385000000000000000e+03 1.900000000000000000e+02
1.650000000000000000e+02 2.400000000000000000e+01 0.000000000000000000e+00 1.481000000000000000e+03 1.890000000000000000e+02
1.600000000000000000e+02 3.400000000000000000e+01 2.000000000000000000e+00 1.337000000000000000e+03 1.960000000000000000e+02
1.690000000000000000e+02 2.700000000000000000e+01 3.000000000000000000e+00 1.400000000000000000e+03 1.980000000000000000e+02
1.840000000000000000e+02 3.500000000000000000e+01 1.000000000000000000e+00 1.485000000000000000e+03 2.200000000000000000e+02
1.470000000000000000e+02 2.800000000000000000e+01 1.000000000000000000e+00 8.900000000000000000e+02 1.750000000000000000e+02
1.800000000000000000e+02 4.400000000000000000e+01 1.000000000000000000e+00 1.506000000000000000e+03 2.230000000000000000e+02
1.790000000000000000e+02 2.500000000000000000e+01 1.000000000000000000e+00 1.315000000000000000e+03 2.040000000000000000e+02
1.560000000000000000e+02 3.200000000000000000e+01 1.000000000000000000e+00 1.286000000000000000e+03 1.880000000000000000e+02
1.640000000000000000e+02 2.900000000000000000e+01 1.000000000000000000e+00 1.343000000000000000e+03 1.940000000000000000e+02
1.570000000000000000e+02 2.500000000000000000e+01 1.000000000000000000e+00 1.201000000000000000e+03 1.780000000000000000e+02
1.450000000000000000e+02 3.000000000000000000e+01 2.000000000000000000e+00 1.220000000000000000e+03 1.750000000000000000e+02
1.570000000000000000e+02 3.800000000000000000e+01 0.000000000000000000e+00 1.265000000000000000e+03 1.930000000000000000e+02
1.810000000000000000e+02 1.800000000000000000e+01 0.000000000000000000e+00 1.483000000000000000e+03 1.960000000000000000e+02
1.880000000000000000e+02 2.600000000000000000e+01 4.000000000000000000e+00 1.274000000000000000e+03 2.130000000000000000e+02
1.670000000000000000e+02 3.400000000000000000e+01 0.000000000000000000e+00 1.439000000000000000e+03 1.970000000000000000e+02
1.580000000000000000e+02 3.600000000000000000e+01 0.000000000000000000e+00 1.156000000000000000e+03 1.940000000000000000e+02
1.310000000000000000e+02 3.000000000000000000e+01 1.000000000000000000e+00 1.195000000000000000e+03 1.580000000000000000e+02
1.480000000000000000e+02 2.300000000000000000e+01 1.000000000000000000e+00 8.490000000000000000e+02 1.720000000000000000e+02
1.520000000000000000e+02 3.600000000000000000e+01 1.000000000000000000e+00 1.221000000000000000e+03 1.890000000000000000e+02
1.700000000000000000e+02 3.200000000000000000e+01 0.000000000000000000e+00 1.488000000000000000e+03 2.010000000000000000e+02
1.650000000000000000e+02 2.800000000000000000e+01 1.000000000000000000e+00 1.463000000000000000e+03 1.910000000000000000e+02
1.590000000000000000e+02 3.400000000000000000e+01 1.000000000000000000e+00 1.365000000000000000e+03 1.930000000000000000e+02
1.860000000000000000e+02 2.700000000000000000e+01 1.000000000000000000e+00 1.551000000000000000e+03 2.090000000000000000e+02
1.440000000000000000e+02 2.900000000000000000e+01 0.000000000000000000e+00 1.311000000000000000e+03 1.730000000000000000e+02
1.800000000000000000e+02 3.800000000000000000e+01 1.000000000000000000e+00 1.496000000000000000e+03 2.160000000000000000e+02
1.610000000000000000e+02 3.100000000000000000e+01 0.000000000000000000e+00 1.410000000000000000e+03 1.880000000000000000e+02
1.830000000000000000e+02 2.400000000000000000e+01 0.000000000000000000e+00 1.231000000000000000e+03 2.040000000000000000e+02
1.710000000000000000e+02 4.000000000000000000e+01 0.000000000000000000e+00 1.459000000000000000e+03 2.090000000000000000e+02
2.080000000000000000e+02 2.700000000000000000e+01 2.000000000000000000e+00 1.423000000000000000e+03 2.360000000000000000e+02
1.770000000000000000e+02 4.600000000000000000e+01 3.000000000000000000e+00 1.444000000000000000e+03 2.250000000000000000e+02
1.660000000000000000e+02 3.000000000000000000e+01 0.000000000000000000e+00 1.474000000000000000e+03 1.960000000000000000e+02
1.680000000000000000e+02 1.900000000000000000e+01 0.000000000000000000e+00 1.165000000000000000e+03 1.840000000000000000e+02
1.610000000000000000e+02 3.500000000000000000e+01 3.000000000000000000e+00 1.364000000000000000e+03 1.980000000000000000e+02
1.640000000000000000e+02 3.100000000000000000e+01 1.000000000000000000e+00 1.415000000000000000e+03 1.910000000000000000e+02
2.090000000000000000e+02 2.400000000000000000e+01 1.000000000000000000e+00 1.384000000000000000e+03 2.320000000000000000e+02
1.670000000000000000e+02 3.700000000000000000e+01 0.000000000000000000e+00 1.284000000000000000e+03 2.020000000000000000e+02
1.810000000000000000e+02 3.900000000000000000e+01 0.000000000000000000e+00 1.258000000000000000e+03 2.190000000000000000e+02
1.880000000000000000e+02 4.300000000000000000e+01 3.000000000000000000e+00 1.590000000000000000e+03 2.320000000000000000e+02
2.080000000000000000e+02 2.700000000000000000e+01 1.000000000000000000e+00 1.397000000000000000e+03 2.350000000000000000e+02
1.820000000000000000e+02 2.900000000000000000e+01 2.000000000000000000e+00 1.366000000000000000e+03 2.110000000000000000e+02
1.650000000000000000e+02 2.800000000000000000e+01 2.000000000000000000e+00 1.378000000000000000e+03 1.950000000000000000e+02
1.470000000000000000e+02 3.800000000000000000e+01 0.000000000000000000e+00 1.354000000000000000e+03 1.800000000000000000e+02
1.720000000000000000e+02 3.700000000000000000e+01 0.000000000000000000e+00 1.389000000000000000e+03 2.060000000000000000e+02
1.810000000000000000e+02 3.200000000000000000e+01 2.000000000000000000e+00 1.412000000000000000e+03 2.140000000000000000e+02
1.510000000000000000e+02 3.100000000000000000e+01 1.000000000000000000e+00 1.196000000000000000e+03 1.830000000000000000e+02
1.310000000000000000e+02 3.100000000000000000e+01 0.000000000000000000e+00 1.289000000000000000e+03 1.610000000000000000e+02
1.550000000000000000e+02 2.200000000000000000e+01 0.000000000000000000e+00 1.190000000000000000e+03 1.770000000000000000e+02
1.530000000000000000e+02 3.000000000000000000e+01 0.000000000000000000e+00 1.170000000000000000e+03 1.780000000000000000e+02
1.790000000000000000e+02 2.600000000000000000e+01 0.000000000000000000e+00 1.518000000000000000e+03 2.030000000000000000e+02
1.600000000000000000e+02 2.400000000000000000e+01 1.000000000000000000e+00 1.272000000000000000e+03 1.830000000000000000e+02
1.770000000000000000e+02 2.500000000000000000e+01 2.000000000000000000e+00 1.229000000000000000e+03 2.030000000000000000e+02
1.640000000000000000e+02 3.200000000000000000e+01 1.000000000000000000e+00 1.302000000000000000e+03 1.950000000000000000e+02
1.790000000000000000e+02 3.500000000000000000e+01 2.000000000000000000e+00 1.428000000000000000e+03 2.120000000000000000e+02
2.090000000000000000e+02 3.600000000000000000e+01 1.000000000000000000e+00 1.366000000000000000e+03 2.440000000000000000e+02
1.590000000000000000e+02 2.500000000000000000e+01 0.000000000000000000e+00 1.452000000000000000e+03 1.830000000000000000e+02
1.950000000000000000e+02 3.300000000000000000e+01 0.000000000000000000e+00 1.470000000000000000e+03 2.250000000000000000e+02
1.810000000000000000e+02 2.500000000000000000e+01 4.000000000000000000e+00 1.353000000000000000e+03 2.080000000000000000e+02
1.860000000000000000e+02 3.400000000000000000e+01 3.000000000000000000e+00 1.283000000000000000e+03 2.200000000000000000e+02
1.830000000000000000e+02 3.000000000000000000e+01 0.000000000000000000e+00 1.275000000000000000e+03 2.110000000000000000e+02
1.580000000000000000e+02 2.400000000000000000e+01 2.000000000000000000e+00 9.020000000000000000e+02 1.830000000000000000e+02
1.640000000000000000e+02 2.100000000000000000e+01 3.000000000000000000e+00 1.170000000000000000e+03 1.880000000000000000e+02
1.950000000000000000e+02 4.200000000000000000e+01 5.000000000000000000e+00 1.384000000000000000e+03 2.370000000000000000e+02
1.950000000000000000e+02 3.400000000000000000e+01 1.000000000000000000e+00 1.371000000000000000e+03 2.290000000000000000e+02
1.470000000000000000e+02 2.600000000000000000e+01 2.000000000000000000e+00 1.055000000000000000e+03 1.750000000000000000e+02
1.690000000000000000e+02 3.400000000000000000e+01 0.000000000000000000e+00 1.328000000000000000e+03 2.020000000000000000e+02
1.590000000000000000e+02 3.600000000000000000e+01 0.000000000000000000e+00 1.318000000000000000e+03 1.950000000000000000e+02
1.620000000000000000e+02 3.300000000000000000e+01 2.000000000000000000e+00 1.341000000000000000e+03 1.950000000000000000e+02
1.740000000000000000e+02 2.900000000000000000e+01 2.000000000000000000e+00 1.446000000000000000e+03 2.050000000000000000e+02
1.760000000000000000e+02 3.200000000000000000e+01 1.000000000000000000e+00 1.243000000000000000e+03 2.080000000000000000e+02
1.700000000000000000e+02 2.900000000000000000e+01 1.000000000000000000e+00 1.330000000000000000e+03 1.980000000000000000e+02
1.600000000000000000e+02 3.200000000000000000e+01 2.000000000000000000e+00 1.531000000000000000e+03 1.910000000000000000e+02
1.770000000000000000e+02 3.800000000000000000e+01 2.000000000000000000e+00 1.264000000000000000e+03 2.160000000000000000e+02
1.670000000000000000e+02 2.600000000000000000e+01 1.000000000000000000e+00 1.156000000000000000e+03 1.920000000000000000e+02
1.620000000000000000e+02 3.200000000000000000e+01 2.000000000000000000e+00 1.366000000000000000e+03 1.930000000000000000e+02
1.640000000000000000e+02 3.500000000000000000e+01 2.000000000000000000e+00 1.322000000000000000e+03 2.000000000000000000e+02
1.940000000000000000e+02 3.600000000000000000e+01 0.000000000000000000e+00 1.435000000000000000e+03 2.280000000000000000e+02
1.690000000000000000e+02 2.900000000000000000e+01 1.000000000000000000e+00 1.443000000000000000e+03 1.980000000000000000e+02
1.780000000000000000e+02 3.300000000000000000e+01 2.000000000000000000e+00 1.358000000000000000e+03 2.120000000000000000e+02
1.770000000000000000e+02 3.800000000000000000e+01 0.000000000000000000e+00 1.439000000000000000e+03 2.130000000000000000e+02
1.860000000000000000e+02 2.700000000000000000e+01 1.000000000000000000e+00 1.443000000000000000e+03 2.130000000000000000e+02
1.520000000000000000e+02 3.500000000000000000e+01 2.000000000000000000e+00 1.178000000000000000e+03 1.890000000000000000e+02
1.510000000000000000e+02 2.200000000000000000e+01 0.000000000000000000e+00 1.075000000000000000e+03 1.720000000000000000e+02
1.160000000000000000e+02 3.000000000000000000e+01 1.000000000000000000e+00 7.420000000000000000e+02 1.450000000000000000e+02
1.690000000000000000e+02 5.300000000000000000e+01 4.000000000000000000e+00 1.250000000000000000e+03 2.260000000000000000e+02
1.540000000000000000e+02 2.700000000000000000e+01 3.000000000000000000e+00 1.230000000000000000e+03 1.820000000000000000e+02
1.810000000000000000e+02 3.600000000000000000e+01 2.000000000000000000e+00 1.563000000000000000e+03 2.150000000000000000e+02
1.630000000000000000e+02 3.500000000000000000e+01 2.000000000000000000e+00 1.292000000000000000e+03 1.990000000000000000e+02
1.920000000000000000e+02 2.600000000000000000e+01 2.000000000000000000e+00 1.371000000000000000e+03 2.160000000000000000e+02
1.430000000000000000e+02 2.100000000000000000e+01 1.000000000000000000e+00 1.292000000000000000e+03 1.590000000000000000e+02
1.720000000000000000e+02 2.100000000000000000e+01 2.000000000000000000e+00 1.216000000000000000e+03 1.920000000000000000e+02
1.830000000000000000e+02 3.500000000000000000e+01 2.000000000000000000e+00 1.584000000000000000e+03 2.190000000000000000e+02
1.700000000000000000e+02 3.000000000000000000e+01 2.000000000000000000e+00 1.390000000000000000e+03 1.970000000000000000e+02
1.400000000000000000e+02 5.000000000000000000e+01 1.000000000000000000e+00 1.472000000000000000e+03 1.880000000000000000e+02
1.960000000000000000e+02 3.200000000000000000e+01 3.000000000000000000e+00 1.453000000000000000e+03 2.300000000000000000e+02
1.730000000000000000e+02 3.200000000000000000e+01 2.000000000000000000e+00 1.339000000000000000e+03 2.040000000000000000e+02
1.740000000000000000e+02 3.000000000000000000e+01 2.000000000000000000e+00 1.293000000000000000e+03 2.000000000000000000e+02
1.820000000000000000e+02 3.300000000000000000e+01 1.000000000000000000e+00 1.492000000000000000e+03 2.140000000000000000e+02
2.080000000000000000e+02 3.700000000000000000e+01 1.000000000000000000e+00 1.615000000000000000e+03 2.410000000000000000e+02
1.650000000000000000e+02 4.700000000000000000e+01 1.000000000000000000e+00 1.507000000000000000e+03 2.120000000000000000e+02
1.980000000000000000e+02 3.100000000000000000e+01 0.000000000000000000e+00 1.441000000000000000e+03 2.270000000000000000e+02
1.700000000000000000e+02 3.800000000000000000e+01 1.000000000000000000e+00 1.502000000000000000e+03 2.070000000000000000e+02
1.870000000000000000e+02 2.900000000000000000e+01 2.000000000000000000e+00 1.253000000000000000e+03 2.170000000000000000e+02
1.500000000000000000e+02 2.900000000000000000e+01 2.000000000000000000e+00 1.158000000000000000e+03 1.810000000000000000e+02
1.410000000000000000e+02 3.000000000000000000e+01 1.000000000000000000e+00 1.297000000000000000e+03 1.710000000000000000e+02
1.470000000000000000e+02 3.900000000000000000e+01 3.000000000000000000e+00 1.305000000000000000e+03 1.870000000000000000e+02
1.770000000000000000e+02 3.600000000000000000e+01 3.000000000000000000e+00 1.371000000000000000e+03 2.150000000000000000e+02
1.830000000000000000e+02 3.100000000000000000e+01 0.000000000000000000e+00 1.307000000000000000e+03 2.130000000000000000e+02
1.660000000000000000e+02 3.300000000000000000e+01 2.000000000000000000e+00 1.233000000000000000e+03 2.000000000000000000e+02
1.620000000000000000e+02 2.300000000000000000e+01 0.000000000000000000e+00 1.186000000000000000e+03 1.840000000000000000e+02
1.650000000000000000e+02 4.300000000000000000e+01 0.000000000000000000e+00 1.187000000000000000e+03 2.070000000000000000e+02
1.840000000000000000e+02 4.000000000000000000e+01 1.000000000000000000e+00 1.413000000000000000e+03 2.250000000000000000e+02
2.100000000000000000e+02 3.400000000000000000e+01 3.000000000000000000e+00 1.456000000000000000e+03 2.440000000000000000e+02
1.390000000000000000e+02 2.900000000000000000e+01 0.000000000000000000e+00 1.057000000000000000e+03 1.680000000000000000e+02
1.610000000000000000e+02 4.500000000000000000e+01 7.000000000000000000e+00 1.228000000000000000e+03 2.120000000000000000e+02
1.270000000000000000e+02 2.800000000000000000e+01 0.000000000000000000e+00 1.025000000000000000e+03 1.540000000000000000e+02
1.650000000000000000e+02 3.100000000000000000e+01 1.000000000000000000e+00 1.386000000000000000e+03 1.900000000000000000e+02
1.650000000000000000e+02 3.000000000000000000e+01 0.000000000000000000e+00 1.212000000000000000e+03 1.930000000000000000e+02
2.080000000000000000e+02 4.100000000000000000e+01 3.000000000000000000e+00 1.626000000000000000e+03 2.500000000000000000e+02
1.640000000000000000e+02 3.300000000000000000e+01 2.000000000000000000e+00 1.200000000000000000e+03 1.960000000000000000e+02
1.670000000000000000e+02 3.400000000000000000e+01 0.000000000000000000e+00 1.089000000000000000e+03 2.000000000000000000e+02
1.490000000000000000e+02 1.900000000000000000e+01 1.000000000000000000e+00 1.154000000000000000e+03 1.690000000000000000e+02
1.390000000000000000e+02 2.700000000000000000e+01 0.000000000000000000e+00 1.298000000000000000e+03 1.640000000000000000e+02
1.890000000000000000e+02 3.400000000000000000e+01 2.000000000000000000e+00 1.520000000000000000e+03 2.220000000000000000e+02
1.740000000000000000e+02 2.500000000000000000e+01 2.000000000000000000e+00 1.311000000000000000e+03 2.000000000000000000e+02
1.760000000000000000e+02 2.400000000000000000e+01 0.000000000000000000e+00 1.166000000000000000e+03 1.980000000000000000e+02
1.890000000000000000e+02 3.700000000000000000e+01 0.000000000000000000e+00 1.388000000000000000e+03 2.260000000000000000e+02
1.670000000000000000e+02 3.500000000000000000e+01 0.000000000000000000e+00 1.305000000000000000e+03 2.010000000000000000e+02
1.620000000000000000e+02 2.300000000000000000e+01 1.000000000000000000e+00 1.240000000000000000e+03 1.860000000000000000e+02
1.840000000000000000e+02 3.200000000000000000e+01 1.000000000000000000e+00 1.280000000000000000e+03 2.170000000000000000e+02
1.970000000000000000e+02 3.200000000000000000e+01 1.000000000000000000e+00 1.550000000000000000e+03 2.270000000000000000e+02
1.490000000000000000e+02 2.500000000000000000e+01 0.000000000000000000e+00 1.369000000000000000e+03 1.730000000000000000e+02
1.990000000000000000e+02 3.900000000000000000e+01 2.000000000000000000e+00 1.610000000000000000e+03 2.400000000000000000e+02
2.080000000000000000e+02 2.600000000000000000e+01 2.000000000000000000e+00 1.407000000000000000e+03 2.330000000000000000e+02
1.630000000000000000e+02 2.600000000000000000e+01 0.000000000000000000e+00 1.371000000000000000e+03 1.890000000000000000e+02
1.810000000000000000e+02 3.400000000000000000e+01 0.000000000000000000e+00 1.424000000000000000e+03 2.140000000000000000e+02
1.480000000000000000e+02 3.600000000000000000e+01 1.000000000000000000e+00 1.248000000000000000e+03 1.840000000000000000e+02
1.670000000000000000e+02 3.800000000000000000e+01 1.000000000000000000e+00 1.303000000000000000e+03 2.050000000000000000e+02
1.800000000000000000e+02 3.300000000000000000e+01 0.000000000000000000e+00 1.360000000000000000e+03 2.130000000000000000e+02
1.550000000000000000e+02 2.600000000000000000e+01 1.000000000000000000e+00 1.253000000000000000e+03 1.800000000000000000e+02
1.810000000000000000e+02 3.200000000000000000e+01 1.000000000000000000e+00 1.478000000000000000e+03 2.130000000000000000e+02
1.890000000000000000e+02 2.800000000000000000e+01 1.000000000000000000e+00 1.489000000000000000e+03 2.160000000000000000e+02
1.320000000000000000e+02 2.500000000000000000e+01 1.000000000000000000e+00 1.151000000000000000e+03 1.560000000000000000e+02
1.920000000000000000e+02 3.700000000000000000e+01 3.000000000000000000e+00 1.566000000000000000e+03 2.280000000000000000e+02
1.770000000000000000e+02 3.600000000000000000e+01 1.000000000000000000e+00 1.540000000000000000e+03 2.120000000000000000e+02
1.730000000000000000e+02 3.100000000000000000e+01 3.000000000000000000e+00 1.242000000000000000e+03 2.060000000000000000e+02
1.620000000000000000e+02 2.500000000000000000e+01 1.000000000000000000e+00 1.191000000000000000e+03 1.870000000000000000e+02
1.930000000000000000e+02 3.100000000000000000e+01 0.000000000000000000e+00 1.480000000000000000e+03 2.210000000000000000e+02
1.660000000000000000e+02 3.500000000000000000e+01 1.000000000000000000e+00 1.327000000000000000e+03 2.000000000000000000e+02
1.880000000000000000e+02 2.100000000000000000e+01 1.000000000000000000e+00 1.378000000000000000e+03 2.090000000000000000e+02
1.320000000000000000e+02 3.900000000000000000e+01 2.000000000000000000e+00 1.434000000000000000e+03 1.700000000000000000e+02
1.620000000000000000e+02 2.700000000000000000e+01 0.000000000000000000e+00 1.320000000000000000e+03 1.860000000000000000e+02
1.860000000000000000e+02 5.100000000000000000e+01 1.000000000000000000e+00 1.416000000000000000e+03 2.330000000000000000e+02
1.770000000000000000e+02 3.300000000000000000e+01 1.000000000000000000e+00 1.288000000000000000e+03 2.070000000000000000e+02
1.810000000000000000e+02 3.000000000000000000e+01 1.000000000000000000e+00 1.311000000000000000e+03 2.100000000000000000e+02
1.610000000000000000e+02 3.100000000000000000e+01 4.000000000000000000e+00 1.387000000000000000e+03 1.960000000000000000e+02
1.450000000000000000e+02 4.100000000000000000e+01 1.000000000000000000e+00 9.330000000000000000e+02 1.850000000000000000e+02
1.660000000000000000e+02 2.800000000000000000e+01 1.000000000000000000e+00 1.490000000000000000e+03 1.940000000000000000e+02
1.660000000000000000e+02 3.600000000000000000e+01 2.000000000000000000e+00 1.314000000000000000e+03 2.020000000000000000e+02
1.750000000000000000e+02 3.400000000000000000e+01 2.000000000000000000e+00 1.542000000000000000e+03 2.110000000000000000e+02
1.730000000000000000e+02 2.200000000000000000e+01 2.000000000000000000e+00 1.202000000000000000e+03 1.960000000000000000e+02
1.680000000000000000e+02 3.500000000000000000e+01 1.000000000000000000e+00 1.403000000000000000e+03 2.030000000000000000e+02
1.480000000000000000e+02 3.400000000000000000e+01 2.000000000000000000e+00 1.360000000000000000e+03 1.830000000000000000e+02
2.060000000000000000e+02 3.700000000000000000e+01 2.000000000000000000e+00 1.394000000000000000e+03 2.440000000000000000e+02
1.410000000000000000e+02 2.800000000000000000e+01 3.000000000000000000e+00 1.030000000000000000e+03 1.700000000000000000e+02
1.570000000000000000e+02 2.400000000000000000e+01 1.000000000000000000e+00 1.306000000000000000e+03 1.800000000000000000e+02
1.600000000000000000e+02 3.100000000000000000e+01 1.000000000000000000e+00 1.433000000000000000e+03 1.900000000000000000e+02
1.740000000000000000e+02 4.200000000000000000e+01 4.000000000000000000e+00 1.406000000000000000e+03 2.170000000000000000e+02
1.780000000000000000e+02 2.000000000000000000e+01 0.000000000000000000e+00 1.305000000000000000e+03 1.960000000000000000e+02
1.670000000000000000e+02 2.800000000000000000e+01 2.000000000000000000e+00 1.376000000000000000e+03 1.950000000000000000e+02
1.790000000000000000e+02 3.300000000000000000e+01 4.000000000000000000e+00 1.338000000000000000e+03 2.150000000000000000e+02
1.540000000000000000e+02 3.600000000000000000e+01 0.000000000000000000e+00 1.143000000000000000e+03 1.900000000000000000e+02
1.740000000000000000e+02 3.500000000000000000e+01 2.000000000000000000e+00 1.243000000000000000e+03 2.090000000000000000e+02
1.740000000000000000e+02 3.000000000000000000e+01 3.000000000000000000e+00 1.471000000000000000e+03 2.010000000000000000e+02
1.410000000000000000e+02 3.200000000000000000e+01 3.000000000000000000e+00 1.162000000000000000e+03 1.740000000000000000e+02
1.710000000000000000e+02 2.800000000000000000e+01 2.000000000000000000e+00 1.438000000000000000e+03 1.970000000000000000e+02
1.440000000000000000e+02 2.700000000000000000e+01 1.000000000000000000e+00 1.285000000000000000e+03 1.700000000000000000e+02
1.970000000000000000e+02 3.000000000000000000e+01 3.000000000000000000e+00 1.282000000000000000e+03 2.270000000000000000e+02
1.670000000000000000e+02 3.500000000000000000e+01 1.000000000000000000e+00 1.292000000000000000e+03 2.020000000000000000e+02
1.860000000000000000e+02 3.700000000000000000e+01 3.000000000000000000e+00 1.619000000000000000e+03 2.240000000000000000e+02
