6.500000000000000000e+02 1.800000000000000000e+01 0.000000000000000000e+00 3.719000000000000000e+03 6.520000000000000000e+02
6.270000000000000000e+02 2.200000000000000000e+01 1.000000000000000000e+00 3.512000000000000000e+03 6.310000000000000000e+02
8.810000000000000000e+02 2.300000000000000000e+01 0.000000000000000000e+00 4.002000000000000000e+03 8.070000000000000000e+02
7.050000000000000000e+02 2.500000000000000000e+01 0.000000000000000000e+00 3.740000000000000000e+03 7.130000000000000000e+02
6.830000000000000000e+02 1.600000000000000000e+01 3.000000000000000000e+00 3.672000000000000000e+03 6.800000000000000000e+02
9.010000000000000000e+02 3.000000000000000000e+01 2.000000000000000000e+00 4.160000000000000000e+03 8.100000000000000000e+02
7.490000000000000000e+02 3.100000000000000000e+01 2.000000000000000000e+00 3.814000000000000000e+03 7.360000000000000000e+02
7.980000000000000000e+02 1.900000000000000000e+01 1.000000000000000000e+00 3.829000000000000000e+03 7.550000000000000000e+02
6.970000000000000000e+02 2.100000000000000000e+01 0.000000000000000000e+00 3.764000000000000000e+03 6.840000000000000000e+02
7.250000000000000000e+02 1.500000000000000000e+01 0.000000000000000000e+00 3.720000000000000000e+03 6.870000000000000000e+02
4.790000000000000000e+02 2.100000000000000000e+01 0.000000000000000000e+00 3.043000000000000000e+03 5.000000000000000000e+02
7.540000000000000000e+02 2.100000000000000000e+01 0.000000000000000000e+00 4.023000000000000000e+03 7.470000000000000000e+02
5.550000000000000000e+02 2.400000000000000000e+01 4.000000000000000000e+00 3.504000000000000000e+03 5.780000000000000000e+02
7.400000000000000000e+02 2.100000000000000000e+01 1.000000000000000000e+00 3.648000000000000000e+03 7.040000000000000000e+02
6.960000000000000000e+02 2.100000000000000000e+01 0.000000000000000000e+00 3.661000000000000000e+03 6.870000000000000000e+02
5.830000000000000000e+02 1.500000000000000000e+01 0.000000000000000000e+00 3.637000000000000000e+03 5.970000000000000000e+02
4.930000000000000000e+02 1.500000000000000000e+01 0.000000000000000000e+00 3.186000000000000000e+03 5.080000000000000000e+02
6.460000000000000000e+02 2.200000000000000000e+01 0.000000000000000000e+00 3.619000000000000000e+03 6.540000000000000000e+02
7.200000000000000000e+02 2.500000000000000000e+01 0.000000000000000000e+00 3.405000000000000000e+03 7.000000000000000000e+02
6.300000000000000000e+02 1.900000000000000000e+01 1.000000000000000000e+00 3.523000000000000000e+03 6.400000000000000000e+02
6.530000000000000000e+02 2.400000000000000000e+01 1.000000000000000000e+00 3.517000000000000000e+03 6.570000000000000000e+02
9.510000000000000000e+02 2.900000000000000000e+01 0.000000000000000000e+00 3.807000000000000000e+03 8.280000000000000000e+02
6.880000000000000000e+02 1.900000000000000000e+01 0.000000000000000000e+00 3.703000000000000000e+03 6.680000000000000000e+02
6.100000000000000000e+02 1.500000000000000000e+01 0.000000000000000000e+00 3.577000000000000000e+03 6.140000000000000000e+02
7.830000000000000000e+02 2.000000000000000000e+01 0.000000000000000000e+00 3.560000000000000000e+03 7.080000000000000000e+02
7.890000000000000000e+02 2.800000000000000000e+01 0.000000000000000000e+00 3.965000000000000000e+03 7.970000000000000000e+02
8.480000000000000000e+02 3.400000000000000000e+01 2.000000000000000000e+00 3.904000000000000000e+03 7.950000000000000000e+02
6.500000000000000000e+02 1.100000000000000000e+01 0.000000000000000000e+00 3.526000000000000000e+03 6.490000000000000000e+02
8.010000000000000000e+02 2.900000000000000000e+01 0.000000000000000000e+00 3.964000000000000000e+03 7.530000000000000000e+02
5.540000000000000000e+02 1.900000000000000000e+01 1.000000000000000000e+00 3.203000000000000000e+03 5.700000000000000000e+02
6.270000000000000000e+02 2.600000000000000000e+01 2.000000000000000000e+00 3.601000000000000000e+03 6.370000000000000000e+02
8.970000000000000000e+02 3.700000000000000000e+01 1.000000000000000000e+00 4.143000000000000000e+03 8.640000000000000000e+02
3.950000000000000000e+02 1.500000000000000000e+01 1.000000000000000000e+00 2.768000000000000000e+03 4.110000000000000000e+02
7.030000000000000000e+02 1.900000000000000000e+01 2.000000000000000000e+00 3.667000000000000000e+03 6.760000000000000000e+02
5.840000000000000000e+02 2.200000000000000000e+01 1.000000000000000000e+00 3.469000000000000000e+03 5.960000000000000000e+02
8.320000000000000000e+02 2.600000000000000000e+01 3.000000000000000000e+00 3.948000000000000000e+03 7.740000000000000000e+02
7.260000000000000000e+02 1.500000000000000000e+01 0.000000000000000000e+00 3.521000000000000000e+03 7.050000000000000000e+02
7.130000000000000000e+02 1.800000000000000000e+01 1.000000000000000000e+00 3.807000000000000000e+03 7.070000000000000000e+02
7.570000000000000000e+02 2.400000000000000000e+01 1.000000000000000000e+00 3.712000000000000000e+03 7.100000000000000000e+02
6.230000000000000000e+02 1.900000000000000000e+01 1.000000000000000000e+00 3.581000000000000000e+03 6.220000000000000000e+02
7.990000000000000000e+02 2.400000000000000000e+01 2.000000000000000000e+00 3.659000000000000000e+03 7.710000000000000000e+02
4.950000000000000000e+02 1.000000000000000000e+01 0.000000000000000000e+00 3.300000000000000000e+03 5.050000000000000000e+02
7.920000000000000000e+02 2.400000000000000000e+01 1.000000000000000000e+00 3.838000000000000000e+03 7.630000000000000000e+02
8.200000000000000000e+02 2.900000000000000000e+01 2.000000000000000000e+00 3.858000000000000000e+03 7.760000000000000000e+02
5.510000000000000000e+02 1.800000000000000000e+01 1.000000000000000000e+00 3.150000000000000000e+03 5.630000000000000000e+02
5.960000000000000000e+02 2.200000000000000000e+01 3.000000000000000000e+00 3.370000000000000000e+03 5.890000000000000000e+02
5.770000000000000000e+02 2.200000000000000000e+01 1.000000000000000000e+00 3.334000000000000000e+03 5.940000000000000000e+02
6.290000000000000000e+02 2.000000000000000000e+01 1.000000000000000000e+00 3.674000000000000000e+03 6.430000000000000000e+02
6.340000000000000000e+02 1.700000000000000000e+01 2.000000000000000000e+00 3.618000000000000000e+03 6.410000000000000000e+02
5.960000000000000000e+02 2.200000000000000000e+01 0.000000000000000000e+00 3.434000000000000000e+03 6.120000000000000000e+02
7.500000000000000000e+02 2.600000000000000000e+01 0.000000000000000000e+00 3.603000000000000000e+03 7.270000000000000000e+02
8.220000000000000000e+02 2.100000000000000000e+01 2.000000000000000000e+00 3.856000000000000000e+03 7.980000000000000000e+02
6.770000000000000000e+02 2.800000000000000000e+01 5.000000000000000000e+00 3.614000000000000000e+03 6.680000000000000000e+02
7.250000000000000000e+02 2.600000000000000000e+01 3.000000000000000000e+00 3.931000000000000000e+03 7.120000000000000000e+02
7.200000000000000000e+02 2.800000000000000000e+01 1.000000000000000000e+00 3.420000000000000000e+03 6.970000000000000000e+02
9.120000000000000000e+02 2.000000000000000000e+01 2.000000000000000000e+00 3.933000000000000000e+03 8.150000000000000000e+02
6.050000000000000000e+02 2.300000000000000000e+01 1.000000000000000000e+00 3.729000000000000000e+03 6.260000000000000000e+02
7.940000000000000000e+02 2.500000000000000000e+01 0.000000000000000000e+00 3.603000000000000000e+03 7.460000000000000000e+02
6.710000000000000000e+02 2.800000000000000000e+01 0.000000000000000000e+00 3.575000000000000000e+03 6.770000000000000000e+02
6.740000000000000000e+02 2.000000000000000000e+01 2.000000000000000000e+00 3.764000000000000000e+03 6.880000000000000000e+02
5.590000000000000000e+02 1.900000000000000000e+01 2.000000000000000000e+00 3.432000000000000000e+03 5.790000000000000000e+02
6.470000000000000000e+02 3.000000000000000000e+01 1.000000000000000000e+00 3.687000000000000000e+03 6.670000000000000000e+02
5.830000000000000000e+02 2.100000000000000000e+01 2.000000000000000000e+00 3.764000000000000000e+03 5.960000000000000000e+02
7.420000000000000000e+02 1.900000000000000000e+01 0.000000000000000000e+00 3.760000000000000000e+03 7.200000000000000000e+02
6.030000000000000000e+02 2.300000000000000000e+01 1.000000000000000000e+00 3.494000000000000000e+03 6.120000000000000000e+02
7.130000000000000000e+02 1.700000000000000000e+01 0.000000000000000000e+00 3.522000000000000000e+03 6.840000000000000000e+02
7.110000000000000000e+02 2.100000000000000000e+01 0.000000000000000000e+00 3.695000000000000000e+03 6.940000000000000000e+02
7.080000000000000000e+02 1.800000000000000000e+01 0.000000000000000000e+00 3.774000000000000000e+03 7.180000000000000000e+02
7.090000000000000000e+02 2.800000000000000000e+01 1.000000000000000000e+00 3.902000000000000000e+03 7.050000000000000000e+02
4.220000000000000000e+02 1.200000000000000000e+01 0.000000000000000000e+00 3.286000000000000000e+03 4.340000000000000000e+02
7.460000000000000000e+02 2.100000000000000000e+01 0.000000000000000000e+00 3.733000000000000000e+03 7.040000000000000000e+02
7.190000000000000000e+02 2.200000000000000000e+01 1.000000000000000000e+00 3.846000000000000000e+03 7.380000000000000000e+02
6.730000000000000000e+02 1.800000000000000000e+01 1.000000000000000000e+00 3.589000000000000000e+03 6.710000000000000000e+02
5.990000000000000000e+02 2.200000000000000000e+01 0.000000000000000000e+00 3.375000000000000000e+03 6.140000000000000000e+02
6.130000000000000000e+02 2.100000000000000000e+01 0.000000000000000000e+00 3.744000000000000000e+03 6.230000000000000000e+02
6.010000000000000000e+02 2.000000000000000000e+01 0.000000000000000000e+00 3.699000000000000000e+03 5.990000000000000000e+02
6.600000000000000000e+02 1.900000000000000000e+01 2.000000000000000000e+00 3.477000000000000000e+03 6.650000000000000000e+02
7.880000000000000000e+02 2.100000000000000000e+01 1.000000000000000000e+00 3.493000000000000000e+03 7.320000000000000000e+02
7.110000000000000000e+02 2.000000000000000000e+01 2.000000000000000000e+00 3.866000000000000000e+03 7.020000000000000000e+02
6.420000000000000000e+02 1.800000000000000000e+01 1.000000000000000000e+00 3.486000000000000000e+03 6.370000000000000000e+02
6.460000000000000000e+02 1.900000000000000000e+01 1.000000000000000000e+00 3.500000000000000000e+03 6.480000000000000000e+02
6.460000000000000000e+02 2.700000000000000000e+01 3.000000000000000000e+00 3.601000000000000000e+03 6.620000000000000000e+02
7.420000000000000000e+02 2.900000000000000000e+01 1.000000000000000000e+00 3.642000000000000000e+03 7.420000000000000000e+02
7.790000000000000000e+02 2.200000000000000000e+01 0.000000000000000000e+00 3.911000000000000000e+03 7.370000000000000000e+02
7.170000000000000000e+02 1.800000000000000000e+01 0.000000000000000000e+00 3.861000000000000000e+03 6.990000000000000000e+02
8.330000000000000000e+02 3.300000000000000000e+01 1.000000000000000000e+00 3.956000000000000000e+03 8.010000000000000000e+02
4.570000000000000000e+02 1.400000000000000000e+01 0.000000000000000000e+00 3.125000000000000000e+03 4.700000000000000000e+02
8.180000000000000000e+02 2.700000000000000000e+01 0.000000000000000000e+00 3.744000000000000000e+03 7.840000000000000000e+02
6.660000000000000000e+02 1.800000000000000000e+01 0.000000000000000000e+00 3.681000000000000000e+03 6.570000000000000000e+02
6.190000000000000000e+02 2.000000000000000000e+01 1.000000000000000000e+00 3.576000000000000000e+03 6.270000000000000000e+02
6.920000000000000000e+02 1.900000000000000000e+01 0.000000000000000000e+00 3.978000000000000000e+03 7.070000000000000000e+02
6.430000000000000000e+02 3.100000000000000000e+01 4.000000000000000000e+00 3.564000000000000000e+03 6.640000000000000000e+02
6.390000000000000000e+02 2.000000000000000000e+01 3.000000000000000000e+00 3.901000000000000000e+03 6.380000000000000000e+02
7.130000000000000000e+02 1.700000000000000000e+01 1.000000000000000000e+00 3.518000000000000000e+03 7.110000000000000000e+02
4.850000000000000000e+02 1.800000000000000000e+01 2.000000000000000000e+00 3.377000000000000000e+03 5.050000000000000000e+02
6.030000000000000000e+02 2.200000000000000000e+01 0.000000000000000000e+00 3.569000000000000000e+03 6.180000000000000000e+02
8.460000000000000000e+02 1.900000000000000000e+01 0.000000000000000000e+00 3.821000000000000000e+03 8.070000000000000000e+02
6.900000000000000000e+02 2.500000000000000000e+01 1.000000000000000000e+00 3.573000000000000000e+03 6.960000000000000000e+02
5.200000000000000000e+02 1.700000000000000000e+01 1.000000000000000000e+00 3.291000000000000000e+03 5.360000000000000000e+02
6.730000000000000000e+02 1.800000000000000000e+01 0.000000000000000000e+00 3.682000000000000000e+03 6.680000000000000000e+02
6.680000000000000000e+02 3.200000000000000000e+01 1.000000000000000000e+00 3.690000000000000000e+03 6.950000000000000000e+02
6.050000000000000000e+02 1.800000000000000000e+01 2.000000000000000000e+00 3.218000000000000000e+03 6.190000000000000000e+02
6.110000000000000000e+02 1.800000000000000000e+01 1.000000000000000000e+00 3.526000000000000000e+03 6.270000000000000000e+02
8.500000000000000000e+02 2.300000000000000000e+01 2.000000000000000000e+00 3.856000000000000000e+03 7.840000000000000000e+02
5.890000000000000000e+02 2.100000000000000000e+01 1.000000000000000000e+00 3.633000000000000000e+03 6.110000000000000000e+02
8.830000000000000000e+02 2.400000000000000000e+01 0.000000000000000000e+00 4.124000000000000000e+03 8.170000000000000000e+02
6.450000000000000000e+02 2.900000000000000000e+01 1.000000000000000000e+00 3.480000000000000000e+03 6.520000000000000000e+02
6.020000000000000000e+02 1.600000000000000000e+01 1.000000000000000000e+00 3.599000000000000000e+03 6.150000000000000000e+02
5.910000000000000000e+02 1.800000000000000000e+01 1.000000000000000000e+00 3.609000000000000000e+03 6.060000000000000000e+02
6.000000000000000000e+02 2.000000000000000000e+01 1.000000000000000000e+00 3.396000000000000000e+03 6.200000000000000000e+02
6.410000000000000000e+02 1.800000000000000000e+01 2.000000000000000000e+00 3.487000000000000000e+03 6.320000000000000000e+02
7.650000000000000000e+02 2.100000000000000000e+01 1.000000000000000000e+00 3.808000000000000000e+03 7.140000000000000000e+02
5.880000000000000000e+02 2.100000000000000000e+01 1.000000000000000000e+00 3.320000000000000000e+03 6.030000000000000000e+02
6.110000000000000000e+02 2.200000000000000000e+01 1.000000000000000000e+00 3.340000000000000000e+03 6.210000000000000000e+02
7.970000000000000000e+02 2.100000000000000000e+01 0.000000000000000000e+00 3.955000000000000000e+03 7.290000000000000000e+02
9.610000000000000000e+02 2.900000000000000000e+01 2.000000000000000000e+00 4.050000000000000000e+03 8.540000000000000000e+02
7.180000000000000000e+02 1.600000000000000000e+01 1.000000000000000000e+00 3.946000000000000000e+03 6.860000000000000000e+02
6.780000000000000000e+02 2.500000000000000000e+01 2.000000000000000000e+00 3.493000000000000000e+03 6.780000000000000000e+02
6.000000000000000000e+02 1.500000000000000000e+01 1.000000000000000000e+00 2.947000000000000000e+03 6.050000000000000000e+02
6.050000000000000000e+02 2.300000000000000000e+01 1.000000000000000000e+00 3.553000000000000000e+03 6.210000000000000000e+02
8.060000000000000000e+02 3.800000000000000000e+01 1.000000000000000000e+00 4.086000000000000000e+03 7.470000000000000000e+02
5.130000000000000000e+02 1.500000000000000000e+01 0.000000000000000000e+00 3.239000000000000000e+03 5.270000000000000000e+02
6.250000000000000000e+02 1.300000000000000000e+01 1.000000000000000000e+00 3.481000000000000000e+03 6.080000000000000000e+02
6.010000000000000000e+02 1.700000000000000000e+01 0.000000000000000000e+00 3.657000000000000000e+03 6.150000000000000000e+02
6.180000000000000000e+02 1.500000000000000000e+01 0.000000000000000000e+00 3.380000000000000000e+03 6.140000000000000000e+02
6.080000000000000000e+02 1.400000000000000000e+01 1.000000000000000000e+00 3.369000000000000000e+03 6.220000000000000000e+02
7.830000000000000000e+02 1.800000000000000000e+01 1.000000000000000000e+00 3.957000000000000000e+03 7.560000000000000000e+02
6.220000000000000000e+02 1.600000000000000000e+01 1.000000000000000000e+00 3.573000000000000000e+03 6.280000000000000000e+02
5.120000000000000000e+02 2.500000000000000000e+01 0.000000000000000000e+00 3.562000000000000000e+03 5.370000000000000000e+02
6.140000000000000000e+02 2.000000000000000000e+01 1.000000000000000000e+00 3.870000000000000000e+03 6.190000000000000000e+02
5.870000000000000000e+02 1.500000000000000000e+01 0.000000000000000000e+00 3.724000000000000000e+03 5.800000000000000000e+02
7.370000000000000000e+02 1.400000000000000000e+01 0.000000000000000000e+00 3.845000000000000000e+03 6.950000000000000000e+02
7.680000000000000000e+02 2.300000000000000000e+01 3.000000000000000000e+00 3.850000000000000000e+03 7.270000000000000000e+02
7.600000000000000000e+02 1.500000000000000000e+01 2.000000000000000000e+00 3.765000000000000000e+03 6.880000000000000000e+02
5.490000000000000000e+02 1.400000000000000000e+01 1.000000000000000000e+00 3.387000000000000000e+03 5.630000000000000000e+02
6.490000000000000000e+02 2.500000000000000000e+01 1.000000000000000000e+00 3.543000000000000000e+03 6.580000000000000000e+02
6.080000000000000000e+02 1.400000000000000000e+01 0.000000000000000000e+00 3.454000000000000000e+03 6.040000000000000000e+02
6.490000000000000000e+02 2.400000000000000000e+01 1.000000000000000000e+00 3.977000000000000000e+03 6.440000000000000000e+02
5.050000000000000000e+02 1.200000000000000000e+01 0.000000000000000000e+00 3.323000000000000000e+03 5.170000000000000000e+02
7.210000000000000000e+02 2.800000000000000000e+01 1.000000000000000000e+00 3.723000000000000000e+03 7.090000000000000000e+02
5.640000000000000000e+02 2.000000000000000000e+01 1.000000000000000000e+00 3.633000000000000000e+03 5.810000000000000000e+02
5.660000000000000000e+02 1.900000000000000000e+01 1.000000000000000000e+00 3.549000000000000000e+03 5.750000000000000000e+02
7.040000000000000000e+02 2.100000000000000000e+01 1.000000000000000000e+00 3.612000000000000000e+03 6.920000000000000000e+02
8.910000000000000000e+02 1.700000000000000000e+01 0.000000000000000000e+00 3.728000000000000000e+03 8.300000000000000000e+02
5.890000000000000000e+02 1.800000000000000000e+01 1.000000000000000000e+00 3.211000000000000000e+03 6.060000000000000000e+02
7.140000000000000000e+02 2.800000000000000000e+01 1.000000000000000000e+00 3.612000000000000000e+03 7.020000000000000000e+02
5.620000000000000000e+02 1.900000000000000000e+01 0.000000000000000000e+00 3.557000000000000000e+03 5.810000000000000000e+02
8.190000000000000000e+02 2.000000000000000000e+01 0.000000000000000000e+00 3.875000000000000000e+03 7.750000000000000000e+02
6.010000000000000000e+02 2.000000000000000000e+01 0.000000000000000000e+00 3.593000000000000000e+03 6.180000000000000000e+02
6.290000000000000000e+02 2.800000000000000000e+01 0.000000000000000000e+00 3.459000000000000000e+03 6.390000000000000000e+02
6.790000000000000000e+02 1.800000000000000000e+01 4.000000000000000000e+00 3.771000000000000000e+03 6.800000000000000000e+02
8.240000000000000000e+02 1.700000000000000000e+01 1.000000000000000000e+00 3.806000000000000000e+03 7.670000000000000000e+02
5.840000000000000000e+02 1.800000000000000000e+01 1.000000000000000000e+00 3.564000000000000000e+03 5.990000000000000000e+02
7.230000000000000000e+02 2.100000000000000000e+01 0.000000000000000000e+00 3.573000000000000000e+03 6.960000000000000000e+02
7.050000000000000000e+02 1.500000000000000000e+01 1.000000000000000000e+00 3.803000000000000000e+03 6.820000000000000000e+02
5.730000000000000000e+02 2.500000000000000000e+01 2.000000000000000000e+00 3.595000000000000000e+03 5.990000000000000000e+02
6.380000000000000000e+02 3.200000000000000000e+01 1.000000000000000000e+00 3.959000000000000000e+03 6.580000000000000000e+02
9.240000000000000000e+02 2.600000000000000000e+01 1.000000000000000000e+00 3.896000000000000000e+03 8.010000000000000000e+02
7.130000000000000000e+02 1.800000000000000000e+01 0.000000000000000000e+00 3.779000000000000000e+03 7.130000000000000000e+02
6.530000000000000000e+02 2.000000000000000000e+01 1.000000000000000000e+00 3.460000000000000000e+03 6.610000000000000000e+02
7.200000000000000000e+02 1.200000000000000000e+01 0.000000000000000000e+00 3.760000000000000000e+03 6.890000000000000000e+02
7.880000000000000000e+02 1.500000000000000000e+01 1.000000000000000000e+00 3.814000000000000000e+03 7.420000000000000000e+02
8.270000000000000000e+02 2.300000000000000000e+01 4.000000000000000000e+00 3.879000000000000000e+03 7.640000000000000000e+02
6.820000000000000000e+02 2.200000000000000000e+01 0.000000000000000000e+00 3.615000000000000000e+03 6.600000000000000000e+02
7.580000000000000000e+02 3.200000000000000000e+01 0.000000000000000000e+00 3.691000000000000000e+03 7.110000000000000000e+02
7.000000000000000000e+02 2.000000000000000000e+01 0.000000000000000000e+00 3.819000000000000000e+03 6.890000000000000000e+02
5.760000000000000000e+02 2.400000000000000000e+01 2.000000000000000000e+00 3.378000000000000000e+03 5.930000000000000000e+02
8.680000000000000000e+02 1.400000000000000000e+01 0.000000000000000000e+00 3.702000000000000000e+03 7.900000000000000000e+02
5.870000000000000000e+02 2.300000000000000000e+01 1.000000000000000000e+00 3.465000000000000000e+03 6.090000000000000000e+02
5.650000000000000000e+02 1.900000000000000000e+01 0.000000000000000000e+00 3.700000000000000000e+03 5.820000000000000000e+02
6.800000000000000000e+02 3.100000000000000000e+01 1.000000000000000000e+00 4.063000000000000000e+03 6.790000000000000000e+02
8.370000000000000000e+02 2.300000000000000000e+01 2.000000000000000000e+00 3.992000000000000000e+03 8.110000000000000000e+02
7.000000000000000000e+02 2.200000000000000000e+01 0.000000000000000000e+00 3.642000000000000000e+03 6.840000000000000000e+02
7.250000000000000000e+02 2.500000000000000000e+01 1.000000000000000000e+00 3.503000000000000000e+03 7.140000000000000000e+02
5.950000000000000000e+02 2.200000000000000000e+01 1.000000000000000000e+00 3.513000000000000000e+03 6.140000000000000000e+02
6.640000000000000000e+02 2.100000000000000000e+01 2.000000000000000000e+00 3.585000000000000000e+03 6.750000000000000000e+02
4.790000000000000000e+02 1.400000000000000000e+01 0.000000000000000000e+00 2.718000000000000000e+03 4.930000000000000000e+02
7.410000000000000000e+02 2.500000000000000000e+01 0.000000000000000000e+00 3.784000000000000000e+03 7.470000000000000000e+02
6.170000000000000000e+02 1.800000000000000000e+01 1.000000000000000000e+00 3.527000000000000000e+03 6.270000000000000000e+02
6.300000000000000000e+02 1.500000000000000000e+01 1.000000000000000000e+00 3.606000000000000000e+03 6.340000000000000000e+02
6.320000000000000000e+02 1.900000000000000000e+01 1.000000000000000000e+00 3.294000000000000000e+03 6.200000000000000000e+02
6.400000000000000000e+02 2.400000000000000000e+01 1.000000000000000000e+00 3.413000000000000000e+03 6.460000000000000000e+02
6.000000000000000000e+02 1.600000000000000000e+01 0.000000000000000000e+00 3.397000000000000000e+03 5.940000000000000000e+02
7.510000000000000000e+02 2.300000000000000000e+01 0.000000000000000000e+00 3.596000000000000000e+03 7.640000000000000000e+02
6.470000000000000000e+02 9.000000000000000000e+00 1.000000000000000000e+00 3.709000000000000000e+03 6.450000000000000000e+02
5.980000000000000000e+02 1.900000000000000000e+01 2.000000000000000000e+00 3.576000000000000000e+03 6.000000000000000000e+02
5.890000000000000000e+02 2.700000000000000000e+01 1.000000000000000000e+00 3.492000000000000000e+03 6.130000000000000000e+02
6.750000000000000000e+02 2.200000000000000000e+01 4.000000000000000000e+00 3.715000000000000000e+03 6.560000000000000000e+02
7.360000000000000000e+02 2.100000000000000000e+01 1.000000000000000000e+00 3.821000000000000000e+03 7.110000000000000000e+02
7.660000000000000000e+02 3.500000000000000000e+01 1.000000000000000000e+00 3.832000000000000000e+03 7.550000000000000000e+02
6.220000000000000000e+02 2.400000000000000000e+01 3.000000000000000000e+00 3.780000000000000000e+03 6.470000000000000000e+02
7.500000000000000000e+02 1.700000000000000000e+01 1.000000000000000000e+00 3.826000000000000000e+03 7.200000000000000000e+02
7.750000000000000000e+02 2.800000000000000000e+01 1.000000000000000000e+00 3.509000000000000000e+03 7.450000000000000000e+02
5.310000000000000000e+02 1.200000000000000000e+01 1.000000000000000000e+00 3.413000000000000000e+03 5.440000000000000000e+02
8.140000000000000000e+02 2.600000000000000000e+01 2.000000000000000000e+00 3.998000000000000000e+03 7.670000000000000000e+02
6.730000000000000000e+02 2.200000000000000000e+01 3.000000000000000000e+00 3.351000000000000000e+03 6.700000000000000000e+02
5.220000000000000000e+02 1.800000000000000000e+01 1.000000000000000000e+00 3.212000000000000000e+03 5.380000000000000000e+02
5.050000000000000000e+02 1.800000000000000000e+01 1.000000000000000000e+00 3.507000000000000000e+03 5.240000000000000000e+02
6.260000000000000000e+02 1.400000000000000000e+01 2.000000000000000000e+00 3.666000000000000000e+03 6.330000000000000000e+02
7.300000000000000000e+02 1.300000000000000000e+01 0.000000000000000000e+00 3.708000000000000000e+03 6.990000000000000000e+02
6.590000000000000000e+02 2.300000000000000000e+01 1.000000000000000000e+00 3.888000000000000000e+03 6.730000000000000000e+02
6.320000000000000000e+02 1.800000000000000000e+01 0.000000000000000000e+00 3.518000000000000000e+03 6.080000000000000000e+02
6.550000000000000000e+02 2.000000000000000000e+01 1.000000000000000000e+00 3.607000000000000000e+03 6.370000000000000000e+02
8.970000000000000000e+02 2.200000000000000000e+01 0.000000000000000000e+00 3.947000000000000000e+03 8.180000000000000000e+02
7.710000000000000000e+02 2.200000000000000000e+01 0.000000000000000000e+00 3.989000000000000000e+03 7.590000000000000000e+02
7.170000000000000000e+02 2.500000000000000000e+01 2.000000000000000000e+00 3.695000000000000000e+03 7.060000000000000000e+02
6.560000000000000000e+02 2.200000000000000000e+01 2.000000000000000000e+00 3.591000000000000000e+03 6.640000000000000000e+02
5.620000000000000000e+02 1.200000000000000000e+01 1.000000000000000000e+00 3.386000000000000000e+03 5.720000000000000000e+02
5.390000000000000000e+02 2.100000000000000000e+01 1.000000000000000000e+00 3.655000000000000000e+03 5.610000000000000000e+02
6.410000000000000000e+02 1.500000000000000000e+01 1.000000000000000000e+00 3.330000000000000000e+03 6.310000000000000000e+02
6.760000000000000000e+02 2.300000000000000000e+01 1.000000000000000000e+00 3.626000000000000000e+03 6.750000000000000000e+02
6.850000000000000000e+02 2.400000000000000000e+01 0.000000000000000000e+00 3.636000000000000000e+03 6.940000000000000000e+02
8.080000000000000000e+02 2.200000000000000000e+01 0.000000000000000000e+00 3.914000000000000000e+03 7.740000000000000000e+02
6.820000000000000000e+02 2.700000000000000000e+01 0.000000000000000000e+00 4.021000000000000000e+03 6.900000000000000000e+02
7.110000000000000000e+02 1.600000000000000000e+01 0.000000000000000000e+00 3.645000000000000000e+03 7.010000000000000000e+02
6.620000000000000000e+02 2.700000000000000000e+01 1.000000000000000000e+00 3.725000000000000000e+03 6.680000000000000000e+02
6.450000000000000000e+02 2.800000000000000000e+01 0.000000000000000000e+00 3.492000000000000000e+03 6.610000000000000000e+02
5.840000000000000000e+02 2.300000000000000000e+01 1.000000000000000000e+00 3.633000000000000000e+03 5.990000000000000000e+02
8.460000000000000000e+02 1.800000000000000000e+01 0.000000000000000000e+00 3.907000000000000000e+03 7.920000000000000000e+02
6.370000000000000000e+02 2.200000000000000000e+01 2.000000000000000000e+00 3.626000000000000000e+03 6.440000000000000000e+02
5.120000000000000000e+02 1.800000000000000000e+01 1.000000000000000000e+00 3.501000000000000000e+03 5.290000000000000000e+02
8.190000000000000000e+02 3.000000000000000000e+01 3.000000000000000000e+00 4.151000000000000000e+03 8.020000000000000000e+02
7.230000000000000000e+02 2.700000000000000000e+01 2.000000000000000000e+00 3.448000000000000000e+03 7.100000000000000000e+02
7.680000000000000000e+02 2.200000000000000000e+01 2.000000000000000000e+00 3.661000000000000000e+03 7.370000000000000000e+02
6.400000000000000000e+02 2.400000000000000000e+01 0.000000000000000000e+00 3.520000000000000000e+03 6.300000000000000000e+02
7.730000000000000000e+02 1.800000000000000000e+01 1.000000000000000000e+00 3.744000000000000000e+03 7.240000000000000000e+02
9.750000000000000000e+02 2.500000000000000000e+01 3.000000000000000000e+00 3.976000000000000000e+03 8.330000000000000000e+02
7.310000000000000000e+02 2.600000000000000000e+01 1.000000000000000000e+00 3.714000000000000000e+03 7.220000000000000000e+02
5.330000000000000000e+02 1.100000000000000000e+01 0.000000000000000000e+00 3.430000000000000000e+03 5.430000000000000000e+02
9.430000000000000000e+02 2.500000000000000000e+01 1.000000000000000000e+00 3.809000000000000000e+03 8.330000000000000000e+02
4.690000000000000000e+02 1.600000000000000000e+01 0.000000000000000000e+00 3.078000000000000000e+03 4.850000000000000000e+02
6.530000000000000000e+02 1.900000000000000000e+01 1.000000000000000000e+00 3.517000000000000000e+03 6.580000000000000000e+02
6.680000000000000000e+02 3.300000000000000000e+01 2.000000000000000000e+00 3.422000000000000000e+03 6.740000000000000000e+02
5.740000000000000000e+02 1.300000000000000000e+01 0.000000000000000000e+00 3.558000000000000000e+03 5.860000000000000000e+02
6.270000000000000000e+02 1.300000000000000000e+01 3.000000000000000000e+00 3.530000000000000000e+03 6.400000000000000000e+02
6.050000000000000000e+02 3.000000000000000000e+01 2.000000000000000000e+00 3.525000000000000000e+03 6.250000000000000000e+02
9.340000000000000000e+02 2.600000000000000000e+01 0.000000000000000000e+00 3.882000000000000000e+03 8.530000000000000000e+02
6.840000000000000000e+02 2.200000000000000000e+01 0.000000000000000000e+00 3.693000000000000000e+03 6.890000000000000000e+02
7.830000000000000000e+02 2.200000000000000000e+01 1.000000000000000000e+00 3.938000000000000000e+03 7.660000000000000000e+02
5.970000000000000000e+02 1.400000000000000000e+01 2.000000000000000000e+00 3.175000000000000000e+03 6.050000000000000000e+02
9.110000000000000000e+02 2.200000000000000000e+01 0.000000000000000000e+00 3.950000000000000000e+03 8.330000000000000000e+02
5.590000000000000000e+02 2.000000000000000000e+01 3.000000000000000000e+00 3.498000000000000000e+03 5.820000000000000000e+02
6.410000000000000000e+02 2.000000000000000000e+01 1.000000000000000000e+00 3.516000000000000000e+03 6.520000000000000000e+02
5.610000000000000000e+02 5.000000000000000000e+00 0.000000000000000000e+00 3.406000000000000000e+03 5.630000000000000000e+02
7.210000000000000000e+02 2.500000000000000000e+01 1.000000000000000000e+00 3.634000000000000000e+03 6.950000000000000000e+02
4.980000000000000000e+02 1.700000000000000000e+01 2.000000000000000000e+00 3.451000000000000000e+03 5.140000000000000000e+02
7.060000000000000000e+02 2.700000000000000000e+01 0.000000000000000000e+00 3.655000000000000000e+03 7.030000000000000000e+02
6.690000000000000000e+02 2.700000000000000000e+01 1.000000000000000000e+00 3.835000000000000000e+03 6.510000000000000000e+02
5.640000000000000000e+02 2.000000000000000000e+01 0.000000000000000000e+00 3.445000000000000000e+03 5.820000000000000000e+02
6.540000000000000000e+02 1.700000000000000000e+01 1.000000000000000000e+00 3.596000000000000000e+03 6.440000000000000000e+02
