1.340000000000000000e+02 7.000000000000000000e+00 0.000000000000000000e+00 1.014000000000000000e+03 1.410000000000000000e+02
1.480000000000000000e+02 6.000000000000000000e+00 1.000000000000000000e+00 9.630000000000000000e+02 1.550000000000000000e+02
1.210000000000000000e+02 4.000000000000000000e+00 0.000000000000000000e+00 1.022000000000000000e+03 1.250000000000000000e+02
1.360000000000000000e+02 1.000000000000000000e+01 0.000000000000000000e+00 1.002000000000000000e+03 1.460000000000000000e+02
1.310000000000000000e+02 4.000000000000000000e+00 0.000000000000000000e+00 1.052000000000000000e+03 1.350000000000000000e+02
1.460000000000000000e+02 4.000000000000000000e+00 0.000000000000000000e+00 1.036000000000000000e+03 1.490000000000000000e+02
1.740000000000000000e+02 3.000000000000000000e+00 0.000000000000000000e+00 1.025000000000000000e+03 1.770000000000000000e+02
1.430000000000000000e+02 6.000000000000000000e+00 0.000000000000000000e+00 8.640000000000000000e+02 1.480000000000000000e+02
1.360000000000000000e+02 6.000000000000000000e+00 0.000000000000000000e+00 1.017000000000000000e+03 1.420000000000000000e+02
1.320000000000000000e+02 4.000000000000000000e+00 0.000000000000000000e+00 9.700000000000000000e+02 1.360000000000000000e+02
1.400000000000000000e+02 3.000000000000000000e+00 0.000000000000000000e+00 9.650000000000000000e+02 1.430000000000000000e+02
1.460000000000000000e+02 4.000000000000000000e+00 0.000000000000000000e+00 9.850000000000000000e+02 1.500000000000000000e+02
1.830000000000000000e+02 5.000000000000000000e+00 0.000000000000000000e+00 1.109000000000000000e+03 1.880000000000000000e+02
1.460000000000000000e+02 3.000000000000000000e+00 0.000000000000000000e+00 1.051000000000000000e+03 1.490000000000000000e+02
1.330000000000000000e+02 7.000000000000000000e+00 0.000000000000000000e+00 1.079000000000000000e+03 1.400000000000000000e+02
1.200000000000000000e+02 7.000000000000000000e+00 0.000000000000000000e+00 9.100000000000000000e+02 1.270000000000000000e+02
1.390000000000000000e+02 8.000000000000000000e+00 0.000000000000000000e+00 9.080000000000000000e+02 1.470000000000000000e+02
1.600000000000000000e+02 6.000000000000000000e+00 0.000000000000000000e+00 1.074000000000000000e+03 1.660000000000000000e+02
1.330000000000000000e+02 2.000000000000000000e+00 0.000000000000000000e+00 9.310000000000000000e+02 1.340000000000000000e+02
1.410000000000000000e+02 2.000000000000000000e+00 0.000000000000000000e+00 7.090000000000000000e+02 1.420000000000000000e+02
1.590000000000000000e+02 4.000000000000000000e+00 0.000000000000000000e+00 1.084000000000000000e+03 1.620000000000000000e+02
1.290000000000000000e+02 6.000000000000000000e+00 0.000000000000000000e+00 8.770000000000000000e+02 1.350000000000000000e+02
1.300000000000000000e+02 5.000000000000000000e+00 0.000000000000000000e+00 9.620000000000000000e+02 1.350000000000000000e+02
1.180000000000000000e+02 4.000000000000000000e+00 1.000000000000000000e+00 9.440000000000000000e+02 1.230000000000000000e+02
1.110000000000000000e+02 7.000000000000000000e+00 0.000000000000000000e+00 9.070000000000000000e+02 1.180000000000000000e+02
1.630000000000000000e+02 1.000000000000000000e+01 0.000000000000000000e+00 1.141000000000000000e+03 1.720000000000000000e+02
1.470000000000000000e+02 3.000000000000000000e+00 0.000000000000000000e+00 9.500000000000000000e+02 1.500000000000000000e+02
1.240000000000000000e+02 1.000000000000000000e+00 1.000000000000000000e+00 9.850000000000000000e+02 1.260000000000000000e+02
1.660000000000000000e+02 5.000000000000000000e+00 0.000000000000000000e+00 1.039000000000000000e+03 1.710000000000000000e+02
1.260000000000000000e+02 5.000000000000000000e+00 0.000000000000000000e+00 9.800000000000000000e+02 1.300000000000000000e+02
1.350000000000000000e+02 8.000000000000000000e+00 1.000000000000000000e+00 1.019000000000000000e+03 1.440000000000000000e+02
1.310000000000000000e+02 5.000000000000000000e+00 1.000000000000000000e+00 1.101000000000000000e+03 1.370000000000000000e+02
1.480000000000000000e+02 6.000000000000000000e+00 0.000000000000000000e+00 1.083000000000000000e+03 1.540000000000000000e+02
1.800000000000000000e+02 5.000000000000000000e+00 0.000000000000000000e+00 1.119000000000000000e+03 1.850000000000000000e+02
1.490000000000000000e+02 5.000000000000000000e+00 0.000000000000000000e+00 1.021000000000000000e+03 1.540000000000000000e+02
1.140000000000000000e+02 6.000000000000000000e+00 0.000000000000000000e+00 7.750000000000000000e+02 1.200000000000000000e+02
1.400000000000000000e+02 8.000000000000000000e+00 2.000000000000000000e+00 1.099000000000000000e+03 1.500000000000000000e+02
1.350000000000000000e+02 3.000000000000000000e+00 0.000000000000000000e+00 9.280000000000000000e+02 1.370000000000000000e+02
1.540000000000000000e+02 8.000000000000000000e+00 1.000000000000000000e+00 1.054000000000000000e+03 1.630000000000000000e+02
1.440000000000000000e+02 4.000000000000000000e+00 0.000000000000000000e+00 1.079000000000000000e+03 1.480000000000000000e+02
1.440000000000000000e+02 7.000000000000000000e+00 1.000000000000000000e+00 1.087000000000000000e+03 1.510000000000000000e+02
1.710000000000000000e+02 4.000000000000000000e+00 0.000000000000000000e+00 1.110000000000000000e+03 1.750000000000000000e+02
1.310000000000000000e+02 1.000000000000000000e+01 1.000000000000000000e+00 1.073000000000000000e+03 1.420000000000000000e+02
1.520000000000000000e+02 2.000000000000000000e+00 1.000000000000000000e+00 1.103000000000000000e+03 1.550000000000000000e+02
1.320000000000000000e+02 5.000000000000000000e+00 0.000000000000000000e+00 1.057000000000000000e+03 1.360000000000000000e+02
1.450000000000000000e+02 4.000000000000000000e+00 0.000000000000000000e+00 9.580000000000000000e+02 1.490000000000000000e+02
1.460000000000000000e+02 5.000000000000000000e+00 0.000000000000000000e+00 1.148000000000000000e+03 1.510000000000000000e+02
1.270000000000000000e+02 6.000000000000000000e+00 1.000000000000000000e+00 1.009000000000000000e+03 1.330000000000000000e+02
1.080000000000000000e+02 7.000000000000000000e+00 1.000000000000000000e+00 9.530000000000000000e+02 1.160000000000000000e+02
1.230000000000000000e+02 5.000000000000000000e+00 0.000000000000000000e+00 8.470000000000000000e+02 1.280000000000000000e+02
1.230000000000000000e+02 6.000000000000000000e+00 0.000000000000000000e+00 1.049000000000000000e+03 1.290000000000000000e+02
1.420000000000000000e+02 9.000000000000000000e+00 1.000000000000000000e+00 9.090000000000000000e+02 1.520000000000000000e+02
1.170000000000000000e+02 3.000000000000000000e+00 0.000000000000000000e+00 7.150000000000000000e+02 1.200000000000000000e+02
1.130000000000000000e+02 2.000000000000000000e+00 0.000000000000000000e+00 1.097000000000000000e+03 1.140000000000000000e+02
1.020000000000000000e+02 5.000000000000000000e+00 0.000000000000000000e+00 9.230000000000000000e+02 1.070000000000000000e+02
1.210000000000000000e+02 5.000000000000000000e+00 0.000000000000000000e+00 8.700000000000000000e+02 1.260000000000000000e+02
1.470000000000000000e+02 4.000000000000000000e+00 0.000000000000000000e+00 1.012000000000000000e+03 1.510000000000000000e+02
1.600000000000000000e+02 6.000000000000000000e+00 1.000000000000000000e+00 1.030000000000000000e+03 1.660000000000000000e+02
1.110000000000000000e+02 1.000000000000000000e+00 0.000000000000000000e+00 1.000000000000000000e+03 1.110000000000000000e+02
1.440000000000000000e+02 4.000000000000000000e+00 0.000000000000000000e+00 1.077000000000000000e+03 1.480000000000000000e+02
1.350000000000000000e+02 4.000000000000000000e+00 0.000000000000000000e+00 1.051000000000000000e+03 1.390000000000000000e+02
1.420000000000000000e+02 2.000000000000000000e+00 0.000000000000000000e+00 9.780000000000000000e+02 1.440000000000000000e+02
1.280000000000000000e+02 4.000000000000000000e+00 1.000000000000000000e+00 1.026000000000000000e+03 1.330000000000000000e+02
1.340000000000000000e+02 6.000000000000000000e+00 0.000000000000000000e+00 9.400000000000000000e+02 1.390000000000000000e+02
1.290000000000000000e+02 6.000000000000000000e+00 0.000000000000000000e+00 1.097000000000000000e+03 1.350000000000000000e+02
1.580000000000000000e+02 9.000000000000000000e+00 0.000000000000000000e+00 9.550000000000000000e+02 1.670000000000000000e+02
1.370000000000000000e+02 4.000000000000000000e+00 0.000000000000000000e+00 7.770000000000000000e+02 1.410000000000000000e+02
1.390000000000000000e+02 4.000000000000000000e+00 1.000000000000000000e+00 1.163000000000000000e+03 1.430000000000000000e+02
1.580000000000000000e+02 5.000000000000000000e+00 0.000000000000000000e+00 1.059000000000000000e+03 1.630000000000000000e+02
1.430000000000000000e+02 3.000000000000000000e+00 0.000000000000000000e+00 9.850000000000000000e+02 1.460000000000000000e+02
1.410000000000000000e+02 5.000000000000000000e+00 0.000000000000000000e+00 1.037000000000000000e+03 1.460000000000000000e+02
1.280000000000000000e+02 2.000000000000000000e+00 1.000000000000000000e+00 1.005000000000000000e+03 1.310000000000000000e+02
1.220000000000000000e+02 4.000000000000000000e+00 0.000000000000000000e+00 9.930000000000000000e+02 1.260000000000000000e+02
1.390000000000000000e+02 5.000000000000000000e+00 0.000000000000000000e+00 1.032000000000000000e+03 1.440000000000000000e+02
1.390000000000000000e+02 4.000000000000000000e+00 0.000000000000000000e+00 9.800000000000000000e+02 1.420000000000000000e+02
1.460000000000000000e+02 5.000000000000000000e+00 0.000000000000000000e+00 1.000000000000000000e+03 1.500000000000000000e+02
1.380000000000000000e+02 4.000000000000000000e+00 0.000000000000000000e+00 9.760000000000000000e+02 1.420000000000000000e+02
1.400000000000000000e+02 8.000000000000000000e+00 0.000000000000000000e+00 1.113000000000000000e+03 1.480000000000000000e+02
1.190000000000000000e+02 5.000000000000000000e+00 0.000000000000000000e+00 1.019000000000000000e+03 1.240000000000000000e+02
1.210000000000000000e+02 5.000000000000000000e+00 0.000000000000000000e+00 1.034000000000000000e+03 1.260000000000000000e+02
1.390000000000000000e+02 7.000000000000000000e+00 0.000000000000000000e+00 9.890000000000000000e+02 1.450000000000000000e+02
1.290000000000000000e+02 4.000000000000000000e+00 1.000000000000000000e+00 9.470000000000000000e+02 1.340000000000000000e+02
1.390000000000000000e+02 2.000000000000000000e+00 0.000000000000000000e+00 1.127000000000000000e+03 1.410000000000000000e+02
9.500000000000000000e+01 1.000000000000000000e+00 1.000000000000000000e+00 8.690000000000000000e+02 9.700000000000000000e+01
1.320000000000000000e+02 4.000000000000000000e+00 0.000000000000000000e+00 9.760000000000000000e+02 1.360000000000000000e+02
1.280000000000000000e+02 2.000000000000000000e+00 0.000000000000000000e+00 1.084000000000000000e+03 1.300000000000000000e+02
1.170000000000000000e+02 6.000000000000000000e+00 0.000000000000000000e+00 1.043000000000000000e+03 1.230000000000000000e+02
1.320000000000000000e+02 0.000000000000000000e+00 0.000000000000000000e+00 1.104000000000000000e+03 1.300000000000000000e+02
1.270000000000000000e+02 3.000000000000000000e+00 0.000000000000000000e+00 9.620000000000000000e+02 1.290000000000000000e+02
1.340000000000000000e+02 1.000000000000000000e+00 0.000000000000000000e+00 8.870000000000000000e+02 1.350000000000000000e+02
1.190000000000000000e+02 4.000000000000000000e+00 0.000000000000000000e+00 7.560000000000000000e+02 1.230000000000000000e+02
1.270000000000000000e+02 8.000000000000000000e+00 2.000000000000000000e+00 8.990000000000000000e+02 1.360000000000000000e+02
1.400000000000000000e+02 5.000000000000000000e+00 0.000000000000000000e+00 1.078000000000000000e+03 1.440000000000000000e+02
1.040000000000000000e+02 2.000000000000000000e+00 0.000000000000000000e+00 1.073000000000000000e+03 1.050000000000000000e+02
1.430000000000000000e+02 5.000000000000000000e+00 0.000000000000000000e+00 9.970000000000000000e+02 1.480000000000000000e+02
1.320000000000000000e+02 5.000000000000000000e+00 0.000000000000000000e+00 7.290000000000000000e+02 1.370000000000000000e+02
1.700000000000000000e+02 1.000000000000000000e+00 0.000000000000000000e+00 1.036000000000000000e+03 1.700000000000000000e+02
1.370000000000000000e+02 2.000000000000000000e+00 0.000000000000000000e+00 9.890000000000000000e+02 1.380000000000000000e+02
1.330000000000000000e+02 3.000000000000000000e+00 0.000000000000000000e+00 9.990000000000000000e+02 1.360000000000000000e+02
1.410000000000000000e+02 6.000000000000000000e+00 0.000000000000000000e+00 1.112000000000000000e+03 1.470000000000000000e+02
1.270000000000000000e+02 6.000000000000000000e+00 1.000000000000000000e+00 1.112000000000000000e+03 1.340000000000000000e+02
1.380000000000000000e+02 0.000000000000000000e+00 0.000000000000000000e+00 8.410000000000000000e+02 1.380000000000000000e+02
1.230000000000000000e+02 3.000000000000000000e+00 0.000000000000000000e+00 9.440000000000000000e+02 1.260000000000000000e+02
1.690000000000000000e+02 1.000000000000000000e+01 0.000000000000000000e+00 1.128000000000000000e+03 1.790000000000000000e+02
1.630000000000000000e+02 5.000000000000000000e+00 1.000000000000000000e+00 1.080000000000000000e+03 1.690000000000000000e+02
1.560000000000000000e+02 5.000000000000000000e+00 0.000000000000000000e+00 1.121000000000000000e+03 1.610000000000000000e+02
1.190000000000000000e+02 5.000000000000000000e+00 0.000000000000000000e+00 1.048000000000000000e+03 1.240000000000000000e+02
1.270000000000000000e+02 8.000000000000000000e+00 0.000000000000000000e+00 1.029000000000000000e+03 1.340000000000000000e+02
1.480000000000000000e+02 3.000000000000000000e+00 0.000000000000000000e+00 1.112000000000000000e+03 1.500000000000000000e+02
1.210000000000000000e+02 4.000000000000000000e+00 0.000000000000000000e+00 9.750000000000000000e+02 1.250000000000000000e+02
1.510000000000000000e+02 7.000000000000000000e+00 0.000000000000000000e+00 9.350000000000000000e+02 1.580000000000000000e+02
1.210000000000000000e+02 4.000000000000000000e+00 0.000000000000000000e+00 8.630000000000000000e+02 1.240000000000000000e+02
1.320000000000000000e+02 6.000000000000000000e+00 0.000000000000000000e+00 1.010000000000000000e+03 1.380000000000000000e+02
1.060000000000000000e+02 5.000000000000000000e+00 0.000000000000000000e+00 7.420000000000000000e+02 1.100000000000000000e+02
1.520000000000000000e+02 1.000000000000000000e+00 0.000000000000000000e+00 1.118000000000000000e+03 1.530000000000000000e+02
1.520000000000000000e+02 3.000000000000000000e+00 0.000000000000000000e+00 1.098000000000000000e+03 1.550000000000000000e+02
1.430000000000000000e+02 1.000000000000000000e+00 0.000000000000000000e+00 1.089000000000000000e+03 1.440000000000000000e+02
1.450000000000000000e+02 9.000000000000000000e+00 0.000000000000000000e+00 1.075000000000000000e+03 1.540000000000000000e+02
1.160000000000000000e+02 6.000000000000000000e+00 0.000000000000000000e+00 9.440000000000000000e+02 1.220000000000000000e+02
1.290000000000000000e+02 4.000000000000000000e+00 0.000000000000000000e+00 9.340000000000000000e+02 1.330000000000000000e+02
1.540000000000000000e+02 1.000000000000000000e+01 2.000000000000000000e+00 1.028000000000000000e+03 1.660000000000000000e+02
1.180000000000000000e+02 6.000000000000000000e+00 1.000000000000000000e+00 8.690000000000000000e+02 1.250000000000000000e+02
1.300000000000000000e+02 8.000000000000000000e+00 1.000000000000000000e+00 1.052000000000000000e+03 1.390000000000000000e+02
1.290000000000000000e+02 2.000000000000000000e+00 0.000000000000000000e+00 1.088000000000000000e+03 1.310000000000000000e+02
1.320000000000000000e+02 1.200000000000000000e+01 1.000000000000000000e+00 9.930000000000000000e+02 1.440000000000000000e+02
1.340000000000000000e+02 2.000000000000000000e+00 0.000000000000000000e+00 1.021000000000000000e+03 1.360000000000000000e+02
1.200000000000000000e+02 3.000000000000000000e+00 0.000000000000000000e+00 1.047000000000000000e+03 1.220000000000000000e+02
1.250000000000000000e+02 7.000000000000000000e+00 0.000000000000000000e+00 1.062000000000000000e+03 1.310000000000000000e+02
1.740000000000000000e+02 8.000000000000000000e+00 0.000000000000000000e+00 1.170000000000000000e+03 1.820000000000000000e+02
1.310000000000000000e+02 5.000000000000000000e+00 0.000000000000000000e+00 9.620000000000000000e+02 1.360000000000000000e+02
1.190000000000000000e+02 5.000000000000000000e+00 0.000000000000000000e+00 9.760000000000000000e+02 1.240000000000000000e+02
1.680000000000000000e+02 8.000000000000000000e+00 0.000000000000000000e+00 1.055000000000000000e+03 1.760000000000000000e+02
1.460000000000000000e+02 4.000000000000000000e+00 0.000000000000000000e+00 1.001000000000000000e+03 1.500000000000000000e+02
1.190000000000000000e+02 3.000000000000000000e+00 0.000000000000000000e+00 1.052000000000000000e+03 1.220000000000000000e+02
1.290000000000000000e+02 2.000000000000000000e+00 0.000000000000000000e+00 9.780000000000000000e+02 1.300000000000000000e+02
1.420000000000000000e+02 2.000000000000000000e+00 0.000000000000000000e+00 9.300000000000000000e+02 1.440000000000000000e+02
1.070000000000000000e+02 6.000000000000000000e+00 1.000000000000000000e+00 9.700000000000000000e+02 1.140000000000000000e+02
1.490000000000000000e+02 6.000000000000000000e+00 0.000000000000000000e+00 1.091000000000000000e+03 1.550000000000000000e+02
1.560000000000000000e+02 3.000000000000000000e+00 0.000000000000000000e+00 1.235000000000000000e+03 1.590000000000000000e+02
1.100000000000000000e+02 1.000000000000000000e+00 0.000000000000000000e+00 8.400000000000000000e+02 1.110000000000000000e+02
1.380000000000000000e+02 2.000000000000000000e+00 0.000000000000000000e+00 9.820000000000000000e+02 1.400000000000000000e+02
1.400000000000000000e+02 3.000000000000000000e+00 0.000000000000000000e+00 1.047000000000000000e+03 1.430000000000000000e+02
1.650000000000000000e+02 2.000000000000000000e+00 0.000000000000000000e+00 1.045000000000000000e+03 1.660000000000000000e+02
1.470000000000000000e+02 4.000000000000000000e+00 0.000000000000000000e+00 1.010000000000000000e+03 1.510000000000000000e+02
1.570000000000000000e+02 9.000000000000000000e+00 1.000000000000000000e+00 1.042000000000000000e+03 1.670000000000000000e+02
1.350000000000000000e+02 4.000000000000000000e+00 0.000000000000000000e+00 1.033000000000000000e+03 1.390000000000000000e+02
1.380000000000000000e+02 4.000000000000000000e+00 0.000000000000000000e+00 1.042000000000000000e+03 1.420000000000000000e+02
1.360000000000000000e+02 7.000000000000000000e+00 1.000000000000000000e+00 1.084000000000000000e+03 1.440000000000000000e+02
1.460000000000000000e+02 6.000000000000000000e+00 0.000000000000000000e+00 1.062000000000000000e+03 1.520000000000000000e+02
1.340000000000000000e+02 5.000000000000000000e+00 0.000000000000000000e+00 1.095000000000000000e+03 1.390000000000000000e+02
1.200000000000000000e+02 5.000000000000000000e+00 0.000000000000000000e+00 8.920000000000000000e+02 1.250000000000000000e+02
1.210000000000000000e+02 5.000000000000000000e+00 1.000000000000000000e+00 1.124000000000000000e+03 1.270000000000000000e+02
1.280000000000000000e+02 4.000000000000000000e+00 0.000000000000000000e+00 8.200000000000000000e+02 1.320000000000000000e+02
1.650000000000000000e+02 4.000000000000000000e+00 1.000000000000000000e+00 1.245000000000000000e+03 1.700000000000000000e+02
1.410000000000000000e+02 3.000000000000000000e+00 0.000000000000000000e+00 1.065000000000000000e+03 1.440000000000000000e+02
1.400000000000000000e+02 9.000000000000000000e+00 0.000000000000000000e+00 9.790000000000000000e+02 1.480000000000000000e+02
1.400000000000000000e+02 5.000000000000000000e+00 0.000000000000000000e+00 1.153000000000000000e+03 1.450000000000000000e+02
1.170000000000000000e+02 8.000000000000000000e+00 1.000000000000000000e+00 9.480000000000000000e+02 1.260000000000000000e+02
1.720000000000000000e+02 5.000000000000000000e+00 1.000000000000000000e+00 1.049000000000000000e+03 1.780000000000000000e+02
1.370000000000000000e+02 1.100000000000000000e+01 0.000000000000000000e+00 1.065000000000000000e+03 1.480000000000000000e+02
1.280000000000000000e+02 4.000000000000000000e+00 0.000000000000000000e+00 9.540000000000000000e+02 1.320000000000000000e+02
1.440000000000000000e+02 8.000000000000000000e+00 0.000000000000000000e+00 1.259000000000000000e+03 1.520000000000000000e+02
1.480000000000000000e+02 7.000000000000000000e+00 0.000000000000000000e+00 9.680000000000000000e+02 1.550000000000000000e+02
1.640000000000000000e+02 4.000000000000000000e+00 0.000000000000000000e+00 1.116000000000000000e+03 1.680000000000000000e+02
1.440000000000000000e+02 6.000000000000000000e+00 0.000000000000000000e+00 1.048000000000000000e+03 1.500000000000000000e+02
1.300000000000000000e+02 6.000000000000000000e+00 0.000000000000000000e+00 1.016000000000000000e+03 1.360000000000000000e+02
1.040000000000000000e+02 4.000000000000000000e+00 0.000000000000000000e+00 9.270000000000000000e+02 1.080000000000000000e+02
1.610000000000000000e+02 7.000000000000000000e+00 0.000000000000000000e+00 9.990000000000000000e+02 1.680000000000000000e+02
1.300000000000000000e+02 6.000000000000000000e+00 0.000000000000000000e+00 9.100000000000000000e+02 1.360000000000000000e+02
1.320000000000000000e+02 2.000000000000000000e+00 0.000000000000000000e+00 9.520000000000000000e+02 1.340000000000000000e+02
1.310000000000000000e+02 5.000000000000000000e+00 0.000000000000000000e+00 1.060000000000000000e+03 1.360000000000000000e+02
1.380000000000000000e+02 2.000000000000000000e+00 0.000000000000000000e+00 1.042000000000000000e+03 1.400000000000000000e+02
1.400000000000000000e+02 4.000000000000000000e+00 1.000000000000000000e+00 1.050000000000000000e+03 1.450000000000000000e+02
1.630000000000000000e+02 5.000000000000000000e+00 0.000000000000000000e+00 9.540000000000000000e+02 1.680000000000000000e+02
1.350000000000000000e+02 1.000000000000000000e+01 0.000000000000000000e+00 1.058000000000000000e+03 1.450000000000000000e+02
1.390000000000000000e+02 2.000000000000000000e+00 0.000000000000000000e+00 1.024000000000000000e+03 1.410000000000000000e+02
1.350000000000000000e+02 6.000000000000000000e+00 0.000000000000000000e+00 9.800000000000000000e+02 1.410000000000000000e+02
1.260000000000000000e+02 4.000000000000000000e+00 0.000000000000000000e+00 9.410000000000000000e+02 1.300000000000000000e+02
1.370000000000000000e+02 5.000000000000000000e+00 0.000000000000000000e+00 1.056000000000000000e+03 1.420000000000000000e+02
1.040000000000000000e+02 8.000000000000000000e+00 1.000000000000000000e+00 9.360000000000000000e+02 1.130000000000000000e+02
1.440000000000000000e+02 2.000000000000000000e+00 0.000000000000000000e+00 9.550000000000000000e+02 1.460000000000000000e+02
1.680000000000000000e+02 4.000000000000000000e+00 0.000000000000000000e+00 1.014000000000000000e+03 1.720000000000000000e+02
1.670000000000000000e+02 5.000000000000000000e+00 0.000000000000000000e+00 1.027000000000000000e+03 1.710000000000000000e+02
1.160000000000000000e+02 5.000000000000000000e+00 0.000000000000000000e+00 9.600000000000000000e+02 1.210000000000000000e+02
1.460000000000000000e+02 6.000000000000000000e+00 0.000000000000000000e+00 1.035000000000000000e+03 1.520000000000000000e+02
1.300000000000000000e+02 7.000000000000000000e+00 0.000000000000000000e+00 9.940000000000000000e+02 1.370000000000000000e+02
1.290000000000000000e+02 3.000000000000000000e+00 0.000000000000000000e+00 9.650000000000000000e+02 1.320000000000000000e+02
1.670000000000000000e+02 4.000000000000000000e+00 0.000000000000000000e+00 1.046000000000000000e+03 1.710000000000000000e+02
1.460000000000000000e+02 1.000000000000000000e+00 0.000000000000000000e+00 8.470000000000000000e+02 1.470000000000000000e+02
1.420000000000000000e+02 0.000000000000000000e+00 0.000000000000000000e+00 8.540000000000000000e+02 1.410000000000000000e+02
1.090000000000000000e+02 4.000000000000000000e+00 1.000000000000000000e+00 8.070000000000000000e+02 1.140000000000000000e+02
1.510000000000000000e+02 4.000000000000000000e+00 0.000000000000000000e+00 1.024000000000000000e+03 1.550000000000000000e+02
1.310000000000000000e+02 6.000000000000000000e+00 0.000000000000000000e+00 1.029000000000000000e+03 1.370000000000000000e+02
1.360000000000000000e+02 1.000000000000000000e+01 1.000000000000000000e+00 1.011000000000000000e+03 1.470000000000000000e+02
1.490000000000000000e+02 7.000000000000000000e+00 0.000000000000000000e+00 1.067000000000000000e+03 1.560000000000000000e+02
1.310000000000000000e+02 4.000000000000000000e+00 1.000000000000000000e+00 1.034000000000000000e+03 1.360000000000000000e+02
1.910000000000000000e+02 7.000000000000000000e+00 1.000000000000000000e+00 1.186000000000000000e+03 1.990000000000000000e+02
1.520000000000000000e+02 1.000000000000000000e+01 2.000000000000000000e+00 1.028000000000000000e+03 1.640000000000000000e+02
1.350000000000000000e+02 9.000000000000000000e+00 0.000000000000000000e+00 1.119000000000000000e+03 1.440000000000000000e+02
1.300000000000000000e+02 6.000000000000000000e+00 0.000000000000000000e+00 1.000000000000000000e+03 1.360000000000000000e+02
1.450000000000000000e+02 7.000000000000000000e+00 0.000000000000000000e+00 1.038000000000000000e+03 1.520000000000000000e+02
1.720000000000000000e+02 6.000000000000000000e+00 1.000000000000000000e+00 1.067000000000000000e+03 1.790000000000000000e+02
1.360000000000000000e+02 4.000000000000000000e+00 0.000000000000000000e+00 1.085000000000000000e+03 1.390000000000000000e+02
1.210000000000000000e+02 7.000000000000000000e+00 0.000000000000000000e+00 1.034000000000000000e+03 1.270000000000000000e+02
1.330000000000000000e+02 4.000000000000000000e+00 0.000000000000000000e+00 9.460000000000000000e+02 1.360000000000000000e+02
1.510000000000000000e+02 3.000000000000000000e+00 0.000000000000000000e+00 1.150000000000000000e+03 1.530000000000000000e+02
1.280000000000000000e+02 5.000000000000000000e+00 0.000000000000000000e+00 9.910000000000000000e+02 1.330000000000000000e+02
1.140000000000000000e+02 4.000000000000000000e+00 0.000000000000000000e+00 9.260000000000000000e+02 1.180000000000000000e+02
1.080000000000000000e+02 4.000000000000000000e+00 0.000000000000000000e+00 8.970000000000000000e+02 1.120000000000000000e+02
1.290000000000000000e+02 2.000000000000000000e+00 0.000000000000000000e+00 1.121000000000000000e+03 1.310000000000000000e+02
1.670000000000000000e+02 7.000000000000000000e+00 0.000000000000000000e+00 1.040000000000000000e+03 1.740000000000000000e+02
1.480000000000000000e+02 6.000000000000000000e+00 0.000000000000000000e+00 1.108000000000000000e+03 1.530000000000000000e+02
1.400000000000000000e+02 4.000000000000000000e+00 0.000000000000000000e+00 9.990000000000000000e+02 1.440000000000000000e+02
1.530000000000000000e+02 9.000000000000000000e+00 0.000000000000000000e+00 1.137000000000000000e+03 1.610000000000000000e+02
1.320000000000000000e+02 6.000000000000000000e+00 0.000000000000000000e+00 9.920000000000000000e+02 1.370000000000000000e+02
1.370000000000000000e+02 7.000000000000000000e+00 0.000000000000000000e+00 1.070000000000000000e+03 1.440000000000000000e+02
1.310000000000000000e+02 5.000000000000000000e+00 0.000000000000000000e+00 1.033000000000000000e+03 1.360000000000000000e+02
1.390000000000000000e+02 5.000000000000000000e+00 0.000000000000000000e+00 9.100000000000000000e+02 1.440000000000000000e+02
1.190000000000000000e+02 3.000000000000000000e+00 0.000000000000000000e+00 8.810000000000000000e+02 1.220000000000000000e+02
1.580000000000000000e+02 9.000000000000000000e+00 0.000000000000000000e+00 1.115000000000000000e+03 1.670000000000000000e+02
1.400000000000000000e+02 6.000000000000000000e+00 0.000000000000000000e+00 9.880000000000000000e+02 1.460000000000000000e+02
1.280000000000000000e+02 9.000000000000000000e+00 0.000000000000000000e+00 1.052000000000000000e+03 1.360000000000000000e+02
1.670000000000000000e+02 8.000000000000000000e+00 2.000000000000000000e+00 9.510000000000000000e+02 1.760000000000000000e+02
1.490000000000000000e+02 2.000000000000000000e+00 1.000000000000000000e+00 1.150000000000000000e+03 1.520000000000000000e+02
1.460000000000000000e+02 3.000000000000000000e+00 0.000000000000000000e+00 1.014000000000000000e+03 1.490000000000000000e+02
1.260000000000000000e+02 3.000000000000000000e+00 0.000000000000000000e+00 1.079000000000000000e+03 1.290000000000000000e+02
1.450000000000000000e+02 5.000000000000000000e+00 1.000000000000000000e+00 1.111000000000000000e+03 1.510000000000000000e+02
1.480000000000000000e+02 5.000000000000000000e+00 0.000000000000000000e+00 9.580000000000000000e+02 1.530000000000000000e+02
1.100000000000000000e+02 7.000000000000000000e+00 0.000000000000000000e+00 8.400000000000000000e+02 1.170000000000000000e+02
1.350000000000000000e+02 5.000000000000000000e+00 0.000000000000000000e+00 9.490000000000000000e+02 1.400000000000000000e+02
1.360000000000000000e+02 4.000000000000000000e+00 1.000000000000000000e+00 1.034000000000000000e+03 1.410000000000000000e+02
1.250000000000000000e+02 3.000000000000000000e+00 0.000000000000000000e+00 9.110000000000000000e+02 1.280000000000000000e+02
1.220000000000000000e+02 0.000000000000000000e+00 0.000000000000000000e+00 1.062000000000000000e+03 1.220000000000000000e+02
1.240000000000000000e+02 9.000000000000000000e+00 0.000000000000000000e+00 1.030000000000000000e+03 1.330000000000000000e+02
1.400000000000000000e+02 2.000000000000000000e+00 0.000000000000000000e+00 1.001000000000000000e+03 1.420000000000000000e+02
1.480000000000000000e+02 7.000000000000000000e+00 0.000000000000000000e+00 1.084000000000000000e+03 1.550000000000000000e+02
1.500000000000000000e+02 1.000000000000000000e+01 0.000000000000000000e+00 1.097000000000000000e+03 1.600000000000000000e+02
1.370000000000000000e+02 1.000000000000000000e+01 0.000000000000000000e+00 1.026000000000000000e+03 1.470000000000000000e+02
1.550000000000000000e+02 5.000000000000000000e+00 0.000000000000000000e+00 1.046000000000000000e+03 1.600000000000000000e+02
1.570000000000000000e+02 9.000000000000000000e+00 0.000000000000000000e+00 1.053000000000000000e+03 1.660000000000000000e+02
1.300000000000000000e+02 3.000000000000000000e+00 0.000000000000000000e+00 1.008000000000000000e+03 1.330000000000000000e+02
1.260000000000000000e+02 4.000000000000000000e+00 0.000000000000000000e+00 9.220000000000000000e+02 1.300000000000000000e+02
1.230000000000000000e+02 2.000000000000000000e+00 0.000000000000000000e+00 9.790000000000000000e+02 1.250000000000000000e+02
1.640000000000000000e+02 3.000000000000000000e+00 0.000000000000000000e+00 1.025000000000000000e+03 1.670000000000000000e+02
1.340000000000000000e+02 3.000000000000000000e+00 0.000000000000000000e+00 9.480000000000000000e+02 1.370000000000000000e+02
1.370000000000000000e+02 7.000000000000000000e+00 0.000000000000000000e+00 9.870000000000000000e+02 1.440000000000000000e+02
1.490000000000000000e+02 3.000000000000000000e+00 1.000000000000000000e+00 1.058000000000000000e+03 1.530000000000000000e+02
1.530000000000000000e+02 4.000000000000000000e+00 0.000000000000000000e+00 1.097000000000000000e+03 1.570000000000000000e+02
1.170000000000000000e+02 6.000000000000000000e+00 0.000000000000000000e+00 9.800000000000000000e+02 1.230000000000000000e+02
1.240000000000000000e+02 9.000000000000000000e+00 1.000000000000000000e+00 8.370000000000000000e+02 1.340000000000000000e+02
