1.801000000000000000e+03 6.300000000000000000e+01 0.000000000000000000e+00 3.685000000000000000e+03 1.419000000000000000e+03
1.833000000000000000e+03 5.400000000000000000e+01 3.000000000000000000e+00 3.122000000000000000e+03 1.383000000000000000e+03
1.308000000000000000e+03 3.300000000000000000e+01 0.000000000000000000e+00 1.421000000000000000e+03 1.152000000000000000e+03
1.802000000000000000e+03 5.800000000000000000e+01 2.000000000000000000e+00 3.972000000000000000e+03 1.403000000000000000e+03
1.456000000000000000e+03 5.800000000000000000e+01 1.000000000000000000e+00 2.544000000000000000e+03 1.292000000000000000e+03
1.139000000000000000e+03 4.200000000000000000e+01 0.000000000000000000e+00 9.000000000000000000e+02 9.780000000000000000e+02
1.545000000000000000e+03 5.500000000000000000e+01 1.000000000000000000e+00 2.829000000000000000e+03 1.292000000000000000e+03
1.587000000000000000e+03 5.300000000000000000e+01 0.000000000000000000e+00 2.726000000000000000e+03 1.312000000000000000e+03
1.447000000000000000e+03 4.100000000000000000e+01 1.000000000000000000e+00 2.172000000000000000e+03 1.233000000000000000e+03
1.627000000000000000e+03 4.500000000000000000e+01 2.000000000000000000e+00 3.045000000000000000e+03 1.286000000000000000e+03
1.928000000000000000e+03 6.700000000000000000e+01 1.000000000000000000e+00 4.158000000000000000e+03 1.389000000000000000e+03
1.720000000000000000e+03 5.600000000000000000e+01 0.000000000000000000e+00 3.210000000000000000e+03 1.339000000000000000e+03
1.448000000000000000e+03 5.500000000000000000e+01 2.000000000000000000e+00 2.648000000000000000e+03 1.263000000000000000e+03
1.805000000000000000e+03 5.500000000000000000e+01 0.000000000000000000e+00 4.139000000000000000e+03 1.388000000000000000e+03
1.687000000000000000e+03 6.000000000000000000e+01 1.000000000000000000e+00 3.148000000000000000e+03 1.347000000000000000e+03
1.666000000000000000e+03 5.200000000000000000e+01 1.000000000000000000e+00 2.747000000000000000e+03 1.331000000000000000e+03
1.298000000000000000e+03 3.500000000000000000e+01 0.000000000000000000e+00 1.802000000000000000e+03 1.152000000000000000e+03
1.495000000000000000e+03 4.500000000000000000e+01 0.000000000000000000e+00 2.531000000000000000e+03 1.300000000000000000e+03
1.755000000000000000e+03 5.700000000000000000e+01 1.000000000000000000e+00 3.667000000000000000e+03 1.380000000000000000e+03
1.699000000000000000e+03 6.100000000000000000e+01 4.000000000000000000e+00 3.352000000000000000e+03 1.349000000000000000e+03
1.803000000000000000e+03 5.700000000000000000e+01 2.000000000000000000e+00 4.014000000000000000e+03 1.383000000000000000e+03
1.499000000000000000e+03 6.000000000000000000e+01 0.000000000000000000e+00 2.893000000000000000e+03 1.325000000000000000e+03
1.660000000000000000e+03 6.700000000000000000e+01 2.000000000000000000e+00 3.675000000000000000e+03 1.364000000000000000e+03
1.443000000000000000e+03 5.400000000000000000e+01 0.000000000000000000e+00 2.749000000000000000e+03 1.294000000000000000e+03
1.733000000000000000e+03 6.500000000000000000e+01 0.000000000000000000e+00 3.055000000000000000e+03 1.376000000000000000e+03
1.533000000000000000e+03 4.300000000000000000e+01 0.000000000000000000e+00 2.366000000000000000e+03 1.241000000000000000e+03
1.710000000000000000e+03 8.000000000000000000e+01 0.000000000000000000e+00 4.354000000000000000e+03 1.419000000000000000e+03
1.359000000000000000e+03 5.300000000000000000e+01 0.000000000000000000e+00 1.698000000000000000e+03 1.189000000000000000e+03
1.850000000000000000e+03 4.600000000000000000e+01 0.000000000000000000e+00 3.606000000000000000e+03 1.389000000000000000e+03
1.378000000000000000e+03 5.000000000000000000e+01 1.000000000000000000e+00 2.074000000000000000e+03 1.217000000000000000e+03
1.513000000000000000e+03 5.600000000000000000e+01 2.000000000000000000e+00 2.667000000000000000e+03 1.273000000000000000e+03
1.492000000000000000e+03 6.100000000000000000e+01 0.000000000000000000e+00 3.356000000000000000e+03 1.301000000000000000e+03
1.279000000000000000e+03 3.000000000000000000e+01 0.000000000000000000e+00 1.235000000000000000e+03 1.103000000000000000e+03
1.767000000000000000e+03 5.700000000000000000e+01 1.000000000000000000e+00 4.075000000000000000e+03 1.406000000000000000e+03
1.703000000000000000e+03 4.700000000000000000e+01 1.000000000000000000e+00 3.557000000000000000e+03 1.407000000000000000e+03
1.658000000000000000e+03 4.900000000000000000e+01 0.000000000000000000e+00 3.773000000000000000e+03 1.386000000000000000e+03
1.907000000000000000e+03 4.000000000000000000e+01 1.000000000000000000e+00 3.677000000000000000e+03 1.420000000000000000e+03
1.085000000000000000e+03 4.000000000000000000e+01 1.000000000000000000e+00 9.280000000000000000e+02 9.840000000000000000e+02
1.803000000000000000e+03 7.100000000000000000e+01 4.000000000000000000e+00 3.922000000000000000e+03 1.382000000000000000e+03
1.640000000000000000e+03 5.100000000000000000e+01 1.000000000000000000e+00 3.341000000000000000e+03 1.298000000000000000e+03
1.492000000000000000e+03 5.700000000000000000e+01 1.000000000000000000e+00 3.366000000000000000e+03 1.336000000000000000e+03
1.510000000000000000e+03 4.400000000000000000e+01 1.000000000000000000e+00 2.588000000000000000e+03 1.272000000000000000e+03
1.150000000000000000e+03 3.500000000000000000e+01 0.000000000000000000e+00 1.114000000000000000e+03 1.029000000000000000e+03
1.511000000000000000e+03 6.000000000000000000e+01 0.000000000000000000e+00 3.038000000000000000e+03 1.296000000000000000e+03
1.409000000000000000e+03 5.100000000000000000e+01 1.000000000000000000e+00 1.850000000000000000e+03 1.226000000000000000e+03
1.544000000000000000e+03 6.500000000000000000e+01 2.000000000000000000e+00 2.917000000000000000e+03 1.317000000000000000e+03
1.133000000000000000e+03 4.300000000000000000e+01 3.000000000000000000e+00 1.159000000000000000e+03 1.037000000000000000e+03
1.458000000000000000e+03 4.200000000000000000e+01 0.000000000000000000e+00 2.719000000000000000e+03 1.272000000000000000e+03
1.631000000000000000e+03 5.800000000000000000e+01 4.000000000000000000e+00 2.893000000000000000e+03 1.355000000000000000e+03
1.979000000000000000e+03 5.800000000000000000e+01 0.000000000000000000e+00 4.367000000000000000e+03 1.440000000000000000e+03
1.946000000000000000e+03 6.000000000000000000e+01 0.000000000000000000e+00 3.943000000000000000e+03 1.455000000000000000e+03
1.533000000000000000e+03 5.200000000000000000e+01 0.000000000000000000e+00 2.580000000000000000e+03 1.297000000000000000e+03
9.650000000000000000e+02 3.400000000000000000e+01 3.000000000000000000e+00 1.340000000000000000e+02 7.440000000000000000e+02
1.436000000000000000e+03 4.800000000000000000e+01 3.000000000000000000e+00 2.420000000000000000e+03 1.246000000000000000e+03
1.223000000000000000e+03 5.300000000000000000e+01 0.000000000000000000e+00 1.550000000000000000e+03 1.098000000000000000e+03
1.945000000000000000e+03 6.800000000000000000e+01 0.000000000000000000e+00 4.048000000000000000e+03 1.468000000000000000e+03
1.814000000000000000e+03 7.500000000000000000e+01 2.000000000000000000e+00 3.398000000000000000e+03 1.428000000000000000e+03
1.317000000000000000e+03 4.900000000000000000e+01 0.000000000000000000e+00 1.999000000000000000e+03 1.180000000000000000e+03
1.666000000000000000e+03 5.400000000000000000e+01 5.000000000000000000e+00 2.695000000000000000e+03 1.288000000000000000e+03
1.919000000000000000e+03 5.700000000000000000e+01 3.000000000000000000e+00 4.116000000000000000e+03 1.430000000000000000e+03
1.818000000000000000e+03 5.900000000000000000e+01 3.000000000000000000e+00 4.311000000000000000e+03 1.411000000000000000e+03
1.093000000000000000e+03 4.000000000000000000e+01 3.000000000000000000e+00 1.014000000000000000e+03 1.005000000000000000e+03
1.606000000000000000e+03 4.700000000000000000e+01 2.000000000000000000e+00 3.697000000000000000e+03 1.341000000000000000e+03
1.517000000000000000e+03 4.700000000000000000e+01 1.000000000000000000e+00 2.883000000000000000e+03 1.277000000000000000e+03
1.644000000000000000e+03 4.500000000000000000e+01 1.000000000000000000e+00 2.959000000000000000e+03 1.299000000000000000e+03
1.630000000000000000e+03 5.600000000000000000e+01 4.000000000000000000e+00 3.056000000000000000e+03 1.304000000000000000e+03
1.724000000000000000e+03 5.300000000000000000e+01 2.000000000000000000e+00 3.715000000000000000e+03 1.387000000000000000e+03
1.608000000000000000e+03 6.200000000000000000e+01 2.000000000000000000e+00 2.760000000000000000e+03 1.293000000000000000e+03
1.612000000000000000e+03 5.100000000000000000e+01 3.000000000000000000e+00 3.208000000000000000e+03 1.341000000000000000e+03
1.561000000000000000e+03 5.400000000000000000e+01 0.000000000000000000e+00 2.543000000000000000e+03 1.308000000000000000e+03
1.680000000000000000e+03 6.400000000000000000e+01 1.000000000000000000e+00 3.127000000000000000e+03 1.372000000000000000e+03
1.608000000000000000e+03 4.700000000000000000e+01 2.000000000000000000e+00 2.272000000000000000e+03 1.296000000000000000e+03
1.860000000000000000e+03 5.100000000000000000e+01 1.000000000000000000e+00 3.970000000000000000e+03 1.415000000000000000e+03
1.926000000000000000e+03 6.100000000000000000e+01 0.000000000000000000e+00 4.164000000000000000e+03 1.460000000000000000e+03
1.336000000000000000e+03 5.400000000000000000e+01 2.000000000000000000e+00 1.964000000000000000e+03 1.213000000000000000e+03
1.527000000000000000e+03 6.300000000000000000e+01 1.000000000000000000e+00 2.893000000000000000e+03 1.340000000000000000e+03
1.467000000000000000e+03 6.000000000000000000e+01 0.000000000000000000e+00 2.628000000000000000e+03 1.289000000000000000e+03
1.549000000000000000e+03 6.100000000000000000e+01 2.000000000000000000e+00 3.992000000000000000e+03 1.358000000000000000e+03
1.753000000000000000e+03 6.000000000000000000e+01 2.000000000000000000e+00 3.539000000000000000e+03 1.383000000000000000e+03
1.511000000000000000e+03 4.300000000000000000e+01 0.000000000000000000e+00 3.007000000000000000e+03 1.315000000000000000e+03
1.698000000000000000e+03 5.500000000000000000e+01 1.000000000000000000e+00 4.299000000000000000e+03 1.411000000000000000e+03
1.325000000000000000e+03 5.700000000000000000e+01 1.000000000000000000e+00 1.855000000000000000e+03 1.186000000000000000e+03
1.725000000000000000e+03 6.200000000000000000e+01 3.000000000000000000e+00 3.297000000000000000e+03 1.400000000000000000e+03
1.476000000000000000e+03 4.300000000000000000e+01 1.000000000000000000e+00 2.235000000000000000e+03 1.249000000000000000e+03
1.324000000000000000e+03 5.500000000000000000e+01 1.000000000000000000e+00 1.889000000000000000e+03 1.181000000000000000e+03
1.680000000000000000e+03 5.600000000000000000e+01 0.000000000000000000e+00 3.758000000000000000e+03 1.333000000000000000e+03
1.728000000000000000e+03 6.000000000000000000e+01 2.000000000000000000e+00 4.617000000000000000e+03 1.371000000000000000e+03
1.462000000000000000e+03 6.200000000000000000e+01 1.000000000000000000e+00 2.634000000000000000e+03 1.263000000000000000e+03
1.923000000000000000e+03 6.600000000000000000e+01 1.000000000000000000e+00 4.178000000000000000e+03 1.434000000000000000e+03
1.649000000000000000e+03 5.000000000000000000e+01 1.000000000000000000e+00 3.189000000000000000e+03 1.283000000000000000e+03
1.525000000000000000e+03 6.200000000000000000e+01 1.000000000000000000e+00 2.438000000000000000e+03 1.321000000000000000e+03
1.808000000000000000e+03 6.300000000000000000e+01 1.000000000000000000e+00 4.077000000000000000e+03 1.442000000000000000e+03
1.643000000000000000e+03 4.900000000000000000e+01 1.000000000000000000e+00 3.051000000000000000e+03 1.361000000000000000e+03
1.690000000000000000e+03 6.200000000000000000e+01 1.000000000000000000e+00 4.338000000000000000e+03 1.377000000000000000e+03
1.526000000000000000e+03 6.300000000000000000e+01 4.000000000000000000e+00 2.720000000000000000e+03 1.324000000000000000e+03
1.298000000000000000e+03 4.100000000000000000e+01 0.000000000000000000e+00 1.759000000000000000e+03 1.201000000000000000e+03
1.380000000000000000e+03 4.900000000000000000e+01 1.000000000000000000e+00 1.878000000000000000e+03 1.189000000000000000e+03
1.810000000000000000e+03 5.100000000000000000e+01 1.000000000000000000e+00 3.530000000000000000e+03 1.344000000000000000e+03
1.352000000000000000e+03 3.800000000000000000e+01 1.000000000000000000e+00 1.505000000000000000e+03 1.172000000000000000e+03
8.040000000000000000e+02 2.800000000000000000e+01 1.000000000000000000e+00 2.520000000000000000e+02 6.800000000000000000e+02
1.717000000000000000e+03 5.400000000000000000e+01 3.000000000000000000e+00 3.245000000000000000e+03 1.348000000000000000e+03
1.436000000000000000e+03 4.800000000000000000e+01 1.000000000000000000e+00 2.241000000000000000e+03 1.187000000000000000e+03
1.774000000000000000e+03 5.600000000000000000e+01 3.000000000000000000e+00 3.790000000000000000e+03 1.375000000000000000e+03
1.628000000000000000e+03 5.100000000000000000e+01 1.000000000000000000e+00 3.360000000000000000e+03 1.327000000000000000e+03
1.782000000000000000e+03 5.500000000000000000e+01 1.000000000000000000e+00 4.516000000000000000e+03 1.436000000000000000e+03
1.656000000000000000e+03 5.200000000000000000e+01 0.000000000000000000e+00 2.830000000000000000e+03 1.330000000000000000e+03
1.550000000000000000e+03 5.100000000000000000e+01 1.000000000000000000e+00 2.420000000000000000e+03 1.255000000000000000e+03
1.559000000000000000e+03 5.300000000000000000e+01 2.000000000000000000e+00 2.966000000000000000e+03 1.299000000000000000e+03
2.007000000000000000e+03 7.000000000000000000e+01 2.000000000000000000e+00 4.719000000000000000e+03 1.477000000000000000e+03
1.588000000000000000e+03 5.400000000000000000e+01 1.000000000000000000e+00 2.886000000000000000e+03 1.329000000000000000e+03
1.586000000000000000e+03 4.100000000000000000e+01 2.000000000000000000e+00 3.282000000000000000e+03 1.315000000000000000e+03
1.774000000000000000e+03 5.800000000000000000e+01 0.000000000000000000e+00 3.818000000000000000e+03 1.370000000000000000e+03
1.299000000000000000e+03 4.900000000000000000e+01 0.000000000000000000e+00 1.888000000000000000e+03 1.168000000000000000e+03
1.703000000000000000e+03 4.300000000000000000e+01 1.000000000000000000e+00 3.447000000000000000e+03 1.380000000000000000e+03
1.494000000000000000e+03 5.400000000000000000e+01 2.000000000000000000e+00 2.604000000000000000e+03 1.271000000000000000e+03
1.787000000000000000e+03 5.100000000000000000e+01 3.000000000000000000e+00 3.949000000000000000e+03 1.379000000000000000e+03
1.651000000000000000e+03 5.600000000000000000e+01 3.000000000000000000e+00 3.562000000000000000e+03 1.347000000000000000e+03
2.002000000000000000e+03 6.700000000000000000e+01 1.000000000000000000e+00 4.662000000000000000e+03 1.465000000000000000e+03
2.066000000000000000e+03 5.500000000000000000e+01 2.000000000000000000e+00 4.881000000000000000e+03 1.431000000000000000e+03
1.864000000000000000e+03 5.800000000000000000e+01 4.000000000000000000e+00 3.752000000000000000e+03 1.375000000000000000e+03
1.628000000000000000e+03 5.100000000000000000e+01 1.000000000000000000e+00 2.969000000000000000e+03 1.356000000000000000e+03
1.579000000000000000e+03 6.600000000000000000e+01 2.000000000000000000e+00 3.171000000000000000e+03 1.336000000000000000e+03
1.883000000000000000e+03 4.900000000000000000e+01 1.000000000000000000e+00 4.275000000000000000e+03 1.448000000000000000e+03
1.810000000000000000e+03 5.000000000000000000e+01 1.000000000000000000e+00 3.896000000000000000e+03 1.419000000000000000e+03
1.763000000000000000e+03 5.300000000000000000e+01 1.000000000000000000e+00 3.569000000000000000e+03 1.373000000000000000e+03
1.412000000000000000e+03 4.200000000000000000e+01 2.000000000000000000e+00 2.025000000000000000e+03 1.187000000000000000e+03
1.897000000000000000e+03 6.700000000000000000e+01 2.000000000000000000e+00 4.356000000000000000e+03 1.485000000000000000e+03
1.693000000000000000e+03 4.700000000000000000e+01 3.000000000000000000e+00 3.544000000000000000e+03 1.348000000000000000e+03
1.552000000000000000e+03 4.300000000000000000e+01 2.000000000000000000e+00 2.901000000000000000e+03 1.268000000000000000e+03
1.617000000000000000e+03 5.000000000000000000e+01 1.000000000000000000e+00 3.200000000000000000e+03 1.334000000000000000e+03
1.727000000000000000e+03 4.300000000000000000e+01 3.000000000000000000e+00 3.405000000000000000e+03 1.342000000000000000e+03
1.645000000000000000e+03 4.100000000000000000e+01 1.000000000000000000e+00 2.848000000000000000e+03 1.309000000000000000e+03
1.768000000000000000e+03 6.700000000000000000e+01 2.000000000000000000e+00 3.311000000000000000e+03 1.397000000000000000e+03
2.115000000000000000e+03 7.200000000000000000e+01 1.000000000000000000e+00 4.943000000000000000e+03 1.470000000000000000e+03
1.793000000000000000e+03 7.000000000000000000e+01 3.000000000000000000e+00 3.276000000000000000e+03 1.404000000000000000e+03
1.687000000000000000e+03 6.300000000000000000e+01 3.000000000000000000e+00 3.297000000000000000e+03 1.360000000000000000e+03
1.367000000000000000e+03 5.100000000000000000e+01 1.000000000000000000e+00 2.343000000000000000e+03 1.216000000000000000e+03
1.777000000000000000e+03 6.300000000000000000e+01 2.000000000000000000e+00 4.235000000000000000e+03 1.433000000000000000e+03
1.833000000000000000e+03 3.600000000000000000e+01 2.000000000000000000e+00 4.200000000000000000e+03 1.372000000000000000e+03
1.673000000000000000e+03 6.900000000000000000e+01 1.000000000000000000e+00 3.130000000000000000e+03 1.301000000000000000e+03
1.607000000000000000e+03 5.300000000000000000e+01 2.000000000000000000e+00 2.979000000000000000e+03 1.332000000000000000e+03
1.505000000000000000e+03 5.700000000000000000e+01 0.000000000000000000e+00 2.681000000000000000e+03 1.315000000000000000e+03
1.414000000000000000e+03 5.200000000000000000e+01 2.000000000000000000e+00 2.311000000000000000e+03 1.241000000000000000e+03
1.523000000000000000e+03 5.700000000000000000e+01 3.000000000000000000e+00 3.476000000000000000e+03 1.303000000000000000e+03
1.313000000000000000e+03 4.400000000000000000e+01 1.000000000000000000e+00 1.757000000000000000e+03 1.191000000000000000e+03
1.897000000000000000e+03 4.200000000000000000e+01 1.000000000000000000e+00 4.117000000000000000e+03 1.402000000000000000e+03
1.732000000000000000e+03 6.400000000000000000e+01 2.000000000000000000e+00 3.085000000000000000e+03 1.396000000000000000e+03
1.696000000000000000e+03 4.200000000000000000e+01 0.000000000000000000e+00 3.639000000000000000e+03 1.300000000000000000e+03
1.185000000000000000e+03 4.400000000000000000e+01 2.000000000000000000e+00 1.311000000000000000e+03 1.072000000000000000e+03
1.020000000000000000e+03 2.800000000000000000e+01 1.000000000000000000e+00 8.890000000000000000e+02 9.710000000000000000e+02
1.815000000000000000e+03 6.200000000000000000e+01 3.000000000000000000e+00 3.979000000000000000e+03 1.428000000000000000e+03
1.750000000000000000e+03 6.200000000000000000e+01 2.000000000000000000e+00 3.866000000000000000e+03 1.408000000000000000e+03
1.487000000000000000e+03 5.300000000000000000e+01 1.000000000000000000e+00 2.783000000000000000e+03 1.270000000000000000e+03
1.601000000000000000e+03 4.600000000000000000e+01 2.000000000000000000e+00 2.734000000000000000e+03 1.298000000000000000e+03
1.489000000000000000e+03 5.200000000000000000e+01 1.000000000000000000e+00 2.979000000000000000e+03 1.307000000000000000e+03
1.740000000000000000e+03 7.300000000000000000e+01 1.000000000000000000e+00 3.786000000000000000e+03 1.445000000000000000e+03
1.526000000000000000e+03 4.800000000000000000e+01 0.000000000000000000e+00 2.566000000000000000e+03 1.281000000000000000e+03
1.552000000000000000e+03 5.600000000000000000e+01 0.000000000000000000e+00 2.127000000000000000e+03 1.274000000000000000e+03
1.627000000000000000e+03 4.800000000000000000e+01 1.000000000000000000e+00 2.934000000000000000e+03 1.310000000000000000e+03
1.902000000000000000e+03 5.900000000000000000e+01 4.000000000000000000e+00 3.906000000000000000e+03 1.458000000000000000e+03
1.778000000000000000e+03 7.100000000000000000e+01 1.000000000000000000e+00 4.539000000000000000e+03 1.451000000000000000e+03
1.609000000000000000e+03 4.200000000000000000e+01 0.000000000000000000e+00 3.080000000000000000e+03 1.278000000000000000e+03
1.448000000000000000e+03 4.400000000000000000e+01 2.000000000000000000e+00 2.890000000000000000e+03 1.252000000000000000e+03
1.395000000000000000e+03 4.200000000000000000e+01 3.000000000000000000e+00 1.818000000000000000e+03 1.181000000000000000e+03
1.546000000000000000e+03 3.700000000000000000e+01 1.000000000000000000e+00 2.465000000000000000e+03 1.267000000000000000e+03
1.557000000000000000e+03 5.700000000000000000e+01 1.000000000000000000e+00 3.056000000000000000e+03 1.286000000000000000e+03
1.793000000000000000e+03 4.600000000000000000e+01 1.000000000000000000e+00 4.096000000000000000e+03 1.470000000000000000e+03
2.001000000000000000e+03 5.900000000000000000e+01 1.000000000000000000e+00 4.176000000000000000e+03 1.440000000000000000e+03
1.535000000000000000e+03 4.600000000000000000e+01 1.000000000000000000e+00 2.283000000000000000e+03 1.258000000000000000e+03
1.726000000000000000e+03 5.600000000000000000e+01 2.000000000000000000e+00 3.664000000000000000e+03 1.413000000000000000e+03
1.747000000000000000e+03 5.200000000000000000e+01 2.000000000000000000e+00 3.219000000000000000e+03 1.401000000000000000e+03
1.393000000000000000e+03 4.700000000000000000e+01 1.000000000000000000e+00 1.942000000000000000e+03 1.191000000000000000e+03
1.280000000000000000e+03 5.300000000000000000e+01 2.000000000000000000e+00 1.707000000000000000e+03 1.149000000000000000e+03
1.594000000000000000e+03 5.100000000000000000e+01 2.000000000000000000e+00 3.995000000000000000e+03 1.360000000000000000e+03
1.466000000000000000e+03 5.200000000000000000e+01 0.000000000000000000e+00 2.547000000000000000e+03 1.269000000000000000e+03
1.652000000000000000e+03 6.200000000000000000e+01 0.000000000000000000e+00 3.548000000000000000e+03 1.388000000000000000e+03
1.278000000000000000e+03 4.000000000000000000e+01 0.000000000000000000e+00 1.381000000000000000e+03 1.102000000000000000e+03
1.619000000000000000e+03 7.000000000000000000e+01 1.000000000000000000e+00 3.224000000000000000e+03 1.358000000000000000e+03
1.584000000000000000e+03 4.000000000000000000e+01 0.000000000000000000e+00 2.517000000000000000e+03 1.303000000000000000e+03
2.038000000000000000e+03 4.200000000000000000e+01 1.000000000000000000e+00 4.058000000000000000e+03 1.468000000000000000e+03
1.697000000000000000e+03 6.100000000000000000e+01 1.000000000000000000e+00 3.397000000000000000e+03 1.362000000000000000e+03
1.813000000000000000e+03 6.100000000000000000e+01 0.000000000000000000e+00 4.418000000000000000e+03 1.394000000000000000e+03
1.742000000000000000e+03 5.800000000000000000e+01 3.000000000000000000e+00 3.479000000000000000e+03 1.380000000000000000e+03
1.634000000000000000e+03 4.800000000000000000e+01 1.000000000000000000e+00 3.275000000000000000e+03 1.288000000000000000e+03
1.432000000000000000e+03 4.800000000000000000e+01 1.000000000000000000e+00 2.547000000000000000e+03 1.202000000000000000e+03
1.444000000000000000e+03 3.400000000000000000e+01 1.000000000000000000e+00 2.042000000000000000e+03 1.220000000000000000e+03
1.580000000000000000e+03 5.400000000000000000e+01 4.000000000000000000e+00 3.218000000000000000e+03 1.335000000000000000e+03
1.784000000000000000e+03 5.500000000000000000e+01 0.000000000000000000e+00 3.635000000000000000e+03 1.372000000000000000e+03
1.647000000000000000e+03 5.300000000000000000e+01 2.000000000000000000e+00 2.988000000000000000e+03 1.354000000000000000e+03
1.209000000000000000e+03 4.700000000000000000e+01 0.000000000000000000e+00 1.469000000000000000e+03 1.112000000000000000e+03
1.419000000000000000e+03 4.800000000000000000e+01 0.000000000000000000e+00 2.466000000000000000e+03 1.234000000000000000e+03
1.533000000000000000e+03 3.900000000000000000e+01 0.000000000000000000e+00 2.404000000000000000e+03 1.275000000000000000e+03
1.679000000000000000e+03 6.000000000000000000e+01 1.000000000000000000e+00 3.075000000000000000e+03 1.349000000000000000e+03
1.842000000000000000e+03 6.500000000000000000e+01 0.000000000000000000e+00 3.875000000000000000e+03 1.424000000000000000e+03
1.443000000000000000e+03 4.400000000000000000e+01 1.000000000000000000e+00 2.011000000000000000e+03 1.226000000000000000e+03
1.458000000000000000e+03 5.000000000000000000e+01 2.000000000000000000e+00 2.201000000000000000e+03 1.282000000000000000e+03
1.938000000000000000e+03 4.600000000000000000e+01 0.000000000000000000e+00 4.881000000000000000e+03 1.399000000000000000e+03
1.547000000000000000e+03 5.100000000000000000e+01 1.000000000000000000e+00 2.943000000000000000e+03 1.314000000000000000e+03
1.716000000000000000e+03 5.900000000000000000e+01 0.000000000000000000e+00 3.594000000000000000e+03 1.344000000000000000e+03
1.476000000000000000e+03 4.600000000000000000e+01 1.000000000000000000e+00 2.386000000000000000e+03 1.281000000000000000e+03
1.197000000000000000e+03 4.000000000000000000e+01 0.000000000000000000e+00 1.286000000000000000e+03 1.087000000000000000e+03
9.780000000000000000e+02 2.400000000000000000e+01 3.000000000000000000e+00 4.130000000000000000e+02 8.260000000000000000e+02
1.303000000000000000e+03 4.300000000000000000e+01 1.000000000000000000e+00 1.649000000000000000e+03 1.116000000000000000e+03
1.599000000000000000e+03 5.300000000000000000e+01 0.000000000000000000e+00 3.301000000000000000e+03 1.327000000000000000e+03
1.725000000000000000e+03 6.100000000000000000e+01 0.000000000000000000e+00 3.853000000000000000e+03 1.375000000000000000e+03
1.777000000000000000e+03 5.600000000000000000e+01 1.000000000000000000e+00 3.678000000000000000e+03 1.356000000000000000e+03
1.664000000000000000e+03 5.800000000000000000e+01 3.000000000000000000e+00 3.787000000000000000e+03 1.338000000000000000e+03
9.090000000000000000e+02 3.500000000000000000e+01 0.000000000000000000e+00 3.510000000000000000e+02 7.690000000000000000e+02
1.544000000000000000e+03 5.700000000000000000e+01 3.000000000000000000e+00 2.233000000000000000e+03 1.256000000000000000e+03
1.669000000000000000e+03 6.100000000000000000e+01 5.000000000000000000e+00 3.636000000000000000e+03 1.384000000000000000e+03
1.488000000000000000e+03 4.500000000000000000e+01 0.000000000000000000e+00 2.256000000000000000e+03 1.275000000000000000e+03
8.850000000000000000e+02 3.100000000000000000e+01 2.000000000000000000e+00 4.670000000000000000e+02 8.240000000000000000e+02
1.311000000000000000e+03 4.500000000000000000e+01 0.000000000000000000e+00 2.243000000000000000e+03 1.216000000000000000e+03
1.435000000000000000e+03 4.300000000000000000e+01 0.000000000000000000e+00 2.462000000000000000e+03 1.222000000000000000e+03
1.836000000000000000e+03 4.100000000000000000e+01 0.000000000000000000e+00 4.147000000000000000e+03 1.443000000000000000e+03
1.559000000000000000e+03 6.300000000000000000e+01 0.000000000000000000e+00 2.699000000000000000e+03 1.280000000000000000e+03
1.751000000000000000e+03 4.800000000000000000e+01 3.000000000000000000e+00 3.826000000000000000e+03 1.375000000000000000e+03
1.507000000000000000e+03 4.100000000000000000e+01 0.000000000000000000e+00 2.539000000000000000e+03 1.284000000000000000e+03
1.536000000000000000e+03 5.900000000000000000e+01 1.000000000000000000e+00 2.828000000000000000e+03 1.327000000000000000e+03
1.333000000000000000e+03 4.900000000000000000e+01 3.000000000000000000e+00 2.595000000000000000e+03 1.229000000000000000e+03
1.849000000000000000e+03 5.600000000000000000e+01 1.000000000000000000e+00 4.020000000000000000e+03 1.426000000000000000e+03
1.591000000000000000e+03 5.500000000000000000e+01 3.000000000000000000e+00 3.295000000000000000e+03 1.374000000000000000e+03
1.485000000000000000e+03 4.400000000000000000e+01 2.000000000000000000e+00 2.890000000000000000e+03 1.316000000000000000e+03
1.847000000000000000e+03 6.200000000000000000e+01 3.000000000000000000e+00 3.739000000000000000e+03 1.447000000000000000e+03
1.473000000000000000e+03 5.700000000000000000e+01 1.000000000000000000e+00 2.250000000000000000e+03 1.255000000000000000e+03
1.633000000000000000e+03 6.100000000000000000e+01 2.000000000000000000e+00 3.053000000000000000e+03 1.348000000000000000e+03
1.915000000000000000e+03 6.300000000000000000e+01 0.000000000000000000e+00 4.178000000000000000e+03 1.391000000000000000e+03
1.758000000000000000e+03 6.100000000000000000e+01 3.000000000000000000e+00 3.424000000000000000e+03 1.348000000000000000e+03
1.542000000000000000e+03 5.400000000000000000e+01 3.000000000000000000e+00 3.297000000000000000e+03 1.307000000000000000e+03
1.959000000000000000e+03 5.500000000000000000e+01 2.000000000000000000e+00 4.038000000000000000e+03 1.410000000000000000e+03
1.352000000000000000e+03 4.200000000000000000e+01 0.000000000000000000e+00 2.686000000000000000e+03 1.234000000000000000e+03
1.547000000000000000e+03 4.600000000000000000e+01 3.000000000000000000e+00 2.675000000000000000e+03 1.301000000000000000e+03
1.602000000000000000e+03 4.100000000000000000e+01 0.000000000000000000e+00 3.604000000000000000e+03 1.317000000000000000e+03
1.707000000000000000e+03 5.300000000000000000e+01 3.000000000000000000e+00 4.155000000000000000e+03 1.319000000000000000e+03
1.689000000000000000e+03 5.700000000000000000e+01 0.000000000000000000e+00 3.257000000000000000e+03 1.335000000000000000e+03
1.205000000000000000e+03 3.300000000000000000e+01 3.000000000000000000e+00 1.727000000000000000e+03 1.133000000000000000e+03
1.787000000000000000e+03 6.700000000000000000e+01 2.000000000000000000e+00 4.374000000000000000e+03 1.395000000000000000e+03
1.589000000000000000e+03 5.600000000000000000e+01 3.000000000000000000e+00 3.677000000000000000e+03 1.346000000000000000e+03
1.987000000000000000e+03 5.900000000000000000e+01 4.000000000000000000e+00 4.343000000000000000e+03 1.448000000000000000e+03
1.891000000000000000e+03 5.200000000000000000e+01 1.000000000000000000e+00 4.229000000000000000e+03 1.432000000000000000e+03
1.643000000000000000e+03 6.700000000000000000e+01 3.000000000000000000e+00 3.196000000000000000e+03 1.375000000000000000e+03
1.743000000000000000e+03 7.100000000000000000e+01 2.000000000000000000e+00 3.328000000000000000e+03 1.404000000000000000e+03
1.672000000000000000e+03 6.000000000000000000e+01 2.000000000000000000e+00 3.389000000000000000e+03 1.333000000000000000e+03
1.848000000000000000e+03 5.000000000000000000e+01 2.000000000000000000e+00 3.280000000000000000e+03 1.387000000000000000e+03
1.414000000000000000e+03 4.800000000000000000e+01 0.000000000000000000e+00 2.198000000000000000e+03 1.214000000000000000e+03
1.356000000000000000e+03 6.200000000000000000e+01 0.000000000000000000e+00 2.111000000000000000e+03 1.260000000000000000e+03
1.921000000000000000e+03 6.400000000000000000e+01 2.000000000000000000e+00 3.961000000000000000e+03 1.440000000000000000e+03
1.521000000000000000e+03 5.300000000000000000e+01 1.000000000000000000e+00 2.531000000000000000e+03 1.290000000000000000e+03
1.916000000000000000e+03 6.200000000000000000e+01 0.000000000000000000e+00 4.256000000000000000e+03 1.462000000000000000e+03
1.989000000000000000e+03 5.600000000000000000e+01 5.000000000000000000e+00 4.046000000000000000e+03 1.452000000000000000e+03
