1.290000000000000000e+02 1.110000000000000000e+02 1.900000000000000000e+01 1.586000000000000000e+03 2.540000000000000000e+02
1.110000000000000000e+02 7.200000000000000000e+01 2.000000000000000000e+01 1.201000000000000000e+03 2.030000000000000000e+02
1.260000000000000000e+02 1.090000000000000000e+02 4.800000000000000000e+01 1.569000000000000000e+03 2.810000000000000000e+02
1.090000000000000000e+02 9.300000000000000000e+01 3.100000000000000000e+01 1.303000000000000000e+03 2.320000000000000000e+02
1.640000000000000000e+02 1.020000000000000000e+02 2.000000000000000000e+01 1.544000000000000000e+03 2.830000000000000000e+02
1.740000000000000000e+02 1.170000000000000000e+02 2.800000000000000000e+01 1.590000000000000000e+03 3.190000000000000000e+02
1.990000000000000000e+02 9.900000000000000000e+01 2.300000000000000000e+01 1.718000000000000000e+03 3.190000000000000000e+02
1.410000000000000000e+02 9.900000000000000000e+01 2.000000000000000000e+01 1.392000000000000000e+03 2.580000000000000000e+02
1.890000000000000000e+02 9.200000000000000000e+01 2.400000000000000000e+01 1.585000000000000000e+03 3.040000000000000000e+02
1.970000000000000000e+02 1.010000000000000000e+02 3.100000000000000000e+01 1.807000000000000000e+03 3.290000000000000000e+02
1.940000000000000000e+02 1.020000000000000000e+02 1.900000000000000000e+01 1.698000000000000000e+03 3.140000000000000000e+02
1.240000000000000000e+02 9.700000000000000000e+01 1.900000000000000000e+01 1.557000000000000000e+03 2.390000000000000000e+02
1.670000000000000000e+02 8.500000000000000000e+01 2.200000000000000000e+01 1.578000000000000000e+03 2.740000000000000000e+02
1.190000000000000000e+02 9.000000000000000000e+01 2.700000000000000000e+01 1.397000000000000000e+03 2.340000000000000000e+02
1.840000000000000000e+02 9.300000000000000000e+01 2.600000000000000000e+01 1.475000000000000000e+03 3.010000000000000000e+02
1.120000000000000000e+02 9.700000000000000000e+01 1.600000000000000000e+01 1.361000000000000000e+03 2.210000000000000000e+02
1.600000000000000000e+02 8.800000000000000000e+01 2.800000000000000000e+01 1.462000000000000000e+03 2.760000000000000000e+02
1.840000000000000000e+02 1.240000000000000000e+02 2.700000000000000000e+01 1.615000000000000000e+03 3.350000000000000000e+02
1.360000000000000000e+02 8.900000000000000000e+01 2.300000000000000000e+01 1.314000000000000000e+03 2.450000000000000000e+02
1.150000000000000000e+02 8.400000000000000000e+01 1.300000000000000000e+01 1.295000000000000000e+03 2.110000000000000000e+02
1.620000000000000000e+02 8.800000000000000000e+01 2.000000000000000000e+01 1.547000000000000000e+03 2.690000000000000000e+02
1.680000000000000000e+02 9.900000000000000000e+01 1.400000000000000000e+01 1.614000000000000000e+03 2.810000000000000000e+02
1.340000000000000000e+02 9.700000000000000000e+01 1.600000000000000000e+01 1.349000000000000000e+03 2.450000000000000000e+02
1.560000000000000000e+02 9.800000000000000000e+01 2.000000000000000000e+01 1.407000000000000000e+03 2.720000000000000000e+02
1.600000000000000000e+02 1.000000000000000000e+02 2.200000000000000000e+01 1.439000000000000000e+03 2.810000000000000000e+02
1.260000000000000000e+02 1.010000000000000000e+02 2.800000000000000000e+01 1.308000000000000000e+03 2.530000000000000000e+02
1.480000000000000000e+02 8.600000000000000000e+01 2.100000000000000000e+01 1.577000000000000000e+03 2.550000000000000000e+02
1.350000000000000000e+02 1.040000000000000000e+02 2.400000000000000000e+01 1.691000000000000000e+03 2.630000000000000000e+02
1.230000000000000000e+02 9.300000000000000000e+01 2.400000000000000000e+01 1.268000000000000000e+03 2.370000000000000000e+02
1.440000000000000000e+02 1.070000000000000000e+02 1.500000000000000000e+01 1.586000000000000000e+03 2.660000000000000000e+02
1.760000000000000000e+02 1.000000000000000000e+02 2.600000000000000000e+01 1.500000000000000000e+03 3.020000000000000000e+02
1.600000000000000000e+02 1.110000000000000000e+02 2.400000000000000000e+01 1.567000000000000000e+03 2.910000000000000000e+02
1.410000000000000000e+02 1.080000000000000000e+02 2.400000000000000000e+01 1.289000000000000000e+03 2.710000000000000000e+02
1.540000000000000000e+02 9.300000000000000000e+01 1.400000000000000000e+01 1.559000000000000000e+03 2.610000000000000000e+02
1.330000000000000000e+02 1.060000000000000000e+02 3.000000000000000000e+01 1.755000000000000000e+03 2.690000000000000000e+02
1.470000000000000000e+02 1.080000000000000000e+02 2.800000000000000000e+01 1.443000000000000000e+03 2.790000000000000000e+02
1.480000000000000000e+02 7.300000000000000000e+01 1.900000000000000000e+01 1.429000000000000000e+03 2.380000000000000000e+02
1.640000000000000000e+02 1.010000000000000000e+02 2.000000000000000000e+01 1.581000000000000000e+03 2.850000000000000000e+02
1.150000000000000000e+02 9.400000000000000000e+01 1.900000000000000000e+01 1.364000000000000000e+03 2.270000000000000000e+02
1.930000000000000000e+02 1.180000000000000000e+02 2.800000000000000000e+01 1.681000000000000000e+03 3.360000000000000000e+02
1.360000000000000000e+02 1.010000000000000000e+02 2.000000000000000000e+01 1.492000000000000000e+03 2.570000000000000000e+02
1.750000000000000000e+02 9.200000000000000000e+01 1.600000000000000000e+01 1.480000000000000000e+03 2.820000000000000000e+02
1.500000000000000000e+02 9.200000000000000000e+01 2.500000000000000000e+01 1.370000000000000000e+03 2.650000000000000000e+02
8.700000000000000000e+01 6.500000000000000000e+01 2.000000000000000000e+01 8.870000000000000000e+02 1.680000000000000000e+02
1.170000000000000000e+02 9.100000000000000000e+01 3.500000000000000000e+01 1.292000000000000000e+03 2.410000000000000000e+02
1.260000000000000000e+02 1.020000000000000000e+02 2.600000000000000000e+01 1.275000000000000000e+03 2.520000000000000000e+02
1.630000000000000000e+02 9.400000000000000000e+01 2.100000000000000000e+01 1.579000000000000000e+03 2.780000000000000000e+02
1.410000000000000000e+02 1.010000000000000000e+02 2.700000000000000000e+01 1.456000000000000000e+03 2.670000000000000000e+02
1.130000000000000000e+02 1.000000000000000000e+02 2.600000000000000000e+01 1.331000000000000000e+03 2.370000000000000000e+02
1.070000000000000000e+02 9.600000000000000000e+01 2.700000000000000000e+01 1.239000000000000000e+03 2.300000000000000000e+02
1.590000000000000000e+02 9.900000000000000000e+01 1.700000000000000000e+01 1.492000000000000000e+03 2.730000000000000000e+02
1.470000000000000000e+02 8.200000000000000000e+01 2.100000000000000000e+01 1.346000000000000000e+03 2.490000000000000000e+02
2.000000000000000000e+02 1.080000000000000000e+02 1.900000000000000000e+01 1.742000000000000000e+03 3.260000000000000000e+02
1.670000000000000000e+02 7.900000000000000000e+01 3.100000000000000000e+01 1.403000000000000000e+03 2.740000000000000000e+02
1.860000000000000000e+02 9.700000000000000000e+01 2.900000000000000000e+01 1.753000000000000000e+03 3.120000000000000000e+02
1.250000000000000000e+02 7.200000000000000000e+01 2.800000000000000000e+01 1.464000000000000000e+03 2.250000000000000000e+02
1.730000000000000000e+02 9.600000000000000000e+01 2.800000000000000000e+01 1.459000000000000000e+03 2.960000000000000000e+02
1.330000000000000000e+02 1.040000000000000000e+02 2.100000000000000000e+01 1.469000000000000000e+03 2.580000000000000000e+02
1.360000000000000000e+02 7.900000000000000000e+01 2.600000000000000000e+01 1.261000000000000000e+03 2.410000000000000000e+02
1.460000000000000000e+02 7.600000000000000000e+01 2.400000000000000000e+01 1.074000000000000000e+03 2.460000000000000000e+02
1.400000000000000000e+02 7.900000000000000000e+01 2.100000000000000000e+01 1.408000000000000000e+03 2.390000000000000000e+02
1.520000000000000000e+02 1.020000000000000000e+02 2.200000000000000000e+01 1.613000000000000000e+03 2.740000000000000000e+02
1.710000000000000000e+02 1.110000000000000000e+02 2.500000000000000000e+01 1.553000000000000000e+03 3.070000000000000000e+02
1.600000000000000000e+02 9.700000000000000000e+01 1.300000000000000000e+01 1.600000000000000000e+03 2.700000000000000000e+02
1.320000000000000000e+02 8.300000000000000000e+01 2.600000000000000000e+01 1.302000000000000000e+03 2.400000000000000000e+02
1.420000000000000000e+02 7.900000000000000000e+01 2.300000000000000000e+01 1.674000000000000000e+03 2.430000000000000000e+02
1.210000000000000000e+02 7.600000000000000000e+01 2.700000000000000000e+01 1.319000000000000000e+03 2.230000000000000000e+02
1.320000000000000000e+02 8.500000000000000000e+01 1.600000000000000000e+01 1.438000000000000000e+03 2.320000000000000000e+02
1.380000000000000000e+02 9.700000000000000000e+01 2.700000000000000000e+01 1.596000000000000000e+03 2.610000000000000000e+02
1.440000000000000000e+02 6.800000000000000000e+01 2.200000000000000000e+01 1.362000000000000000e+03 2.340000000000000000e+02
1.570000000000000000e+02 8.900000000000000000e+01 3.100000000000000000e+01 1.593000000000000000e+03 2.770000000000000000e+02
1.270000000000000000e+02 9.000000000000000000e+01 2.600000000000000000e+01 1.339000000000000000e+03 2.420000000000000000e+02
1.330000000000000000e+02 1.050000000000000000e+02 2.900000000000000000e+01 1.607000000000000000e+03 2.670000000000000000e+02
1.540000000000000000e+02 9.400000000000000000e+01 2.200000000000000000e+01 1.496000000000000000e+03 2.690000000000000000e+02
1.180000000000000000e+02 8.700000000000000000e+01 3.000000000000000000e+01 1.460000000000000000e+03 2.330000000000000000e+02
1.390000000000000000e+02 9.100000000000000000e+01 3.000000000000000000e+01 1.504000000000000000e+03 2.600000000000000000e+02
1.650000000000000000e+02 9.500000000000000000e+01 2.500000000000000000e+01 1.489000000000000000e+03 2.830000000000000000e+02
1.570000000000000000e+02 9.800000000000000000e+01 1.900000000000000000e+01 1.450000000000000000e+03 2.730000000000000000e+02
1.240000000000000000e+02 1.010000000000000000e+02 2.100000000000000000e+01 1.528000000000000000e+03 2.460000000000000000e+02
1.100000000000000000e+02 1.130000000000000000e+02 2.300000000000000000e+01 1.399000000000000000e+03 2.450000000000000000e+02
1.670000000000000000e+02 8.500000000000000000e+01 1.900000000000000000e+01 1.656000000000000000e+03 2.700000000000000000e+02
1.180000000000000000e+02 1.030000000000000000e+02 2.800000000000000000e+01 1.565000000000000000e+03 2.490000000000000000e+02
1.690000000000000000e+02 9.400000000000000000e+01 1.900000000000000000e+01 1.572000000000000000e+03 2.820000000000000000e+02
1.280000000000000000e+02 1.010000000000000000e+02 1.900000000000000000e+01 1.446000000000000000e+03 2.460000000000000000e+02
1.380000000000000000e+02 7.800000000000000000e+01 1.600000000000000000e+01 1.442000000000000000e+03 2.300000000000000000e+02
1.170000000000000000e+02 1.030000000000000000e+02 3.100000000000000000e+01 1.273000000000000000e+03 2.490000000000000000e+02
1.320000000000000000e+02 1.000000000000000000e+02 2.200000000000000000e+01 1.382000000000000000e+03 2.530000000000000000e+02
1.280000000000000000e+02 1.040000000000000000e+02 2.700000000000000000e+01 1.495000000000000000e+03 2.580000000000000000e+02
1.290000000000000000e+02 1.060000000000000000e+02 2.600000000000000000e+01 1.717000000000000000e+03 2.590000000000000000e+02
1.510000000000000000e+02 9.300000000000000000e+01 1.500000000000000000e+01 1.585000000000000000e+03 2.570000000000000000e+02
1.310000000000000000e+02 7.400000000000000000e+01 2.300000000000000000e+01 1.495000000000000000e+03 2.280000000000000000e+02
1.720000000000000000e+02 8.200000000000000000e+01 2.300000000000000000e+01 1.507000000000000000e+03 2.770000000000000000e+02
1.480000000000000000e+02 7.200000000000000000e+01 2.100000000000000000e+01 1.621000000000000000e+03 2.400000000000000000e+02
1.590000000000000000e+02 8.700000000000000000e+01 1.800000000000000000e+01 1.631000000000000000e+03 2.620000000000000000e+02
1.260000000000000000e+02 9.500000000000000000e+01 2.400000000000000000e+01 1.489000000000000000e+03 2.440000000000000000e+02
1.220000000000000000e+02 7.900000000000000000e+01 2.200000000000000000e+01 1.349000000000000000e+03 2.210000000000000000e+02
1.810000000000000000e+02 8.700000000000000000e+01 1.300000000000000000e+01 1.611000000000000000e+03 2.810000000000000000e+02
1.520000000000000000e+02 8.600000000000000000e+01 2.300000000000000000e+01 1.429000000000000000e+03 2.590000000000000000e+02
1.680000000000000000e+02 8.300000000000000000e+01 1.600000000000000000e+01 1.623000000000000000e+03 2.660000000000000000e+02
1.230000000000000000e+02 9.000000000000000000e+01 2.100000000000000000e+01 1.383000000000000000e+03 2.340000000000000000e+02
1.250000000000000000e+02 8.600000000000000000e+01 2.400000000000000000e+01 1.256000000000000000e+03 2.350000000000000000e+02
1.450000000000000000e+02 8.600000000000000000e+01 2.100000000000000000e+01 1.555000000000000000e+03 2.520000000000000000e+02
2.010000000000000000e+02 7.000000000000000000e+01 1.000000000000000000e+01 1.575000000000000000e+03 2.810000000000000000e+02
1.300000000000000000e+02 9.000000000000000000e+01 2.700000000000000000e+01 1.343000000000000000e+03 2.430000000000000000e+02
1.380000000000000000e+02 8.900000000000000000e+01 3.600000000000000000e+01 1.452000000000000000e+03 2.630000000000000000e+02
1.460000000000000000e+02 1.060000000000000000e+02 2.700000000000000000e+01 1.644000000000000000e+03 2.770000000000000000e+02
1.700000000000000000e+02 7.900000000000000000e+01 2.800000000000000000e+01 1.371000000000000000e+03 2.770000000000000000e+02
1.360000000000000000e+02 1.060000000000000000e+02 1.900000000000000000e+01 1.615000000000000000e+03 2.610000000000000000e+02
1.680000000000000000e+02 8.600000000000000000e+01 2.400000000000000000e+01 1.244000000000000000e+03 2.780000000000000000e+02
8.400000000000000000e+01 9.800000000000000000e+01 1.500000000000000000e+01 1.453000000000000000e+03 1.950000000000000000e+02
1.450000000000000000e+02 9.100000000000000000e+01 2.900000000000000000e+01 1.491000000000000000e+03 2.650000000000000000e+02
1.460000000000000000e+02 9.600000000000000000e+01 1.900000000000000000e+01 1.511000000000000000e+03 2.610000000000000000e+02
1.640000000000000000e+02 9.800000000000000000e+01 2.300000000000000000e+01 1.636000000000000000e+03 2.830000000000000000e+02
1.190000000000000000e+02 8.900000000000000000e+01 2.500000000000000000e+01 1.362000000000000000e+03 2.330000000000000000e+02
1.360000000000000000e+02 9.900000000000000000e+01 3.000000000000000000e+01 1.615000000000000000e+03 2.640000000000000000e+02
1.160000000000000000e+02 1.040000000000000000e+02 3.100000000000000000e+01 1.385000000000000000e+03 2.510000000000000000e+02
1.230000000000000000e+02 9.500000000000000000e+01 2.900000000000000000e+01 1.192000000000000000e+03 2.460000000000000000e+02
1.140000000000000000e+02 8.300000000000000000e+01 2.500000000000000000e+01 1.375000000000000000e+03 2.210000000000000000e+02
1.760000000000000000e+02 9.100000000000000000e+01 2.500000000000000000e+01 1.534000000000000000e+03 2.910000000000000000e+02
1.370000000000000000e+02 9.000000000000000000e+01 2.500000000000000000e+01 1.280000000000000000e+03 2.520000000000000000e+02
1.170000000000000000e+02 8.000000000000000000e+01 2.300000000000000000e+01 1.225000000000000000e+03 2.190000000000000000e+02
1.390000000000000000e+02 9.700000000000000000e+01 3.700000000000000000e+01 1.677000000000000000e+03 2.700000000000000000e+02
1.550000000000000000e+02 1.140000000000000000e+02 2.100000000000000000e+01 1.623000000000000000e+03 2.890000000000000000e+02
1.320000000000000000e+02 9.400000000000000000e+01 3.100000000000000000e+01 1.720000000000000000e+03 2.560000000000000000e+02
1.580000000000000000e+02 8.300000000000000000e+01 2.300000000000000000e+01 1.510000000000000000e+03 2.630000000000000000e+02
1.280000000000000000e+02 1.000000000000000000e+02 3.300000000000000000e+01 1.820000000000000000e+03 2.590000000000000000e+02
1.330000000000000000e+02 8.700000000000000000e+01 2.000000000000000000e+01 1.624000000000000000e+03 2.400000000000000000e+02
1.380000000000000000e+02 8.800000000000000000e+01 1.800000000000000000e+01 1.420000000000000000e+03 2.420000000000000000e+02
1.220000000000000000e+02 1.000000000000000000e+02 3.100000000000000000e+01 1.414000000000000000e+03 2.530000000000000000e+02
1.320000000000000000e+02 9.200000000000000000e+01 2.700000000000000000e+01 1.184000000000000000e+03 2.500000000000000000e+02
1.220000000000000000e+02 1.140000000000000000e+02 3.000000000000000000e+01 1.482000000000000000e+03 2.660000000000000000e+02
1.420000000000000000e+02 6.600000000000000000e+01 2.300000000000000000e+01 1.413000000000000000e+03 2.300000000000000000e+02
1.320000000000000000e+02 7.600000000000000000e+01 2.000000000000000000e+01 1.359000000000000000e+03 2.260000000000000000e+02
1.680000000000000000e+02 1.020000000000000000e+02 2.900000000000000000e+01 1.578000000000000000e+03 2.990000000000000000e+02
1.690000000000000000e+02 9.900000000000000000e+01 1.700000000000000000e+01 1.557000000000000000e+03 2.840000000000000000e+02
1.680000000000000000e+02 8.700000000000000000e+01 2.700000000000000000e+01 1.450000000000000000e+03 2.810000000000000000e+02
1.490000000000000000e+02 1.110000000000000000e+02 2.800000000000000000e+01 1.551000000000000000e+03 2.880000000000000000e+02
1.510000000000000000e+02 8.900000000000000000e+01 2.200000000000000000e+01 1.539000000000000000e+03 2.610000000000000000e+02
1.860000000000000000e+02 9.600000000000000000e+01 2.200000000000000000e+01 1.670000000000000000e+03 3.040000000000000000e+02
8.800000000000000000e+01 7.000000000000000000e+01 2.400000000000000000e+01 1.142000000000000000e+03 1.800000000000000000e+02
1.820000000000000000e+02 9.700000000000000000e+01 2.200000000000000000e+01 1.819000000000000000e+03 3.000000000000000000e+02
1.310000000000000000e+02 6.500000000000000000e+01 1.400000000000000000e+01 1.329000000000000000e+03 2.080000000000000000e+02
1.170000000000000000e+02 9.800000000000000000e+01 2.800000000000000000e+01 1.301000000000000000e+03 2.430000000000000000e+02
1.660000000000000000e+02 1.140000000000000000e+02 2.400000000000000000e+01 1.562000000000000000e+03 3.030000000000000000e+02
1.830000000000000000e+02 9.700000000000000000e+01 2.800000000000000000e+01 1.703000000000000000e+03 3.080000000000000000e+02
1.590000000000000000e+02 8.000000000000000000e+01 2.600000000000000000e+01 1.738000000000000000e+03 2.620000000000000000e+02
1.340000000000000000e+02 1.090000000000000000e+02 2.300000000000000000e+01 1.383000000000000000e+03 2.660000000000000000e+02
1.430000000000000000e+02 8.000000000000000000e+01 1.900000000000000000e+01 1.508000000000000000e+03 2.410000000000000000e+02
1.600000000000000000e+02 7.100000000000000000e+01 1.800000000000000000e+01 1.645000000000000000e+03 2.490000000000000000e+02
1.560000000000000000e+02 1.170000000000000000e+02 3.400000000000000000e+01 1.605000000000000000e+03 3.070000000000000000e+02
1.490000000000000000e+02 8.700000000000000000e+01 2.400000000000000000e+01 1.420000000000000000e+03 2.570000000000000000e+02
1.540000000000000000e+02 8.700000000000000000e+01 1.900000000000000000e+01 1.474000000000000000e+03 2.590000000000000000e+02
1.670000000000000000e+02 7.800000000000000000e+01 2.100000000000000000e+01 1.556000000000000000e+03 2.660000000000000000e+02
1.260000000000000000e+02 8.500000000000000000e+01 2.400000000000000000e+01 1.253000000000000000e+03 2.330000000000000000e+02
1.470000000000000000e+02 7.500000000000000000e+01 1.900000000000000000e+01 1.201000000000000000e+03 2.400000000000000000e+02
1.340000000000000000e+02 8.800000000000000000e+01 1.600000000000000000e+01 1.321000000000000000e+03 2.360000000000000000e+02
1.490000000000000000e+02 9.900000000000000000e+01 3.200000000000000000e+01 1.559000000000000000e+03 2.790000000000000000e+02
1.510000000000000000e+02 1.070000000000000000e+02 2.300000000000000000e+01 1.648000000000000000e+03 2.790000000000000000e+02
1.690000000000000000e+02 1.000000000000000000e+02 1.500000000000000000e+01 1.442000000000000000e+03 2.840000000000000000e+02
1.880000000000000000e+02 8.000000000000000000e+01 3.000000000000000000e+01 1.528000000000000000e+03 2.970000000000000000e+02
1.500000000000000000e+02 1.120000000000000000e+02 2.600000000000000000e+01 1.538000000000000000e+03 2.870000000000000000e+02
1.370000000000000000e+02 1.080000000000000000e+02 2.200000000000000000e+01 1.595000000000000000e+03 2.650000000000000000e+02
1.780000000000000000e+02 1.020000000000000000e+02 1.800000000000000000e+01 1.635000000000000000e+03 2.940000000000000000e+02
1.490000000000000000e+02 8.100000000000000000e+01 1.500000000000000000e+01 1.167000000000000000e+03 2.430000000000000000e+02
1.580000000000000000e+02 9.500000000000000000e+01 2.800000000000000000e+01 1.631000000000000000e+03 2.790000000000000000e+02
1.140000000000000000e+02 8.600000000000000000e+01 2.900000000000000000e+01 1.218000000000000000e+03 2.290000000000000000e+02
1.690000000000000000e+02 9.400000000000000000e+01 2.300000000000000000e+01 1.552000000000000000e+03 2.840000000000000000e+02
1.550000000000000000e+02 1.100000000000000000e+02 2.800000000000000000e+01 1.446000000000000000e+03 2.920000000000000000e+02
1.710000000000000000e+02 1.120000000000000000e+02 2.600000000000000000e+01 1.623000000000000000e+03 3.060000000000000000e+02
1.450000000000000000e+02 9.100000000000000000e+01 2.100000000000000000e+01 1.546000000000000000e+03 2.570000000000000000e+02
1.470000000000000000e+02 1.030000000000000000e+02 2.900000000000000000e+01 1.600000000000000000e+03 2.780000000000000000e+02
1.510000000000000000e+02 9.300000000000000000e+01 2.900000000000000000e+01 1.294000000000000000e+03 2.730000000000000000e+02
1.210000000000000000e+02 8.800000000000000000e+01 2.500000000000000000e+01 1.468000000000000000e+03 2.340000000000000000e+02
1.980000000000000000e+02 9.200000000000000000e+01 2.600000000000000000e+01 1.760000000000000000e+03 3.150000000000000000e+02
1.390000000000000000e+02 9.300000000000000000e+01 2.200000000000000000e+01 1.785000000000000000e+03 2.540000000000000000e+02
1.390000000000000000e+02 8.500000000000000000e+01 1.000000000000000000e+01 1.325000000000000000e+03 2.300000000000000000e+02
1.280000000000000000e+02 9.100000000000000000e+01 2.200000000000000000e+01 1.312000000000000000e+03 2.410000000000000000e+02
1.500000000000000000e+02 7.500000000000000000e+01 1.900000000000000000e+01 1.372000000000000000e+03 2.440000000000000000e+02
1.480000000000000000e+02 9.400000000000000000e+01 2.400000000000000000e+01 1.460000000000000000e+03 2.660000000000000000e+02
1.580000000000000000e+02 9.000000000000000000e+01 2.300000000000000000e+01 1.557000000000000000e+03 2.710000000000000000e+02
1.770000000000000000e+02 8.500000000000000000e+01 2.400000000000000000e+01 1.515000000000000000e+03 2.840000000000000000e+02
1.200000000000000000e+02 7.700000000000000000e+01 2.200000000000000000e+01 1.327000000000000000e+03 2.170000000000000000e+02
1.480000000000000000e+02 9.200000000000000000e+01 1.600000000000000000e+01 1.339000000000000000e+03 2.560000000000000000e+02
1.850000000000000000e+02 9.100000000000000000e+01 2.900000000000000000e+01 1.655000000000000000e+03 3.050000000000000000e+02
1.020000000000000000e+02 8.400000000000000000e+01 2.900000000000000000e+01 1.432000000000000000e+03 2.130000000000000000e+02
1.610000000000000000e+02 8.100000000000000000e+01 1.400000000000000000e+01 1.440000000000000000e+03 2.560000000000000000e+02
1.440000000000000000e+02 9.600000000000000000e+01 2.400000000000000000e+01 1.424000000000000000e+03 2.640000000000000000e+02
1.850000000000000000e+02 8.400000000000000000e+01 3.100000000000000000e+01 1.795000000000000000e+03 2.990000000000000000e+02
1.250000000000000000e+02 1.040000000000000000e+02 2.900000000000000000e+01 1.390000000000000000e+03 2.580000000000000000e+02
1.390000000000000000e+02 8.800000000000000000e+01 1.600000000000000000e+01 1.367000000000000000e+03 2.430000000000000000e+02
1.260000000000000000e+02 9.000000000000000000e+01 3.300000000000000000e+01 1.473000000000000000e+03 2.480000000000000000e+02
1.740000000000000000e+02 9.500000000000000000e+01 2.000000000000000000e+01 1.566000000000000000e+03 2.880000000000000000e+02
1.580000000000000000e+02 8.400000000000000000e+01 1.700000000000000000e+01 1.565000000000000000e+03 2.590000000000000000e+02
1.670000000000000000e+02 1.080000000000000000e+02 2.000000000000000000e+01 1.551000000000000000e+03 2.940000000000000000e+02
1.260000000000000000e+02 7.100000000000000000e+01 1.700000000000000000e+01 1.444000000000000000e+03 2.120000000000000000e+02
1.610000000000000000e+02 8.200000000000000000e+01 2.500000000000000000e+01 1.636000000000000000e+03 2.670000000000000000e+02
1.540000000000000000e+02 1.060000000000000000e+02 2.100000000000000000e+01 1.717000000000000000e+03 2.800000000000000000e+02
1.310000000000000000e+02 7.300000000000000000e+01 1.900000000000000000e+01 1.164000000000000000e+03 2.230000000000000000e+02
1.220000000000000000e+02 9.100000000000000000e+01 2.000000000000000000e+01 1.394000000000000000e+03 2.330000000000000000e+02
1.890000000000000000e+02 9.700000000000000000e+01 2.800000000000000000e+01 1.611000000000000000e+03 3.110000000000000000e+02
1.620000000000000000e+02 9.900000000000000000e+01 2.500000000000000000e+01 1.422000000000000000e+03 2.860000000000000000e+02
1.570000000000000000e+02 1.250000000000000000e+02 3.000000000000000000e+01 1.540000000000000000e+03 3.100000000000000000e+02
1.750000000000000000e+02 9.100000000000000000e+01 2.500000000000000000e+01 1.585000000000000000e+03 2.910000000000000000e+02
1.280000000000000000e+02 1.060000000000000000e+02 2.900000000000000000e+01 1.731000000000000000e+03 2.620000000000000000e+02
1.440000000000000000e+02 1.050000000000000000e+02 2.900000000000000000e+01 1.306000000000000000e+03 2.770000000000000000e+02
1.060000000000000000e+02 1.050000000000000000e+02 2.700000000000000000e+01 1.450000000000000000e+03 2.380000000000000000e+02
1.300000000000000000e+02 8.200000000000000000e+01 3.000000000000000000e+01 1.385000000000000000e+03 2.410000000000000000e+02
1.260000000000000000e+02 9.400000000000000000e+01 2.600000000000000000e+01 1.448000000000000000e+03 2.420000000000000000e+02
1.420000000000000000e+02 1.100000000000000000e+02 2.500000000000000000e+01 1.610000000000000000e+03 2.760000000000000000e+02
1.240000000000000000e+02 7.200000000000000000e+01 2.100000000000000000e+01 1.173000000000000000e+03 2.160000000000000000e+02
1.540000000000000000e+02 9.000000000000000000e+01 2.100000000000000000e+01 1.327000000000000000e+03 2.650000000000000000e+02
1.430000000000000000e+02 9.600000000000000000e+01 3.000000000000000000e+01 1.696000000000000000e+03 2.680000000000000000e+02
1.400000000000000000e+02 8.000000000000000000e+01 2.200000000000000000e+01 1.317000000000000000e+03 2.400000000000000000e+02
1.430000000000000000e+02 9.900000000000000000e+01 3.100000000000000000e+01 1.495000000000000000e+03 2.730000000000000000e+02
1.780000000000000000e+02 8.600000000000000000e+01 2.300000000000000000e+01 1.420000000000000000e+03 2.830000000000000000e+02
1.390000000000000000e+02 9.200000000000000000e+01 2.600000000000000000e+01 1.396000000000000000e+03 2.560000000000000000e+02
1.760000000000000000e+02 9.700000000000000000e+01 3.000000000000000000e+01 1.683000000000000000e+03 3.030000000000000000e+02
1.690000000000000000e+02 8.600000000000000000e+01 2.800000000000000000e+01 1.546000000000000000e+03 2.830000000000000000e+02
9.500000000000000000e+01 1.110000000000000000e+02 3.400000000000000000e+01 1.544000000000000000e+03 2.310000000000000000e+02
1.360000000000000000e+02 1.050000000000000000e+02 3.000000000000000000e+01 1.416000000000000000e+03 2.700000000000000000e+02
1.570000000000000000e+02 9.000000000000000000e+01 2.700000000000000000e+01 1.471000000000000000e+03 2.740000000000000000e+02
7.000000000000000000e+01 8.400000000000000000e+01 1.500000000000000000e+01 1.342000000000000000e+03 1.690000000000000000e+02
1.630000000000000000e+02 9.700000000000000000e+01 3.200000000000000000e+01 1.674000000000000000e+03 2.900000000000000000e+02
1.350000000000000000e+02 8.600000000000000000e+01 2.700000000000000000e+01 1.553000000000000000e+03 2.470000000000000000e+02
1.360000000000000000e+02 1.020000000000000000e+02 2.500000000000000000e+01 1.523000000000000000e+03 2.600000000000000000e+02
1.180000000000000000e+02 9.300000000000000000e+01 2.000000000000000000e+01 1.423000000000000000e+03 2.310000000000000000e+02
1.000000000000000000e+02 9.200000000000000000e+01 2.100000000000000000e+01 1.143000000000000000e+03 2.130000000000000000e+02
1.350000000000000000e+02 9.700000000000000000e+01 3.800000000000000000e+01 1.552000000000000000e+03 2.670000000000000000e+02
1.010000000000000000e+02 8.000000000000000000e+01 2.900000000000000000e+01 1.483000000000000000e+03 2.090000000000000000e+02
1.480000000000000000e+02 9.700000000000000000e+01 2.500000000000000000e+01 1.281000000000000000e+03 2.680000000000000000e+02
1.840000000000000000e+02 1.220000000000000000e+02 3.000000000000000000e+01 1.714000000000000000e+03 3.350000000000000000e+02
1.450000000000000000e+02 1.030000000000000000e+02 2.200000000000000000e+01 1.543000000000000000e+03 2.690000000000000000e+02
2.040000000000000000e+02 7.300000000000000000e+01 1.800000000000000000e+01 1.640000000000000000e+03 2.920000000000000000e+02
1.640000000000000000e+02 1.040000000000000000e+02 2.400000000000000000e+01 1.426000000000000000e+03 2.910000000000000000e+02
1.450000000000000000e+02 8.500000000000000000e+01 1.300000000000000000e+01 1.496000000000000000e+03 2.420000000000000000e+02
1.610000000000000000e+02 7.700000000000000000e+01 1.600000000000000000e+01 1.592000000000000000e+03 2.530000000000000000e+02
1.350000000000000000e+02 9.600000000000000000e+01 1.700000000000000000e+01 1.524000000000000000e+03 2.480000000000000000e+02
1.270000000000000000e+02 9.400000000000000000e+01 2.400000000000000000e+01 1.241000000000000000e+03 2.440000000000000000e+02
1.870000000000000000e+02 9.400000000000000000e+01 2.900000000000000000e+01 1.742000000000000000e+03 3.100000000000000000e+02
1.390000000000000000e+02 9.100000000000000000e+01 2.200000000000000000e+01 1.192000000000000000e+03 2.490000000000000000e+02
1.750000000000000000e+02 1.080000000000000000e+02 1.900000000000000000e+01 1.748000000000000000e+03 3.000000000000000000e+02
1.520000000000000000e+02 9.700000000000000000e+01 2.000000000000000000e+01 1.336000000000000000e+03 2.690000000000000000e+02
1.760000000000000000e+02 9.200000000000000000e+01 2.600000000000000000e+01 1.498000000000000000e+03 2.930000000000000000e+02
1.470000000000000000e+02 8.100000000000000000e+01 1.700000000000000000e+01 1.211000000000000000e+03 2.450000000000000000e+02
1.610000000000000000e+02 8.900000000000000000e+01 2.600000000000000000e+01 1.296000000000000000e+03 2.760000000000000000e+02
1.390000000000000000e+02 8.500000000000000000e+01 2.500000000000000000e+01 1.382000000000000000e+03 2.470000000000000000e+02
1.190000000000000000e+02 8.700000000000000000e+01 2.100000000000000000e+01 1.380000000000000000e+03 2.250000000000000000e+02
1.280000000000000000e+02 9.800000000000000000e+01 1.900000000000000000e+01 1.412000000000000000e+03 2.450000000000000000e+02
1.770000000000000000e+02 9.500000000000000000e+01 2.700000000000000000e+01 1.637000000000000000e+03 2.990000000000000000e+02
1.240000000000000000e+02 1.040000000000000000e+02 3.500000000000000000e+01 1.645000000000000000e+03 2.610000000000000000e+02
