1.920000000000000000e+02 1.400000000000000000e+01 0.000000000000000000e+00 8.720000000000000000e+02 2.050000000000000000e+02
1.720000000000000000e+02 1.400000000000000000e+01 0.000000000000000000e+00 7.440000000000000000e+02 1.860000000000000000e+02
1.910000000000000000e+02 1.500000000000000000e+01 0.000000000000000000e+00 9.180000000000000000e+02 2.050000000000000000e+02
1.940000000000000000e+02 1.600000000000000000e+01 0.000000000000000000e+00 9.790000000000000000e+02 2.100000000000000000e+02
1.910000000000000000e+02 1.700000000000000000e+01 1.000000000000000000e+00 9.930000000000000000e+02 2.080000000000000000e+02
1.950000000000000000e+02 1.700000000000000000e+01 0.000000000000000000e+00 8.650000000000000000e+02 2.120000000000000000e+02
1.380000000000000000e+02 6.000000000000000000e+00 0.000000000000000000e+00 3.630000000000000000e+02 1.440000000000000000e+02
1.600000000000000000e+02 1.100000000000000000e+01 0.000000000000000000e+00 8.130000000000000000e+02 1.700000000000000000e+02
1.740000000000000000e+02 1.900000000000000000e+01 1.000000000000000000e+00 8.470000000000000000e+02 1.930000000000000000e+02
1.880000000000000000e+02 1.200000000000000000e+01 0.000000000000000000e+00 1.017000000000000000e+03 1.990000000000000000e+02
1.910000000000000000e+02 7.000000000000000000e+00 0.000000000000000000e+00 8.870000000000000000e+02 1.980000000000000000e+02
1.890000000000000000e+02 1.900000000000000000e+01 0.000000000000000000e+00 8.200000000000000000e+02 2.070000000000000000e+02
1.640000000000000000e+02 1.400000000000000000e+01 0.000000000000000000e+00 6.640000000000000000e+02 1.780000000000000000e+02
1.960000000000000000e+02 9.000000000000000000e+00 0.000000000000000000e+00 6.040000000000000000e+02 2.040000000000000000e+02
1.780000000000000000e+02 9.000000000000000000e+00 1.000000000000000000e+00 5.000000000000000000e+02 1.880000000000000000e+02
1.840000000000000000e+02 1.700000000000000000e+01 1.000000000000000000e+00 7.420000000000000000e+02 2.000000000000000000e+02
1.950000000000000000e+02 2.000000000000000000e+01 0.000000000000000000e+00 9.460000000000000000e+02 2.130000000000000000e+02
1.780000000000000000e+02 1.000000000000000000e+01 0.000000000000000000e+00 9.150000000000000000e+02 1.880000000000000000e+02
1.920000000000000000e+02 1.600000000000000000e+01 0.000000000000000000e+00 9.320000000000000000e+02 2.080000000000000000e+02
1.770000000000000000e+02 7.000000000000000000e+00 2.000000000000000000e+00 9.650000000000000000e+02 1.830000000000000000e+02
1.820000000000000000e+02 2.100000000000000000e+01 3.000000000000000000e+00 1.037000000000000000e+03 2.050000000000000000e+02
1.790000000000000000e+02 1.400000000000000000e+01 2.000000000000000000e+00 8.400000000000000000e+02 1.950000000000000000e+02
2.080000000000000000e+02 7.000000000000000000e+00 0.000000000000000000e+00 8.700000000000000000e+02 2.130000000000000000e+02
2.020000000000000000e+02 8.000000000000000000e+00 0.000000000000000000e+00 7.980000000000000000e+02 2.100000000000000000e+02
1.880000000000000000e+02 1.400000000000000000e+01 1.000000000000000000e+00 8.110000000000000000e+02 2.030000000000000000e+02
1.640000000000000000e+02 1.200000000000000000e+01 0.000000000000000000e+00 7.010000000000000000e+02 1.760000000000000000e+02
1.980000000000000000e+02 1.000000000000000000e+01 0.000000000000000000e+00 8.980000000000000000e+02 2.080000000000000000e+02
2.010000000000000000e+02 1.000000000000000000e+01 0.000000000000000000e+00 9.840000000000000000e+02 2.110000000000000000e+02
1.710000000000000000e+02 1.200000000000000000e+01 0.000000000000000000e+00 1.016000000000000000e+03 1.820000000000000000e+02
1.820000000000000000e+02 1.000000000000000000e+01 1.000000000000000000e+00 9.560000000000000000e+02 1.930000000000000000e+02
1.910000000000000000e+02 1.300000000000000000e+01 1.000000000000000000e+00 9.150000000000000000e+02 2.030000000000000000e+02
1.960000000000000000e+02 1.500000000000000000e+01 0.000000000000000000e+00 9.850000000000000000e+02 2.090000000000000000e+02
1.590000000000000000e+02 1.200000000000000000e+01 0.000000000000000000e+00 7.770000000000000000e+02 1.700000000000000000e+02
2.010000000000000000e+02 8.000000000000000000e+00 1.000000000000000000e+00 1.085000000000000000e+03 2.100000000000000000e+02
2.060000000000000000e+02 2.100000000000000000e+01 0.000000000000000000e+00 7.850000000000000000e+02 2.260000000000000000e+02
1.920000000000000000e+02 1.200000000000000000e+01 1.000000000000000000e+00 9.280000000000000000e+02 2.040000000000000000e+02
2.040000000000000000e+02 1.800000000000000000e+01 1.000000000000000000e+00 9.370000000000000000e+02 2.220000000000000000e+02
2.220000000000000000e+02 1.600000000000000000e+01 2.000000000000000000e+00 9.730000000000000000e+02 2.390000000000000000e+02
1.850000000000000000e+02 1.700000000000000000e+01 1.000000000000000000e+00 1.111000000000000000e+03 2.020000000000000000e+02
1.800000000000000000e+02 1.500000000000000000e+01 0.000000000000000000e+00 7.480000000000000000e+02 1.940000000000000000e+02
1.750000000000000000e+02 1.000000000000000000e+01 0.000000000000000000e+00 4.700000000000000000e+02 1.820000000000000000e+02
1.800000000000000000e+02 1.100000000000000000e+01 0.000000000000000000e+00 7.480000000000000000e+02 1.910000000000000000e+02
2.000000000000000000e+02 9.000000000000000000e+00 1.000000000000000000e+00 8.270000000000000000e+02 2.100000000000000000e+02
2.020000000000000000e+02 1.800000000000000000e+01 0.000000000000000000e+00 1.106000000000000000e+03 2.190000000000000000e+02
2.050000000000000000e+02 1.200000000000000000e+01 0.000000000000000000e+00 9.940000000000000000e+02 2.170000000000000000e+02
1.860000000000000000e+02 1.600000000000000000e+01 2.000000000000000000e+00 1.002000000000000000e+03 2.030000000000000000e+02
2.060000000000000000e+02 1.900000000000000000e+01 0.000000000000000000e+00 1.038000000000000000e+03 2.200000000000000000e+02
1.730000000000000000e+02 1.300000000000000000e+01 0.000000000000000000e+00 7.540000000000000000e+02 1.860000000000000000e+02
1.820000000000000000e+02 1.200000000000000000e+01 1.000000000000000000e+00 8.480000000000000000e+02 1.930000000000000000e+02
1.620000000000000000e+02 1.500000000000000000e+01 0.000000000000000000e+00 7.910000000000000000e+02 1.770000000000000000e+02
1.920000000000000000e+02 1.600000000000000000e+01 1.000000000000000000e+00 8.640000000000000000e+02 2.080000000000000000e+02
1.940000000000000000e+02 1.600000000000000000e+01 0.000000000000000000e+00 8.270000000000000000e+02 2.100000000000000000e+02
1.780000000000000000e+02 1.400000000000000000e+01 0.000000000000000000e+00 5.950000000000000000e+02 1.920000000000000000e+02
2.060000000000000000e+02 1.300000000000000000e+01 0.000000000000000000e+00 8.920000000000000000e+02 2.180000000000000000e+02
1.960000000000000000e+02 1.000000000000000000e+01 0.000000000000000000e+00 7.730000000000000000e+02 2.060000000000000000e+02
1.300000000000000000e+02 8.000000000000000000e+00 0.000000000000000000e+00 3.590000000000000000e+02 1.360000000000000000e+02
2.120000000000000000e+02 1.200000000000000000e+01 0.000000000000000000e+00 1.117000000000000000e+03 2.220000000000000000e+02
1.950000000000000000e+02 1.100000000000000000e+01 1.000000000000000000e+00 9.310000000000000000e+02 2.050000000000000000e+02
1.970000000000000000e+02 1.500000000000000000e+01 0.000000000000000000e+00 9.600000000000000000e+02 2.110000000000000000e+02
2.000000000000000000e+02 1.400000000000000000e+01 0.000000000000000000e+00 8.330000000000000000e+02 2.140000000000000000e+02
1.990000000000000000e+02 2.400000000000000000e+01 1.000000000000000000e+00 1.004000000000000000e+03 2.230000000000000000e+02
1.990000000000000000e+02 1.200000000000000000e+01 0.000000000000000000e+00 8.670000000000000000e+02 2.110000000000000000e+02
2.010000000000000000e+02 1.100000000000000000e+01 0.000000000000000000e+00 9.350000000000000000e+02 2.120000000000000000e+02
1.880000000000000000e+02 1.400000000000000000e+01 0.000000000000000000e+00 8.850000000000000000e+02 2.020000000000000000e+02
1.900000000000000000e+02 7.000000000000000000e+00 0.000000000000000000e+00 7.450000000000000000e+02 1.970000000000000000e+02
1.610000000000000000e+02 1.000000000000000000e+01 0.000000000000000000e+00 3.590000000000000000e+02 1.700000000000000000e+02
2.060000000000000000e+02 7.000000000000000000e+00 1.000000000000000000e+00 9.390000000000000000e+02 2.140000000000000000e+02
1.830000000000000000e+02 1.000000000000000000e+01 0.000000000000000000e+00 7.130000000000000000e+02 1.930000000000000000e+02
1.780000000000000000e+02 1.600000000000000000e+01 0.000000000000000000e+00 8.810000000000000000e+02 1.940000000000000000e+02
1.930000000000000000e+02 4.000000000000000000e+00 1.000000000000000000e+00 8.840000000000000000e+02 1.960000000000000000e+02
1.870000000000000000e+02 9.000000000000000000e+00 0.000000000000000000e+00 8.370000000000000000e+02 1.950000000000000000e+02
2.070000000000000000e+02 1.200000000000000000e+01 0.000000000000000000e+00 9.460000000000000000e+02 2.190000000000000000e+02
1.690000000000000000e+02 1.700000000000000000e+01 1.000000000000000000e+00 6.410000000000000000e+02 1.860000000000000000e+02
1.660000000000000000e+02 1.800000000000000000e+01 0.000000000000000000e+00 5.830000000000000000e+02 1.830000000000000000e+02
1.680000000000000000e+02 1.000000000000000000e+01 0.000000000000000000e+00 8.600000000000000000e+02 1.770000000000000000e+02
2.070000000000000000e+02 1.400000000000000000e+01 0.000000000000000000e+00 9.310000000000000000e+02 2.210000000000000000e+02
2.010000000000000000e+02 1.400000000000000000e+01 0.000000000000000000e+00 9.890000000000000000e+02 2.150000000000000000e+02
1.830000000000000000e+02 1.400000000000000000e+01 1.000000000000000000e+00 9.760000000000000000e+02 1.970000000000000000e+02
1.430000000000000000e+02 1.000000000000000000e+01 0.000000000000000000e+00 2.270000000000000000e+02 1.530000000000000000e+02
1.840000000000000000e+02 1.400000000000000000e+01 1.000000000000000000e+00 8.240000000000000000e+02 1.990000000000000000e+02
2.070000000000000000e+02 1.600000000000000000e+01 0.000000000000000000e+00 9.200000000000000000e+02 2.230000000000000000e+02
1.930000000000000000e+02 1.800000000000000000e+01 0.000000000000000000e+00 7.560000000000000000e+02 2.100000000000000000e+02
1.900000000000000000e+02 1.800000000000000000e+01 1.000000000000000000e+00 7.570000000000000000e+02 2.070000000000000000e+02
1.910000000000000000e+02 1.400000000000000000e+01 0.000000000000000000e+00 6.910000000000000000e+02 2.050000000000000000e+02
2.070000000000000000e+02 6.000000000000000000e+00 0.000000000000000000e+00 7.750000000000000000e+02 2.120000000000000000e+02
1.880000000000000000e+02 1.900000000000000000e+01 0.000000000000000000e+00 1.128000000000000000e+03 2.060000000000000000e+02
1.890000000000000000e+02 1.000000000000000000e+01 1.000000000000000000e+00 8.760000000000000000e+02 2.000000000000000000e+02
1.850000000000000000e+02 1.400000000000000000e+01 0.000000000000000000e+00 6.780000000000000000e+02 1.990000000000000000e+02
2.010000000000000000e+02 1.500000000000000000e+01 0.000000000000000000e+00 9.830000000000000000e+02 2.150000000000000000e+02
1.830000000000000000e+02 2.000000000000000000e+01 0.000000000000000000e+00 1.054000000000000000e+03 2.020000000000000000e+02
1.810000000000000000e+02 1.000000000000000000e+01 0.000000000000000000e+00 8.800000000000000000e+02 1.910000000000000000e+02
2.030000000000000000e+02 1.400000000000000000e+01 0.000000000000000000e+00 9.060000000000000000e+02 2.170000000000000000e+02
1.910000000000000000e+02 1.300000000000000000e+01 1.000000000000000000e+00 8.490000000000000000e+02 2.050000000000000000e+02
1.880000000000000000e+02 1.300000000000000000e+01 0.000000000000000000e+00 9.180000000000000000e+02 2.010000000000000000e+02
1.710000000000000000e+02 1.300000000000000000e+01 0.000000000000000000e+00 6.290000000000000000e+02 1.830000000000000000e+02
1.990000000000000000e+02 1.000000000000000000e+01 1.000000000000000000e+00 1.098000000000000000e+03 2.100000000000000000e+02
1.660000000000000000e+02 1.400000000000000000e+01 1.000000000000000000e+00 8.870000000000000000e+02 1.810000000000000000e+02
1.960000000000000000e+02 1.400000000000000000e+01 0.000000000000000000e+00 1.121000000000000000e+03 2.090000000000000000e+02
1.940000000000000000e+02 1.800000000000000000e+01 0.000000000000000000e+00 1.062000000000000000e+03 2.110000000000000000e+02
1.970000000000000000e+02 1.200000000000000000e+01 0.000000000000000000e+00 8.560000000000000000e+02 2.090000000000000000e+02
1.680000000000000000e+02 8.000000000000000000e+00 0.000000000000000000e+00 7.810000000000000000e+02 1.750000000000000000e+02
1.940000000000000000e+02 1.900000000000000000e+01 0.000000000000000000e+00 7.960000000000000000e+02 2.120000000000000000e+02
1.920000000000000000e+02 1.100000000000000000e+01 0.000000000000000000e+00 7.820000000000000000e+02 2.020000000000000000e+02
1.770000000000000000e+02 1.200000000000000000e+01 0.000000000000000000e+00 9.950000000000000000e+02 1.870000000000000000e+02
1.760000000000000000e+02 1.100000000000000000e+01 0.000000000000000000e+00 7.670000000000000000e+02 1.860000000000000000e+02
1.830000000000000000e+02 9.000000000000000000e+00 1.000000000000000000e+00 8.480000000000000000e+02 1.920000000000000000e+02
1.990000000000000000e+02 1.400000000000000000e+01 1.000000000000000000e+00 8.650000000000000000e+02 2.140000000000000000e+02
1.790000000000000000e+02 1.500000000000000000e+01 2.000000000000000000e+00 1.010000000000000000e+03 1.960000000000000000e+02
1.990000000000000000e+02 1.200000000000000000e+01 0.000000000000000000e+00 1.060000000000000000e+03 2.110000000000000000e+02
1.950000000000000000e+02 1.100000000000000000e+01 0.000000000000000000e+00 1.009000000000000000e+03 2.060000000000000000e+02
1.990000000000000000e+02 1.200000000000000000e+01 0.000000000000000000e+00 9.810000000000000000e+02 2.090000000000000000e+02
1.800000000000000000e+02 1.700000000000000000e+01 1.000000000000000000e+00 9.720000000000000000e+02 1.980000000000000000e+02
1.820000000000000000e+02 1.700000000000000000e+01 1.000000000000000000e+00 1.050000000000000000e+03 2.000000000000000000e+02
1.840000000000000000e+02 9.000000000000000000e+00 0.000000000000000000e+00 8.320000000000000000e+02 1.900000000000000000e+02
2.080000000000000000e+02 6.000000000000000000e+00 0.000000000000000000e+00 9.330000000000000000e+02 2.130000000000000000e+02
1.960000000000000000e+02 9.000000000000000000e+00 0.000000000000000000e+00 7.910000000000000000e+02 2.030000000000000000e+02
1.780000000000000000e+02 1.200000000000000000e+01 0.000000000000000000e+00 7.660000000000000000e+02 1.900000000000000000e+02
1.730000000000000000e+02 7.000000000000000000e+00 1.000000000000000000e+00 4.650000000000000000e+02 1.810000000000000000e+02
1.700000000000000000e+02 2.000000000000000000e+01 0.000000000000000000e+00 7.530000000000000000e+02 1.900000000000000000e+02
2.080000000000000000e+02 9.000000000000000000e+00 1.000000000000000000e+00 9.870000000000000000e+02 2.160000000000000000e+02
1.860000000000000000e+02 1.400000000000000000e+01 0.000000000000000000e+00 7.740000000000000000e+02 1.990000000000000000e+02
1.860000000000000000e+02 9.000000000000000000e+00 0.000000000000000000e+00 7.100000000000000000e+02 1.950000000000000000e+02
2.240000000000000000e+02 1.300000000000000000e+01 0.000000000000000000e+00 1.094000000000000000e+03 2.360000000000000000e+02
1.780000000000000000e+02 1.300000000000000000e+01 0.000000000000000000e+00 5.300000000000000000e+02 1.900000000000000000e+02
1.920000000000000000e+02 1.800000000000000000e+01 0.000000000000000000e+00 9.650000000000000000e+02 2.090000000000000000e+02
1.810000000000000000e+02 1.000000000000000000e+01 1.000000000000000000e+00 7.290000000000000000e+02 1.920000000000000000e+02
2.050000000000000000e+02 1.500000000000000000e+01 0.000000000000000000e+00 1.030000000000000000e+03 2.200000000000000000e+02
1.810000000000000000e+02 8.000000000000000000e+00 0.000000000000000000e+00 9.130000000000000000e+02 1.870000000000000000e+02
1.910000000000000000e+02 1.000000000000000000e+01 0.000000000000000000e+00 9.110000000000000000e+02 1.990000000000000000e+02
1.750000000000000000e+02 8.000000000000000000e+00 1.000000000000000000e+00 7.750000000000000000e+02 1.840000000000000000e+02
2.000000000000000000e+02 1.500000000000000000e+01 0.000000000000000000e+00 9.600000000000000000e+02 2.150000000000000000e+02
1.800000000000000000e+02 1.000000000000000000e+01 0.000000000000000000e+00 8.490000000000000000e+02 1.900000000000000000e+02
1.790000000000000000e+02 1.500000000000000000e+01 0.000000000000000000e+00 7.480000000000000000e+02 1.940000000000000000e+02
1.840000000000000000e+02 8.000000000000000000e+00 0.000000000000000000e+00 5.720000000000000000e+02 1.920000000000000000e+02
1.870000000000000000e+02 1.100000000000000000e+01 0.000000000000000000e+00 8.410000000000000000e+02 1.980000000000000000e+02
1.880000000000000000e+02 9.000000000000000000e+00 0.000000000000000000e+00 7.440000000000000000e+02 1.970000000000000000e+02
1.920000000000000000e+02 1.400000000000000000e+01 0.000000000000000000e+00 9.490000000000000000e+02 2.060000000000000000e+02
2.110000000000000000e+02 1.200000000000000000e+01 0.000000000000000000e+00 8.580000000000000000e+02 2.230000000000000000e+02
1.780000000000000000e+02 1.600000000000000000e+01 0.000000000000000000e+00 7.740000000000000000e+02 1.940000000000000000e+02
2.430000000000000000e+02 2.200000000000000000e+01 0.000000000000000000e+00 1.221000000000000000e+03 2.640000000000000000e+02
1.760000000000000000e+02 1.300000000000000000e+01 0.000000000000000000e+00 5.690000000000000000e+02 1.890000000000000000e+02
1.670000000000000000e+02 7.000000000000000000e+00 0.000000000000000000e+00 7.400000000000000000e+02 1.740000000000000000e+02
1.840000000000000000e+02 1.500000000000000000e+01 0.000000000000000000e+00 9.410000000000000000e+02 1.980000000000000000e+02
1.790000000000000000e+02 1.300000000000000000e+01 0.000000000000000000e+00 7.560000000000000000e+02 1.920000000000000000e+02
1.970000000000000000e+02 1.800000000000000000e+01 0.000000000000000000e+00 1.015000000000000000e+03 2.150000000000000000e+02
1.650000000000000000e+02 1.200000000000000000e+01 1.000000000000000000e+00 5.540000000000000000e+02 1.770000000000000000e+02
1.830000000000000000e+02 2.100000000000000000e+01 1.000000000000000000e+00 8.560000000000000000e+02 2.050000000000000000e+02
1.740000000000000000e+02 1.800000000000000000e+01 0.000000000000000000e+00 8.350000000000000000e+02 1.920000000000000000e+02
1.970000000000000000e+02 1.400000000000000000e+01 0.000000000000000000e+00 9.490000000000000000e+02 2.090000000000000000e+02
1.650000000000000000e+02 9.000000000000000000e+00 0.000000000000000000e+00 3.700000000000000000e+02 1.740000000000000000e+02
1.930000000000000000e+02 1.700000000000000000e+01 1.000000000000000000e+00 1.003000000000000000e+03 2.110000000000000000e+02
1.980000000000000000e+02 8.000000000000000000e+00 0.000000000000000000e+00 8.110000000000000000e+02 2.060000000000000000e+02
1.660000000000000000e+02 7.000000000000000000e+00 0.000000000000000000e+00 5.400000000000000000e+02 1.730000000000000000e+02
1.880000000000000000e+02 1.500000000000000000e+01 0.000000000000000000e+00 8.850000000000000000e+02 2.020000000000000000e+02
1.600000000000000000e+02 1.500000000000000000e+01 0.000000000000000000e+00 8.560000000000000000e+02 1.750000000000000000e+02
2.320000000000000000e+02 1.400000000000000000e+01 1.000000000000000000e+00 1.084000000000000000e+03 2.470000000000000000e+02
1.760000000000000000e+02 1.100000000000000000e+01 0.000000000000000000e+00 9.140000000000000000e+02 1.860000000000000000e+02
1.980000000000000000e+02 1.300000000000000000e+01 0.000000000000000000e+00 8.830000000000000000e+02 2.110000000000000000e+02
1.860000000000000000e+02 1.000000000000000000e+01 0.000000000000000000e+00 7.420000000000000000e+02 1.960000000000000000e+02
1.950000000000000000e+02 1.900000000000000000e+01 0.000000000000000000e+00 1.000000000000000000e+03 2.110000000000000000e+02
2.130000000000000000e+02 8.000000000000000000e+00 0.000000000000000000e+00 9.500000000000000000e+02 2.210000000000000000e+02
1.980000000000000000e+02 7.000000000000000000e+00 1.000000000000000000e+00 1.061000000000000000e+03 2.040000000000000000e+02
1.760000000000000000e+02 1.300000000000000000e+01 2.000000000000000000e+00 7.300000000000000000e+02 1.900000000000000000e+02
2.090000000000000000e+02 1.400000000000000000e+01 0.000000000000000000e+00 8.580000000000000000e+02 2.230000000000000000e+02
1.720000000000000000e+02 1.200000000000000000e+01 1.000000000000000000e+00 7.190000000000000000e+02 1.840000000000000000e+02
2.070000000000000000e+02 1.100000000000000000e+01 0.000000000000000000e+00 1.004000000000000000e+03 2.180000000000000000e+02
2.140000000000000000e+02 1.300000000000000000e+01 0.000000000000000000e+00 9.620000000000000000e+02 2.270000000000000000e+02
2.140000000000000000e+02 1.000000000000000000e+01 0.000000000000000000e+00 9.800000000000000000e+02 2.230000000000000000e+02
1.380000000000000000e+02 9.000000000000000000e+00 0.000000000000000000e+00 2.640000000000000000e+02 1.470000000000000000e+02
2.040000000000000000e+02 1.500000000000000000e+01 0.000000000000000000e+00 9.360000000000000000e+02 2.180000000000000000e+02
2.250000000000000000e+02 1.500000000000000000e+01 0.000000000000000000e+00 1.113000000000000000e+03 2.400000000000000000e+02
1.880000000000000000e+02 1.100000000000000000e+01 1.000000000000000000e+00 7.940000000000000000e+02 1.990000000000000000e+02
1.760000000000000000e+02 1.300000000000000000e+01 0.000000000000000000e+00 7.240000000000000000e+02 1.890000000000000000e+02
1.820000000000000000e+02 5.000000000000000000e+00 0.000000000000000000e+00 5.590000000000000000e+02 1.870000000000000000e+02
1.730000000000000000e+02 1.600000000000000000e+01 0.000000000000000000e+00 8.020000000000000000e+02 1.880000000000000000e+02
1.940000000000000000e+02 1.100000000000000000e+01 1.000000000000000000e+00 9.390000000000000000e+02 2.060000000000000000e+02
1.920000000000000000e+02 1.400000000000000000e+01 1.000000000000000000e+00 8.410000000000000000e+02 2.060000000000000000e+02
1.700000000000000000e+02 1.400000000000000000e+01 1.000000000000000000e+00 9.020000000000000000e+02 1.830000000000000000e+02
2.020000000000000000e+02 1.400000000000000000e+01 0.000000000000000000e+00 8.650000000000000000e+02 2.150000000000000000e+02
2.050000000000000000e+02 9.000000000000000000e+00 0.000000000000000000e+00 1.098000000000000000e+03 2.140000000000000000e+02
1.990000000000000000e+02 1.400000000000000000e+01 0.000000000000000000e+00 8.830000000000000000e+02 2.120000000000000000e+02
1.940000000000000000e+02 8.000000000000000000e+00 1.000000000000000000e+00 6.070000000000000000e+02 2.030000000000000000e+02
1.670000000000000000e+02 1.200000000000000000e+01 0.000000000000000000e+00 5.900000000000000000e+02 1.790000000000000000e+02
2.130000000000000000e+02 2.000000000000000000e+01 0.000000000000000000e+00 9.770000000000000000e+02 2.310000000000000000e+02
1.920000000000000000e+02 1.700000000000000000e+01 1.000000000000000000e+00 8.240000000000000000e+02 2.100000000000000000e+02
1.910000000000000000e+02 1.400000000000000000e+01 1.000000000000000000e+00 9.100000000000000000e+02 2.060000000000000000e+02
1.920000000000000000e+02 1.600000000000000000e+01 1.000000000000000000e+00 9.650000000000000000e+02 2.070000000000000000e+02
1.900000000000000000e+02 1.400000000000000000e+01 0.000000000000000000e+00 8.030000000000000000e+02 2.030000000000000000e+02
1.980000000000000000e+02 1.000000000000000000e+01 0.000000000000000000e+00 1.115000000000000000e+03 2.050000000000000000e+02
1.810000000000000000e+02 1.700000000000000000e+01 0.000000000000000000e+00 3.620000000000000000e+02 1.980000000000000000e+02
1.830000000000000000e+02 7.000000000000000000e+00 0.000000000000000000e+00 7.850000000000000000e+02 1.880000000000000000e+02
1.890000000000000000e+02 1.300000000000000000e+01 0.000000000000000000e+00 7.570000000000000000e+02 2.020000000000000000e+02
1.880000000000000000e+02 1.100000000000000000e+01 0.000000000000000000e+00 9.610000000000000000e+02 1.990000000000000000e+02
1.840000000000000000e+02 1.400000000000000000e+01 0.000000000000000000e+00 9.660000000000000000e+02 1.960000000000000000e+02
1.550000000000000000e+02 8.000000000000000000e+00 0.000000000000000000e+00 4.840000000000000000e+02 1.630000000000000000e+02
1.950000000000000000e+02 1.200000000000000000e+01 0.000000000000000000e+00 8.760000000000000000e+02 2.060000000000000000e+02
2.250000000000000000e+02 1.300000000000000000e+01 0.000000000000000000e+00 1.134000000000000000e+03 2.370000000000000000e+02
1.990000000000000000e+02 1.300000000000000000e+01 1.000000000000000000e+00 1.097000000000000000e+03 2.120000000000000000e+02
1.820000000000000000e+02 1.700000000000000000e+01 2.000000000000000000e+00 7.400000000000000000e+02 2.000000000000000000e+02
1.900000000000000000e+02 1.400000000000000000e+01 0.000000000000000000e+00 9.160000000000000000e+02 2.040000000000000000e+02
2.050000000000000000e+02 2.100000000000000000e+01 1.000000000000000000e+00 1.131000000000000000e+03 2.270000000000000000e+02
2.040000000000000000e+02 8.000000000000000000e+00 0.000000000000000000e+00 7.690000000000000000e+02 2.120000000000000000e+02
1.760000000000000000e+02 1.100000000000000000e+01 0.000000000000000000e+00 6.740000000000000000e+02 1.870000000000000000e+02
2.070000000000000000e+02 1.900000000000000000e+01 0.000000000000000000e+00 1.000000000000000000e+03 2.240000000000000000e+02
2.050000000000000000e+02 1.800000000000000000e+01 0.000000000000000000e+00 1.007000000000000000e+03 2.230000000000000000e+02
1.930000000000000000e+02 1.000000000000000000e+01 0.000000000000000000e+00 9.970000000000000000e+02 2.020000000000000000e+02
1.700000000000000000e+02 2.000000000000000000e+01 0.000000000000000000e+00 8.140000000000000000e+02 1.890000000000000000e+02
1.810000000000000000e+02 1.300000000000000000e+01 0.000000000000000000e+00 8.480000000000000000e+02 1.940000000000000000e+02
1.990000000000000000e+02 1.400000000000000000e+01 0.000000000000000000e+00 8.930000000000000000e+02 2.120000000000000000e+02
2.090000000000000000e+02 1.200000000000000000e+01 1.000000000000000000e+00 9.920000000000000000e+02 2.210000000000000000e+02
2.110000000000000000e+02 1.200000000000000000e+01 0.000000000000000000e+00 1.088000000000000000e+03 2.220000000000000000e+02
1.640000000000000000e+02 1.400000000000000000e+01 0.000000000000000000e+00 5.820000000000000000e+02 1.770000000000000000e+02
1.750000000000000000e+02 1.500000000000000000e+01 0.000000000000000000e+00 9.640000000000000000e+02 1.900000000000000000e+02
1.930000000000000000e+02 1.400000000000000000e+01 0.000000000000000000e+00 9.740000000000000000e+02 2.060000000000000000e+02
1.930000000000000000e+02 8.000000000000000000e+00 0.000000000000000000e+00 8.130000000000000000e+02 2.010000000000000000e+02
2.030000000000000000e+02 1.700000000000000000e+01 0.000000000000000000e+00 1.142000000000000000e+03 2.190000000000000000e+02
1.870000000000000000e+02 1.700000000000000000e+01 0.000000000000000000e+00 1.035000000000000000e+03 2.040000000000000000e+02
2.000000000000000000e+02 1.600000000000000000e+01 1.000000000000000000e+00 1.038000000000000000e+03 2.160000000000000000e+02
2.060000000000000000e+02 1.200000000000000000e+01 1.000000000000000000e+00 8.680000000000000000e+02 2.180000000000000000e+02
1.880000000000000000e+02 1.300000000000000000e+01 1.000000000000000000e+00 6.940000000000000000e+02 2.020000000000000000e+02
1.930000000000000000e+02 8.000000000000000000e+00 0.000000000000000000e+00 6.900000000000000000e+02 2.010000000000000000e+02
1.850000000000000000e+02 1.100000000000000000e+01 0.000000000000000000e+00 9.090000000000000000e+02 1.950000000000000000e+02
1.810000000000000000e+02 1.300000000000000000e+01 1.000000000000000000e+00 6.420000000000000000e+02 1.920000000000000000e+02
2.120000000000000000e+02 1.400000000000000000e+01 0.000000000000000000e+00 1.045000000000000000e+03 2.250000000000000000e+02
1.540000000000000000e+02 1.200000000000000000e+01 0.000000000000000000e+00 5.460000000000000000e+02 1.650000000000000000e+02
2.140000000000000000e+02 9.000000000000000000e+00 0.000000000000000000e+00 1.098000000000000000e+03 2.210000000000000000e+02
1.970000000000000000e+02 8.000000000000000000e+00 1.000000000000000000e+00 1.012000000000000000e+03 2.060000000000000000e+02
1.880000000000000000e+02 1.400000000000000000e+01 1.000000000000000000e+00 9.630000000000000000e+02 2.030000000000000000e+02
1.910000000000000000e+02 1.000000000000000000e+01 2.000000000000000000e+00 6.940000000000000000e+02 2.030000000000000000e+02
1.840000000000000000e+02 1.900000000000000000e+01 3.000000000000000000e+00 7.000000000000000000e+02 2.060000000000000000e+02
1.940000000000000000e+02 1.400000000000000000e+01 1.000000000000000000e+00 9.930000000000000000e+02 2.080000000000000000e+02
2.130000000000000000e+02 1.200000000000000000e+01 0.000000000000000000e+00 1.054000000000000000e+03 2.240000000000000000e+02
1.730000000000000000e+02 1.200000000000000000e+01 0.000000000000000000e+00 6.010000000000000000e+02 1.850000000000000000e+02
1.970000000000000000e+02 1.200000000000000000e+01 0.000000000000000000e+00 1.071000000000000000e+03 2.090000000000000000e+02
1.780000000000000000e+02 1.300000000000000000e+01 0.000000000000000000e+00 9.800000000000000000e+02 1.910000000000000000e+02
1.820000000000000000e+02 1.100000000000000000e+01 1.000000000000000000e+00 8.110000000000000000e+02 1.930000000000000000e+02
1.980000000000000000e+02 1.600000000000000000e+01 1.000000000000000000e+00 9.120000000000000000e+02 2.130000000000000000e+02
1.860000000000000000e+02 1.500000000000000000e+01 0.000000000000000000e+00 7.400000000000000000e+02 2.000000000000000000e+02
2.240000000000000000e+02 1.200000000000000000e+01 0.000000000000000000e+00 9.870000000000000000e+02 2.360000000000000000e+02
1.600000000000000000e+02 1.200000000000000000e+01 0.000000000000000000e+00 9.350000000000000000e+02 1.710000000000000000e+02
1.920000000000000000e+02 2.100000000000000000e+01 2.000000000000000000e+00 9.160000000000000000e+02 2.120000000000000000e+02
2.010000000000000000e+02 1.500000000000000000e+01 0.000000000000000000e+00 9.910000000000000000e+02 2.150000000000000000e+02
2.130000000000000000e+02 9.000000000000000000e+00 0.000000000000000000e+00 1.020000000000000000e+03 2.210000000000000000e+02
1.980000000000000000e+02 1.000000000000000000e+01 0.000000000000000000e+00 9.630000000000000000e+02 2.040000000000000000e+02
1.930000000000000000e+02 1.900000000000000000e+01 1.000000000000000000e+00 6.920000000000000000e+02 2.120000000000000000e+02
1.660000000000000000e+02 1.300000000000000000e+01 0.000000000000000000e+00 9.670000000000000000e+02 1.790000000000000000e+02
1.980000000000000000e+02 9.000000000000000000e+00 0.000000000000000000e+00 8.700000000000000000e+02 2.070000000000000000e+02
1.970000000000000000e+02 1.600000000000000000e+01 0.000000000000000000e+00 8.690000000000000000e+02 2.110000000000000000e+02
1.620000000000000000e+02 1.100000000000000000e+01 1.000000000000000000e+00 9.330000000000000000e+02 1.730000000000000000e+02
1.720000000000000000e+02 1.000000000000000000e+01 0.000000000000000000e+00 7.410000000000000000e+02 1.820000000000000000e+02
