1.670000000000000000e+02 7.800000000000000000e+01 1.700000000000000000e+01 1.320000000000000000e+03 2.600000000000000000e+02
1.940000000000000000e+02 7.300000000000000000e+01 2.000000000000000000e+01 1.356000000000000000e+03 2.850000000000000000e+02
1.140000000000000000e+02 9.200000000000000000e+01 2.100000000000000000e+01 1.200000000000000000e+03 2.250000000000000000e+02
1.440000000000000000e+02 1.040000000000000000e+02 2.200000000000000000e+01 1.382000000000000000e+03 2.670000000000000000e+02
1.440000000000000000e+02 8.000000000000000000e+01 1.400000000000000000e+01 1.175000000000000000e+03 2.380000000000000000e+02
1.440000000000000000e+02 9.200000000000000000e+01 1.900000000000000000e+01 1.273000000000000000e+03 2.550000000000000000e+02
1.660000000000000000e+02 7.300000000000000000e+01 1.100000000000000000e+01 9.540000000000000000e+02 2.490000000000000000e+02
1.390000000000000000e+02 8.400000000000000000e+01 1.600000000000000000e+01 1.213000000000000000e+03 2.380000000000000000e+02
1.420000000000000000e+02 8.300000000000000000e+01 2.300000000000000000e+01 1.400000000000000000e+03 2.480000000000000000e+02
1.660000000000000000e+02 8.700000000000000000e+01 1.800000000000000000e+01 1.428000000000000000e+03 2.690000000000000000e+02
1.610000000000000000e+02 8.800000000000000000e+01 1.000000000000000000e+01 1.281000000000000000e+03 2.590000000000000000e+02
1.350000000000000000e+02 6.900000000000000000e+01 2.300000000000000000e+01 1.210000000000000000e+03 2.260000000000000000e+02
1.470000000000000000e+02 8.300000000000000000e+01 1.600000000000000000e+01 1.202000000000000000e+03 2.460000000000000000e+02
1.040000000000000000e+02 8.900000000000000000e+01 2.200000000000000000e+01 1.232000000000000000e+03 2.120000000000000000e+02
1.430000000000000000e+02 1.040000000000000000e+02 1.500000000000000000e+01 1.304000000000000000e+03 2.610000000000000000e+02
1.550000000000000000e+02 7.300000000000000000e+01 1.900000000000000000e+01 1.411000000000000000e+03 2.440000000000000000e+02
1.270000000000000000e+02 9.000000000000000000e+01 1.800000000000000000e+01 1.238000000000000000e+03 2.330000000000000000e+02
1.600000000000000000e+02 8.200000000000000000e+01 1.600000000000000000e+01 1.473000000000000000e+03 2.580000000000000000e+02
1.330000000000000000e+02 8.100000000000000000e+01 2.400000000000000000e+01 1.251000000000000000e+03 2.360000000000000000e+02
1.800000000000000000e+02 9.700000000000000000e+01 1.800000000000000000e+01 1.312000000000000000e+03 2.940000000000000000e+02
1.450000000000000000e+02 9.300000000000000000e+01 2.100000000000000000e+01 1.407000000000000000e+03 2.580000000000000000e+02
1.530000000000000000e+02 7.600000000000000000e+01 1.100000000000000000e+01 1.004000000000000000e+03 2.370000000000000000e+02
1.450000000000000000e+02 9.600000000000000000e+01 1.600000000000000000e+01 1.552000000000000000e+03 2.550000000000000000e+02
1.430000000000000000e+02 7.400000000000000000e+01 1.500000000000000000e+01 1.441000000000000000e+03 2.310000000000000000e+02
1.520000000000000000e+02 1.080000000000000000e+02 1.700000000000000000e+01 1.399000000000000000e+03 2.770000000000000000e+02
1.450000000000000000e+02 8.500000000000000000e+01 1.800000000000000000e+01 1.302000000000000000e+03 2.480000000000000000e+02
1.640000000000000000e+02 9.400000000000000000e+01 2.300000000000000000e+01 1.086000000000000000e+03 2.800000000000000000e+02
1.170000000000000000e+02 8.500000000000000000e+01 1.800000000000000000e+01 1.251000000000000000e+03 2.190000000000000000e+02
1.710000000000000000e+02 7.600000000000000000e+01 1.600000000000000000e+01 1.191000000000000000e+03 2.630000000000000000e+02
1.590000000000000000e+02 8.100000000000000000e+01 1.900000000000000000e+01 1.336000000000000000e+03 2.580000000000000000e+02
1.390000000000000000e+02 1.010000000000000000e+02 2.500000000000000000e+01 1.295000000000000000e+03 2.640000000000000000e+02
1.640000000000000000e+02 8.600000000000000000e+01 1.700000000000000000e+01 1.402000000000000000e+03 2.670000000000000000e+02
1.250000000000000000e+02 9.300000000000000000e+01 2.200000000000000000e+01 1.304000000000000000e+03 2.380000000000000000e+02
1.420000000000000000e+02 9.400000000000000000e+01 1.800000000000000000e+01 1.259000000000000000e+03 2.490000000000000000e+02
1.150000000000000000e+02 9.800000000000000000e+01 2.500000000000000000e+01 1.265000000000000000e+03 2.370000000000000000e+02
1.520000000000000000e+02 9.300000000000000000e+01 1.700000000000000000e+01 1.131000000000000000e+03 2.600000000000000000e+02
1.340000000000000000e+02 8.700000000000000000e+01 2.700000000000000000e+01 1.380000000000000000e+03 2.480000000000000000e+02
1.130000000000000000e+02 7.900000000000000000e+01 1.500000000000000000e+01 1.091000000000000000e+03 2.050000000000000000e+02
1.350000000000000000e+02 7.400000000000000000e+01 9.000000000000000000e+00 1.122000000000000000e+03 2.160000000000000000e+02
1.350000000000000000e+02 7.400000000000000000e+01 1.600000000000000000e+01 1.092000000000000000e+03 2.240000000000000000e+02
1.220000000000000000e+02 8.500000000000000000e+01 1.800000000000000000e+01 1.331000000000000000e+03 2.220000000000000000e+02
1.480000000000000000e+02 7.000000000000000000e+01 1.400000000000000000e+01 1.278000000000000000e+03 2.320000000000000000e+02
1.350000000000000000e+02 9.300000000000000000e+01 2.100000000000000000e+01 1.363000000000000000e+03 2.490000000000000000e+02
1.520000000000000000e+02 7.900000000000000000e+01 1.000000000000000000e+01 1.379000000000000000e+03 2.390000000000000000e+02
1.510000000000000000e+02 1.130000000000000000e+02 1.800000000000000000e+01 1.578000000000000000e+03 2.770000000000000000e+02
1.450000000000000000e+02 7.500000000000000000e+01 1.600000000000000000e+01 1.274000000000000000e+03 2.350000000000000000e+02
1.460000000000000000e+02 9.400000000000000000e+01 2.900000000000000000e+01 1.084000000000000000e+03 2.680000000000000000e+02
1.310000000000000000e+02 8.700000000000000000e+01 2.900000000000000000e+01 1.331000000000000000e+03 2.440000000000000000e+02
1.680000000000000000e+02 1.070000000000000000e+02 1.600000000000000000e+01 1.543000000000000000e+03 2.900000000000000000e+02
1.600000000000000000e+02 1.110000000000000000e+02 1.700000000000000000e+01 1.450000000000000000e+03 2.850000000000000000e+02
1.610000000000000000e+02 8.900000000000000000e+01 1.700000000000000000e+01 1.418000000000000000e+03 2.640000000000000000e+02
1.550000000000000000e+02 9.300000000000000000e+01 2.900000000000000000e+01 1.194000000000000000e+03 2.720000000000000000e+02
1.320000000000000000e+02 1.010000000000000000e+02 1.400000000000000000e+01 1.325000000000000000e+03 2.460000000000000000e+02
1.550000000000000000e+02 8.500000000000000000e+01 1.400000000000000000e+01 1.408000000000000000e+03 2.530000000000000000e+02
1.500000000000000000e+02 1.060000000000000000e+02 2.100000000000000000e+01 1.423000000000000000e+03 2.760000000000000000e+02
1.500000000000000000e+02 9.300000000000000000e+01 2.100000000000000000e+01 1.378000000000000000e+03 2.630000000000000000e+02
1.170000000000000000e+02 9.900000000000000000e+01 1.400000000000000000e+01 1.179000000000000000e+03 2.280000000000000000e+02
1.850000000000000000e+02 1.010000000000000000e+02 2.300000000000000000e+01 1.315000000000000000e+03 3.090000000000000000e+02
1.950000000000000000e+02 6.400000000000000000e+01 1.400000000000000000e+01 1.258000000000000000e+03 2.720000000000000000e+02
1.500000000000000000e+02 8.800000000000000000e+01 1.300000000000000000e+01 1.131000000000000000e+03 2.510000000000000000e+02
1.970000000000000000e+02 9.100000000000000000e+01 1.900000000000000000e+01 1.631000000000000000e+03 3.050000000000000000e+02
1.460000000000000000e+02 8.200000000000000000e+01 1.600000000000000000e+01 1.458000000000000000e+03 2.430000000000000000e+02
1.410000000000000000e+02 9.800000000000000000e+01 2.000000000000000000e+01 1.191000000000000000e+03 2.550000000000000000e+02
1.710000000000000000e+02 8.000000000000000000e+01 1.000000000000000000e+01 1.397000000000000000e+03 2.600000000000000000e+02
1.250000000000000000e+02 8.600000000000000000e+01 1.600000000000000000e+01 1.196000000000000000e+03 2.240000000000000000e+02
1.500000000000000000e+02 8.800000000000000000e+01 2.000000000000000000e+01 1.460000000000000000e+03 2.580000000000000000e+02
1.530000000000000000e+02 8.200000000000000000e+01 1.000000000000000000e+01 1.047000000000000000e+03 2.420000000000000000e+02
1.600000000000000000e+02 9.300000000000000000e+01 1.300000000000000000e+01 1.201000000000000000e+03 2.660000000000000000e+02
1.330000000000000000e+02 8.100000000000000000e+01 2.100000000000000000e+01 1.062000000000000000e+03 2.340000000000000000e+02
1.390000000000000000e+02 7.400000000000000000e+01 1.600000000000000000e+01 1.015000000000000000e+03 2.290000000000000000e+02
1.450000000000000000e+02 8.800000000000000000e+01 2.000000000000000000e+01 1.457000000000000000e+03 2.520000000000000000e+02
1.490000000000000000e+02 7.500000000000000000e+01 1.100000000000000000e+01 1.194000000000000000e+03 2.350000000000000000e+02
1.440000000000000000e+02 8.300000000000000000e+01 1.700000000000000000e+01 1.373000000000000000e+03 2.430000000000000000e+02
1.510000000000000000e+02 8.900000000000000000e+01 1.400000000000000000e+01 1.377000000000000000e+03 2.540000000000000000e+02
1.170000000000000000e+02 7.500000000000000000e+01 1.600000000000000000e+01 8.260000000000000000e+02 2.080000000000000000e+02
1.560000000000000000e+02 7.800000000000000000e+01 1.600000000000000000e+01 1.207000000000000000e+03 2.490000000000000000e+02
1.730000000000000000e+02 9.600000000000000000e+01 1.600000000000000000e+01 1.394000000000000000e+03 2.840000000000000000e+02
1.270000000000000000e+02 8.000000000000000000e+01 1.700000000000000000e+01 1.161000000000000000e+03 2.220000000000000000e+02
1.550000000000000000e+02 9.100000000000000000e+01 1.500000000000000000e+01 1.340000000000000000e+03 2.580000000000000000e+02
1.160000000000000000e+02 8.100000000000000000e+01 1.400000000000000000e+01 8.210000000000000000e+02 2.110000000000000000e+02
1.440000000000000000e+02 8.500000000000000000e+01 2.300000000000000000e+01 1.261000000000000000e+03 2.460000000000000000e+02
1.500000000000000000e+02 1.370000000000000000e+02 2.600000000000000000e+01 1.393000000000000000e+03 3.080000000000000000e+02
1.540000000000000000e+02 1.090000000000000000e+02 2.400000000000000000e+01 1.373000000000000000e+03 2.860000000000000000e+02
1.770000000000000000e+02 7.100000000000000000e+01 1.400000000000000000e+01 1.232000000000000000e+03 2.620000000000000000e+02
1.540000000000000000e+02 9.700000000000000000e+01 2.400000000000000000e+01 1.355000000000000000e+03 2.720000000000000000e+02
1.840000000000000000e+02 7.700000000000000000e+01 1.000000000000000000e+01 1.374000000000000000e+03 2.680000000000000000e+02
1.150000000000000000e+02 9.600000000000000000e+01 3.000000000000000000e+01 1.361000000000000000e+03 2.400000000000000000e+02
1.380000000000000000e+02 9.100000000000000000e+01 1.600000000000000000e+01 1.358000000000000000e+03 2.440000000000000000e+02
1.330000000000000000e+02 9.000000000000000000e+01 1.400000000000000000e+01 1.199000000000000000e+03 2.350000000000000000e+02
1.300000000000000000e+02 9.200000000000000000e+01 1.800000000000000000e+01 1.289000000000000000e+03 2.380000000000000000e+02
1.580000000000000000e+02 9.000000000000000000e+01 1.700000000000000000e+01 1.481000000000000000e+03 2.630000000000000000e+02
1.470000000000000000e+02 6.800000000000000000e+01 1.400000000000000000e+01 1.294000000000000000e+03 2.250000000000000000e+02
1.700000000000000000e+02 7.900000000000000000e+01 1.100000000000000000e+01 1.305000000000000000e+03 2.580000000000000000e+02
1.700000000000000000e+02 7.600000000000000000e+01 1.300000000000000000e+01 1.416000000000000000e+03 2.550000000000000000e+02
1.760000000000000000e+02 8.300000000000000000e+01 1.200000000000000000e+01 1.402000000000000000e+03 2.700000000000000000e+02
1.680000000000000000e+02 1.110000000000000000e+02 2.500000000000000000e+01 1.400000000000000000e+03 3.010000000000000000e+02
1.670000000000000000e+02 8.400000000000000000e+01 2.500000000000000000e+01 1.456000000000000000e+03 2.750000000000000000e+02
1.380000000000000000e+02 9.900000000000000000e+01 1.500000000000000000e+01 1.351000000000000000e+03 2.500000000000000000e+02
1.180000000000000000e+02 9.900000000000000000e+01 2.300000000000000000e+01 1.240000000000000000e+03 2.350000000000000000e+02
1.760000000000000000e+02 8.900000000000000000e+01 1.200000000000000000e+01 1.296000000000000000e+03 2.760000000000000000e+02
1.580000000000000000e+02 8.300000000000000000e+01 2.400000000000000000e+01 1.181000000000000000e+03 2.620000000000000000e+02
1.600000000000000000e+02 7.700000000000000000e+01 1.600000000000000000e+01 1.405000000000000000e+03 2.510000000000000000e+02
1.340000000000000000e+02 1.030000000000000000e+02 1.900000000000000000e+01 1.401000000000000000e+03 2.540000000000000000e+02
1.620000000000000000e+02 7.200000000000000000e+01 1.500000000000000000e+01 1.356000000000000000e+03 2.460000000000000000e+02
1.620000000000000000e+02 9.300000000000000000e+01 1.800000000000000000e+01 1.541000000000000000e+03 2.730000000000000000e+02
1.650000000000000000e+02 8.200000000000000000e+01 1.900000000000000000e+01 1.298000000000000000e+03 2.650000000000000000e+02
1.620000000000000000e+02 9.300000000000000000e+01 2.300000000000000000e+01 1.203000000000000000e+03 2.770000000000000000e+02
1.470000000000000000e+02 7.500000000000000000e+01 2.100000000000000000e+01 1.005000000000000000e+03 2.430000000000000000e+02
1.400000000000000000e+02 9.400000000000000000e+01 1.800000000000000000e+01 1.248000000000000000e+03 2.520000000000000000e+02
1.140000000000000000e+02 9.100000000000000000e+01 1.900000000000000000e+01 1.043000000000000000e+03 2.240000000000000000e+02
1.800000000000000000e+02 8.300000000000000000e+01 2.300000000000000000e+01 1.592000000000000000e+03 2.860000000000000000e+02
1.810000000000000000e+02 8.600000000000000000e+01 1.700000000000000000e+01 1.381000000000000000e+03 2.820000000000000000e+02
1.760000000000000000e+02 1.120000000000000000e+02 2.500000000000000000e+01 1.643000000000000000e+03 3.120000000000000000e+02
1.140000000000000000e+02 7.700000000000000000e+01 2.300000000000000000e+01 1.192000000000000000e+03 2.120000000000000000e+02
1.350000000000000000e+02 7.400000000000000000e+01 1.300000000000000000e+01 8.710000000000000000e+02 2.220000000000000000e+02
1.680000000000000000e+02 7.900000000000000000e+01 2.400000000000000000e+01 1.307000000000000000e+03 2.710000000000000000e+02
1.470000000000000000e+02 8.700000000000000000e+01 1.900000000000000000e+01 1.296000000000000000e+03 2.490000000000000000e+02
1.490000000000000000e+02 9.100000000000000000e+01 1.900000000000000000e+01 1.494000000000000000e+03 2.570000000000000000e+02
1.060000000000000000e+02 8.800000000000000000e+01 1.600000000000000000e+01 1.233000000000000000e+03 2.090000000000000000e+02
1.490000000000000000e+02 9.500000000000000000e+01 1.200000000000000000e+01 1.349000000000000000e+03 2.560000000000000000e+02
1.740000000000000000e+02 8.400000000000000000e+01 1.500000000000000000e+01 1.280000000000000000e+03 2.720000000000000000e+02
1.690000000000000000e+02 9.600000000000000000e+01 2.000000000000000000e+01 1.563000000000000000e+03 2.830000000000000000e+02
1.490000000000000000e+02 8.100000000000000000e+01 1.500000000000000000e+01 1.083000000000000000e+03 2.450000000000000000e+02
1.730000000000000000e+02 7.700000000000000000e+01 1.200000000000000000e+01 1.473000000000000000e+03 2.590000000000000000e+02
9.800000000000000000e+01 8.500000000000000000e+01 1.800000000000000000e+01 1.226000000000000000e+03 1.990000000000000000e+02
1.420000000000000000e+02 8.300000000000000000e+01 1.500000000000000000e+01 1.328000000000000000e+03 2.390000000000000000e+02
1.580000000000000000e+02 1.010000000000000000e+02 2.000000000000000000e+01 1.422000000000000000e+03 2.790000000000000000e+02
9.800000000000000000e+01 8.700000000000000000e+01 2.400000000000000000e+01 1.151000000000000000e+03 2.070000000000000000e+02
1.310000000000000000e+02 1.000000000000000000e+02 1.900000000000000000e+01 1.540000000000000000e+03 2.470000000000000000e+02
1.590000000000000000e+02 8.400000000000000000e+01 1.000000000000000000e+01 1.222000000000000000e+03 2.530000000000000000e+02
1.360000000000000000e+02 8.900000000000000000e+01 2.000000000000000000e+01 1.152000000000000000e+03 2.440000000000000000e+02
1.180000000000000000e+02 1.070000000000000000e+02 1.800000000000000000e+01 1.188000000000000000e+03 2.430000000000000000e+02
1.300000000000000000e+02 1.080000000000000000e+02 1.800000000000000000e+01 1.182000000000000000e+03 2.540000000000000000e+02
1.430000000000000000e+02 7.400000000000000000e+01 1.600000000000000000e+01 9.400000000000000000e+02 2.330000000000000000e+02
1.500000000000000000e+02 9.200000000000000000e+01 2.700000000000000000e+01 1.327000000000000000e+03 2.690000000000000000e+02
1.250000000000000000e+02 1.010000000000000000e+02 1.700000000000000000e+01 1.178000000000000000e+03 2.420000000000000000e+02
1.300000000000000000e+02 8.400000000000000000e+01 1.300000000000000000e+01 1.284000000000000000e+03 2.260000000000000000e+02
1.750000000000000000e+02 8.000000000000000000e+01 2.100000000000000000e+01 1.428000000000000000e+03 2.750000000000000000e+02
1.240000000000000000e+02 8.000000000000000000e+01 1.800000000000000000e+01 1.355000000000000000e+03 2.210000000000000000e+02
1.550000000000000000e+02 7.900000000000000000e+01 2.000000000000000000e+01 1.365000000000000000e+03 2.510000000000000000e+02
1.560000000000000000e+02 9.100000000000000000e+01 1.800000000000000000e+01 1.469000000000000000e+03 2.650000000000000000e+02
1.350000000000000000e+02 8.700000000000000000e+01 1.800000000000000000e+01 1.243000000000000000e+03 2.370000000000000000e+02
1.690000000000000000e+02 9.300000000000000000e+01 1.900000000000000000e+01 1.537000000000000000e+03 2.790000000000000000e+02
1.510000000000000000e+02 1.040000000000000000e+02 2.200000000000000000e+01 1.243000000000000000e+03 2.750000000000000000e+02
1.550000000000000000e+02 9.400000000000000000e+01 1.400000000000000000e+01 1.366000000000000000e+03 2.620000000000000000e+02
1.480000000000000000e+02 9.000000000000000000e+01 1.900000000000000000e+01 1.290000000000000000e+03 2.570000000000000000e+02
1.600000000000000000e+02 8.500000000000000000e+01 2.100000000000000000e+01 1.401000000000000000e+03 2.660000000000000000e+02
1.230000000000000000e+02 8.400000000000000000e+01 2.700000000000000000e+01 1.026000000000000000e+03 2.340000000000000000e+02
1.560000000000000000e+02 8.500000000000000000e+01 1.500000000000000000e+01 1.153000000000000000e+03 2.560000000000000000e+02
1.370000000000000000e+02 9.300000000000000000e+01 2.000000000000000000e+01 1.349000000000000000e+03 2.470000000000000000e+02
1.560000000000000000e+02 9.400000000000000000e+01 1.800000000000000000e+01 1.424000000000000000e+03 2.680000000000000000e+02
1.370000000000000000e+02 1.070000000000000000e+02 2.200000000000000000e+01 1.503000000000000000e+03 2.630000000000000000e+02
1.660000000000000000e+02 8.400000000000000000e+01 1.400000000000000000e+01 1.298000000000000000e+03 2.620000000000000000e+02
1.680000000000000000e+02 9.500000000000000000e+01 1.700000000000000000e+01 1.277000000000000000e+03 2.800000000000000000e+02
1.780000000000000000e+02 8.200000000000000000e+01 2.700000000000000000e+01 1.345000000000000000e+03 2.860000000000000000e+02
1.390000000000000000e+02 8.400000000000000000e+01 1.500000000000000000e+01 1.330000000000000000e+03 2.380000000000000000e+02
1.360000000000000000e+02 9.000000000000000000e+01 1.000000000000000000e+01 1.183000000000000000e+03 2.330000000000000000e+02
1.480000000000000000e+02 1.150000000000000000e+02 2.200000000000000000e+01 1.397000000000000000e+03 2.830000000000000000e+02
1.370000000000000000e+02 1.010000000000000000e+02 1.900000000000000000e+01 1.344000000000000000e+03 2.570000000000000000e+02
1.530000000000000000e+02 9.300000000000000000e+01 2.200000000000000000e+01 1.439000000000000000e+03 2.670000000000000000e+02
1.160000000000000000e+02 1.030000000000000000e+02 2.600000000000000000e+01 1.295000000000000000e+03 2.450000000000000000e+02
1.310000000000000000e+02 1.020000000000000000e+02 2.100000000000000000e+01 1.485000000000000000e+03 2.540000000000000000e+02
1.290000000000000000e+02 8.500000000000000000e+01 1.200000000000000000e+01 1.070000000000000000e+03 2.260000000000000000e+02
1.700000000000000000e+02 7.900000000000000000e+01 2.100000000000000000e+01 1.345000000000000000e+03 2.700000000000000000e+02
1.470000000000000000e+02 9.300000000000000000e+01 1.900000000000000000e+01 1.275000000000000000e+03 2.570000000000000000e+02
1.680000000000000000e+02 8.000000000000000000e+01 1.400000000000000000e+01 1.303000000000000000e+03 2.590000000000000000e+02
1.320000000000000000e+02 8.500000000000000000e+01 2.000000000000000000e+01 1.479000000000000000e+03 2.360000000000000000e+02
1.650000000000000000e+02 1.090000000000000000e+02 2.700000000000000000e+01 1.288000000000000000e+03 3.000000000000000000e+02
1.210000000000000000e+02 9.400000000000000000e+01 2.600000000000000000e+01 1.299000000000000000e+03 2.400000000000000000e+02
1.560000000000000000e+02 8.400000000000000000e+01 1.300000000000000000e+01 1.345000000000000000e+03 2.480000000000000000e+02
1.540000000000000000e+02 8.300000000000000000e+01 1.500000000000000000e+01 1.243000000000000000e+03 2.510000000000000000e+02
1.210000000000000000e+02 8.600000000000000000e+01 1.700000000000000000e+01 1.290000000000000000e+03 2.230000000000000000e+02
1.300000000000000000e+02 8.700000000000000000e+01 2.500000000000000000e+01 1.250000000000000000e+03 2.410000000000000000e+02
1.490000000000000000e+02 7.700000000000000000e+01 1.800000000000000000e+01 1.063000000000000000e+03 2.420000000000000000e+02
1.060000000000000000e+02 9.400000000000000000e+01 3.000000000000000000e+01 1.320000000000000000e+03 2.300000000000000000e+02
1.460000000000000000e+02 8.200000000000000000e+01 1.600000000000000000e+01 1.117000000000000000e+03 2.420000000000000000e+02
1.410000000000000000e+02 9.600000000000000000e+01 2.000000000000000000e+01 1.362000000000000000e+03 2.570000000000000000e+02
1.830000000000000000e+02 1.220000000000000000e+02 1.800000000000000000e+01 1.462000000000000000e+03 3.170000000000000000e+02
1.390000000000000000e+02 8.600000000000000000e+01 1.800000000000000000e+01 1.136000000000000000e+03 2.410000000000000000e+02
1.680000000000000000e+02 9.400000000000000000e+01 2.300000000000000000e+01 1.330000000000000000e+03 2.850000000000000000e+02
1.180000000000000000e+02 6.300000000000000000e+01 1.000000000000000000e+01 5.270000000000000000e+02 1.890000000000000000e+02
1.950000000000000000e+02 7.900000000000000000e+01 1.900000000000000000e+01 1.427000000000000000e+03 2.910000000000000000e+02
1.230000000000000000e+02 8.100000000000000000e+01 1.500000000000000000e+01 1.076000000000000000e+03 2.150000000000000000e+02
1.380000000000000000e+02 1.080000000000000000e+02 2.100000000000000000e+01 1.562000000000000000e+03 2.660000000000000000e+02
1.510000000000000000e+02 8.400000000000000000e+01 1.700000000000000000e+01 1.241000000000000000e+03 2.490000000000000000e+02
1.430000000000000000e+02 7.900000000000000000e+01 2.100000000000000000e+01 1.293000000000000000e+03 2.380000000000000000e+02
1.670000000000000000e+02 8.900000000000000000e+01 1.800000000000000000e+01 1.393000000000000000e+03 2.740000000000000000e+02
1.290000000000000000e+02 9.000000000000000000e+01 2.100000000000000000e+01 1.312000000000000000e+03 2.380000000000000000e+02
1.260000000000000000e+02 8.400000000000000000e+01 1.600000000000000000e+01 1.087000000000000000e+03 2.210000000000000000e+02
1.320000000000000000e+02 1.080000000000000000e+02 2.100000000000000000e+01 1.396000000000000000e+03 2.610000000000000000e+02
1.400000000000000000e+02 9.900000000000000000e+01 2.100000000000000000e+01 1.292000000000000000e+03 2.580000000000000000e+02
1.780000000000000000e+02 9.000000000000000000e+01 1.600000000000000000e+01 1.384000000000000000e+03 2.820000000000000000e+02
1.480000000000000000e+02 9.300000000000000000e+01 1.800000000000000000e+01 1.431000000000000000e+03 2.580000000000000000e+02
1.620000000000000000e+02 9.200000000000000000e+01 1.900000000000000000e+01 1.511000000000000000e+03 2.730000000000000000e+02
1.710000000000000000e+02 7.700000000000000000e+01 1.800000000000000000e+01 1.467000000000000000e+03 2.640000000000000000e+02
1.140000000000000000e+02 7.900000000000000000e+01 1.700000000000000000e+01 1.138000000000000000e+03 2.100000000000000000e+02
1.380000000000000000e+02 9.700000000000000000e+01 2.600000000000000000e+01 1.274000000000000000e+03 2.610000000000000000e+02
1.480000000000000000e+02 8.700000000000000000e+01 1.400000000000000000e+01 1.263000000000000000e+03 2.460000000000000000e+02
1.360000000000000000e+02 9.800000000000000000e+01 2.700000000000000000e+01 1.179000000000000000e+03 2.590000000000000000e+02
1.840000000000000000e+02 8.500000000000000000e+01 1.100000000000000000e+01 1.361000000000000000e+03 2.800000000000000000e+02
1.630000000000000000e+02 8.800000000000000000e+01 1.700000000000000000e+01 1.300000000000000000e+03 2.660000000000000000e+02
1.470000000000000000e+02 9.000000000000000000e+01 2.200000000000000000e+01 1.220000000000000000e+03 2.560000000000000000e+02
1.440000000000000000e+02 1.000000000000000000e+02 2.300000000000000000e+01 1.377000000000000000e+03 2.660000000000000000e+02
1.150000000000000000e+02 9.000000000000000000e+01 2.300000000000000000e+01 1.225000000000000000e+03 2.230000000000000000e+02
1.440000000000000000e+02 7.900000000000000000e+01 1.100000000000000000e+01 1.405000000000000000e+03 2.330000000000000000e+02
1.100000000000000000e+02 9.500000000000000000e+01 2.500000000000000000e+01 1.369000000000000000e+03 2.280000000000000000e+02
1.590000000000000000e+02 9.400000000000000000e+01 2.600000000000000000e+01 1.493000000000000000e+03 2.770000000000000000e+02
1.110000000000000000e+02 9.000000000000000000e+01 1.200000000000000000e+01 1.359000000000000000e+03 2.130000000000000000e+02
1.570000000000000000e+02 9.100000000000000000e+01 2.600000000000000000e+01 1.414000000000000000e+03 2.720000000000000000e+02
1.480000000000000000e+02 9.500000000000000000e+01 2.200000000000000000e+01 1.478000000000000000e+03 2.640000000000000000e+02
1.410000000000000000e+02 8.800000000000000000e+01 2.100000000000000000e+01 1.345000000000000000e+03 2.500000000000000000e+02
1.460000000000000000e+02 9.300000000000000000e+01 1.200000000000000000e+01 1.406000000000000000e+03 2.490000000000000000e+02
1.610000000000000000e+02 8.500000000000000000e+01 1.400000000000000000e+01 1.268000000000000000e+03 2.560000000000000000e+02
1.560000000000000000e+02 7.300000000000000000e+01 1.700000000000000000e+01 1.236000000000000000e+03 2.450000000000000000e+02
1.780000000000000000e+02 8.800000000000000000e+01 1.500000000000000000e+01 1.369000000000000000e+03 2.810000000000000000e+02
1.460000000000000000e+02 9.000000000000000000e+01 1.700000000000000000e+01 1.311000000000000000e+03 2.500000000000000000e+02
1.490000000000000000e+02 7.900000000000000000e+01 1.700000000000000000e+01 1.285000000000000000e+03 2.420000000000000000e+02
1.490000000000000000e+02 1.020000000000000000e+02 1.900000000000000000e+01 1.470000000000000000e+03 2.680000000000000000e+02
1.520000000000000000e+02 8.600000000000000000e+01 2.700000000000000000e+01 1.327000000000000000e+03 2.640000000000000000e+02
1.910000000000000000e+02 7.500000000000000000e+01 1.500000000000000000e+01 1.382000000000000000e+03 2.810000000000000000e+02
1.360000000000000000e+02 8.300000000000000000e+01 1.700000000000000000e+01 1.168000000000000000e+03 2.340000000000000000e+02
1.340000000000000000e+02 1.010000000000000000e+02 2.100000000000000000e+01 1.339000000000000000e+03 2.540000000000000000e+02
1.610000000000000000e+02 8.900000000000000000e+01 2.400000000000000000e+01 1.395000000000000000e+03 2.710000000000000000e+02
1.760000000000000000e+02 8.500000000000000000e+01 2.000000000000000000e+01 1.250000000000000000e+03 2.810000000000000000e+02
1.660000000000000000e+02 9.000000000000000000e+01 2.000000000000000000e+01 1.401000000000000000e+03 2.750000000000000000e+02
1.070000000000000000e+02 1.040000000000000000e+02 2.700000000000000000e+01 9.750000000000000000e+02 2.370000000000000000e+02
1.450000000000000000e+02 9.300000000000000000e+01 9.000000000000000000e+00 1.264000000000000000e+03 2.440000000000000000e+02
1.730000000000000000e+02 8.900000000000000000e+01 1.800000000000000000e+01 1.363000000000000000e+03 2.790000000000000000e+02
1.590000000000000000e+02 8.500000000000000000e+01 1.800000000000000000e+01 1.342000000000000000e+03 2.620000000000000000e+02
1.300000000000000000e+02 1.050000000000000000e+02 1.800000000000000000e+01 1.271000000000000000e+03 2.520000000000000000e+02
1.380000000000000000e+02 8.000000000000000000e+01 1.900000000000000000e+01 1.192000000000000000e+03 2.370000000000000000e+02
1.770000000000000000e+02 8.800000000000000000e+01 1.700000000000000000e+01 1.465000000000000000e+03 2.770000000000000000e+02
1.620000000000000000e+02 9.500000000000000000e+01 1.700000000000000000e+01 1.355000000000000000e+03 2.720000000000000000e+02
1.290000000000000000e+02 1.000000000000000000e+02 2.600000000000000000e+01 1.315000000000000000e+03 2.520000000000000000e+02
1.750000000000000000e+02 1.150000000000000000e+02 1.600000000000000000e+01 1.417000000000000000e+03 3.060000000000000000e+02
1.710000000000000000e+02 7.700000000000000000e+01 1.000000000000000000e+01 1.317000000000000000e+03 2.570000000000000000e+02
1.370000000000000000e+02 7.600000000000000000e+01 1.500000000000000000e+01 1.232000000000000000e+03 2.270000000000000000e+02
1.450000000000000000e+02 9.700000000000000000e+01 1.200000000000000000e+01 1.271000000000000000e+03 2.530000000000000000e+02
1.300000000000000000e+02 1.080000000000000000e+02 2.200000000000000000e+01 1.360000000000000000e+03 2.590000000000000000e+02
1.620000000000000000e+02 8.700000000000000000e+01 1.500000000000000000e+01 1.329000000000000000e+03 2.630000000000000000e+02
1.270000000000000000e+02 9.700000000000000000e+01 1.900000000000000000e+01 1.124000000000000000e+03 2.430000000000000000e+02
1.440000000000000000e+02 8.900000000000000000e+01 1.600000000000000000e+01 1.239000000000000000e+03 2.490000000000000000e+02
1.520000000000000000e+02 1.070000000000000000e+02 2.600000000000000000e+01 1.574000000000000000e+03 2.840000000000000000e+02
1.800000000000000000e+02 1.030000000000000000e+02 2.500000000000000000e+01 1.468000000000000000e+03 3.070000000000000000e+02
1.450000000000000000e+02 9.900000000000000000e+01 2.200000000000000000e+01 1.369000000000000000e+03 2.660000000000000000e+02
1.200000000000000000e+02 9.100000000000000000e+01 1.400000000000000000e+01 1.261000000000000000e+03 2.250000000000000000e+02
1.690000000000000000e+02 7.700000000000000000e+01 1.500000000000000000e+01 1.476000000000000000e+03 2.610000000000000000e+02
1.650000000000000000e+02 9.800000000000000000e+01 2.000000000000000000e+01 1.209000000000000000e+03 2.830000000000000000e+02
1.420000000000000000e+02 8.700000000000000000e+01 2.000000000000000000e+01 1.456000000000000000e+03 2.490000000000000000e+02
1.480000000000000000e+02 9.200000000000000000e+01 1.600000000000000000e+01 1.370000000000000000e+03 2.550000000000000000e+02
