1.210000000000000000e+02 4.600000000000000000e+01 5.000000000000000000e+00 1.389000000000000000e+03 1.710000000000000000e+02
1.300000000000000000e+02 5.200000000000000000e+01 9.000000000000000000e+00 1.396000000000000000e+03 1.900000000000000000e+02
1.360000000000000000e+02 4.000000000000000000e+01 6.000000000000000000e+00 1.200000000000000000e+03 1.770000000000000000e+02
1.240000000000000000e+02 4.400000000000000000e+01 9.000000000000000000e+00 1.373000000000000000e+03 1.760000000000000000e+02
1.430000000000000000e+02 5.900000000000000000e+01 4.000000000000000000e+00 1.416000000000000000e+03 2.060000000000000000e+02
1.470000000000000000e+02 4.700000000000000000e+01 4.000000000000000000e+00 1.422000000000000000e+03 1.950000000000000000e+02
1.150000000000000000e+02 5.900000000000000000e+01 3.000000000000000000e+00 1.318000000000000000e+03 1.730000000000000000e+02
1.270000000000000000e+02 4.100000000000000000e+01 4.000000000000000000e+00 1.341000000000000000e+03 1.670000000000000000e+02
1.220000000000000000e+02 4.100000000000000000e+01 6.000000000000000000e+00 1.320000000000000000e+03 1.670000000000000000e+02
1.110000000000000000e+02 6.200000000000000000e+01 3.000000000000000000e+00 1.429000000000000000e+03 1.760000000000000000e+02
1.280000000000000000e+02 4.500000000000000000e+01 1.000000000000000000e+00 1.168000000000000000e+03 1.700000000000000000e+02
1.350000000000000000e+02 6.200000000000000000e+01 3.000000000000000000e+00 1.322000000000000000e+03 1.970000000000000000e+02
1.300000000000000000e+02 4.800000000000000000e+01 3.000000000000000000e+00 1.289000000000000000e+03 1.810000000000000000e+02
1.460000000000000000e+02 5.200000000000000000e+01 3.000000000000000000e+00 1.397000000000000000e+03 1.970000000000000000e+02
1.410000000000000000e+02 4.700000000000000000e+01 0.000000000000000000e+00 1.398000000000000000e+03 1.850000000000000000e+02
1.050000000000000000e+02 5.100000000000000000e+01 3.000000000000000000e+00 1.270000000000000000e+03 1.550000000000000000e+02
1.140000000000000000e+02 5.200000000000000000e+01 3.000000000000000000e+00 1.197000000000000000e+03 1.690000000000000000e+02
1.370000000000000000e+02 4.400000000000000000e+01 2.000000000000000000e+00 1.237000000000000000e+03 1.810000000000000000e+02
1.380000000000000000e+02 3.500000000000000000e+01 2.000000000000000000e+00 1.352000000000000000e+03 1.700000000000000000e+02
1.030000000000000000e+02 5.300000000000000000e+01 7.000000000000000000e+00 1.404000000000000000e+03 1.590000000000000000e+02
1.020000000000000000e+02 2.800000000000000000e+01 4.000000000000000000e+00 1.292000000000000000e+03 1.290000000000000000e+02
9.500000000000000000e+01 4.300000000000000000e+01 5.000000000000000000e+00 1.223000000000000000e+03 1.400000000000000000e+02
1.260000000000000000e+02 3.900000000000000000e+01 1.000000000000000000e+00 1.375000000000000000e+03 1.640000000000000000e+02
1.360000000000000000e+02 4.900000000000000000e+01 5.000000000000000000e+00 1.331000000000000000e+03 1.870000000000000000e+02
1.380000000000000000e+02 3.300000000000000000e+01 1.000000000000000000e+00 1.120000000000000000e+03 1.710000000000000000e+02
1.290000000000000000e+02 4.000000000000000000e+01 3.000000000000000000e+00 1.353000000000000000e+03 1.700000000000000000e+02
1.490000000000000000e+02 5.000000000000000000e+01 7.000000000000000000e+00 1.549000000000000000e+03 1.990000000000000000e+02
1.550000000000000000e+02 4.900000000000000000e+01 1.000000000000000000e+01 1.316000000000000000e+03 2.130000000000000000e+02
1.350000000000000000e+02 4.000000000000000000e+01 3.000000000000000000e+00 1.525000000000000000e+03 1.780000000000000000e+02
1.320000000000000000e+02 5.200000000000000000e+01 8.000000000000000000e+00 1.226000000000000000e+03 1.890000000000000000e+02
1.310000000000000000e+02 5.900000000000000000e+01 3.000000000000000000e+00 1.433000000000000000e+03 1.920000000000000000e+02
1.210000000000000000e+02 4.900000000000000000e+01 3.000000000000000000e+00 1.492000000000000000e+03 1.700000000000000000e+02
1.320000000000000000e+02 5.800000000000000000e+01 5.000000000000000000e+00 1.563000000000000000e+03 1.910000000000000000e+02
1.210000000000000000e+02 4.400000000000000000e+01 0.000000000000000000e+00 1.137000000000000000e+03 1.630000000000000000e+02
1.290000000000000000e+02 4.300000000000000000e+01 1.000000000000000000e+00 1.548000000000000000e+03 1.710000000000000000e+02
1.550000000000000000e+02 5.000000000000000000e+01 3.000000000000000000e+00 1.445000000000000000e+03 2.000000000000000000e+02
1.210000000000000000e+02 4.700000000000000000e+01 3.000000000000000000e+00 1.304000000000000000e+03 1.700000000000000000e+02
1.470000000000000000e+02 4.100000000000000000e+01 6.000000000000000000e+00 1.352000000000000000e+03 1.940000000000000000e+02
1.350000000000000000e+02 5.600000000000000000e+01 5.000000000000000000e+00 1.411000000000000000e+03 1.960000000000000000e+02
1.580000000000000000e+02 4.900000000000000000e+01 3.000000000000000000e+00 1.416000000000000000e+03 2.100000000000000000e+02
1.360000000000000000e+02 6.200000000000000000e+01 7.000000000000000000e+00 1.352000000000000000e+03 2.040000000000000000e+02
1.390000000000000000e+02 4.600000000000000000e+01 2.000000000000000000e+00 1.182000000000000000e+03 1.860000000000000000e+02
1.400000000000000000e+02 4.600000000000000000e+01 3.000000000000000000e+00 1.394000000000000000e+03 1.860000000000000000e+02
1.140000000000000000e+02 4.900000000000000000e+01 4.000000000000000000e+00 1.412000000000000000e+03 1.660000000000000000e+02
1.310000000000000000e+02 6.000000000000000000e+01 5.000000000000000000e+00 1.349000000000000000e+03 1.940000000000000000e+02
1.370000000000000000e+02 5.600000000000000000e+01 4.000000000000000000e+00 1.337000000000000000e+03 1.960000000000000000e+02
1.370000000000000000e+02 4.400000000000000000e+01 5.000000000000000000e+00 1.395000000000000000e+03 1.840000000000000000e+02
1.230000000000000000e+02 4.100000000000000000e+01 4.000000000000000000e+00 1.290000000000000000e+03 1.670000000000000000e+02
1.190000000000000000e+02 4.200000000000000000e+01 3.000000000000000000e+00 1.279000000000000000e+03 1.620000000000000000e+02
1.510000000000000000e+02 5.800000000000000000e+01 5.000000000000000000e+00 1.294000000000000000e+03 2.130000000000000000e+02
1.490000000000000000e+02 5.400000000000000000e+01 3.000000000000000000e+00 1.583000000000000000e+03 2.040000000000000000e+02
1.510000000000000000e+02 4.100000000000000000e+01 3.000000000000000000e+00 1.350000000000000000e+03 1.910000000000000000e+02
1.280000000000000000e+02 4.600000000000000000e+01 2.000000000000000000e+00 1.228000000000000000e+03 1.750000000000000000e+02
1.330000000000000000e+02 3.500000000000000000e+01 6.000000000000000000e+00 1.262000000000000000e+03 1.730000000000000000e+02
1.680000000000000000e+02 2.800000000000000000e+01 1.000000000000000000e+00 1.415000000000000000e+03 1.950000000000000000e+02
1.190000000000000000e+02 4.500000000000000000e+01 4.000000000000000000e+00 1.210000000000000000e+03 1.630000000000000000e+02
1.450000000000000000e+02 5.100000000000000000e+01 5.000000000000000000e+00 1.433000000000000000e+03 2.000000000000000000e+02
1.090000000000000000e+02 4.000000000000000000e+01 3.000000000000000000e+00 1.281000000000000000e+03 1.460000000000000000e+02
1.330000000000000000e+02 4.600000000000000000e+01 5.000000000000000000e+00 1.529000000000000000e+03 1.830000000000000000e+02
1.390000000000000000e+02 3.600000000000000000e+01 2.000000000000000000e+00 1.286000000000000000e+03 1.760000000000000000e+02
1.360000000000000000e+02 3.500000000000000000e+01 3.000000000000000000e+00 1.023000000000000000e+03 1.740000000000000000e+02
1.470000000000000000e+02 2.600000000000000000e+01 3.000000000000000000e+00 1.609000000000000000e+03 1.710000000000000000e+02
1.440000000000000000e+02 4.000000000000000000e+01 0.000000000000000000e+00 1.285000000000000000e+03 1.840000000000000000e+02
1.350000000000000000e+02 6.500000000000000000e+01 6.000000000000000000e+00 1.420000000000000000e+03 2.020000000000000000e+02
1.470000000000000000e+02 5.400000000000000000e+01 7.000000000000000000e+00 1.603000000000000000e+03 2.010000000000000000e+02
1.210000000000000000e+02 5.000000000000000000e+01 1.000000000000000000e+00 1.042000000000000000e+03 1.710000000000000000e+02
1.310000000000000000e+02 4.200000000000000000e+01 5.000000000000000000e+00 1.245000000000000000e+03 1.770000000000000000e+02
1.370000000000000000e+02 4.000000000000000000e+01 2.000000000000000000e+00 1.218000000000000000e+03 1.770000000000000000e+02
1.410000000000000000e+02 4.200000000000000000e+01 4.000000000000000000e+00 1.350000000000000000e+03 1.830000000000000000e+02
1.350000000000000000e+02 5.800000000000000000e+01 3.000000000000000000e+00 1.477000000000000000e+03 1.930000000000000000e+02
1.360000000000000000e+02 4.600000000000000000e+01 5.000000000000000000e+00 1.489000000000000000e+03 1.850000000000000000e+02
1.460000000000000000e+02 3.900000000000000000e+01 3.000000000000000000e+00 1.362000000000000000e+03 1.860000000000000000e+02
1.340000000000000000e+02 3.600000000000000000e+01 5.000000000000000000e+00 1.237000000000000000e+03 1.740000000000000000e+02
1.720000000000000000e+02 3.500000000000000000e+01 3.000000000000000000e+00 1.449000000000000000e+03 2.040000000000000000e+02
1.020000000000000000e+02 3.800000000000000000e+01 2.000000000000000000e+00 1.228000000000000000e+03 1.380000000000000000e+02
1.260000000000000000e+02 4.600000000000000000e+01 3.000000000000000000e+00 1.258000000000000000e+03 1.750000000000000000e+02
1.240000000000000000e+02 5.200000000000000000e+01 3.000000000000000000e+00 1.149000000000000000e+03 1.780000000000000000e+02
1.280000000000000000e+02 5.100000000000000000e+01 3.000000000000000000e+00 1.306000000000000000e+03 1.800000000000000000e+02
1.400000000000000000e+02 3.400000000000000000e+01 2.000000000000000000e+00 1.368000000000000000e+03 1.740000000000000000e+02
1.160000000000000000e+02 4.700000000000000000e+01 7.000000000000000000e+00 1.341000000000000000e+03 1.690000000000000000e+02
1.330000000000000000e+02 3.300000000000000000e+01 3.000000000000000000e+00 1.357000000000000000e+03 1.670000000000000000e+02
1.260000000000000000e+02 5.700000000000000000e+01 6.000000000000000000e+00 1.363000000000000000e+03 1.830000000000000000e+02
1.450000000000000000e+02 6.400000000000000000e+01 6.000000000000000000e+00 1.563000000000000000e+03 2.110000000000000000e+02
1.410000000000000000e+02 4.600000000000000000e+01 6.000000000000000000e+00 1.388000000000000000e+03 1.890000000000000000e+02
1.490000000000000000e+02 5.400000000000000000e+01 5.000000000000000000e+00 1.361000000000000000e+03 2.080000000000000000e+02
1.410000000000000000e+02 5.200000000000000000e+01 4.000000000000000000e+00 1.369000000000000000e+03 1.960000000000000000e+02
1.350000000000000000e+02 4.600000000000000000e+01 3.000000000000000000e+00 1.213000000000000000e+03 1.830000000000000000e+02
1.270000000000000000e+02 3.600000000000000000e+01 5.000000000000000000e+00 1.398000000000000000e+03 1.670000000000000000e+02
1.450000000000000000e+02 5.700000000000000000e+01 5.000000000000000000e+00 1.192000000000000000e+03 2.050000000000000000e+02
1.200000000000000000e+02 2.600000000000000000e+01 6.000000000000000000e+00 1.225000000000000000e+03 1.480000000000000000e+02
1.160000000000000000e+02 4.600000000000000000e+01 4.000000000000000000e+00 1.334000000000000000e+03 1.650000000000000000e+02
1.250000000000000000e+02 5.000000000000000000e+01 6.000000000000000000e+00 1.358000000000000000e+03 1.790000000000000000e+02
1.180000000000000000e+02 3.500000000000000000e+01 3.000000000000000000e+00 1.219000000000000000e+03 1.530000000000000000e+02
1.230000000000000000e+02 4.900000000000000000e+01 3.000000000000000000e+00 1.582000000000000000e+03 1.730000000000000000e+02
1.300000000000000000e+02 4.600000000000000000e+01 5.000000000000000000e+00 1.407000000000000000e+03 1.790000000000000000e+02
1.300000000000000000e+02 4.000000000000000000e+01 3.000000000000000000e+00 1.103000000000000000e+03 1.710000000000000000e+02
1.420000000000000000e+02 4.100000000000000000e+01 1.000000000000000000e+00 9.990000000000000000e+02 1.830000000000000000e+02
1.150000000000000000e+02 5.100000000000000000e+01 5.000000000000000000e+00 1.314000000000000000e+03 1.710000000000000000e+02
1.410000000000000000e+02 4.400000000000000000e+01 1.000000000000000000e+00 1.501000000000000000e+03 1.810000000000000000e+02
1.340000000000000000e+02 5.300000000000000000e+01 3.000000000000000000e+00 1.373000000000000000e+03 1.870000000000000000e+02
1.250000000000000000e+02 5.600000000000000000e+01 4.000000000000000000e+00 1.390000000000000000e+03 1.840000000000000000e+02
1.180000000000000000e+02 5.300000000000000000e+01 2.000000000000000000e+00 1.307000000000000000e+03 1.720000000000000000e+02
1.260000000000000000e+02 4.200000000000000000e+01 6.000000000000000000e+00 1.310000000000000000e+03 1.710000000000000000e+02
1.430000000000000000e+02 4.900000000000000000e+01 1.000000000000000000e+00 1.382000000000000000e+03 1.910000000000000000e+02
1.380000000000000000e+02 3.300000000000000000e+01 8.000000000000000000e+00 1.320000000000000000e+03 1.740000000000000000e+02
1.300000000000000000e+02 3.200000000000000000e+01 2.000000000000000000e+00 1.524000000000000000e+03 1.630000000000000000e+02
1.160000000000000000e+02 3.800000000000000000e+01 1.000000000000000000e+00 1.307000000000000000e+03 1.490000000000000000e+02
9.900000000000000000e+01 3.500000000000000000e+01 3.000000000000000000e+00 1.315000000000000000e+03 1.350000000000000000e+02
1.490000000000000000e+02 5.000000000000000000e+01 2.000000000000000000e+00 1.580000000000000000e+03 1.950000000000000000e+02
1.210000000000000000e+02 4.500000000000000000e+01 7.000000000000000000e+00 1.427000000000000000e+03 1.660000000000000000e+02
1.320000000000000000e+02 4.400000000000000000e+01 2.000000000000000000e+00 1.311000000000000000e+03 1.770000000000000000e+02
1.290000000000000000e+02 3.500000000000000000e+01 3.000000000000000000e+00 1.450000000000000000e+03 1.630000000000000000e+02
1.480000000000000000e+02 4.400000000000000000e+01 3.000000000000000000e+00 1.390000000000000000e+03 1.910000000000000000e+02
1.340000000000000000e+02 4.800000000000000000e+01 5.000000000000000000e+00 1.426000000000000000e+03 1.850000000000000000e+02
1.200000000000000000e+02 4.700000000000000000e+01 3.000000000000000000e+00 1.228000000000000000e+03 1.690000000000000000e+02
1.190000000000000000e+02 3.100000000000000000e+01 0.000000000000000000e+00 1.340000000000000000e+03 1.490000000000000000e+02
1.200000000000000000e+02 4.700000000000000000e+01 0.000000000000000000e+00 1.332000000000000000e+03 1.660000000000000000e+02
1.330000000000000000e+02 4.000000000000000000e+01 6.000000000000000000e+00 1.289000000000000000e+03 1.750000000000000000e+02
1.240000000000000000e+02 3.700000000000000000e+01 3.000000000000000000e+00 1.312000000000000000e+03 1.630000000000000000e+02
1.150000000000000000e+02 3.600000000000000000e+01 3.000000000000000000e+00 1.474000000000000000e+03 1.490000000000000000e+02
1.360000000000000000e+02 3.900000000000000000e+01 3.000000000000000000e+00 1.324000000000000000e+03 1.760000000000000000e+02
1.330000000000000000e+02 4.900000000000000000e+01 4.000000000000000000e+00 1.439000000000000000e+03 1.850000000000000000e+02
1.080000000000000000e+02 4.100000000000000000e+01 4.000000000000000000e+00 1.385000000000000000e+03 1.450000000000000000e+02
1.300000000000000000e+02 4.700000000000000000e+01 2.000000000000000000e+00 1.175000000000000000e+03 1.760000000000000000e+02
1.500000000000000000e+02 4.800000000000000000e+01 3.000000000000000000e+00 1.505000000000000000e+03 1.990000000000000000e+02
1.300000000000000000e+02 5.500000000000000000e+01 4.000000000000000000e+00 1.255000000000000000e+03 1.860000000000000000e+02
1.130000000000000000e+02 5.200000000000000000e+01 5.000000000000000000e+00 1.355000000000000000e+03 1.680000000000000000e+02
1.120000000000000000e+02 4.100000000000000000e+01 7.000000000000000000e+00 1.284000000000000000e+03 1.570000000000000000e+02
1.550000000000000000e+02 4.100000000000000000e+01 2.000000000000000000e+00 1.387000000000000000e+03 1.960000000000000000e+02
1.310000000000000000e+02 5.600000000000000000e+01 2.000000000000000000e+00 1.338000000000000000e+03 1.870000000000000000e+02
1.140000000000000000e+02 3.800000000000000000e+01 3.000000000000000000e+00 1.104000000000000000e+03 1.540000000000000000e+02
1.470000000000000000e+02 6.000000000000000000e+01 3.000000000000000000e+00 1.357000000000000000e+03 2.080000000000000000e+02
1.260000000000000000e+02 4.500000000000000000e+01 6.000000000000000000e+00 1.320000000000000000e+03 1.770000000000000000e+02
1.370000000000000000e+02 5.000000000000000000e+01 3.000000000000000000e+00 1.321000000000000000e+03 1.880000000000000000e+02
1.120000000000000000e+02 5.700000000000000000e+01 4.000000000000000000e+00 1.100000000000000000e+03 1.720000000000000000e+02
1.800000000000000000e+02 6.600000000000000000e+01 3.000000000000000000e+00 1.518000000000000000e+03 2.480000000000000000e+02
1.210000000000000000e+02 4.500000000000000000e+01 1.000000000000000000e+00 1.032000000000000000e+03 1.660000000000000000e+02
1.520000000000000000e+02 4.500000000000000000e+01 3.000000000000000000e+00 1.397000000000000000e+03 1.950000000000000000e+02
1.340000000000000000e+02 5.300000000000000000e+01 1.000000000000000000e+00 1.304000000000000000e+03 1.840000000000000000e+02
1.360000000000000000e+02 5.600000000000000000e+01 7.000000000000000000e+00 1.417000000000000000e+03 1.960000000000000000e+02
1.160000000000000000e+02 4.100000000000000000e+01 3.000000000000000000e+00 1.395000000000000000e+03 1.570000000000000000e+02
1.540000000000000000e+02 4.100000000000000000e+01 6.000000000000000000e+00 1.259000000000000000e+03 1.990000000000000000e+02
1.220000000000000000e+02 3.100000000000000000e+01 4.000000000000000000e+00 1.218000000000000000e+03 1.530000000000000000e+02
1.570000000000000000e+02 4.700000000000000000e+01 2.000000000000000000e+00 1.646000000000000000e+03 1.990000000000000000e+02
1.500000000000000000e+02 4.500000000000000000e+01 3.000000000000000000e+00 1.321000000000000000e+03 1.940000000000000000e+02
1.180000000000000000e+02 2.500000000000000000e+01 3.000000000000000000e+00 1.241000000000000000e+03 1.440000000000000000e+02
1.190000000000000000e+02 4.000000000000000000e+01 5.000000000000000000e+00 1.294000000000000000e+03 1.630000000000000000e+02
1.110000000000000000e+02 3.400000000000000000e+01 5.000000000000000000e+00 1.387000000000000000e+03 1.470000000000000000e+02
1.100000000000000000e+02 3.800000000000000000e+01 1.000000000000000000e+00 1.212000000000000000e+03 1.470000000000000000e+02
1.320000000000000000e+02 3.900000000000000000e+01 3.000000000000000000e+00 1.359000000000000000e+03 1.700000000000000000e+02
9.800000000000000000e+01 3.400000000000000000e+01 8.000000000000000000e+00 1.107000000000000000e+03 1.370000000000000000e+02
1.190000000000000000e+02 4.100000000000000000e+01 2.000000000000000000e+00 1.413000000000000000e+03 1.610000000000000000e+02
1.320000000000000000e+02 3.700000000000000000e+01 3.000000000000000000e+00 1.074000000000000000e+03 1.710000000000000000e+02
1.110000000000000000e+02 4.900000000000000000e+01 7.000000000000000000e+00 1.392000000000000000e+03 1.640000000000000000e+02
1.470000000000000000e+02 4.300000000000000000e+01 2.000000000000000000e+00 1.216000000000000000e+03 1.910000000000000000e+02
1.700000000000000000e+02 4.400000000000000000e+01 2.000000000000000000e+00 1.458000000000000000e+03 2.120000000000000000e+02
1.290000000000000000e+02 5.600000000000000000e+01 5.000000000000000000e+00 1.319000000000000000e+03 1.860000000000000000e+02
1.380000000000000000e+02 5.100000000000000000e+01 4.000000000000000000e+00 1.474000000000000000e+03 1.880000000000000000e+02
1.080000000000000000e+02 5.000000000000000000e+01 5.000000000000000000e+00 1.308000000000000000e+03 1.630000000000000000e+02
1.400000000000000000e+02 3.900000000000000000e+01 4.000000000000000000e+00 1.353000000000000000e+03 1.810000000000000000e+02
1.280000000000000000e+02 4.200000000000000000e+01 3.000000000000000000e+00 1.239000000000000000e+03 1.690000000000000000e+02
1.360000000000000000e+02 4.400000000000000000e+01 3.000000000000000000e+00 1.413000000000000000e+03 1.820000000000000000e+02
1.150000000000000000e+02 6.000000000000000000e+01 7.000000000000000000e+00 1.291000000000000000e+03 1.800000000000000000e+02
1.400000000000000000e+02 3.300000000000000000e+01 4.000000000000000000e+00 1.415000000000000000e+03 1.760000000000000000e+02
1.530000000000000000e+02 5.800000000000000000e+01 5.000000000000000000e+00 1.346000000000000000e+03 2.160000000000000000e+02
1.210000000000000000e+02 4.500000000000000000e+01 4.000000000000000000e+00 1.297000000000000000e+03 1.670000000000000000e+02
9.900000000000000000e+01 3.700000000000000000e+01 2.000000000000000000e+00 1.299000000000000000e+03 1.370000000000000000e+02
1.360000000000000000e+02 5.500000000000000000e+01 2.000000000000000000e+00 1.320000000000000000e+03 1.920000000000000000e+02
1.470000000000000000e+02 6.100000000000000000e+01 1.000000000000000000e+00 1.428000000000000000e+03 2.050000000000000000e+02
1.320000000000000000e+02 4.700000000000000000e+01 7.000000000000000000e+00 1.393000000000000000e+03 1.850000000000000000e+02
1.250000000000000000e+02 5.200000000000000000e+01 2.000000000000000000e+00 1.328000000000000000e+03 1.760000000000000000e+02
1.360000000000000000e+02 4.700000000000000000e+01 4.000000000000000000e+00 9.870000000000000000e+02 1.870000000000000000e+02
1.380000000000000000e+02 5.300000000000000000e+01 7.000000000000000000e+00 1.325000000000000000e+03 1.950000000000000000e+02
1.160000000000000000e+02 4.300000000000000000e+01 4.000000000000000000e+00 1.294000000000000000e+03 1.590000000000000000e+02
1.580000000000000000e+02 6.000000000000000000e+01 5.000000000000000000e+00 1.444000000000000000e+03 2.210000000000000000e+02
1.460000000000000000e+02 4.500000000000000000e+01 1.000000000000000000e+00 1.337000000000000000e+03 1.900000000000000000e+02
1.330000000000000000e+02 5.300000000000000000e+01 2.000000000000000000e+00 1.495000000000000000e+03 1.850000000000000000e+02
1.480000000000000000e+02 4.200000000000000000e+01 7.000000000000000000e+00 1.377000000000000000e+03 1.950000000000000000e+02
1.210000000000000000e+02 4.600000000000000000e+01 4.000000000000000000e+00 1.462000000000000000e+03 1.690000000000000000e+02
1.110000000000000000e+02 4.500000000000000000e+01 3.000000000000000000e+00 1.069000000000000000e+03 1.570000000000000000e+02
1.260000000000000000e+02 5.700000000000000000e+01 1.000000000000000000e+00 1.437000000000000000e+03 1.770000000000000000e+02
1.370000000000000000e+02 3.300000000000000000e+01 5.000000000000000000e+00 1.287000000000000000e+03 1.740000000000000000e+02
1.410000000000000000e+02 4.100000000000000000e+01 2.000000000000000000e+00 1.443000000000000000e+03 1.830000000000000000e+02
1.420000000000000000e+02 3.600000000000000000e+01 0.000000000000000000e+00 1.307000000000000000e+03 1.760000000000000000e+02
1.300000000000000000e+02 5.100000000000000000e+01 5.000000000000000000e+00 1.449000000000000000e+03 1.840000000000000000e+02
1.570000000000000000e+02 5.200000000000000000e+01 2.000000000000000000e+00 1.427000000000000000e+03 2.100000000000000000e+02
1.390000000000000000e+02 4.100000000000000000e+01 1.000000000000000000e+00 1.301000000000000000e+03 1.760000000000000000e+02
1.220000000000000000e+02 4.300000000000000000e+01 4.000000000000000000e+00 1.262000000000000000e+03 1.670000000000000000e+02
1.440000000000000000e+02 3.800000000000000000e+01 5.000000000000000000e+00 1.087000000000000000e+03 1.850000000000000000e+02
1.690000000000000000e+02 5.300000000000000000e+01 6.000000000000000000e+00 1.515000000000000000e+03 2.270000000000000000e+02
1.320000000000000000e+02 6.100000000000000000e+01 5.000000000000000000e+00 1.315000000000000000e+03 1.970000000000000000e+02
1.250000000000000000e+02 4.900000000000000000e+01 5.000000000000000000e+00 1.482000000000000000e+03 1.780000000000000000e+02
1.340000000000000000e+02 4.600000000000000000e+01 4.000000000000000000e+00 1.243000000000000000e+03 1.830000000000000000e+02
1.380000000000000000e+02 4.400000000000000000e+01 3.000000000000000000e+00 1.305000000000000000e+03 1.830000000000000000e+02
1.270000000000000000e+02 4.100000000000000000e+01 3.000000000000000000e+00 1.249000000000000000e+03 1.700000000000000000e+02
1.070000000000000000e+02 4.600000000000000000e+01 2.000000000000000000e+00 1.012000000000000000e+03 1.530000000000000000e+02
1.000000000000000000e+02 3.600000000000000000e+01 1.000000000000000000e+00 1.242000000000000000e+03 1.370000000000000000e+02
1.290000000000000000e+02 4.700000000000000000e+01 5.000000000000000000e+00 1.265000000000000000e+03 1.800000000000000000e+02
1.900000000000000000e+02 6.300000000000000000e+01 4.000000000000000000e+00 1.581000000000000000e+03 2.540000000000000000e+02
9.400000000000000000e+01 3.600000000000000000e+01 8.000000000000000000e+00 1.203000000000000000e+03 1.370000000000000000e+02
1.220000000000000000e+02 4.300000000000000000e+01 6.000000000000000000e+00 1.451000000000000000e+03 1.680000000000000000e+02
1.430000000000000000e+02 5.100000000000000000e+01 6.000000000000000000e+00 1.300000000000000000e+03 1.980000000000000000e+02
1.520000000000000000e+02 4.400000000000000000e+01 4.000000000000000000e+00 1.457000000000000000e+03 2.000000000000000000e+02
1.280000000000000000e+02 3.400000000000000000e+01 0.000000000000000000e+00 1.137000000000000000e+03 1.600000000000000000e+02
1.180000000000000000e+02 4.900000000000000000e+01 8.000000000000000000e+00 1.518000000000000000e+03 1.710000000000000000e+02
1.150000000000000000e+02 5.800000000000000000e+01 4.000000000000000000e+00 1.041000000000000000e+03 1.760000000000000000e+02
1.280000000000000000e+02 5.100000000000000000e+01 5.000000000000000000e+00 1.256000000000000000e+03 1.810000000000000000e+02
1.630000000000000000e+02 4.700000000000000000e+01 2.000000000000000000e+00 1.491000000000000000e+03 2.090000000000000000e+02
1.260000000000000000e+02 5.000000000000000000e+01 8.000000000000000000e+00 1.334000000000000000e+03 1.810000000000000000e+02
1.040000000000000000e+02 4.600000000000000000e+01 2.000000000000000000e+00 1.473000000000000000e+03 1.510000000000000000e+02
9.300000000000000000e+01 4.400000000000000000e+01 6.000000000000000000e+00 1.069000000000000000e+03 1.390000000000000000e+02
1.320000000000000000e+02 5.400000000000000000e+01 6.000000000000000000e+00 1.347000000000000000e+03 1.910000000000000000e+02
1.170000000000000000e+02 4.200000000000000000e+01 4.000000000000000000e+00 1.413000000000000000e+03 1.600000000000000000e+02
1.340000000000000000e+02 5.300000000000000000e+01 4.000000000000000000e+00 1.364000000000000000e+03 1.900000000000000000e+02
1.320000000000000000e+02 4.200000000000000000e+01 5.000000000000000000e+00 1.227000000000000000e+03 1.780000000000000000e+02
1.530000000000000000e+02 4.700000000000000000e+01 4.000000000000000000e+00 1.614000000000000000e+03 2.040000000000000000e+02
1.460000000000000000e+02 5.900000000000000000e+01 9.000000000000000000e+00 1.396000000000000000e+03 2.120000000000000000e+02
1.290000000000000000e+02 4.300000000000000000e+01 8.000000000000000000e+00 1.252000000000000000e+03 1.770000000000000000e+02
1.410000000000000000e+02 3.700000000000000000e+01 2.000000000000000000e+00 1.363000000000000000e+03 1.780000000000000000e+02
1.280000000000000000e+02 3.700000000000000000e+01 2.000000000000000000e+00 1.262000000000000000e+03 1.660000000000000000e+02
1.290000000000000000e+02 4.400000000000000000e+01 6.000000000000000000e+00 1.389000000000000000e+03 1.770000000000000000e+02
1.290000000000000000e+02 4.100000000000000000e+01 2.000000000000000000e+00 1.286000000000000000e+03 1.720000000000000000e+02
1.310000000000000000e+02 4.500000000000000000e+01 6.000000000000000000e+00 1.405000000000000000e+03 1.790000000000000000e+02
1.200000000000000000e+02 4.400000000000000000e+01 2.000000000000000000e+00 1.526000000000000000e+03 1.640000000000000000e+02
1.430000000000000000e+02 3.700000000000000000e+01 2.000000000000000000e+00 1.445000000000000000e+03 1.820000000000000000e+02
9.800000000000000000e+01 3.600000000000000000e+01 2.000000000000000000e+00 1.070000000000000000e+03 1.310000000000000000e+02
1.130000000000000000e+02 5.500000000000000000e+01 6.000000000000000000e+00 1.244000000000000000e+03 1.720000000000000000e+02
1.390000000000000000e+02 5.600000000000000000e+01 3.000000000000000000e+00 1.457000000000000000e+03 1.950000000000000000e+02
9.000000000000000000e+01 5.300000000000000000e+01 6.000000000000000000e+00 1.124000000000000000e+03 1.480000000000000000e+02
1.320000000000000000e+02 5.200000000000000000e+01 6.000000000000000000e+00 1.485000000000000000e+03 1.870000000000000000e+02
1.310000000000000000e+02 5.100000000000000000e+01 6.000000000000000000e+00 1.447000000000000000e+03 1.870000000000000000e+02
1.660000000000000000e+02 3.500000000000000000e+01 1.000000000000000000e+00 1.351000000000000000e+03 2.000000000000000000e+02
1.200000000000000000e+02 3.900000000000000000e+01 6.000000000000000000e+00 1.380000000000000000e+03 1.650000000000000000e+02
1.110000000000000000e+02 4.300000000000000000e+01 1.000000000000000000e+00 1.152000000000000000e+03 1.530000000000000000e+02
1.500000000000000000e+02 5.500000000000000000e+01 6.000000000000000000e+00 1.342000000000000000e+03 2.110000000000000000e+02
1.050000000000000000e+02 4.900000000000000000e+01 4.000000000000000000e+00 1.120000000000000000e+03 1.550000000000000000e+02
1.360000000000000000e+02 3.700000000000000000e+01 9.000000000000000000e+00 1.304000000000000000e+03 1.820000000000000000e+02
1.260000000000000000e+02 4.100000000000000000e+01 6.000000000000000000e+00 1.414000000000000000e+03 1.710000000000000000e+02
1.160000000000000000e+02 4.000000000000000000e+01 4.000000000000000000e+00 1.553000000000000000e+03 1.580000000000000000e+02
1.230000000000000000e+02 4.000000000000000000e+01 4.000000000000000000e+00 1.201000000000000000e+03 1.640000000000000000e+02
1.300000000000000000e+02 4.200000000000000000e+01 7.000000000000000000e+00 1.366000000000000000e+03 1.770000000000000000e+02
1.230000000000000000e+02 4.300000000000000000e+01 1.000000000000000000e+00 1.375000000000000000e+03 1.660000000000000000e+02
1.480000000000000000e+02 3.800000000000000000e+01 4.000000000000000000e+00 1.256000000000000000e+03 1.890000000000000000e+02
1.370000000000000000e+02 4.500000000000000000e+01 5.000000000000000000e+00 1.087000000000000000e+03 1.850000000000000000e+02
1.270000000000000000e+02 4.000000000000000000e+01 2.000000000000000000e+00 1.468000000000000000e+03 1.660000000000000000e+02
1.240000000000000000e+02 3.700000000000000000e+01 4.000000000000000000e+00 1.336000000000000000e+03 1.630000000000000000e+02
1.000000000000000000e+02 4.100000000000000000e+01 4.000000000000000000e+00 7.150000000000000000e+02 1.430000000000000000e+02
1.180000000000000000e+02 4.400000000000000000e+01 5.000000000000000000e+00 1.361000000000000000e+03 1.620000000000000000e+02
1.340000000000000000e+02 3.900000000000000000e+01 3.000000000000000000e+00 1.175000000000000000e+03 1.740000000000000000e+02
1.210000000000000000e+02 3.500000000000000000e+01 3.000000000000000000e+00 1.186000000000000000e+03 1.590000000000000000e+02
