7.950000000000000000e+02 5.420000000000000000e+02 1.030000000000000000e+02 4.418000000000000000e+03 1.089000000000000000e+03
5.170000000000000000e+02 3.640000000000000000e+02 7.200000000000000000e+01 1.984000000000000000e+03 8.780000000000000000e+02
4.930000000000000000e+02 3.410000000000000000e+02 6.700000000000000000e+01 1.486000000000000000e+03 8.030000000000000000e+02
8.420000000000000000e+02 4.880000000000000000e+02 9.200000000000000000e+01 3.929000000000000000e+03 1.106000000000000000e+03
8.080000000000000000e+02 4.780000000000000000e+02 8.500000000000000000e+01 3.834000000000000000e+03 1.077000000000000000e+03
9.620000000000000000e+02 5.300000000000000000e+02 1.030000000000000000e+02 4.701000000000000000e+03 1.137000000000000000e+03
8.900000000000000000e+02 4.920000000000000000e+02 9.400000000000000000e+01 4.451000000000000000e+03 1.154000000000000000e+03
7.840000000000000000e+02 4.810000000000000000e+02 1.060000000000000000e+02 4.833000000000000000e+03 1.100000000000000000e+03
7.270000000000000000e+02 4.770000000000000000e+02 9.700000000000000000e+01 3.923000000000000000e+03 1.086000000000000000e+03
7.300000000000000000e+02 4.120000000000000000e+02 7.500000000000000000e+01 2.819000000000000000e+03 1.012000000000000000e+03
7.840000000000000000e+02 4.380000000000000000e+02 7.800000000000000000e+01 3.705000000000000000e+03 1.053000000000000000e+03
6.780000000000000000e+02 4.780000000000000000e+02 9.300000000000000000e+01 3.623000000000000000e+03 1.021000000000000000e+03
8.180000000000000000e+02 4.360000000000000000e+02 8.200000000000000000e+01 3.580000000000000000e+03 1.084000000000000000e+03
6.590000000000000000e+02 4.660000000000000000e+02 1.170000000000000000e+02 3.335000000000000000e+03 1.057000000000000000e+03
7.230000000000000000e+02 4.130000000000000000e+02 7.600000000000000000e+01 2.853000000000000000e+03 1.021000000000000000e+03
8.760000000000000000e+02 5.320000000000000000e+02 9.500000000000000000e+01 4.938000000000000000e+03 1.100000000000000000e+03
7.010000000000000000e+02 4.490000000000000000e+02 1.010000000000000000e+02 3.041000000000000000e+03 1.044000000000000000e+03
8.750000000000000000e+02 5.180000000000000000e+02 9.500000000000000000e+01 4.618000000000000000e+03 1.161000000000000000e+03
5.920000000000000000e+02 3.410000000000000000e+02 6.600000000000000000e+01 1.840000000000000000e+03 8.760000000000000000e+02
7.480000000000000000e+02 4.560000000000000000e+02 8.400000000000000000e+01 3.580000000000000000e+03 1.060000000000000000e+03
6.780000000000000000e+02 4.460000000000000000e+02 8.600000000000000000e+01 3.141000000000000000e+03 1.011000000000000000e+03
8.820000000000000000e+02 5.200000000000000000e+02 1.010000000000000000e+02 4.310000000000000000e+03 1.143000000000000000e+03
9.070000000000000000e+02 5.280000000000000000e+02 9.000000000000000000e+01 3.946000000000000000e+03 1.140000000000000000e+03
8.820000000000000000e+02 4.760000000000000000e+02 9.200000000000000000e+01 4.479000000000000000e+03 1.124000000000000000e+03
7.980000000000000000e+02 4.550000000000000000e+02 7.200000000000000000e+01 3.836000000000000000e+03 1.046000000000000000e+03
8.150000000000000000e+02 4.560000000000000000e+02 8.800000000000000000e+01 3.792000000000000000e+03 1.064000000000000000e+03
9.910000000000000000e+02 4.880000000000000000e+02 9.200000000000000000e+01 4.413000000000000000e+03 1.166000000000000000e+03
6.740000000000000000e+02 4.130000000000000000e+02 6.600000000000000000e+01 2.952000000000000000e+03 9.650000000000000000e+02
6.740000000000000000e+02 4.320000000000000000e+02 7.900000000000000000e+01 3.133000000000000000e+03 1.021000000000000000e+03
8.300000000000000000e+02 4.860000000000000000e+02 1.030000000000000000e+02 4.024000000000000000e+03 1.076000000000000000e+03
8.840000000000000000e+02 5.790000000000000000e+02 9.500000000000000000e+01 4.396000000000000000e+03 1.169000000000000000e+03
8.210000000000000000e+02 4.550000000000000000e+02 9.100000000000000000e+01 3.841000000000000000e+03 1.090000000000000000e+03
7.380000000000000000e+02 4.460000000000000000e+02 7.400000000000000000e+01 3.849000000000000000e+03 9.910000000000000000e+02
6.670000000000000000e+02 4.380000000000000000e+02 9.400000000000000000e+01 3.443000000000000000e+03 9.850000000000000000e+02
8.140000000000000000e+02 4.440000000000000000e+02 8.900000000000000000e+01 3.806000000000000000e+03 1.067000000000000000e+03
9.490000000000000000e+02 5.240000000000000000e+02 1.090000000000000000e+02 4.509000000000000000e+03 1.169000000000000000e+03
9.170000000000000000e+02 5.320000000000000000e+02 9.700000000000000000e+01 4.664000000000000000e+03 1.184000000000000000e+03
9.540000000000000000e+02 5.420000000000000000e+02 8.900000000000000000e+01 4.794000000000000000e+03 1.147000000000000000e+03
7.250000000000000000e+02 4.640000000000000000e+02 8.500000000000000000e+01 4.014000000000000000e+03 9.960000000000000000e+02
7.440000000000000000e+02 4.430000000000000000e+02 9.300000000000000000e+01 3.132000000000000000e+03 1.073000000000000000e+03
7.300000000000000000e+02 4.790000000000000000e+02 8.500000000000000000e+01 3.738000000000000000e+03 1.085000000000000000e+03
8.160000000000000000e+02 4.450000000000000000e+02 7.900000000000000000e+01 3.107000000000000000e+03 1.058000000000000000e+03
6.710000000000000000e+02 4.330000000000000000e+02 8.300000000000000000e+01 3.338000000000000000e+03 1.025000000000000000e+03
9.030000000000000000e+02 4.740000000000000000e+02 9.700000000000000000e+01 4.407000000000000000e+03 1.105000000000000000e+03
7.990000000000000000e+02 4.620000000000000000e+02 9.000000000000000000e+01 3.886000000000000000e+03 1.048000000000000000e+03
8.500000000000000000e+02 4.880000000000000000e+02 1.040000000000000000e+02 4.501000000000000000e+03 1.104000000000000000e+03
8.030000000000000000e+02 4.770000000000000000e+02 9.900000000000000000e+01 3.489000000000000000e+03 1.090000000000000000e+03
8.200000000000000000e+02 4.730000000000000000e+02 8.400000000000000000e+01 3.905000000000000000e+03 1.053000000000000000e+03
7.830000000000000000e+02 4.360000000000000000e+02 1.010000000000000000e+02 3.847000000000000000e+03 1.024000000000000000e+03
9.120000000000000000e+02 5.540000000000000000e+02 1.050000000000000000e+02 5.082000000000000000e+03 1.139000000000000000e+03
6.530000000000000000e+02 4.830000000000000000e+02 9.300000000000000000e+01 3.231000000000000000e+03 1.036000000000000000e+03
7.330000000000000000e+02 4.740000000000000000e+02 8.600000000000000000e+01 3.695000000000000000e+03 1.021000000000000000e+03
7.620000000000000000e+02 4.300000000000000000e+02 8.300000000000000000e+01 3.639000000000000000e+03 1.061000000000000000e+03
8.310000000000000000e+02 5.180000000000000000e+02 1.040000000000000000e+02 4.231000000000000000e+03 1.109000000000000000e+03
8.180000000000000000e+02 5.040000000000000000e+02 9.200000000000000000e+01 4.300000000000000000e+03 1.100000000000000000e+03
9.630000000000000000e+02 5.060000000000000000e+02 9.600000000000000000e+01 4.434000000000000000e+03 1.148000000000000000e+03
8.670000000000000000e+02 5.120000000000000000e+02 1.140000000000000000e+02 4.303000000000000000e+03 1.152000000000000000e+03
7.000000000000000000e+02 4.680000000000000000e+02 8.000000000000000000e+01 3.893000000000000000e+03 1.029000000000000000e+03
8.720000000000000000e+02 5.100000000000000000e+02 8.400000000000000000e+01 4.300000000000000000e+03 1.079000000000000000e+03
6.920000000000000000e+02 4.100000000000000000e+02 9.400000000000000000e+01 3.327000000000000000e+03 9.710000000000000000e+02
8.460000000000000000e+02 5.090000000000000000e+02 7.400000000000000000e+01 4.047000000000000000e+03 1.111000000000000000e+03
7.330000000000000000e+02 4.400000000000000000e+02 1.020000000000000000e+02 3.761000000000000000e+03 1.066000000000000000e+03
8.110000000000000000e+02 4.700000000000000000e+02 9.700000000000000000e+01 3.810000000000000000e+03 1.042000000000000000e+03
8.010000000000000000e+02 4.620000000000000000e+02 7.500000000000000000e+01 4.324000000000000000e+03 1.050000000000000000e+03
7.580000000000000000e+02 4.970000000000000000e+02 9.500000000000000000e+01 4.183000000000000000e+03 1.055000000000000000e+03
6.460000000000000000e+02 4.290000000000000000e+02 7.900000000000000000e+01 2.608000000000000000e+03 9.820000000000000000e+02
1.075000000000000000e+03 5.430000000000000000e+02 9.600000000000000000e+01 4.995000000000000000e+03 1.226000000000000000e+03
8.470000000000000000e+02 4.860000000000000000e+02 8.400000000000000000e+01 4.782000000000000000e+03 1.092000000000000000e+03
8.390000000000000000e+02 4.690000000000000000e+02 9.700000000000000000e+01 4.179000000000000000e+03 1.084000000000000000e+03
8.490000000000000000e+02 4.710000000000000000e+02 8.300000000000000000e+01 4.503000000000000000e+03 1.107000000000000000e+03
9.100000000000000000e+02 5.010000000000000000e+02 9.900000000000000000e+01 4.679000000000000000e+03 1.124000000000000000e+03
8.490000000000000000e+02 4.990000000000000000e+02 1.010000000000000000e+02 4.021000000000000000e+03 1.115000000000000000e+03
7.770000000000000000e+02 4.900000000000000000e+02 9.300000000000000000e+01 4.186000000000000000e+03 1.044000000000000000e+03
7.220000000000000000e+02 4.490000000000000000e+02 1.000000000000000000e+02 3.645000000000000000e+03 1.002000000000000000e+03
8.550000000000000000e+02 5.040000000000000000e+02 7.000000000000000000e+01 4.443000000000000000e+03 1.096000000000000000e+03
7.000000000000000000e+02 3.890000000000000000e+02 8.500000000000000000e+01 2.790000000000000000e+03 1.006000000000000000e+03
8.430000000000000000e+02 4.890000000000000000e+02 7.800000000000000000e+01 4.223000000000000000e+03 1.093000000000000000e+03
7.720000000000000000e+02 4.690000000000000000e+02 9.700000000000000000e+01 3.828000000000000000e+03 1.067000000000000000e+03
6.750000000000000000e+02 4.380000000000000000e+02 6.700000000000000000e+01 3.143000000000000000e+03 9.990000000000000000e+02
7.170000000000000000e+02 4.830000000000000000e+02 1.030000000000000000e+02 3.985000000000000000e+03 1.039000000000000000e+03
7.410000000000000000e+02 4.390000000000000000e+02 8.600000000000000000e+01 3.380000000000000000e+03 1.054000000000000000e+03
7.720000000000000000e+02 5.190000000000000000e+02 1.040000000000000000e+02 4.341000000000000000e+03 1.059000000000000000e+03
8.900000000000000000e+02 5.170000000000000000e+02 9.600000000000000000e+01 4.484000000000000000e+03 1.141000000000000000e+03
8.180000000000000000e+02 4.890000000000000000e+02 1.100000000000000000e+02 4.642000000000000000e+03 1.123000000000000000e+03
7.590000000000000000e+02 4.270000000000000000e+02 8.400000000000000000e+01 3.550000000000000000e+03 1.011000000000000000e+03
8.070000000000000000e+02 4.700000000000000000e+02 1.140000000000000000e+02 4.375000000000000000e+03 1.036000000000000000e+03
6.670000000000000000e+02 4.150000000000000000e+02 8.400000000000000000e+01 3.744000000000000000e+03 9.920000000000000000e+02
7.860000000000000000e+02 5.280000000000000000e+02 1.010000000000000000e+02 3.948000000000000000e+03 1.076000000000000000e+03
8.640000000000000000e+02 5.080000000000000000e+02 8.400000000000000000e+01 4.340000000000000000e+03 1.086000000000000000e+03
7.070000000000000000e+02 4.720000000000000000e+02 8.300000000000000000e+01 2.846000000000000000e+03 1.000000000000000000e+03
6.630000000000000000e+02 4.260000000000000000e+02 8.800000000000000000e+01 2.981000000000000000e+03 1.000000000000000000e+03
7.930000000000000000e+02 4.630000000000000000e+02 7.800000000000000000e+01 3.960000000000000000e+03 1.070000000000000000e+03
8.670000000000000000e+02 5.000000000000000000e+02 1.080000000000000000e+02 4.656000000000000000e+03 1.133000000000000000e+03
8.150000000000000000e+02 4.720000000000000000e+02 6.900000000000000000e+01 4.116000000000000000e+03 1.024000000000000000e+03
7.090000000000000000e+02 4.460000000000000000e+02 7.400000000000000000e+01 2.846000000000000000e+03 1.037000000000000000e+03
8.760000000000000000e+02 4.950000000000000000e+02 8.300000000000000000e+01 3.876000000000000000e+03 1.118000000000000000e+03
7.800000000000000000e+02 4.440000000000000000e+02 8.000000000000000000e+01 3.738000000000000000e+03 1.061000000000000000e+03
7.660000000000000000e+02 4.570000000000000000e+02 8.200000000000000000e+01 3.538000000000000000e+03 1.083000000000000000e+03
8.890000000000000000e+02 5.080000000000000000e+02 8.500000000000000000e+01 4.061000000000000000e+03 1.102000000000000000e+03
9.160000000000000000e+02 5.150000000000000000e+02 1.110000000000000000e+02 4.717000000000000000e+03 1.159000000000000000e+03
7.510000000000000000e+02 4.800000000000000000e+02 8.000000000000000000e+01 3.315000000000000000e+03 1.078000000000000000e+03
7.350000000000000000e+02 4.740000000000000000e+02 9.000000000000000000e+01 3.253000000000000000e+03 1.045000000000000000e+03
8.230000000000000000e+02 4.170000000000000000e+02 8.500000000000000000e+01 3.712000000000000000e+03 1.052000000000000000e+03
6.340000000000000000e+02 4.140000000000000000e+02 7.000000000000000000e+01 2.967000000000000000e+03 9.600000000000000000e+02
7.610000000000000000e+02 4.230000000000000000e+02 8.500000000000000000e+01 3.121000000000000000e+03 1.027000000000000000e+03
9.220000000000000000e+02 5.300000000000000000e+02 9.400000000000000000e+01 4.438000000000000000e+03 1.132000000000000000e+03
7.890000000000000000e+02 4.750000000000000000e+02 1.090000000000000000e+02 3.805000000000000000e+03 1.163000000000000000e+03
9.200000000000000000e+02 5.180000000000000000e+02 9.400000000000000000e+01 4.677000000000000000e+03 1.110000000000000000e+03
5.900000000000000000e+02 3.940000000000000000e+02 7.700000000000000000e+01 2.639000000000000000e+03 9.250000000000000000e+02
7.690000000000000000e+02 4.530000000000000000e+02 8.800000000000000000e+01 3.642000000000000000e+03 1.037000000000000000e+03
8.360000000000000000e+02 5.040000000000000000e+02 1.000000000000000000e+02 4.477000000000000000e+03 1.077000000000000000e+03
9.600000000000000000e+02 5.360000000000000000e+02 1.070000000000000000e+02 4.716000000000000000e+03 1.158000000000000000e+03
9.330000000000000000e+02 5.350000000000000000e+02 1.060000000000000000e+02 4.776000000000000000e+03 1.150000000000000000e+03
8.700000000000000000e+02 5.130000000000000000e+02 8.600000000000000000e+01 4.012000000000000000e+03 1.136000000000000000e+03
7.580000000000000000e+02 4.890000000000000000e+02 1.060000000000000000e+02 3.955000000000000000e+03 1.076000000000000000e+03
7.900000000000000000e+02 4.580000000000000000e+02 8.000000000000000000e+01 4.127000000000000000e+03 1.063000000000000000e+03
6.010000000000000000e+02 4.310000000000000000e+02 9.600000000000000000e+01 3.011000000000000000e+03 9.620000000000000000e+02
8.220000000000000000e+02 4.780000000000000000e+02 1.000000000000000000e+02 4.354000000000000000e+03 1.082000000000000000e+03
8.310000000000000000e+02 4.830000000000000000e+02 6.600000000000000000e+01 4.160000000000000000e+03 1.087000000000000000e+03
8.280000000000000000e+02 4.840000000000000000e+02 9.800000000000000000e+01 3.491000000000000000e+03 1.109000000000000000e+03
7.760000000000000000e+02 5.070000000000000000e+02 8.300000000000000000e+01 3.429000000000000000e+03 1.089000000000000000e+03
8.700000000000000000e+02 4.570000000000000000e+02 6.200000000000000000e+01 3.873000000000000000e+03 1.069000000000000000e+03
9.860000000000000000e+02 5.220000000000000000e+02 1.000000000000000000e+02 4.885000000000000000e+03 1.171000000000000000e+03
8.160000000000000000e+02 4.550000000000000000e+02 9.500000000000000000e+01 3.925000000000000000e+03 1.055000000000000000e+03
7.780000000000000000e+02 5.200000000000000000e+02 9.400000000000000000e+01 4.308000000000000000e+03 1.107000000000000000e+03
7.790000000000000000e+02 4.670000000000000000e+02 8.900000000000000000e+01 4.315000000000000000e+03 1.047000000000000000e+03
8.120000000000000000e+02 4.280000000000000000e+02 9.600000000000000000e+01 4.560000000000000000e+03 1.062000000000000000e+03
7.420000000000000000e+02 4.610000000000000000e+02 9.200000000000000000e+01 3.674000000000000000e+03 1.044000000000000000e+03
4.910000000000000000e+02 3.070000000000000000e+02 6.300000000000000000e+01 1.455000000000000000e+03 7.890000000000000000e+02
7.830000000000000000e+02 5.150000000000000000e+02 9.700000000000000000e+01 3.925000000000000000e+03 1.095000000000000000e+03
8.090000000000000000e+02 4.480000000000000000e+02 9.600000000000000000e+01 4.156000000000000000e+03 1.022000000000000000e+03
9.280000000000000000e+02 5.140000000000000000e+02 9.800000000000000000e+01 4.697000000000000000e+03 1.132000000000000000e+03
7.720000000000000000e+02 4.700000000000000000e+02 8.000000000000000000e+01 3.863000000000000000e+03 1.047000000000000000e+03
8.380000000000000000e+02 5.440000000000000000e+02 8.900000000000000000e+01 3.811000000000000000e+03 1.144000000000000000e+03
6.710000000000000000e+02 4.340000000000000000e+02 8.600000000000000000e+01 3.617000000000000000e+03 1.011000000000000000e+03
8.860000000000000000e+02 4.900000000000000000e+02 9.200000000000000000e+01 4.465000000000000000e+03 1.162000000000000000e+03
7.270000000000000000e+02 4.500000000000000000e+02 7.900000000000000000e+01 3.518000000000000000e+03 1.016000000000000000e+03
8.190000000000000000e+02 4.640000000000000000e+02 7.300000000000000000e+01 4.327000000000000000e+03 1.062000000000000000e+03
8.060000000000000000e+02 4.830000000000000000e+02 1.050000000000000000e+02 4.239000000000000000e+03 1.067000000000000000e+03
7.680000000000000000e+02 4.460000000000000000e+02 9.600000000000000000e+01 4.297000000000000000e+03 1.035000000000000000e+03
9.360000000000000000e+02 5.060000000000000000e+02 8.600000000000000000e+01 4.571000000000000000e+03 1.135000000000000000e+03
8.970000000000000000e+02 5.450000000000000000e+02 1.050000000000000000e+02 4.823000000000000000e+03 1.129000000000000000e+03
6.360000000000000000e+02 4.570000000000000000e+02 8.400000000000000000e+01 3.173000000000000000e+03 9.760000000000000000e+02
8.080000000000000000e+02 5.420000000000000000e+02 1.190000000000000000e+02 4.740000000000000000e+03 1.133000000000000000e+03
7.510000000000000000e+02 4.850000000000000000e+02 8.500000000000000000e+01 4.162000000000000000e+03 1.048000000000000000e+03
8.280000000000000000e+02 5.350000000000000000e+02 8.000000000000000000e+01 4.461000000000000000e+03 1.097000000000000000e+03
9.250000000000000000e+02 5.110000000000000000e+02 1.130000000000000000e+02 4.232000000000000000e+03 1.169000000000000000e+03
7.660000000000000000e+02 4.900000000000000000e+02 1.110000000000000000e+02 4.317000000000000000e+03 1.035000000000000000e+03
6.290000000000000000e+02 4.630000000000000000e+02 8.800000000000000000e+01 3.327000000000000000e+03 1.005000000000000000e+03
8.820000000000000000e+02 4.870000000000000000e+02 1.070000000000000000e+02 4.610000000000000000e+03 1.136000000000000000e+03
7.620000000000000000e+02 4.500000000000000000e+02 9.700000000000000000e+01 4.234000000000000000e+03 1.041000000000000000e+03
8.720000000000000000e+02 4.610000000000000000e+02 1.030000000000000000e+02 4.038000000000000000e+03 1.116000000000000000e+03
9.430000000000000000e+02 4.710000000000000000e+02 1.000000000000000000e+02 4.692000000000000000e+03 1.152000000000000000e+03
7.820000000000000000e+02 4.650000000000000000e+02 8.800000000000000000e+01 3.725000000000000000e+03 1.053000000000000000e+03
7.050000000000000000e+02 4.810000000000000000e+02 1.000000000000000000e+02 3.697000000000000000e+03 1.057000000000000000e+03
7.740000000000000000e+02 4.270000000000000000e+02 7.000000000000000000e+01 3.415000000000000000e+03 1.035000000000000000e+03
1.000000000000000000e+03 5.690000000000000000e+02 1.110000000000000000e+02 4.950000000000000000e+03 1.173000000000000000e+03
9.580000000000000000e+02 4.840000000000000000e+02 8.900000000000000000e+01 4.084000000000000000e+03 1.159000000000000000e+03
8.900000000000000000e+02 4.840000000000000000e+02 9.700000000000000000e+01 4.370000000000000000e+03 1.108000000000000000e+03
7.980000000000000000e+02 5.250000000000000000e+02 9.400000000000000000e+01 4.693000000000000000e+03 1.124000000000000000e+03
7.560000000000000000e+02 4.630000000000000000e+02 9.700000000000000000e+01 3.980000000000000000e+03 1.071000000000000000e+03
7.360000000000000000e+02 4.390000000000000000e+02 8.100000000000000000e+01 3.228000000000000000e+03 1.007000000000000000e+03
8.570000000000000000e+02 5.140000000000000000e+02 9.100000000000000000e+01 4.587000000000000000e+03 1.095000000000000000e+03
1.011000000000000000e+03 5.440000000000000000e+02 9.600000000000000000e+01 5.104000000000000000e+03 1.216000000000000000e+03
6.540000000000000000e+02 4.190000000000000000e+02 7.200000000000000000e+01 2.928000000000000000e+03 1.001000000000000000e+03
7.340000000000000000e+02 4.220000000000000000e+02 7.600000000000000000e+01 2.966000000000000000e+03 9.980000000000000000e+02
8.040000000000000000e+02 5.020000000000000000e+02 9.600000000000000000e+01 3.612000000000000000e+03 1.098000000000000000e+03
8.730000000000000000e+02 4.640000000000000000e+02 7.800000000000000000e+01 4.271000000000000000e+03 1.061000000000000000e+03
5.960000000000000000e+02 3.830000000000000000e+02 6.700000000000000000e+01 2.360000000000000000e+03 9.260000000000000000e+02
8.880000000000000000e+02 4.740000000000000000e+02 9.700000000000000000e+01 4.028000000000000000e+03 1.107000000000000000e+03
8.820000000000000000e+02 4.840000000000000000e+02 8.000000000000000000e+01 4.112000000000000000e+03 1.118000000000000000e+03
8.490000000000000000e+02 4.740000000000000000e+02 8.400000000000000000e+01 4.114000000000000000e+03 1.101000000000000000e+03
5.920000000000000000e+02 3.880000000000000000e+02 9.200000000000000000e+01 2.406000000000000000e+03 9.490000000000000000e+02
7.890000000000000000e+02 5.050000000000000000e+02 9.900000000000000000e+01 4.231000000000000000e+03 1.123000000000000000e+03
7.870000000000000000e+02 5.380000000000000000e+02 8.900000000000000000e+01 4.439000000000000000e+03 1.081000000000000000e+03
8.150000000000000000e+02 5.000000000000000000e+02 7.900000000000000000e+01 4.268000000000000000e+03 1.045000000000000000e+03
8.160000000000000000e+02 4.270000000000000000e+02 7.900000000000000000e+01 4.194000000000000000e+03 1.037000000000000000e+03
6.840000000000000000e+02 3.980000000000000000e+02 7.100000000000000000e+01 2.869000000000000000e+03 9.830000000000000000e+02
6.770000000000000000e+02 3.980000000000000000e+02 8.400000000000000000e+01 3.128000000000000000e+03 9.660000000000000000e+02
8.210000000000000000e+02 4.560000000000000000e+02 9.000000000000000000e+01 4.248000000000000000e+03 1.062000000000000000e+03
7.370000000000000000e+02 4.480000000000000000e+02 7.900000000000000000e+01 3.401000000000000000e+03 1.028000000000000000e+03
8.080000000000000000e+02 4.730000000000000000e+02 9.500000000000000000e+01 4.081000000000000000e+03 1.085000000000000000e+03
6.780000000000000000e+02 4.430000000000000000e+02 6.700000000000000000e+01 2.964000000000000000e+03 9.800000000000000000e+02
8.000000000000000000e+02 5.690000000000000000e+02 1.200000000000000000e+02 4.764000000000000000e+03 1.085000000000000000e+03
6.320000000000000000e+02 4.500000000000000000e+02 9.100000000000000000e+01 3.218000000000000000e+03 9.930000000000000000e+02
9.050000000000000000e+02 5.230000000000000000e+02 9.600000000000000000e+01 4.695000000000000000e+03 1.112000000000000000e+03
7.530000000000000000e+02 4.360000000000000000e+02 8.600000000000000000e+01 3.622000000000000000e+03 1.041000000000000000e+03
8.040000000000000000e+02 5.200000000000000000e+02 9.700000000000000000e+01 3.986000000000000000e+03 1.083000000000000000e+03
8.570000000000000000e+02 4.910000000000000000e+02 9.000000000000000000e+01 4.553000000000000000e+03 1.093000000000000000e+03
8.300000000000000000e+02 4.990000000000000000e+02 1.020000000000000000e+02 4.057000000000000000e+03 1.101000000000000000e+03
8.120000000000000000e+02 4.850000000000000000e+02 8.500000000000000000e+01 4.217000000000000000e+03 1.077000000000000000e+03
8.850000000000000000e+02 5.490000000000000000e+02 9.700000000000000000e+01 4.583000000000000000e+03 1.097000000000000000e+03
7.750000000000000000e+02 4.910000000000000000e+02 1.100000000000000000e+02 3.887000000000000000e+03 1.066000000000000000e+03
8.010000000000000000e+02 3.830000000000000000e+02 7.200000000000000000e+01 3.589000000000000000e+03 1.045000000000000000e+03
8.990000000000000000e+02 5.010000000000000000e+02 9.000000000000000000e+01 4.795000000000000000e+03 1.136000000000000000e+03
7.740000000000000000e+02 4.480000000000000000e+02 8.900000000000000000e+01 3.165000000000000000e+03 1.037000000000000000e+03
7.780000000000000000e+02 5.030000000000000000e+02 1.010000000000000000e+02 4.111000000000000000e+03 1.093000000000000000e+03
8.540000000000000000e+02 4.590000000000000000e+02 7.400000000000000000e+01 3.979000000000000000e+03 1.091000000000000000e+03
8.960000000000000000e+02 4.970000000000000000e+02 1.090000000000000000e+02 4.263000000000000000e+03 1.123000000000000000e+03
9.590000000000000000e+02 5.020000000000000000e+02 8.000000000000000000e+01 5.054000000000000000e+03 1.137000000000000000e+03
9.120000000000000000e+02 4.980000000000000000e+02 9.000000000000000000e+01 4.563000000000000000e+03 1.094000000000000000e+03
8.730000000000000000e+02 4.420000000000000000e+02 9.000000000000000000e+01 3.800000000000000000e+03 1.069000000000000000e+03
7.210000000000000000e+02 4.740000000000000000e+02 9.000000000000000000e+01 4.019000000000000000e+03 1.030000000000000000e+03
8.060000000000000000e+02 4.630000000000000000e+02 9.100000000000000000e+01 4.116000000000000000e+03 1.075000000000000000e+03
6.520000000000000000e+02 4.300000000000000000e+02 8.100000000000000000e+01 3.113000000000000000e+03 1.000000000000000000e+03
8.810000000000000000e+02 4.850000000000000000e+02 8.900000000000000000e+01 4.797000000000000000e+03 1.111000000000000000e+03
9.590000000000000000e+02 5.240000000000000000e+02 1.200000000000000000e+02 4.636000000000000000e+03 1.127000000000000000e+03
7.290000000000000000e+02 4.280000000000000000e+02 9.300000000000000000e+01 3.488000000000000000e+03 1.009000000000000000e+03
1.022000000000000000e+03 5.540000000000000000e+02 1.020000000000000000e+02 4.666000000000000000e+03 1.175000000000000000e+03
7.690000000000000000e+02 4.860000000000000000e+02 8.000000000000000000e+01 3.884000000000000000e+03 1.082000000000000000e+03
7.580000000000000000e+02 4.970000000000000000e+02 9.200000000000000000e+01 4.051000000000000000e+03 1.037000000000000000e+03
9.330000000000000000e+02 5.270000000000000000e+02 8.700000000000000000e+01 4.663000000000000000e+03 1.117000000000000000e+03
7.870000000000000000e+02 4.700000000000000000e+02 8.000000000000000000e+01 3.945000000000000000e+03 1.062000000000000000e+03
8.840000000000000000e+02 4.970000000000000000e+02 9.000000000000000000e+01 4.072000000000000000e+03 1.096000000000000000e+03
5.780000000000000000e+02 3.530000000000000000e+02 6.500000000000000000e+01 1.991000000000000000e+03 8.720000000000000000e+02
6.870000000000000000e+02 4.460000000000000000e+02 8.100000000000000000e+01 3.369000000000000000e+03 1.023000000000000000e+03
8.920000000000000000e+02 4.800000000000000000e+02 9.600000000000000000e+01 4.568000000000000000e+03 1.113000000000000000e+03
8.570000000000000000e+02 4.860000000000000000e+02 9.500000000000000000e+01 4.307000000000000000e+03 1.088000000000000000e+03
7.820000000000000000e+02 4.010000000000000000e+02 7.300000000000000000e+01 2.976000000000000000e+03 1.032000000000000000e+03
8.840000000000000000e+02 4.520000000000000000e+02 9.500000000000000000e+01 4.092000000000000000e+03 1.105000000000000000e+03
7.890000000000000000e+02 4.520000000000000000e+02 8.000000000000000000e+01 3.509000000000000000e+03 1.029000000000000000e+03
7.950000000000000000e+02 4.900000000000000000e+02 9.500000000000000000e+01 3.482000000000000000e+03 1.048000000000000000e+03
8.180000000000000000e+02 5.300000000000000000e+02 9.600000000000000000e+01 4.312000000000000000e+03 1.097000000000000000e+03
7.950000000000000000e+02 4.500000000000000000e+02 6.100000000000000000e+01 3.458000000000000000e+03 1.073000000000000000e+03
8.730000000000000000e+02 4.780000000000000000e+02 9.400000000000000000e+01 4.046000000000000000e+03 1.088000000000000000e+03
8.300000000000000000e+02 4.680000000000000000e+02 9.100000000000000000e+01 4.441000000000000000e+03 1.098000000000000000e+03
8.190000000000000000e+02 4.950000000000000000e+02 9.000000000000000000e+01 4.251000000000000000e+03 1.104000000000000000e+03
6.670000000000000000e+02 4.870000000000000000e+02 9.400000000000000000e+01 3.644000000000000000e+03 1.064000000000000000e+03
7.100000000000000000e+02 4.690000000000000000e+02 9.100000000000000000e+01 3.805000000000000000e+03 1.055000000000000000e+03
8.330000000000000000e+02 4.680000000000000000e+02 8.800000000000000000e+01 4.551000000000000000e+03 1.111000000000000000e+03
7.020000000000000000e+02 4.390000000000000000e+02 8.700000000000000000e+01 3.192000000000000000e+03 1.017000000000000000e+03
8.900000000000000000e+02 4.930000000000000000e+02 9.600000000000000000e+01 4.752000000000000000e+03 1.108000000000000000e+03
8.470000000000000000e+02 4.770000000000000000e+02 9.100000000000000000e+01 4.289000000000000000e+03 1.119000000000000000e+03
7.960000000000000000e+02 4.620000000000000000e+02 8.600000000000000000e+01 3.972000000000000000e+03 1.091000000000000000e+03
8.210000000000000000e+02 4.720000000000000000e+02 9.400000000000000000e+01 4.322000000000000000e+03 1.078000000000000000e+03
8.510000000000000000e+02 4.920000000000000000e+02 9.400000000000000000e+01 4.247000000000000000e+03 1.112000000000000000e+03
9.450000000000000000e+02 5.050000000000000000e+02 9.100000000000000000e+01 4.520000000000000000e+03 1.131000000000000000e+03
9.500000000000000000e+02 5.340000000000000000e+02 8.600000000000000000e+01 5.087000000000000000e+03 1.142000000000000000e+03
8.240000000000000000e+02 4.760000000000000000e+02 7.900000000000000000e+01 3.435000000000000000e+03 1.108000000000000000e+03
5.270000000000000000e+02 4.200000000000000000e+02 9.900000000000000000e+01 2.841000000000000000e+03 9.330000000000000000e+02
7.340000000000000000e+02 4.340000000000000000e+02 9.200000000000000000e+01 4.245000000000000000e+03 1.038000000000000000e+03
8.110000000000000000e+02 4.850000000000000000e+02 9.500000000000000000e+01 4.020000000000000000e+03 1.073000000000000000e+03
7.430000000000000000e+02 4.800000000000000000e+02 8.600000000000000000e+01 3.606000000000000000e+03 1.041000000000000000e+03
7.180000000000000000e+02 4.030000000000000000e+02 9.000000000000000000e+01 3.215000000000000000e+03 1.006000000000000000e+03
6.040000000000000000e+02 4.090000000000000000e+02 8.300000000000000000e+01 2.590000000000000000e+03 9.650000000000000000e+02
7.340000000000000000e+02 4.570000000000000000e+02 9.300000000000000000e+01 3.642000000000000000e+03 1.066000000000000000e+03
8.410000000000000000e+02 4.730000000000000000e+02 9.700000000000000000e+01 4.226000000000000000e+03 1.098000000000000000e+03
7.630000000000000000e+02 4.350000000000000000e+02 7.900000000000000000e+01 3.529000000000000000e+03 1.055000000000000000e+03
8.370000000000000000e+02 4.890000000000000000e+02 9.600000000000000000e+01 4.670000000000000000e+03 1.073000000000000000e+03
8.750000000000000000e+02 5.220000000000000000e+02 9.000000000000000000e+01 4.409000000000000000e+03 1.099000000000000000e+03
