1.712000000000000000e+03 1.100000000000000000e+02 8.000000000000000000e+00 5.899000000000000000e+03 1.241000000000000000e+03
1.632000000000000000e+03 1.000000000000000000e+02 2.000000000000000000e+00 5.730000000000000000e+03 1.249000000000000000e+03
1.725000000000000000e+03 1.070000000000000000e+02 4.000000000000000000e+00 5.687000000000000000e+03 1.210000000000000000e+03
1.612000000000000000e+03 1.070000000000000000e+02 2.000000000000000000e+00 5.957000000000000000e+03 1.217000000000000000e+03
1.652000000000000000e+03 1.000000000000000000e+02 7.000000000000000000e+00 5.365000000000000000e+03 1.192000000000000000e+03
1.439000000000000000e+03 1.080000000000000000e+02 5.000000000000000000e+00 5.365000000000000000e+03 1.205000000000000000e+03
1.509000000000000000e+03 1.120000000000000000e+02 5.000000000000000000e+00 5.386000000000000000e+03 1.156000000000000000e+03
1.545000000000000000e+03 1.200000000000000000e+02 1.000000000000000000e+00 5.201000000000000000e+03 1.127000000000000000e+03
1.623000000000000000e+03 1.120000000000000000e+02 3.000000000000000000e+00 5.440000000000000000e+03 1.234000000000000000e+03
1.362000000000000000e+03 1.100000000000000000e+02 2.000000000000000000e+00 5.473000000000000000e+03 1.147000000000000000e+03
1.546000000000000000e+03 1.240000000000000000e+02 8.000000000000000000e+00 5.769000000000000000e+03 1.185000000000000000e+03
1.487000000000000000e+03 1.300000000000000000e+02 1.000000000000000000e+01 5.391000000000000000e+03 1.128000000000000000e+03
1.741000000000000000e+03 1.330000000000000000e+02 3.000000000000000000e+00 6.408000000000000000e+03 1.238000000000000000e+03
1.613000000000000000e+03 1.030000000000000000e+02 6.000000000000000000e+00 5.236000000000000000e+03 1.245000000000000000e+03
1.626000000000000000e+03 9.200000000000000000e+01 3.000000000000000000e+00 5.585000000000000000e+03 1.220000000000000000e+03
1.541000000000000000e+03 1.310000000000000000e+02 2.000000000000000000e+00 5.777000000000000000e+03 1.204000000000000000e+03
1.675000000000000000e+03 1.040000000000000000e+02 6.000000000000000000e+00 5.928000000000000000e+03 1.239000000000000000e+03
1.641000000000000000e+03 1.060000000000000000e+02 5.000000000000000000e+00 5.104000000000000000e+03 1.151000000000000000e+03
1.090000000000000000e+03 8.200000000000000000e+01 3.000000000000000000e+00 3.200000000000000000e+03 9.730000000000000000e+02
1.575000000000000000e+03 1.130000000000000000e+02 6.000000000000000000e+00 5.527000000000000000e+03 1.171000000000000000e+03
1.542000000000000000e+03 1.200000000000000000e+02 5.000000000000000000e+00 6.044000000000000000e+03 1.184000000000000000e+03
1.480000000000000000e+03 1.140000000000000000e+02 7.000000000000000000e+00 5.660000000000000000e+03 1.179000000000000000e+03
1.651000000000000000e+03 1.160000000000000000e+02 4.000000000000000000e+00 5.557000000000000000e+03 1.213000000000000000e+03
1.585000000000000000e+03 1.190000000000000000e+02 3.000000000000000000e+00 5.891000000000000000e+03 1.193000000000000000e+03
1.443000000000000000e+03 1.030000000000000000e+02 4.000000000000000000e+00 5.025000000000000000e+03 1.153000000000000000e+03
1.163000000000000000e+03 1.010000000000000000e+02 2.000000000000000000e+00 3.223000000000000000e+03 1.042000000000000000e+03
1.348000000000000000e+03 9.200000000000000000e+01 2.000000000000000000e+00 5.183000000000000000e+03 1.093000000000000000e+03
1.694000000000000000e+03 1.210000000000000000e+02 4.000000000000000000e+00 5.764000000000000000e+03 1.236000000000000000e+03
1.451000000000000000e+03 1.140000000000000000e+02 3.000000000000000000e+00 5.156000000000000000e+03 1.155000000000000000e+03
1.586000000000000000e+03 1.290000000000000000e+02 4.000000000000000000e+00 5.596000000000000000e+03 1.200000000000000000e+03
1.196000000000000000e+03 1.080000000000000000e+02 3.000000000000000000e+00 4.447000000000000000e+03 1.081000000000000000e+03
1.418000000000000000e+03 1.080000000000000000e+02 3.000000000000000000e+00 5.451000000000000000e+03 1.165000000000000000e+03
1.359000000000000000e+03 1.100000000000000000e+02 6.000000000000000000e+00 4.545000000000000000e+03 1.118000000000000000e+03
1.486000000000000000e+03 1.120000000000000000e+02 4.000000000000000000e+00 5.061000000000000000e+03 1.197000000000000000e+03
1.282000000000000000e+03 8.400000000000000000e+01 4.000000000000000000e+00 4.607000000000000000e+03 1.081000000000000000e+03
1.625000000000000000e+03 1.100000000000000000e+02 5.000000000000000000e+00 5.597000000000000000e+03 1.240000000000000000e+03
1.619000000000000000e+03 1.070000000000000000e+02 4.000000000000000000e+00 5.934000000000000000e+03 1.193000000000000000e+03
1.341000000000000000e+03 1.160000000000000000e+02 3.000000000000000000e+00 5.775000000000000000e+03 1.175000000000000000e+03
1.709000000000000000e+03 1.150000000000000000e+02 4.000000000000000000e+00 6.548000000000000000e+03 1.231000000000000000e+03
1.584000000000000000e+03 1.170000000000000000e+02 5.000000000000000000e+00 5.612000000000000000e+03 1.204000000000000000e+03
1.439000000000000000e+03 1.000000000000000000e+02 5.000000000000000000e+00 5.549000000000000000e+03 1.193000000000000000e+03
1.913000000000000000e+03 1.320000000000000000e+02 3.000000000000000000e+00 6.029000000000000000e+03 1.286000000000000000e+03
1.413000000000000000e+03 1.210000000000000000e+02 2.000000000000000000e+00 5.461000000000000000e+03 1.179000000000000000e+03
1.059000000000000000e+03 9.700000000000000000e+01 8.000000000000000000e+00 3.418000000000000000e+03 9.980000000000000000e+02
1.641000000000000000e+03 8.500000000000000000e+01 1.000000000000000000e+00 5.452000000000000000e+03 1.210000000000000000e+03
1.443000000000000000e+03 1.150000000000000000e+02 3.000000000000000000e+00 5.384000000000000000e+03 1.138000000000000000e+03
1.526000000000000000e+03 9.400000000000000000e+01 3.000000000000000000e+00 5.881000000000000000e+03 1.190000000000000000e+03
1.462000000000000000e+03 1.100000000000000000e+02 5.000000000000000000e+00 5.359000000000000000e+03 1.145000000000000000e+03
1.531000000000000000e+03 1.190000000000000000e+02 4.000000000000000000e+00 5.499000000000000000e+03 1.175000000000000000e+03
1.702000000000000000e+03 1.010000000000000000e+02 3.000000000000000000e+00 5.697000000000000000e+03 1.259000000000000000e+03
1.511000000000000000e+03 1.190000000000000000e+02 5.000000000000000000e+00 5.716000000000000000e+03 1.164000000000000000e+03
1.333000000000000000e+03 1.070000000000000000e+02 5.000000000000000000e+00 5.299000000000000000e+03 1.143000000000000000e+03
1.568000000000000000e+03 1.160000000000000000e+02 3.000000000000000000e+00 5.007000000000000000e+03 1.171000000000000000e+03
1.415000000000000000e+03 1.030000000000000000e+02 4.000000000000000000e+00 4.974000000000000000e+03 1.144000000000000000e+03
1.437000000000000000e+03 8.800000000000000000e+01 3.000000000000000000e+00 5.302000000000000000e+03 1.149000000000000000e+03
1.511000000000000000e+03 1.150000000000000000e+02 6.000000000000000000e+00 5.493000000000000000e+03 1.182000000000000000e+03
1.225000000000000000e+03 9.600000000000000000e+01 7.000000000000000000e+00 4.456000000000000000e+03 1.096000000000000000e+03
1.548000000000000000e+03 1.290000000000000000e+02 4.000000000000000000e+00 5.328000000000000000e+03 1.223000000000000000e+03
1.493000000000000000e+03 1.090000000000000000e+02 4.000000000000000000e+00 5.657000000000000000e+03 1.150000000000000000e+03
1.389000000000000000e+03 1.010000000000000000e+02 9.000000000000000000e+00 5.724000000000000000e+03 1.132000000000000000e+03
1.464000000000000000e+03 1.030000000000000000e+02 2.000000000000000000e+00 5.155000000000000000e+03 1.176000000000000000e+03
1.577000000000000000e+03 1.080000000000000000e+02 4.000000000000000000e+00 5.481000000000000000e+03 1.209000000000000000e+03
1.642000000000000000e+03 9.900000000000000000e+01 4.000000000000000000e+00 5.760000000000000000e+03 1.198000000000000000e+03
1.276000000000000000e+03 9.200000000000000000e+01 3.000000000000000000e+00 4.850000000000000000e+03 1.123000000000000000e+03
1.574000000000000000e+03 1.230000000000000000e+02 6.000000000000000000e+00 5.852000000000000000e+03 1.216000000000000000e+03
1.512000000000000000e+03 1.230000000000000000e+02 5.000000000000000000e+00 5.379000000000000000e+03 1.173000000000000000e+03
1.553000000000000000e+03 1.020000000000000000e+02 6.000000000000000000e+00 5.348000000000000000e+03 1.149000000000000000e+03
1.447000000000000000e+03 9.200000000000000000e+01 4.000000000000000000e+00 5.749000000000000000e+03 1.160000000000000000e+03
1.532000000000000000e+03 1.260000000000000000e+02 3.000000000000000000e+00 5.577000000000000000e+03 1.164000000000000000e+03
1.368000000000000000e+03 1.050000000000000000e+02 5.000000000000000000e+00 4.659000000000000000e+03 1.150000000000000000e+03
1.466000000000000000e+03 1.140000000000000000e+02 6.000000000000000000e+00 5.099000000000000000e+03 1.130000000000000000e+03
1.183000000000000000e+03 1.020000000000000000e+02 4.000000000000000000e+00 4.557000000000000000e+03 1.038000000000000000e+03
1.666000000000000000e+03 1.000000000000000000e+02 4.000000000000000000e+00 5.578000000000000000e+03 1.227000000000000000e+03
1.456000000000000000e+03 1.060000000000000000e+02 9.000000000000000000e+00 5.390000000000000000e+03 1.139000000000000000e+03
1.486000000000000000e+03 1.080000000000000000e+02 7.000000000000000000e+00 5.457000000000000000e+03 1.150000000000000000e+03
1.585000000000000000e+03 1.320000000000000000e+02 4.000000000000000000e+00 5.400000000000000000e+03 1.204000000000000000e+03
1.498000000000000000e+03 1.070000000000000000e+02 3.000000000000000000e+00 5.758000000000000000e+03 1.208000000000000000e+03
1.659000000000000000e+03 9.800000000000000000e+01 3.000000000000000000e+00 5.821000000000000000e+03 1.205000000000000000e+03
1.298000000000000000e+03 9.000000000000000000e+01 5.000000000000000000e+00 4.296000000000000000e+03 1.093000000000000000e+03
1.701000000000000000e+03 1.030000000000000000e+02 6.000000000000000000e+00 5.868000000000000000e+03 1.174000000000000000e+03
1.652000000000000000e+03 1.250000000000000000e+02 6.000000000000000000e+00 5.808000000000000000e+03 1.247000000000000000e+03
1.079000000000000000e+03 1.110000000000000000e+02 4.000000000000000000e+00 3.911000000000000000e+03 1.020000000000000000e+03
1.565000000000000000e+03 9.800000000000000000e+01 2.000000000000000000e+00 5.301000000000000000e+03 1.188000000000000000e+03
1.284000000000000000e+03 9.100000000000000000e+01 3.000000000000000000e+00 4.502000000000000000e+03 1.087000000000000000e+03
1.592000000000000000e+03 9.800000000000000000e+01 2.000000000000000000e+00 5.460000000000000000e+03 1.146000000000000000e+03
1.653000000000000000e+03 1.120000000000000000e+02 2.000000000000000000e+00 5.506000000000000000e+03 1.174000000000000000e+03
1.499000000000000000e+03 1.040000000000000000e+02 7.000000000000000000e+00 5.565000000000000000e+03 1.161000000000000000e+03
1.431000000000000000e+03 8.900000000000000000e+01 2.000000000000000000e+00 5.982000000000000000e+03 1.122000000000000000e+03
1.422000000000000000e+03 1.220000000000000000e+02 3.000000000000000000e+00 4.860000000000000000e+03 1.163000000000000000e+03
1.635000000000000000e+03 1.120000000000000000e+02 5.000000000000000000e+00 5.888000000000000000e+03 1.247000000000000000e+03
1.665000000000000000e+03 1.260000000000000000e+02 4.000000000000000000e+00 5.400000000000000000e+03 1.215000000000000000e+03
1.688000000000000000e+03 1.190000000000000000e+02 3.000000000000000000e+00 5.877000000000000000e+03 1.274000000000000000e+03
1.443000000000000000e+03 9.000000000000000000e+01 7.000000000000000000e+00 5.790000000000000000e+03 1.182000000000000000e+03
1.084000000000000000e+03 8.900000000000000000e+01 5.000000000000000000e+00 3.568000000000000000e+03 9.810000000000000000e+02
1.617000000000000000e+03 1.060000000000000000e+02 5.000000000000000000e+00 5.739000000000000000e+03 1.184000000000000000e+03
1.571000000000000000e+03 9.600000000000000000e+01 7.000000000000000000e+00 5.865000000000000000e+03 1.221000000000000000e+03
1.389000000000000000e+03 1.220000000000000000e+02 4.000000000000000000e+00 5.281000000000000000e+03 1.212000000000000000e+03
1.336000000000000000e+03 1.090000000000000000e+02 4.000000000000000000e+00 4.618000000000000000e+03 1.136000000000000000e+03
1.152000000000000000e+03 1.020000000000000000e+02 3.000000000000000000e+00 4.206000000000000000e+03 1.059000000000000000e+03
1.566000000000000000e+03 1.040000000000000000e+02 8.000000000000000000e+00 6.075000000000000000e+03 1.210000000000000000e+03
1.626000000000000000e+03 1.190000000000000000e+02 2.000000000000000000e+00 5.811000000000000000e+03 1.187000000000000000e+03
1.650000000000000000e+03 8.800000000000000000e+01 4.000000000000000000e+00 5.980000000000000000e+03 1.249000000000000000e+03
1.781000000000000000e+03 1.040000000000000000e+02 5.000000000000000000e+00 5.754000000000000000e+03 1.236000000000000000e+03
1.351000000000000000e+03 1.150000000000000000e+02 2.000000000000000000e+00 4.927000000000000000e+03 1.123000000000000000e+03
1.567000000000000000e+03 1.140000000000000000e+02 4.000000000000000000e+00 5.623000000000000000e+03 1.136000000000000000e+03
1.664000000000000000e+03 1.230000000000000000e+02 2.000000000000000000e+00 5.345000000000000000e+03 1.224000000000000000e+03
1.548000000000000000e+03 1.210000000000000000e+02 4.000000000000000000e+00 5.824000000000000000e+03 1.159000000000000000e+03
1.132000000000000000e+03 9.800000000000000000e+01 6.000000000000000000e+00 3.365000000000000000e+03 1.028000000000000000e+03
1.654000000000000000e+03 9.400000000000000000e+01 6.000000000000000000e+00 5.744000000000000000e+03 1.201000000000000000e+03
1.611000000000000000e+03 1.180000000000000000e+02 6.000000000000000000e+00 5.957000000000000000e+03 1.212000000000000000e+03
1.108000000000000000e+03 9.300000000000000000e+01 3.000000000000000000e+00 4.409000000000000000e+03 1.027000000000000000e+03
1.345000000000000000e+03 1.230000000000000000e+02 2.000000000000000000e+00 5.277000000000000000e+03 1.102000000000000000e+03
1.667000000000000000e+03 1.200000000000000000e+02 1.000000000000000000e+00 5.501000000000000000e+03 1.246000000000000000e+03
1.377000000000000000e+03 1.080000000000000000e+02 4.000000000000000000e+00 4.812000000000000000e+03 1.178000000000000000e+03
1.466000000000000000e+03 1.070000000000000000e+02 5.000000000000000000e+00 5.213000000000000000e+03 1.107000000000000000e+03
1.418000000000000000e+03 1.050000000000000000e+02 2.000000000000000000e+00 5.026000000000000000e+03 1.131000000000000000e+03
1.724000000000000000e+03 1.030000000000000000e+02 4.000000000000000000e+00 6.086000000000000000e+03 1.228000000000000000e+03
1.409000000000000000e+03 1.260000000000000000e+02 5.000000000000000000e+00 5.479000000000000000e+03 1.123000000000000000e+03
1.891000000000000000e+03 1.190000000000000000e+02 3.000000000000000000e+00 6.277000000000000000e+03 1.270000000000000000e+03
1.666000000000000000e+03 1.090000000000000000e+02 4.000000000000000000e+00 5.919000000000000000e+03 1.253000000000000000e+03
1.628000000000000000e+03 1.240000000000000000e+02 4.000000000000000000e+00 5.717000000000000000e+03 1.237000000000000000e+03
1.395000000000000000e+03 1.100000000000000000e+02 4.000000000000000000e+00 4.436000000000000000e+03 1.168000000000000000e+03
1.603000000000000000e+03 1.000000000000000000e+02 6.000000000000000000e+00 6.029000000000000000e+03 1.182000000000000000e+03
1.230000000000000000e+03 1.140000000000000000e+02 5.000000000000000000e+00 3.879000000000000000e+03 1.068000000000000000e+03
1.657000000000000000e+03 9.200000000000000000e+01 4.000000000000000000e+00 5.747000000000000000e+03 1.209000000000000000e+03
1.570000000000000000e+03 9.400000000000000000e+01 5.000000000000000000e+00 5.358000000000000000e+03 1.176000000000000000e+03
1.326000000000000000e+03 9.200000000000000000e+01 5.000000000000000000e+00 5.507000000000000000e+03 1.148000000000000000e+03
1.280000000000000000e+03 1.050000000000000000e+02 3.000000000000000000e+00 4.271000000000000000e+03 1.090000000000000000e+03
1.664000000000000000e+03 1.450000000000000000e+02 9.000000000000000000e+00 5.863000000000000000e+03 1.232000000000000000e+03
1.460000000000000000e+03 1.210000000000000000e+02 8.000000000000000000e+00 5.528000000000000000e+03 1.153000000000000000e+03
1.564000000000000000e+03 1.300000000000000000e+02 3.000000000000000000e+00 6.341000000000000000e+03 1.194000000000000000e+03
1.123000000000000000e+03 8.900000000000000000e+01 5.000000000000000000e+00 3.215000000000000000e+03 1.012000000000000000e+03
1.796000000000000000e+03 1.220000000000000000e+02 3.000000000000000000e+00 5.889000000000000000e+03 1.274000000000000000e+03
1.215000000000000000e+03 9.000000000000000000e+01 1.000000000000000000e+00 4.684000000000000000e+03 1.051000000000000000e+03
1.269000000000000000e+03 8.900000000000000000e+01 1.000000000000000000e+00 4.173000000000000000e+03 1.093000000000000000e+03
1.531000000000000000e+03 1.020000000000000000e+02 4.000000000000000000e+00 5.552000000000000000e+03 1.176000000000000000e+03
1.788000000000000000e+03 1.390000000000000000e+02 1.000000000000000000e+00 5.787000000000000000e+03 1.293000000000000000e+03
1.338000000000000000e+03 8.400000000000000000e+01 3.000000000000000000e+00 4.687000000000000000e+03 1.073000000000000000e+03
1.525000000000000000e+03 1.200000000000000000e+02 5.000000000000000000e+00 5.408000000000000000e+03 1.161000000000000000e+03
1.517000000000000000e+03 9.900000000000000000e+01 3.000000000000000000e+00 5.468000000000000000e+03 1.211000000000000000e+03
1.278000000000000000e+03 9.800000000000000000e+01 2.000000000000000000e+00 5.093000000000000000e+03 1.073000000000000000e+03
1.538000000000000000e+03 1.250000000000000000e+02 4.000000000000000000e+00 5.816000000000000000e+03 1.193000000000000000e+03
1.537000000000000000e+03 1.170000000000000000e+02 6.000000000000000000e+00 5.496000000000000000e+03 1.185000000000000000e+03
1.487000000000000000e+03 1.180000000000000000e+02 2.000000000000000000e+00 5.086000000000000000e+03 1.171000000000000000e+03
1.579000000000000000e+03 1.050000000000000000e+02 3.000000000000000000e+00 6.075000000000000000e+03 1.217000000000000000e+03
1.497000000000000000e+03 9.000000000000000000e+01 4.000000000000000000e+00 5.204000000000000000e+03 1.123000000000000000e+03
1.602000000000000000e+03 1.150000000000000000e+02 7.000000000000000000e+00 5.738000000000000000e+03 1.244000000000000000e+03
1.674000000000000000e+03 1.040000000000000000e+02 4.000000000000000000e+00 6.008000000000000000e+03 1.199000000000000000e+03
1.402000000000000000e+03 1.000000000000000000e+02 2.000000000000000000e+00 5.241000000000000000e+03 1.109000000000000000e+03
1.384000000000000000e+03 1.080000000000000000e+02 4.000000000000000000e+00 4.837000000000000000e+03 1.144000000000000000e+03
1.237000000000000000e+03 1.060000000000000000e+02 2.000000000000000000e+00 4.510000000000000000e+03 1.061000000000000000e+03
1.697000000000000000e+03 9.900000000000000000e+01 4.000000000000000000e+00 6.047000000000000000e+03 1.234000000000000000e+03
1.371000000000000000e+03 1.070000000000000000e+02 4.000000000000000000e+00 4.260000000000000000e+03 1.117000000000000000e+03
1.639000000000000000e+03 1.200000000000000000e+02 4.000000000000000000e+00 5.729000000000000000e+03 1.204000000000000000e+03
1.788000000000000000e+03 1.230000000000000000e+02 8.000000000000000000e+00 6.090000000000000000e+03 1.270000000000000000e+03
1.636000000000000000e+03 1.100000000000000000e+02 3.000000000000000000e+00 5.988000000000000000e+03 1.197000000000000000e+03
1.741000000000000000e+03 1.180000000000000000e+02 7.000000000000000000e+00 6.348000000000000000e+03 1.297000000000000000e+03
1.672000000000000000e+03 1.200000000000000000e+02 3.000000000000000000e+00 5.614000000000000000e+03 1.204000000000000000e+03
1.618000000000000000e+03 1.270000000000000000e+02 7.000000000000000000e+00 5.798000000000000000e+03 1.237000000000000000e+03
1.817000000000000000e+03 1.360000000000000000e+02 2.000000000000000000e+00 6.294000000000000000e+03 1.259000000000000000e+03
1.594000000000000000e+03 1.030000000000000000e+02 2.000000000000000000e+00 5.657000000000000000e+03 1.171000000000000000e+03
1.747000000000000000e+03 1.180000000000000000e+02 4.000000000000000000e+00 6.070000000000000000e+03 1.259000000000000000e+03
1.451000000000000000e+03 1.060000000000000000e+02 5.000000000000000000e+00 5.313000000000000000e+03 1.209000000000000000e+03
1.770000000000000000e+03 1.210000000000000000e+02 8.000000000000000000e+00 5.942000000000000000e+03 1.192000000000000000e+03
1.544000000000000000e+03 1.080000000000000000e+02 2.000000000000000000e+00 4.971000000000000000e+03 1.148000000000000000e+03
1.631000000000000000e+03 1.280000000000000000e+02 1.000000000000000000e+00 6.132000000000000000e+03 1.217000000000000000e+03
1.432000000000000000e+03 1.230000000000000000e+02 3.000000000000000000e+00 5.878000000000000000e+03 1.166000000000000000e+03
1.508000000000000000e+03 9.600000000000000000e+01 2.000000000000000000e+00 5.585000000000000000e+03 1.182000000000000000e+03
1.365000000000000000e+03 1.220000000000000000e+02 3.000000000000000000e+00 5.030000000000000000e+03 1.135000000000000000e+03
1.866000000000000000e+03 1.070000000000000000e+02 2.000000000000000000e+00 6.168000000000000000e+03 1.251000000000000000e+03
1.492000000000000000e+03 8.700000000000000000e+01 6.000000000000000000e+00 5.984000000000000000e+03 1.153000000000000000e+03
1.529000000000000000e+03 1.020000000000000000e+02 4.000000000000000000e+00 5.811000000000000000e+03 1.153000000000000000e+03
1.462000000000000000e+03 1.040000000000000000e+02 4.000000000000000000e+00 5.731000000000000000e+03 1.131000000000000000e+03
1.638000000000000000e+03 1.190000000000000000e+02 2.000000000000000000e+00 5.787000000000000000e+03 1.272000000000000000e+03
1.625000000000000000e+03 1.230000000000000000e+02 5.000000000000000000e+00 5.680000000000000000e+03 1.220000000000000000e+03
1.269000000000000000e+03 1.060000000000000000e+02 9.000000000000000000e+00 4.492000000000000000e+03 1.116000000000000000e+03
1.504000000000000000e+03 1.110000000000000000e+02 4.000000000000000000e+00 5.244000000000000000e+03 1.135000000000000000e+03
1.425000000000000000e+03 9.700000000000000000e+01 6.000000000000000000e+00 4.684000000000000000e+03 1.107000000000000000e+03
1.356000000000000000e+03 9.400000000000000000e+01 2.000000000000000000e+00 5.053000000000000000e+03 1.087000000000000000e+03
1.109000000000000000e+03 1.150000000000000000e+02 9.000000000000000000e+00 4.444000000000000000e+03 1.077000000000000000e+03
1.593000000000000000e+03 1.050000000000000000e+02 2.000000000000000000e+00 6.114000000000000000e+03 1.217000000000000000e+03
1.468000000000000000e+03 1.000000000000000000e+02 1.000000000000000000e+00 5.728000000000000000e+03 1.128000000000000000e+03
1.647000000000000000e+03 1.110000000000000000e+02 9.000000000000000000e+00 5.718000000000000000e+03 1.224000000000000000e+03
1.286000000000000000e+03 1.030000000000000000e+02 6.000000000000000000e+00 5.378000000000000000e+03 1.161000000000000000e+03
1.709000000000000000e+03 1.070000000000000000e+02 4.000000000000000000e+00 5.586000000000000000e+03 1.268000000000000000e+03
1.363000000000000000e+03 8.500000000000000000e+01 3.000000000000000000e+00 4.541000000000000000e+03 1.096000000000000000e+03
1.442000000000000000e+03 1.050000000000000000e+02 5.000000000000000000e+00 5.311000000000000000e+03 1.143000000000000000e+03
1.609000000000000000e+03 1.270000000000000000e+02 5.000000000000000000e+00 5.872000000000000000e+03 1.200000000000000000e+03
1.690000000000000000e+03 1.030000000000000000e+02 9.000000000000000000e+00 5.797000000000000000e+03 1.223000000000000000e+03
1.499000000000000000e+03 1.090000000000000000e+02 3.000000000000000000e+00 5.312000000000000000e+03 1.146000000000000000e+03
1.451000000000000000e+03 9.100000000000000000e+01 3.000000000000000000e+00 5.206000000000000000e+03 1.152000000000000000e+03
1.557000000000000000e+03 1.020000000000000000e+02 3.000000000000000000e+00 5.519000000000000000e+03 1.174000000000000000e+03
1.428000000000000000e+03 9.400000000000000000e+01 6.000000000000000000e+00 5.296000000000000000e+03 1.158000000000000000e+03
1.405000000000000000e+03 1.190000000000000000e+02 2.000000000000000000e+00 5.203000000000000000e+03 1.128000000000000000e+03
1.686000000000000000e+03 1.180000000000000000e+02 6.000000000000000000e+00 5.440000000000000000e+03 1.236000000000000000e+03
1.587000000000000000e+03 1.160000000000000000e+02 1.000000000000000000e+01 5.708000000000000000e+03 1.189000000000000000e+03
1.422000000000000000e+03 1.180000000000000000e+02 8.000000000000000000e+00 5.051000000000000000e+03 1.175000000000000000e+03
1.658000000000000000e+03 1.220000000000000000e+02 2.000000000000000000e+00 5.508000000000000000e+03 1.238000000000000000e+03
1.379000000000000000e+03 1.120000000000000000e+02 5.000000000000000000e+00 4.774000000000000000e+03 1.152000000000000000e+03
1.672000000000000000e+03 1.130000000000000000e+02 3.000000000000000000e+00 5.882000000000000000e+03 1.202000000000000000e+03
1.570000000000000000e+03 1.080000000000000000e+02 3.000000000000000000e+00 6.008000000000000000e+03 1.185000000000000000e+03
1.467000000000000000e+03 1.110000000000000000e+02 5.000000000000000000e+00 5.761000000000000000e+03 1.181000000000000000e+03
1.637000000000000000e+03 1.120000000000000000e+02 5.000000000000000000e+00 6.106000000000000000e+03 1.243000000000000000e+03
1.584000000000000000e+03 1.110000000000000000e+02 2.000000000000000000e+00 5.370000000000000000e+03 1.189000000000000000e+03
1.451000000000000000e+03 1.060000000000000000e+02 3.000000000000000000e+00 5.084000000000000000e+03 1.174000000000000000e+03
1.388000000000000000e+03 1.070000000000000000e+02 4.000000000000000000e+00 4.919000000000000000e+03 1.151000000000000000e+03
1.730000000000000000e+03 1.300000000000000000e+02 7.000000000000000000e+00 6.199000000000000000e+03 1.277000000000000000e+03
1.469000000000000000e+03 1.210000000000000000e+02 5.000000000000000000e+00 5.411000000000000000e+03 1.197000000000000000e+03
1.335000000000000000e+03 9.500000000000000000e+01 3.000000000000000000e+00 4.602000000000000000e+03 1.099000000000000000e+03
1.311000000000000000e+03 1.010000000000000000e+02 2.000000000000000000e+00 4.674000000000000000e+03 1.093000000000000000e+03
1.372000000000000000e+03 1.070000000000000000e+02 6.000000000000000000e+00 4.529000000000000000e+03 1.116000000000000000e+03
1.540000000000000000e+03 1.160000000000000000e+02 8.000000000000000000e+00 5.197000000000000000e+03 1.182000000000000000e+03
1.287000000000000000e+03 9.600000000000000000e+01 4.000000000000000000e+00 4.918000000000000000e+03 1.098000000000000000e+03
1.502000000000000000e+03 1.250000000000000000e+02 3.000000000000000000e+00 5.227000000000000000e+03 1.208000000000000000e+03
1.612000000000000000e+03 1.210000000000000000e+02 5.000000000000000000e+00 5.843000000000000000e+03 1.198000000000000000e+03
1.144000000000000000e+03 9.000000000000000000e+01 2.000000000000000000e+00 3.216000000000000000e+03 1.011000000000000000e+03
1.569000000000000000e+03 1.160000000000000000e+02 7.000000000000000000e+00 5.843000000000000000e+03 1.184000000000000000e+03
1.488000000000000000e+03 1.110000000000000000e+02 7.000000000000000000e+00 5.266000000000000000e+03 1.163000000000000000e+03
1.721000000000000000e+03 1.170000000000000000e+02 6.000000000000000000e+00 5.916000000000000000e+03 1.285000000000000000e+03
1.266000000000000000e+03 1.040000000000000000e+02 6.000000000000000000e+00 4.143000000000000000e+03 1.163000000000000000e+03
1.545000000000000000e+03 1.030000000000000000e+02 7.000000000000000000e+00 5.402000000000000000e+03 1.188000000000000000e+03
1.921000000000000000e+03 1.470000000000000000e+02 3.000000000000000000e+00 6.158000000000000000e+03 1.285000000000000000e+03
1.730000000000000000e+03 1.290000000000000000e+02 5.000000000000000000e+00 5.515000000000000000e+03 1.214000000000000000e+03
1.356000000000000000e+03 1.020000000000000000e+02 7.000000000000000000e+00 5.103000000000000000e+03 1.145000000000000000e+03
1.465000000000000000e+03 1.320000000000000000e+02 4.000000000000000000e+00 5.449000000000000000e+03 1.159000000000000000e+03
1.344000000000000000e+03 9.700000000000000000e+01 4.000000000000000000e+00 5.261000000000000000e+03 1.102000000000000000e+03
1.265000000000000000e+03 1.050000000000000000e+02 3.000000000000000000e+00 3.967000000000000000e+03 1.096000000000000000e+03
1.524000000000000000e+03 1.130000000000000000e+02 7.000000000000000000e+00 5.614000000000000000e+03 1.158000000000000000e+03
1.470000000000000000e+03 1.160000000000000000e+02 6.000000000000000000e+00 5.755000000000000000e+03 1.174000000000000000e+03
1.581000000000000000e+03 1.150000000000000000e+02 7.000000000000000000e+00 5.847000000000000000e+03 1.221000000000000000e+03
1.513000000000000000e+03 1.100000000000000000e+02 4.000000000000000000e+00 5.499000000000000000e+03 1.136000000000000000e+03
1.535000000000000000e+03 1.120000000000000000e+02 5.000000000000000000e+00 5.357000000000000000e+03 1.214000000000000000e+03
1.502000000000000000e+03 9.800000000000000000e+01 2.000000000000000000e+00 5.568000000000000000e+03 1.131000000000000000e+03
1.421000000000000000e+03 1.190000000000000000e+02 6.000000000000000000e+00 4.957000000000000000e+03 1.123000000000000000e+03
1.424000000000000000e+03 1.150000000000000000e+02 4.000000000000000000e+00 5.483000000000000000e+03 1.179000000000000000e+03
1.721000000000000000e+03 1.100000000000000000e+02 5.000000000000000000e+00 6.562000000000000000e+03 1.213000000000000000e+03
1.440000000000000000e+03 1.000000000000000000e+02 5.000000000000000000e+00 4.585000000000000000e+03 1.176000000000000000e+03
1.428000000000000000e+03 8.800000000000000000e+01 2.000000000000000000e+00 5.297000000000000000e+03 1.114000000000000000e+03
1.396000000000000000e+03 9.700000000000000000e+01 5.000000000000000000e+00 5.160000000000000000e+03 1.125000000000000000e+03
1.660000000000000000e+03 1.060000000000000000e+02 6.000000000000000000e+00 5.908000000000000000e+03 1.199000000000000000e+03
1.554000000000000000e+03 8.700000000000000000e+01 3.000000000000000000e+00 5.703000000000000000e+03 1.197000000000000000e+03
1.353000000000000000e+03 8.300000000000000000e+01 4.000000000000000000e+00 4.647000000000000000e+03 1.098000000000000000e+03
1.452000000000000000e+03 1.190000000000000000e+02 6.000000000000000000e+00 5.362000000000000000e+03 1.162000000000000000e+03
1.585000000000000000e+03 1.070000000000000000e+02 4.000000000000000000e+00 5.557000000000000000e+03 1.191000000000000000e+03
1.244000000000000000e+03 1.140000000000000000e+02 8.000000000000000000e+00 4.163000000000000000e+03 1.090000000000000000e+03
1.425000000000000000e+03 1.050000000000000000e+02 5.000000000000000000e+00 4.717000000000000000e+03 1.133000000000000000e+03
1.388000000000000000e+03 1.070000000000000000e+02 3.000000000000000000e+00 5.166000000000000000e+03 1.129000000000000000e+03
1.629000000000000000e+03 1.030000000000000000e+02 2.000000000000000000e+00 5.702000000000000000e+03 1.212000000000000000e+03
1.429000000000000000e+03 1.200000000000000000e+02 9.000000000000000000e+00 5.483000000000000000e+03 1.162000000000000000e+03
1.394000000000000000e+03 1.260000000000000000e+02 5.000000000000000000e+00 4.881000000000000000e+03 1.177000000000000000e+03
