3.210000000000000000e+02 2.290000000000000000e+02 4.700000000000000000e+01 3.036000000000000000e+03 5.610000000000000000e+02
2.010000000000000000e+02 2.060000000000000000e+02 4.400000000000000000e+01 2.985000000000000000e+03 4.420000000000000000e+02
3.570000000000000000e+02 2.530000000000000000e+02 5.000000000000000000e+01 3.610000000000000000e+03 5.770000000000000000e+02
2.940000000000000000e+02 2.280000000000000000e+02 4.300000000000000000e+01 3.047000000000000000e+03 5.350000000000000000e+02
2.260000000000000000e+02 1.650000000000000000e+02 2.700000000000000000e+01 2.922000000000000000e+03 4.120000000000000000e+02
2.040000000000000000e+02 1.970000000000000000e+02 3.600000000000000000e+01 2.852000000000000000e+03 4.220000000000000000e+02
2.510000000000000000e+02 2.200000000000000000e+02 3.500000000000000000e+01 3.111000000000000000e+03 4.900000000000000000e+02
2.510000000000000000e+02 2.180000000000000000e+02 2.800000000000000000e+01 2.963000000000000000e+03 4.760000000000000000e+02
2.030000000000000000e+02 1.780000000000000000e+02 3.400000000000000000e+01 2.813000000000000000e+03 4.120000000000000000e+02
2.370000000000000000e+02 2.020000000000000000e+02 2.600000000000000000e+01 2.964000000000000000e+03 4.610000000000000000e+02
2.960000000000000000e+02 2.250000000000000000e+02 3.000000000000000000e+01 3.255000000000000000e+03 5.280000000000000000e+02
2.780000000000000000e+02 2.520000000000000000e+02 5.800000000000000000e+01 3.238000000000000000e+03 5.450000000000000000e+02
2.090000000000000000e+02 2.050000000000000000e+02 3.000000000000000000e+01 2.766000000000000000e+03 4.380000000000000000e+02
2.680000000000000000e+02 1.790000000000000000e+02 2.500000000000000000e+01 3.041000000000000000e+03 4.490000000000000000e+02
3.070000000000000000e+02 2.170000000000000000e+02 5.200000000000000000e+01 3.012000000000000000e+03 5.360000000000000000e+02
2.850000000000000000e+02 1.850000000000000000e+02 3.400000000000000000e+01 3.125000000000000000e+03 4.860000000000000000e+02
2.840000000000000000e+02 2.310000000000000000e+02 4.500000000000000000e+01 3.300000000000000000e+03 5.450000000000000000e+02
2.170000000000000000e+02 1.690000000000000000e+02 3.400000000000000000e+01 2.610000000000000000e+03 4.150000000000000000e+02
2.720000000000000000e+02 2.120000000000000000e+02 3.600000000000000000e+01 2.661000000000000000e+03 4.850000000000000000e+02
1.530000000000000000e+02 1.570000000000000000e+02 2.800000000000000000e+01 2.652000000000000000e+03 3.350000000000000000e+02
2.860000000000000000e+02 2.110000000000000000e+02 4.200000000000000000e+01 3.180000000000000000e+03 5.350000000000000000e+02
1.990000000000000000e+02 1.520000000000000000e+02 3.300000000000000000e+01 2.647000000000000000e+03 3.770000000000000000e+02
2.620000000000000000e+02 1.670000000000000000e+02 2.900000000000000000e+01 2.879000000000000000e+03 4.360000000000000000e+02
2.340000000000000000e+02 1.850000000000000000e+02 4.000000000000000000e+01 2.843000000000000000e+03 4.500000000000000000e+02
3.120000000000000000e+02 2.180000000000000000e+02 4.000000000000000000e+01 3.353000000000000000e+03 5.230000000000000000e+02
2.900000000000000000e+02 2.280000000000000000e+02 4.600000000000000000e+01 3.214000000000000000e+03 5.480000000000000000e+02
2.500000000000000000e+02 2.030000000000000000e+02 3.600000000000000000e+01 3.005000000000000000e+03 4.760000000000000000e+02
2.280000000000000000e+02 2.170000000000000000e+02 4.700000000000000000e+01 2.786000000000000000e+03 4.540000000000000000e+02
2.350000000000000000e+02 1.890000000000000000e+02 2.800000000000000000e+01 3.033000000000000000e+03 4.460000000000000000e+02
2.860000000000000000e+02 2.040000000000000000e+02 4.900000000000000000e+01 3.150000000000000000e+03 5.150000000000000000e+02
1.830000000000000000e+02 1.790000000000000000e+02 2.400000000000000000e+01 2.997000000000000000e+03 3.800000000000000000e+02
2.690000000000000000e+02 2.070000000000000000e+02 4.400000000000000000e+01 3.056000000000000000e+03 4.980000000000000000e+02
2.890000000000000000e+02 1.920000000000000000e+02 3.800000000000000000e+01 3.364000000000000000e+03 5.110000000000000000e+02
2.510000000000000000e+02 1.730000000000000000e+02 3.200000000000000000e+01 2.863000000000000000e+03 4.510000000000000000e+02
1.840000000000000000e+02 1.570000000000000000e+02 3.700000000000000000e+01 2.674000000000000000e+03 3.750000000000000000e+02
2.550000000000000000e+02 2.170000000000000000e+02 5.400000000000000000e+01 2.939000000000000000e+03 4.940000000000000000e+02
2.690000000000000000e+02 2.130000000000000000e+02 3.900000000000000000e+01 2.996000000000000000e+03 5.090000000000000000e+02
2.270000000000000000e+02 1.960000000000000000e+02 3.200000000000000000e+01 2.807000000000000000e+03 4.510000000000000000e+02
3.150000000000000000e+02 2.490000000000000000e+02 5.100000000000000000e+01 3.346000000000000000e+03 5.790000000000000000e+02
2.100000000000000000e+02 2.020000000000000000e+02 3.100000000000000000e+01 2.889000000000000000e+03 4.380000000000000000e+02
3.330000000000000000e+02 2.290000000000000000e+02 4.100000000000000000e+01 3.187000000000000000e+03 5.510000000000000000e+02
2.820000000000000000e+02 1.750000000000000000e+02 2.600000000000000000e+01 2.703000000000000000e+03 4.690000000000000000e+02
2.410000000000000000e+02 1.810000000000000000e+02 3.400000000000000000e+01 3.082000000000000000e+03 4.400000000000000000e+02
1.880000000000000000e+02 1.370000000000000000e+02 2.800000000000000000e+01 2.560000000000000000e+03 3.530000000000000000e+02
2.340000000000000000e+02 1.810000000000000000e+02 3.200000000000000000e+01 2.683000000000000000e+03 4.410000000000000000e+02
2.950000000000000000e+02 1.950000000000000000e+02 3.200000000000000000e+01 2.783000000000000000e+03 5.150000000000000000e+02
2.700000000000000000e+02 1.640000000000000000e+02 3.300000000000000000e+01 2.949000000000000000e+03 4.570000000000000000e+02
2.700000000000000000e+02 2.170000000000000000e+02 3.600000000000000000e+01 3.028000000000000000e+03 5.010000000000000000e+02
2.570000000000000000e+02 2.070000000000000000e+02 3.600000000000000000e+01 2.810000000000000000e+03 4.930000000000000000e+02
2.680000000000000000e+02 1.990000000000000000e+02 4.600000000000000000e+01 2.798000000000000000e+03 4.860000000000000000e+02
2.890000000000000000e+02 2.070000000000000000e+02 3.600000000000000000e+01 2.957000000000000000e+03 5.170000000000000000e+02
2.810000000000000000e+02 2.240000000000000000e+02 3.300000000000000000e+01 3.134000000000000000e+03 4.970000000000000000e+02
2.350000000000000000e+02 1.700000000000000000e+02 3.100000000000000000e+01 2.911000000000000000e+03 4.310000000000000000e+02
2.570000000000000000e+02 2.010000000000000000e+02 3.700000000000000000e+01 2.869000000000000000e+03 4.820000000000000000e+02
2.630000000000000000e+02 2.070000000000000000e+02 2.400000000000000000e+01 3.063000000000000000e+03 4.840000000000000000e+02
2.100000000000000000e+02 1.670000000000000000e+02 4.600000000000000000e+01 2.502000000000000000e+03 4.180000000000000000e+02
3.140000000000000000e+02 1.920000000000000000e+02 3.500000000000000000e+01 3.018000000000000000e+03 4.810000000000000000e+02
2.270000000000000000e+02 2.140000000000000000e+02 2.700000000000000000e+01 2.612000000000000000e+03 4.600000000000000000e+02
2.150000000000000000e+02 1.950000000000000000e+02 3.600000000000000000e+01 2.735000000000000000e+03 4.360000000000000000e+02
1.730000000000000000e+02 1.530000000000000000e+02 3.400000000000000000e+01 2.543000000000000000e+03 3.550000000000000000e+02
3.140000000000000000e+02 2.030000000000000000e+02 2.600000000000000000e+01 2.968000000000000000e+03 5.150000000000000000e+02
2.110000000000000000e+02 1.930000000000000000e+02 3.700000000000000000e+01 2.891000000000000000e+03 4.370000000000000000e+02
2.670000000000000000e+02 2.130000000000000000e+02 3.700000000000000000e+01 3.191000000000000000e+03 4.820000000000000000e+02
2.240000000000000000e+02 2.090000000000000000e+02 4.200000000000000000e+01 2.856000000000000000e+03 4.670000000000000000e+02
2.270000000000000000e+02 1.630000000000000000e+02 3.100000000000000000e+01 2.833000000000000000e+03 4.160000000000000000e+02
2.780000000000000000e+02 2.350000000000000000e+02 5.500000000000000000e+01 2.932000000000000000e+03 5.540000000000000000e+02
2.370000000000000000e+02 1.740000000000000000e+02 3.800000000000000000e+01 3.012000000000000000e+03 4.470000000000000000e+02
2.610000000000000000e+02 1.950000000000000000e+02 2.800000000000000000e+01 2.961000000000000000e+03 4.680000000000000000e+02
2.150000000000000000e+02 1.760000000000000000e+02 2.600000000000000000e+01 2.949000000000000000e+03 4.120000000000000000e+02
2.250000000000000000e+02 1.890000000000000000e+02 4.400000000000000000e+01 2.829000000000000000e+03 4.440000000000000000e+02
2.150000000000000000e+02 1.750000000000000000e+02 3.500000000000000000e+01 2.790000000000000000e+03 4.220000000000000000e+02
2.020000000000000000e+02 1.790000000000000000e+02 2.900000000000000000e+01 2.786000000000000000e+03 4.010000000000000000e+02
2.450000000000000000e+02 2.050000000000000000e+02 3.900000000000000000e+01 3.030000000000000000e+03 4.760000000000000000e+02
3.440000000000000000e+02 2.010000000000000000e+02 3.900000000000000000e+01 3.131000000000000000e+03 5.690000000000000000e+02
2.770000000000000000e+02 1.990000000000000000e+02 3.700000000000000000e+01 3.028000000000000000e+03 4.870000000000000000e+02
2.580000000000000000e+02 2.070000000000000000e+02 3.900000000000000000e+01 2.961000000000000000e+03 4.950000000000000000e+02
2.460000000000000000e+02 1.720000000000000000e+02 2.700000000000000000e+01 2.806000000000000000e+03 4.430000000000000000e+02
2.520000000000000000e+02 2.320000000000000000e+02 4.200000000000000000e+01 3.152000000000000000e+03 4.900000000000000000e+02
2.430000000000000000e+02 1.850000000000000000e+02 2.500000000000000000e+01 2.645000000000000000e+03 4.370000000000000000e+02
1.940000000000000000e+02 1.910000000000000000e+02 3.100000000000000000e+01 2.698000000000000000e+03 4.060000000000000000e+02
2.230000000000000000e+02 1.910000000000000000e+02 3.500000000000000000e+01 3.046000000000000000e+03 4.300000000000000000e+02
2.200000000000000000e+02 2.010000000000000000e+02 3.000000000000000000e+01 3.079000000000000000e+03 4.390000000000000000e+02
3.060000000000000000e+02 2.410000000000000000e+02 4.200000000000000000e+01 2.953000000000000000e+03 5.330000000000000000e+02
2.790000000000000000e+02 2.060000000000000000e+02 3.800000000000000000e+01 2.803000000000000000e+03 4.890000000000000000e+02
2.160000000000000000e+02 1.860000000000000000e+02 3.200000000000000000e+01 2.572000000000000000e+03 4.310000000000000000e+02
3.030000000000000000e+02 2.070000000000000000e+02 3.600000000000000000e+01 3.185000000000000000e+03 4.940000000000000000e+02
2.170000000000000000e+02 1.530000000000000000e+02 1.800000000000000000e+01 2.770000000000000000e+03 3.810000000000000000e+02
1.990000000000000000e+02 1.850000000000000000e+02 4.000000000000000000e+01 3.020000000000000000e+03 4.130000000000000000e+02
2.810000000000000000e+02 2.630000000000000000e+02 5.000000000000000000e+01 3.038000000000000000e+03 5.620000000000000000e+02
2.210000000000000000e+02 1.770000000000000000e+02 3.300000000000000000e+01 3.144000000000000000e+03 4.270000000000000000e+02
2.480000000000000000e+02 1.630000000000000000e+02 3.500000000000000000e+01 2.976000000000000000e+03 4.250000000000000000e+02
2.610000000000000000e+02 1.970000000000000000e+02 3.300000000000000000e+01 2.997000000000000000e+03 4.750000000000000000e+02
3.650000000000000000e+02 2.430000000000000000e+02 2.900000000000000000e+01 3.302000000000000000e+03 6.070000000000000000e+02
2.100000000000000000e+02 1.820000000000000000e+02 2.600000000000000000e+01 2.726000000000000000e+03 4.090000000000000000e+02
2.910000000000000000e+02 2.250000000000000000e+02 3.900000000000000000e+01 2.987000000000000000e+03 5.360000000000000000e+02
3.170000000000000000e+02 2.410000000000000000e+02 2.600000000000000000e+01 3.273000000000000000e+03 5.540000000000000000e+02
2.590000000000000000e+02 2.010000000000000000e+02 4.000000000000000000e+01 2.961000000000000000e+03 4.830000000000000000e+02
2.700000000000000000e+02 2.100000000000000000e+02 3.200000000000000000e+01 3.208000000000000000e+03 5.030000000000000000e+02
3.010000000000000000e+02 2.310000000000000000e+02 2.900000000000000000e+01 3.139000000000000000e+03 5.350000000000000000e+02
2.640000000000000000e+02 2.070000000000000000e+02 4.000000000000000000e+01 2.580000000000000000e+03 4.810000000000000000e+02
1.830000000000000000e+02 1.930000000000000000e+02 3.300000000000000000e+01 2.598000000000000000e+03 4.040000000000000000e+02
2.390000000000000000e+02 2.110000000000000000e+02 4.400000000000000000e+01 2.995000000000000000e+03 4.650000000000000000e+02
2.380000000000000000e+02 2.010000000000000000e+02 3.800000000000000000e+01 3.021000000000000000e+03 4.530000000000000000e+02
3.000000000000000000e+02 1.940000000000000000e+02 3.100000000000000000e+01 3.066000000000000000e+03 5.100000000000000000e+02
2.290000000000000000e+02 2.150000000000000000e+02 3.000000000000000000e+01 2.559000000000000000e+03 4.620000000000000000e+02
2.640000000000000000e+02 1.980000000000000000e+02 3.600000000000000000e+01 3.145000000000000000e+03 4.760000000000000000e+02
2.820000000000000000e+02 1.840000000000000000e+02 3.600000000000000000e+01 2.869000000000000000e+03 4.890000000000000000e+02
3.280000000000000000e+02 2.150000000000000000e+02 3.300000000000000000e+01 3.082000000000000000e+03 5.270000000000000000e+02
2.150000000000000000e+02 1.830000000000000000e+02 3.900000000000000000e+01 3.150000000000000000e+03 4.240000000000000000e+02
2.680000000000000000e+02 1.930000000000000000e+02 2.900000000000000000e+01 2.976000000000000000e+03 4.710000000000000000e+02
2.440000000000000000e+02 1.840000000000000000e+02 3.800000000000000000e+01 2.449000000000000000e+03 4.510000000000000000e+02
2.460000000000000000e+02 1.970000000000000000e+02 1.800000000000000000e+01 3.109000000000000000e+03 4.460000000000000000e+02
2.950000000000000000e+02 2.130000000000000000e+02 4.600000000000000000e+01 2.951000000000000000e+03 5.290000000000000000e+02
1.910000000000000000e+02 1.750000000000000000e+02 3.100000000000000000e+01 2.119000000000000000e+03 3.950000000000000000e+02
1.970000000000000000e+02 1.810000000000000000e+02 4.100000000000000000e+01 2.556000000000000000e+03 4.160000000000000000e+02
2.570000000000000000e+02 2.260000000000000000e+02 3.200000000000000000e+01 2.872000000000000000e+03 5.020000000000000000e+02
2.420000000000000000e+02 1.750000000000000000e+02 3.200000000000000000e+01 2.431000000000000000e+03 4.260000000000000000e+02
2.080000000000000000e+02 1.820000000000000000e+02 3.100000000000000000e+01 2.839000000000000000e+03 4.200000000000000000e+02
2.000000000000000000e+02 1.670000000000000000e+02 4.300000000000000000e+01 2.853000000000000000e+03 4.070000000000000000e+02
2.390000000000000000e+02 2.100000000000000000e+02 4.200000000000000000e+01 2.674000000000000000e+03 4.800000000000000000e+02
2.840000000000000000e+02 1.930000000000000000e+02 4.200000000000000000e+01 3.031000000000000000e+03 5.000000000000000000e+02
2.420000000000000000e+02 1.930000000000000000e+02 3.300000000000000000e+01 2.997000000000000000e+03 4.600000000000000000e+02
2.330000000000000000e+02 1.850000000000000000e+02 2.700000000000000000e+01 2.513000000000000000e+03 4.310000000000000000e+02
2.700000000000000000e+02 1.750000000000000000e+02 4.800000000000000000e+01 3.055000000000000000e+03 4.580000000000000000e+02
3.110000000000000000e+02 2.040000000000000000e+02 4.600000000000000000e+01 3.160000000000000000e+03 5.540000000000000000e+02
3.610000000000000000e+02 2.690000000000000000e+02 3.900000000000000000e+01 3.363000000000000000e+03 5.820000000000000000e+02
2.260000000000000000e+02 1.970000000000000000e+02 4.100000000000000000e+01 2.713000000000000000e+03 4.360000000000000000e+02
2.690000000000000000e+02 2.010000000000000000e+02 3.800000000000000000e+01 3.068000000000000000e+03 4.920000000000000000e+02
1.520000000000000000e+02 1.450000000000000000e+02 1.700000000000000000e+01 2.398000000000000000e+03 3.080000000000000000e+02
2.390000000000000000e+02 2.160000000000000000e+02 3.800000000000000000e+01 2.972000000000000000e+03 4.780000000000000000e+02
2.000000000000000000e+02 1.850000000000000000e+02 2.700000000000000000e+01 2.574000000000000000e+03 4.050000000000000000e+02
2.520000000000000000e+02 2.190000000000000000e+02 4.000000000000000000e+01 2.867000000000000000e+03 5.000000000000000000e+02
2.810000000000000000e+02 2.480000000000000000e+02 3.100000000000000000e+01 3.339000000000000000e+03 5.150000000000000000e+02
2.670000000000000000e+02 2.000000000000000000e+02 3.300000000000000000e+01 2.811000000000000000e+03 4.880000000000000000e+02
2.510000000000000000e+02 1.960000000000000000e+02 3.100000000000000000e+01 2.715000000000000000e+03 4.760000000000000000e+02
2.090000000000000000e+02 1.860000000000000000e+02 2.900000000000000000e+01 2.913000000000000000e+03 4.130000000000000000e+02
2.220000000000000000e+02 1.660000000000000000e+02 3.000000000000000000e+01 2.827000000000000000e+03 4.130000000000000000e+02
2.610000000000000000e+02 2.050000000000000000e+02 3.600000000000000000e+01 3.016000000000000000e+03 4.700000000000000000e+02
2.280000000000000000e+02 1.970000000000000000e+02 3.400000000000000000e+01 2.948000000000000000e+03 4.470000000000000000e+02
2.770000000000000000e+02 2.100000000000000000e+02 3.500000000000000000e+01 3.117000000000000000e+03 4.850000000000000000e+02
2.390000000000000000e+02 1.960000000000000000e+02 2.900000000000000000e+01 3.215000000000000000e+03 4.460000000000000000e+02
2.320000000000000000e+02 2.010000000000000000e+02 4.100000000000000000e+01 2.874000000000000000e+03 4.560000000000000000e+02
2.700000000000000000e+02 1.800000000000000000e+02 1.800000000000000000e+01 2.726000000000000000e+03 4.570000000000000000e+02
2.160000000000000000e+02 1.710000000000000000e+02 2.600000000000000000e+01 2.593000000000000000e+03 4.110000000000000000e+02
2.220000000000000000e+02 1.970000000000000000e+02 3.400000000000000000e+01 3.013000000000000000e+03 4.200000000000000000e+02
2.310000000000000000e+02 1.690000000000000000e+02 3.300000000000000000e+01 2.925000000000000000e+03 4.310000000000000000e+02
2.600000000000000000e+02 1.770000000000000000e+02 3.400000000000000000e+01 2.550000000000000000e+03 4.360000000000000000e+02
2.730000000000000000e+02 1.790000000000000000e+02 2.700000000000000000e+01 2.582000000000000000e+03 4.680000000000000000e+02
3.520000000000000000e+02 2.270000000000000000e+02 4.900000000000000000e+01 3.421000000000000000e+03 5.560000000000000000e+02
2.620000000000000000e+02 1.990000000000000000e+02 3.500000000000000000e+01 2.798000000000000000e+03 4.800000000000000000e+02
2.550000000000000000e+02 2.110000000000000000e+02 4.400000000000000000e+01 3.071000000000000000e+03 4.970000000000000000e+02
3.200000000000000000e+02 2.520000000000000000e+02 5.000000000000000000e+01 3.294000000000000000e+03 6.050000000000000000e+02
2.260000000000000000e+02 1.930000000000000000e+02 3.700000000000000000e+01 2.848000000000000000e+03 4.490000000000000000e+02
2.510000000000000000e+02 1.980000000000000000e+02 3.700000000000000000e+01 3.112000000000000000e+03 4.540000000000000000e+02
2.130000000000000000e+02 1.770000000000000000e+02 3.400000000000000000e+01 3.051000000000000000e+03 4.170000000000000000e+02
1.830000000000000000e+02 1.840000000000000000e+02 3.200000000000000000e+01 2.776000000000000000e+03 3.910000000000000000e+02
2.990000000000000000e+02 2.160000000000000000e+02 4.700000000000000000e+01 3.106000000000000000e+03 5.180000000000000000e+02
2.910000000000000000e+02 2.330000000000000000e+02 4.600000000000000000e+01 3.035000000000000000e+03 5.390000000000000000e+02
2.310000000000000000e+02 2.010000000000000000e+02 3.100000000000000000e+01 3.144000000000000000e+03 4.590000000000000000e+02
2.500000000000000000e+02 1.810000000000000000e+02 3.000000000000000000e+01 2.756000000000000000e+03 4.550000000000000000e+02
2.650000000000000000e+02 2.310000000000000000e+02 4.100000000000000000e+01 3.064000000000000000e+03 5.240000000000000000e+02
3.330000000000000000e+02 2.430000000000000000e+02 3.900000000000000000e+01 3.006000000000000000e+03 5.740000000000000000e+02
2.640000000000000000e+02 2.060000000000000000e+02 3.600000000000000000e+01 3.048000000000000000e+03 4.850000000000000000e+02
1.500000000000000000e+02 1.620000000000000000e+02 3.400000000000000000e+01 2.519000000000000000e+03 3.440000000000000000e+02
2.630000000000000000e+02 1.960000000000000000e+02 3.600000000000000000e+01 2.726000000000000000e+03 4.810000000000000000e+02
2.690000000000000000e+02 2.220000000000000000e+02 3.600000000000000000e+01 3.057000000000000000e+03 4.980000000000000000e+02
2.040000000000000000e+02 1.680000000000000000e+02 3.700000000000000000e+01 2.725000000000000000e+03 4.020000000000000000e+02
2.490000000000000000e+02 2.110000000000000000e+02 4.700000000000000000e+01 3.129000000000000000e+03 4.950000000000000000e+02
2.570000000000000000e+02 2.180000000000000000e+02 3.200000000000000000e+01 3.225000000000000000e+03 4.870000000000000000e+02
2.290000000000000000e+02 2.000000000000000000e+02 3.300000000000000000e+01 2.812000000000000000e+03 4.510000000000000000e+02
1.880000000000000000e+02 1.790000000000000000e+02 3.600000000000000000e+01 2.955000000000000000e+03 3.970000000000000000e+02
2.970000000000000000e+02 2.040000000000000000e+02 4.100000000000000000e+01 3.179000000000000000e+03 5.120000000000000000e+02
3.630000000000000000e+02 2.430000000000000000e+02 3.200000000000000000e+01 3.370000000000000000e+03 5.910000000000000000e+02
2.320000000000000000e+02 1.960000000000000000e+02 2.400000000000000000e+01 2.993000000000000000e+03 4.440000000000000000e+02
2.470000000000000000e+02 2.040000000000000000e+02 3.400000000000000000e+01 3.104000000000000000e+03 4.680000000000000000e+02
2.620000000000000000e+02 2.400000000000000000e+02 4.100000000000000000e+01 2.914000000000000000e+03 5.170000000000000000e+02
2.600000000000000000e+02 2.180000000000000000e+02 3.700000000000000000e+01 3.145000000000000000e+03 4.990000000000000000e+02
2.010000000000000000e+02 1.650000000000000000e+02 3.500000000000000000e+01 2.613000000000000000e+03 3.940000000000000000e+02
2.780000000000000000e+02 1.880000000000000000e+02 4.700000000000000000e+01 2.698000000000000000e+03 4.920000000000000000e+02
2.410000000000000000e+02 2.200000000000000000e+02 3.800000000000000000e+01 2.797000000000000000e+03 4.690000000000000000e+02
2.840000000000000000e+02 1.950000000000000000e+02 3.700000000000000000e+01 3.087000000000000000e+03 4.970000000000000000e+02
2.590000000000000000e+02 1.930000000000000000e+02 2.700000000000000000e+01 2.881000000000000000e+03 4.680000000000000000e+02
3.260000000000000000e+02 2.310000000000000000e+02 3.500000000000000000e+01 2.949000000000000000e+03 5.290000000000000000e+02
2.780000000000000000e+02 2.050000000000000000e+02 3.400000000000000000e+01 3.174000000000000000e+03 4.790000000000000000e+02
2.260000000000000000e+02 1.880000000000000000e+02 2.800000000000000000e+01 2.781000000000000000e+03 4.360000000000000000e+02
2.820000000000000000e+02 2.290000000000000000e+02 2.900000000000000000e+01 3.147000000000000000e+03 5.060000000000000000e+02
2.810000000000000000e+02 2.200000000000000000e+02 4.200000000000000000e+01 3.050000000000000000e+03 5.100000000000000000e+02
2.490000000000000000e+02 1.880000000000000000e+02 2.800000000000000000e+01 3.100000000000000000e+03 4.490000000000000000e+02
2.470000000000000000e+02 2.210000000000000000e+02 4.800000000000000000e+01 3.195000000000000000e+03 4.900000000000000000e+02
3.360000000000000000e+02 2.400000000000000000e+02 3.100000000000000000e+01 3.260000000000000000e+03 5.500000000000000000e+02
2.750000000000000000e+02 2.080000000000000000e+02 4.000000000000000000e+01 3.210000000000000000e+03 4.950000000000000000e+02
2.370000000000000000e+02 1.890000000000000000e+02 2.600000000000000000e+01 2.865000000000000000e+03 4.440000000000000000e+02
3.390000000000000000e+02 2.030000000000000000e+02 2.300000000000000000e+01 3.220000000000000000e+03 5.420000000000000000e+02
1.870000000000000000e+02 1.660000000000000000e+02 3.700000000000000000e+01 2.598000000000000000e+03 3.880000000000000000e+02
2.140000000000000000e+02 2.110000000000000000e+02 3.300000000000000000e+01 2.936000000000000000e+03 4.460000000000000000e+02
2.700000000000000000e+02 2.040000000000000000e+02 4.100000000000000000e+01 2.977000000000000000e+03 4.840000000000000000e+02
3.040000000000000000e+02 2.060000000000000000e+02 3.000000000000000000e+01 2.870000000000000000e+03 5.060000000000000000e+02
3.290000000000000000e+02 2.240000000000000000e+02 2.200000000000000000e+01 3.238000000000000000e+03 5.090000000000000000e+02
3.040000000000000000e+02 2.340000000000000000e+02 3.700000000000000000e+01 3.291000000000000000e+03 5.300000000000000000e+02
2.100000000000000000e+02 1.520000000000000000e+02 2.500000000000000000e+01 2.592000000000000000e+03 3.820000000000000000e+02
3.190000000000000000e+02 2.320000000000000000e+02 4.500000000000000000e+01 3.043000000000000000e+03 5.470000000000000000e+02
2.400000000000000000e+02 2.090000000000000000e+02 2.900000000000000000e+01 2.943000000000000000e+03 4.550000000000000000e+02
3.020000000000000000e+02 2.250000000000000000e+02 4.200000000000000000e+01 3.004000000000000000e+03 5.170000000000000000e+02
1.890000000000000000e+02 1.840000000000000000e+02 3.400000000000000000e+01 2.810000000000000000e+03 3.910000000000000000e+02
2.430000000000000000e+02 1.810000000000000000e+02 3.700000000000000000e+01 3.135000000000000000e+03 4.590000000000000000e+02
2.840000000000000000e+02 2.390000000000000000e+02 4.400000000000000000e+01 3.184000000000000000e+03 5.280000000000000000e+02
2.550000000000000000e+02 2.060000000000000000e+02 3.300000000000000000e+01 2.933000000000000000e+03 4.710000000000000000e+02
2.410000000000000000e+02 1.970000000000000000e+02 3.100000000000000000e+01 2.924000000000000000e+03 4.630000000000000000e+02
2.550000000000000000e+02 2.020000000000000000e+02 4.000000000000000000e+01 3.072000000000000000e+03 4.780000000000000000e+02
2.490000000000000000e+02 2.010000000000000000e+02 3.500000000000000000e+01 2.791000000000000000e+03 4.630000000000000000e+02
3.540000000000000000e+02 2.530000000000000000e+02 3.100000000000000000e+01 3.355000000000000000e+03 5.560000000000000000e+02
2.250000000000000000e+02 1.740000000000000000e+02 2.500000000000000000e+01 2.574000000000000000e+03 4.160000000000000000e+02
2.570000000000000000e+02 1.900000000000000000e+02 3.700000000000000000e+01 2.957000000000000000e+03 4.680000000000000000e+02
2.290000000000000000e+02 2.030000000000000000e+02 4.100000000000000000e+01 3.036000000000000000e+03 4.570000000000000000e+02
2.650000000000000000e+02 2.090000000000000000e+02 2.400000000000000000e+01 3.000000000000000000e+03 4.850000000000000000e+02
2.610000000000000000e+02 1.860000000000000000e+02 3.000000000000000000e+01 2.651000000000000000e+03 4.540000000000000000e+02
2.430000000000000000e+02 1.980000000000000000e+02 3.100000000000000000e+01 2.899000000000000000e+03 4.490000000000000000e+02
2.630000000000000000e+02 2.080000000000000000e+02 2.700000000000000000e+01 2.931000000000000000e+03 4.700000000000000000e+02
3.240000000000000000e+02 2.270000000000000000e+02 3.200000000000000000e+01 3.062000000000000000e+03 5.640000000000000000e+02
3.100000000000000000e+02 1.810000000000000000e+02 3.500000000000000000e+01 2.837000000000000000e+03 4.940000000000000000e+02
2.510000000000000000e+02 2.150000000000000000e+02 3.300000000000000000e+01 2.915000000000000000e+03 4.670000000000000000e+02
2.250000000000000000e+02 1.700000000000000000e+02 4.700000000000000000e+01 2.923000000000000000e+03 4.380000000000000000e+02
2.370000000000000000e+02 2.130000000000000000e+02 3.700000000000000000e+01 2.554000000000000000e+03 4.700000000000000000e+02
2.900000000000000000e+02 2.260000000000000000e+02 4.100000000000000000e+01 3.177000000000000000e+03 5.050000000000000000e+02
2.120000000000000000e+02 1.730000000000000000e+02 4.400000000000000000e+01 3.039000000000000000e+03 4.170000000000000000e+02
2.760000000000000000e+02 2.130000000000000000e+02 3.200000000000000000e+01 3.230000000000000000e+03 5.040000000000000000e+02
2.690000000000000000e+02 2.130000000000000000e+02 4.200000000000000000e+01 3.164000000000000000e+03 5.080000000000000000e+02
3.030000000000000000e+02 2.260000000000000000e+02 4.200000000000000000e+01 3.208000000000000000e+03 5.150000000000000000e+02
2.690000000000000000e+02 2.530000000000000000e+02 5.100000000000000000e+01 3.052000000000000000e+03 5.250000000000000000e+02
1.870000000000000000e+02 1.980000000000000000e+02 4.300000000000000000e+01 2.807000000000000000e+03 4.200000000000000000e+02
1.970000000000000000e+02 1.680000000000000000e+02 3.400000000000000000e+01 2.727000000000000000e+03 3.950000000000000000e+02
2.400000000000000000e+02 1.710000000000000000e+02 4.200000000000000000e+01 2.774000000000000000e+03 4.470000000000000000e+02
2.560000000000000000e+02 2.300000000000000000e+02 4.500000000000000000e+01 3.179000000000000000e+03 5.000000000000000000e+02
2.320000000000000000e+02 1.480000000000000000e+02 1.700000000000000000e+01 2.808000000000000000e+03 3.870000000000000000e+02
2.500000000000000000e+02 2.020000000000000000e+02 3.600000000000000000e+01 2.928000000000000000e+03 4.770000000000000000e+02
2.380000000000000000e+02 1.720000000000000000e+02 3.200000000000000000e+01 2.689000000000000000e+03 4.290000000000000000e+02
2.970000000000000000e+02 2.110000000000000000e+02 3.600000000000000000e+01 2.943000000000000000e+03 5.150000000000000000e+02
3.020000000000000000e+02 2.100000000000000000e+02 3.300000000000000000e+01 2.876000000000000000e+03 5.150000000000000000e+02
3.310000000000000000e+02 2.170000000000000000e+02 3.100000000000000000e+01 3.081000000000000000e+03 5.320000000000000000e+02
2.290000000000000000e+02 2.000000000000000000e+02 5.000000000000000000e+01 2.873000000000000000e+03 4.730000000000000000e+02
2.510000000000000000e+02 1.970000000000000000e+02 2.600000000000000000e+01 2.853000000000000000e+03 4.620000000000000000e+02
2.670000000000000000e+02 2.240000000000000000e+02 4.300000000000000000e+01 2.708000000000000000e+03 5.010000000000000000e+02
2.370000000000000000e+02 2.080000000000000000e+02 3.300000000000000000e+01 3.071000000000000000e+03 4.600000000000000000e+02
3.680000000000000000e+02 2.570000000000000000e+02 5.400000000000000000e+01 3.351000000000000000e+03 6.130000000000000000e+02
3.240000000000000000e+02 2.370000000000000000e+02 4.600000000000000000e+01 3.351000000000000000e+03 5.480000000000000000e+02
2.940000000000000000e+02 2.460000000000000000e+02 4.400000000000000000e+01 3.246000000000000000e+03 5.460000000000000000e+02
3.310000000000000000e+02 2.690000000000000000e+02 4.100000000000000000e+01 3.343000000000000000e+03 5.920000000000000000e+02
2.710000000000000000e+02 1.750000000000000000e+02 3.500000000000000000e+01 2.589000000000000000e+03 4.610000000000000000e+02
3.010000000000000000e+02 2.200000000000000000e+02 3.200000000000000000e+01 3.325000000000000000e+03 5.360000000000000000e+02
2.880000000000000000e+02 2.290000000000000000e+02 4.300000000000000000e+01 3.006000000000000000e+03 5.170000000000000000e+02
