8.500000000000000000e+01 1.400000000000000000e+01 1.000000000000000000e+00 6.870000000000000000e+02 9.900000000000000000e+01
8.400000000000000000e+01 1.400000000000000000e+01 2.000000000000000000e+00 7.640000000000000000e+02 1.000000000000000000e+02
7.400000000000000000e+01 2.300000000000000000e+01 3.000000000000000000e+00 7.110000000000000000e+02 9.900000000000000000e+01
6.900000000000000000e+01 1.900000000000000000e+01 2.000000000000000000e+00 6.960000000000000000e+02 8.600000000000000000e+01
6.700000000000000000e+01 2.400000000000000000e+01 2.000000000000000000e+00 5.910000000000000000e+02 9.300000000000000000e+01
9.200000000000000000e+01 2.200000000000000000e+01 0.000000000000000000e+00 7.550000000000000000e+02 1.130000000000000000e+02
7.500000000000000000e+01 1.400000000000000000e+01 1.000000000000000000e+00 6.550000000000000000e+02 9.000000000000000000e+01
7.800000000000000000e+01 1.600000000000000000e+01 1.000000000000000000e+00 7.120000000000000000e+02 9.500000000000000000e+01
8.200000000000000000e+01 2.000000000000000000e+01 2.000000000000000000e+00 7.370000000000000000e+02 1.040000000000000000e+02
7.500000000000000000e+01 1.800000000000000000e+01 2.000000000000000000e+00 6.540000000000000000e+02 9.500000000000000000e+01
9.100000000000000000e+01 1.700000000000000000e+01 4.000000000000000000e+00 6.930000000000000000e+02 1.100000000000000000e+02
9.300000000000000000e+01 2.800000000000000000e+01 5.000000000000000000e+00 7.220000000000000000e+02 1.250000000000000000e+02
8.900000000000000000e+01 2.800000000000000000e+01 2.000000000000000000e+00 6.730000000000000000e+02 1.190000000000000000e+02
9.700000000000000000e+01 1.800000000000000000e+01 4.000000000000000000e+00 8.360000000000000000e+02 1.180000000000000000e+02
7.100000000000000000e+01 1.900000000000000000e+01 1.000000000000000000e+00 6.980000000000000000e+02 9.100000000000000000e+01
1.060000000000000000e+02 1.700000000000000000e+01 0.000000000000000000e+00 7.250000000000000000e+02 1.210000000000000000e+02
8.900000000000000000e+01 2.600000000000000000e+01 1.000000000000000000e+00 7.070000000000000000e+02 1.140000000000000000e+02
8.700000000000000000e+01 1.500000000000000000e+01 4.000000000000000000e+00 7.980000000000000000e+02 1.060000000000000000e+02
8.700000000000000000e+01 1.900000000000000000e+01 0.000000000000000000e+00 6.680000000000000000e+02 1.050000000000000000e+02
7.400000000000000000e+01 1.900000000000000000e+01 1.000000000000000000e+00 7.460000000000000000e+02 9.300000000000000000e+01
8.800000000000000000e+01 1.900000000000000000e+01 1.000000000000000000e+00 7.190000000000000000e+02 1.080000000000000000e+02
7.900000000000000000e+01 1.700000000000000000e+01 0.000000000000000000e+00 7.830000000000000000e+02 9.500000000000000000e+01
8.200000000000000000e+01 1.400000000000000000e+01 2.000000000000000000e+00 8.200000000000000000e+02 9.700000000000000000e+01
6.700000000000000000e+01 2.800000000000000000e+01 2.000000000000000000e+00 6.730000000000000000e+02 9.700000000000000000e+01
7.200000000000000000e+01 2.100000000000000000e+01 0.000000000000000000e+00 6.620000000000000000e+02 9.300000000000000000e+01
8.500000000000000000e+01 1.900000000000000000e+01 2.000000000000000000e+00 7.740000000000000000e+02 1.050000000000000000e+02
8.300000000000000000e+01 1.900000000000000000e+01 1.000000000000000000e+00 6.570000000000000000e+02 1.020000000000000000e+02
8.700000000000000000e+01 2.100000000000000000e+01 1.000000000000000000e+00 7.240000000000000000e+02 1.080000000000000000e+02
1.040000000000000000e+02 1.300000000000000000e+01 1.000000000000000000e+00 7.170000000000000000e+02 1.180000000000000000e+02
8.300000000000000000e+01 1.400000000000000000e+01 3.000000000000000000e+00 6.960000000000000000e+02 9.900000000000000000e+01
7.500000000000000000e+01 1.800000000000000000e+01 0.000000000000000000e+00 5.680000000000000000e+02 9.100000000000000000e+01
8.600000000000000000e+01 1.700000000000000000e+01 2.000000000000000000e+00 8.300000000000000000e+02 1.050000000000000000e+02
8.300000000000000000e+01 1.200000000000000000e+01 0.000000000000000000e+00 7.350000000000000000e+02 9.500000000000000000e+01
8.600000000000000000e+01 1.500000000000000000e+01 1.000000000000000000e+00 7.620000000000000000e+02 1.010000000000000000e+02
8.600000000000000000e+01 1.700000000000000000e+01 3.000000000000000000e+00 7.100000000000000000e+02 1.060000000000000000e+02
8.300000000000000000e+01 2.500000000000000000e+01 1.000000000000000000e+00 7.720000000000000000e+02 1.080000000000000000e+02
7.600000000000000000e+01 1.200000000000000000e+01 1.000000000000000000e+00 6.720000000000000000e+02 8.800000000000000000e+01
8.300000000000000000e+01 2.100000000000000000e+01 1.000000000000000000e+00 6.880000000000000000e+02 1.040000000000000000e+02
8.800000000000000000e+01 1.600000000000000000e+01 3.000000000000000000e+00 7.630000000000000000e+02 1.060000000000000000e+02
9.500000000000000000e+01 1.900000000000000000e+01 0.000000000000000000e+00 8.300000000000000000e+02 1.130000000000000000e+02
7.300000000000000000e+01 1.400000000000000000e+01 1.000000000000000000e+00 6.690000000000000000e+02 8.800000000000000000e+01
7.800000000000000000e+01 2.200000000000000000e+01 1.000000000000000000e+00 5.710000000000000000e+02 1.010000000000000000e+02
8.900000000000000000e+01 2.400000000000000000e+01 2.000000000000000000e+00 8.290000000000000000e+02 1.140000000000000000e+02
7.700000000000000000e+01 2.300000000000000000e+01 2.000000000000000000e+00 7.320000000000000000e+02 1.020000000000000000e+02
8.600000000000000000e+01 2.400000000000000000e+01 0.000000000000000000e+00 8.420000000000000000e+02 1.090000000000000000e+02
8.900000000000000000e+01 2.600000000000000000e+01 2.000000000000000000e+00 7.570000000000000000e+02 1.160000000000000000e+02
7.500000000000000000e+01 1.600000000000000000e+01 0.000000000000000000e+00 7.250000000000000000e+02 9.000000000000000000e+01
7.500000000000000000e+01 1.700000000000000000e+01 2.000000000000000000e+00 5.840000000000000000e+02 9.400000000000000000e+01
7.800000000000000000e+01 1.400000000000000000e+01 3.000000000000000000e+00 7.400000000000000000e+02 9.500000000000000000e+01
7.200000000000000000e+01 1.200000000000000000e+01 0.000000000000000000e+00 5.840000000000000000e+02 8.400000000000000000e+01
8.500000000000000000e+01 2.400000000000000000e+01 2.000000000000000000e+00 6.720000000000000000e+02 1.090000000000000000e+02
6.900000000000000000e+01 1.400000000000000000e+01 0.000000000000000000e+00 3.290000000000000000e+02 8.100000000000000000e+01
6.400000000000000000e+01 1.300000000000000000e+01 1.000000000000000000e+00 6.200000000000000000e+02 7.400000000000000000e+01
8.100000000000000000e+01 1.800000000000000000e+01 1.000000000000000000e+00 5.610000000000000000e+02 9.900000000000000000e+01
7.800000000000000000e+01 2.400000000000000000e+01 2.000000000000000000e+00 7.680000000000000000e+02 1.040000000000000000e+02
8.500000000000000000e+01 1.800000000000000000e+01 1.000000000000000000e+00 7.080000000000000000e+02 1.040000000000000000e+02
8.400000000000000000e+01 2.500000000000000000e+01 6.000000000000000000e+00 7.550000000000000000e+02 1.150000000000000000e+02
7.900000000000000000e+01 2.400000000000000000e+01 4.000000000000000000e+00 6.290000000000000000e+02 1.040000000000000000e+02
5.700000000000000000e+01 1.200000000000000000e+01 1.000000000000000000e+00 6.110000000000000000e+02 6.900000000000000000e+01
8.300000000000000000e+01 1.600000000000000000e+01 1.000000000000000000e+00 6.610000000000000000e+02 1.000000000000000000e+02
4.500000000000000000e+01 1.700000000000000000e+01 3.000000000000000000e+00 6.800000000000000000e+02 6.500000000000000000e+01
8.100000000000000000e+01 1.700000000000000000e+01 2.000000000000000000e+00 6.770000000000000000e+02 9.800000000000000000e+01
8.300000000000000000e+01 1.800000000000000000e+01 1.000000000000000000e+00 7.260000000000000000e+02 1.020000000000000000e+02
7.800000000000000000e+01 2.100000000000000000e+01 3.000000000000000000e+00 7.140000000000000000e+02 1.000000000000000000e+02
8.600000000000000000e+01 2.000000000000000000e+01 2.000000000000000000e+00 8.160000000000000000e+02 1.080000000000000000e+02
9.800000000000000000e+01 2.600000000000000000e+01 2.000000000000000000e+00 8.070000000000000000e+02 1.210000000000000000e+02
8.500000000000000000e+01 2.000000000000000000e+01 2.000000000000000000e+00 8.300000000000000000e+02 1.060000000000000000e+02
5.800000000000000000e+01 2.400000000000000000e+01 3.000000000000000000e+00 6.010000000000000000e+02 8.500000000000000000e+01
8.000000000000000000e+01 1.800000000000000000e+01 0.000000000000000000e+00 7.660000000000000000e+02 9.700000000000000000e+01
6.100000000000000000e+01 2.400000000000000000e+01 7.000000000000000000e+00 7.600000000000000000e+02 9.200000000000000000e+01
9.200000000000000000e+01 1.700000000000000000e+01 0.000000000000000000e+00 6.750000000000000000e+02 1.090000000000000000e+02
7.600000000000000000e+01 2.400000000000000000e+01 1.000000000000000000e+00 7.980000000000000000e+02 9.900000000000000000e+01
9.700000000000000000e+01 1.700000000000000000e+01 2.000000000000000000e+00 7.660000000000000000e+02 1.150000000000000000e+02
6.800000000000000000e+01 2.500000000000000000e+01 4.000000000000000000e+00 7.530000000000000000e+02 9.600000000000000000e+01
7.200000000000000000e+01 1.300000000000000000e+01 1.000000000000000000e+00 7.700000000000000000e+02 8.500000000000000000e+01
8.300000000000000000e+01 2.200000000000000000e+01 1.000000000000000000e+00 7.450000000000000000e+02 1.060000000000000000e+02
8.700000000000000000e+01 2.500000000000000000e+01 1.000000000000000000e+00 7.230000000000000000e+02 1.110000000000000000e+02
9.400000000000000000e+01 1.700000000000000000e+01 3.000000000000000000e+00 6.260000000000000000e+02 1.140000000000000000e+02
7.700000000000000000e+01 1.800000000000000000e+01 2.000000000000000000e+00 5.710000000000000000e+02 9.600000000000000000e+01
1.060000000000000000e+02 1.300000000000000000e+01 2.000000000000000000e+00 6.830000000000000000e+02 1.210000000000000000e+02
7.200000000000000000e+01 2.200000000000000000e+01 1.000000000000000000e+00 6.100000000000000000e+02 9.400000000000000000e+01
9.300000000000000000e+01 2.400000000000000000e+01 0.000000000000000000e+00 7.730000000000000000e+02 1.160000000000000000e+02
7.900000000000000000e+01 1.700000000000000000e+01 2.000000000000000000e+00 6.370000000000000000e+02 9.800000000000000000e+01
8.000000000000000000e+01 2.000000000000000000e+01 2.000000000000000000e+00 6.470000000000000000e+02 1.010000000000000000e+02
7.400000000000000000e+01 1.700000000000000000e+01 0.000000000000000000e+00 5.970000000000000000e+02 9.100000000000000000e+01
7.300000000000000000e+01 2.000000000000000000e+01 1.000000000000000000e+00 7.240000000000000000e+02 9.300000000000000000e+01
9.400000000000000000e+01 1.200000000000000000e+01 2.000000000000000000e+00 6.360000000000000000e+02 1.080000000000000000e+02
7.100000000000000000e+01 1.800000000000000000e+01 2.000000000000000000e+00 7.530000000000000000e+02 9.100000000000000000e+01
7.200000000000000000e+01 1.600000000000000000e+01 1.000000000000000000e+00 7.220000000000000000e+02 8.800000000000000000e+01
7.400000000000000000e+01 1.700000000000000000e+01 0.000000000000000000e+00 5.820000000000000000e+02 9.000000000000000000e+01
8.300000000000000000e+01 1.900000000000000000e+01 1.000000000000000000e+00 7.380000000000000000e+02 1.030000000000000000e+02
6.300000000000000000e+01 1.900000000000000000e+01 1.000000000000000000e+00 6.230000000000000000e+02 8.300000000000000000e+01
8.200000000000000000e+01 1.500000000000000000e+01 1.000000000000000000e+00 6.850000000000000000e+02 9.800000000000000000e+01
6.900000000000000000e+01 1.900000000000000000e+01 3.000000000000000000e+00 7.000000000000000000e+02 9.000000000000000000e+01
6.900000000000000000e+01 2.400000000000000000e+01 1.000000000000000000e+00 7.320000000000000000e+02 9.400000000000000000e+01
8.700000000000000000e+01 1.700000000000000000e+01 3.000000000000000000e+00 6.800000000000000000e+02 1.070000000000000000e+02
8.800000000000000000e+01 1.600000000000000000e+01 3.000000000000000000e+00 6.930000000000000000e+02 1.070000000000000000e+02
7.400000000000000000e+01 1.800000000000000000e+01 2.000000000000000000e+00 6.510000000000000000e+02 9.400000000000000000e+01
8.600000000000000000e+01 2.400000000000000000e+01 0.000000000000000000e+00 7.870000000000000000e+02 1.100000000000000000e+02
9.000000000000000000e+01 2.700000000000000000e+01 4.000000000000000000e+00 7.020000000000000000e+02 1.190000000000000000e+02
7.000000000000000000e+01 2.000000000000000000e+01 1.000000000000000000e+00 7.440000000000000000e+02 9.000000000000000000e+01
7.600000000000000000e+01 1.400000000000000000e+01 0.000000000000000000e+00 6.260000000000000000e+02 9.000000000000000000e+01
9.800000000000000000e+01 1.300000000000000000e+01 0.000000000000000000e+00 6.830000000000000000e+02 1.110000000000000000e+02
7.100000000000000000e+01 1.800000000000000000e+01 0.000000000000000000e+00 6.370000000000000000e+02 8.900000000000000000e+01
9.000000000000000000e+01 1.900000000000000000e+01 1.000000000000000000e+00 5.690000000000000000e+02 1.100000000000000000e+02
8.600000000000000000e+01 2.300000000000000000e+01 3.000000000000000000e+00 7.070000000000000000e+02 1.120000000000000000e+02
8.800000000000000000e+01 2.500000000000000000e+01 1.000000000000000000e+00 6.110000000000000000e+02 1.130000000000000000e+02
7.600000000000000000e+01 1.900000000000000000e+01 2.000000000000000000e+00 6.300000000000000000e+02 9.700000000000000000e+01
7.700000000000000000e+01 1.600000000000000000e+01 3.000000000000000000e+00 6.420000000000000000e+02 9.500000000000000000e+01
8.200000000000000000e+01 1.500000000000000000e+01 1.000000000000000000e+00 6.350000000000000000e+02 9.800000000000000000e+01
7.400000000000000000e+01 1.200000000000000000e+01 1.000000000000000000e+00 7.280000000000000000e+02 8.700000000000000000e+01
7.500000000000000000e+01 2.400000000000000000e+01 1.000000000000000000e+00 5.820000000000000000e+02 9.900000000000000000e+01
9.800000000000000000e+01 1.600000000000000000e+01 1.000000000000000000e+00 6.110000000000000000e+02 1.150000000000000000e+02
9.200000000000000000e+01 1.300000000000000000e+01 2.000000000000000000e+00 6.790000000000000000e+02 1.060000000000000000e+02
6.200000000000000000e+01 2.000000000000000000e+01 1.000000000000000000e+00 6.750000000000000000e+02 8.200000000000000000e+01
9.200000000000000000e+01 1.300000000000000000e+01 5.000000000000000000e+00 8.140000000000000000e+02 1.100000000000000000e+02
8.500000000000000000e+01 2.500000000000000000e+01 1.000000000000000000e+00 7.480000000000000000e+02 1.100000000000000000e+02
8.600000000000000000e+01 1.600000000000000000e+01 3.000000000000000000e+00 6.580000000000000000e+02 1.030000000000000000e+02
9.000000000000000000e+01 1.600000000000000000e+01 2.000000000000000000e+00 7.150000000000000000e+02 1.080000000000000000e+02
8.400000000000000000e+01 1.400000000000000000e+01 1.000000000000000000e+00 7.550000000000000000e+02 9.900000000000000000e+01
9.200000000000000000e+01 2.800000000000000000e+01 5.000000000000000000e+00 7.840000000000000000e+02 1.240000000000000000e+02
6.300000000000000000e+01 1.900000000000000000e+01 1.000000000000000000e+00 6.310000000000000000e+02 8.300000000000000000e+01
9.400000000000000000e+01 2.200000000000000000e+01 3.000000000000000000e+00 5.880000000000000000e+02 1.190000000000000000e+02
1.000000000000000000e+02 1.800000000000000000e+01 0.000000000000000000e+00 6.650000000000000000e+02 1.180000000000000000e+02
7.500000000000000000e+01 2.100000000000000000e+01 5.000000000000000000e+00 6.900000000000000000e+02 1.010000000000000000e+02
9.700000000000000000e+01 2.200000000000000000e+01 1.000000000000000000e+00 7.090000000000000000e+02 1.200000000000000000e+02
7.500000000000000000e+01 2.700000000000000000e+01 4.000000000000000000e+00 6.880000000000000000e+02 1.050000000000000000e+02
7.000000000000000000e+01 1.200000000000000000e+01 1.000000000000000000e+00 6.660000000000000000e+02 8.200000000000000000e+01
9.600000000000000000e+01 1.800000000000000000e+01 0.000000000000000000e+00 7.740000000000000000e+02 1.130000000000000000e+02
7.400000000000000000e+01 1.400000000000000000e+01 3.000000000000000000e+00 7.680000000000000000e+02 9.100000000000000000e+01
7.600000000000000000e+01 2.400000000000000000e+01 5.000000000000000000e+00 6.190000000000000000e+02 1.040000000000000000e+02
6.900000000000000000e+01 1.300000000000000000e+01 3.000000000000000000e+00 6.100000000000000000e+02 8.400000000000000000e+01
7.800000000000000000e+01 2.100000000000000000e+01 0.000000000000000000e+00 6.620000000000000000e+02 9.900000000000000000e+01
9.500000000000000000e+01 2.300000000000000000e+01 1.000000000000000000e+00 7.130000000000000000e+02 1.150000000000000000e+02
7.000000000000000000e+01 2.600000000000000000e+01 2.000000000000000000e+00 6.340000000000000000e+02 9.800000000000000000e+01
8.500000000000000000e+01 2.300000000000000000e+01 1.000000000000000000e+00 8.280000000000000000e+02 1.080000000000000000e+02
7.800000000000000000e+01 1.300000000000000000e+01 0.000000000000000000e+00 6.530000000000000000e+02 9.100000000000000000e+01
9.100000000000000000e+01 2.100000000000000000e+01 2.000000000000000000e+00 7.340000000000000000e+02 1.130000000000000000e+02
6.800000000000000000e+01 2.200000000000000000e+01 2.000000000000000000e+00 7.010000000000000000e+02 9.200000000000000000e+01
9.100000000000000000e+01 1.500000000000000000e+01 1.000000000000000000e+00 7.270000000000000000e+02 1.060000000000000000e+02
7.400000000000000000e+01 2.300000000000000000e+01 5.000000000000000000e+00 6.130000000000000000e+02 1.020000000000000000e+02
8.500000000000000000e+01 1.400000000000000000e+01 0.000000000000000000e+00 6.350000000000000000e+02 9.900000000000000000e+01
8.700000000000000000e+01 2.200000000000000000e+01 2.000000000000000000e+00 7.550000000000000000e+02 1.110000000000000000e+02
8.600000000000000000e+01 2.300000000000000000e+01 2.000000000000000000e+00 6.140000000000000000e+02 1.110000000000000000e+02
7.500000000000000000e+01 2.000000000000000000e+01 1.000000000000000000e+00 6.600000000000000000e+02 9.600000000000000000e+01
7.600000000000000000e+01 1.600000000000000000e+01 1.000000000000000000e+00 7.090000000000000000e+02 8.800000000000000000e+01
8.200000000000000000e+01 2.400000000000000000e+01 1.000000000000000000e+00 6.350000000000000000e+02 1.060000000000000000e+02
7.200000000000000000e+01 1.900000000000000000e+01 0.000000000000000000e+00 5.290000000000000000e+02 9.000000000000000000e+01
1.060000000000000000e+02 2.600000000000000000e+01 2.000000000000000000e+00 7.210000000000000000e+02 1.340000000000000000e+02
8.700000000000000000e+01 2.300000000000000000e+01 2.000000000000000000e+00 6.470000000000000000e+02 1.110000000000000000e+02
7.500000000000000000e+01 1.400000000000000000e+01 3.000000000000000000e+00 5.980000000000000000e+02 9.200000000000000000e+01
7.800000000000000000e+01 2.200000000000000000e+01 3.000000000000000000e+00 6.520000000000000000e+02 1.020000000000000000e+02
9.800000000000000000e+01 2.000000000000000000e+01 1.000000000000000000e+00 7.940000000000000000e+02 1.180000000000000000e+02
8.700000000000000000e+01 2.900000000000000000e+01 2.000000000000000000e+00 7.320000000000000000e+02 1.170000000000000000e+02
7.400000000000000000e+01 1.400000000000000000e+01 2.000000000000000000e+00 8.400000000000000000e+02 9.000000000000000000e+01
7.800000000000000000e+01 1.200000000000000000e+01 4.000000000000000000e+00 6.220000000000000000e+02 9.400000000000000000e+01
8.600000000000000000e+01 1.800000000000000000e+01 2.000000000000000000e+00 7.430000000000000000e+02 1.060000000000000000e+02
1.010000000000000000e+02 2.000000000000000000e+01 1.000000000000000000e+00 7.440000000000000000e+02 1.220000000000000000e+02
8.500000000000000000e+01 1.200000000000000000e+01 1.000000000000000000e+00 6.260000000000000000e+02 9.700000000000000000e+01
8.900000000000000000e+01 2.400000000000000000e+01 2.000000000000000000e+00 6.670000000000000000e+02 1.150000000000000000e+02
7.200000000000000000e+01 2.100000000000000000e+01 2.000000000000000000e+00 6.440000000000000000e+02 9.500000000000000000e+01
7.400000000000000000e+01 1.900000000000000000e+01 2.000000000000000000e+00 7.370000000000000000e+02 9.400000000000000000e+01
7.200000000000000000e+01 2.100000000000000000e+01 3.000000000000000000e+00 7.330000000000000000e+02 9.600000000000000000e+01
7.800000000000000000e+01 2.100000000000000000e+01 0.000000000000000000e+00 5.430000000000000000e+02 9.900000000000000000e+01
7.600000000000000000e+01 1.700000000000000000e+01 5.000000000000000000e+00 7.390000000000000000e+02 9.800000000000000000e+01
7.700000000000000000e+01 3.000000000000000000e+01 3.000000000000000000e+00 7.010000000000000000e+02 1.090000000000000000e+02
7.000000000000000000e+01 2.400000000000000000e+01 2.000000000000000000e+00 6.030000000000000000e+02 9.500000000000000000e+01
7.600000000000000000e+01 2.000000000000000000e+01 1.000000000000000000e+00 6.440000000000000000e+02 9.700000000000000000e+01
8.900000000000000000e+01 1.500000000000000000e+01 2.000000000000000000e+00 7.350000000000000000e+02 1.040000000000000000e+02
8.600000000000000000e+01 1.500000000000000000e+01 2.000000000000000000e+00 7.110000000000000000e+02 1.030000000000000000e+02
8.000000000000000000e+01 2.200000000000000000e+01 1.000000000000000000e+00 7.660000000000000000e+02 1.030000000000000000e+02
7.900000000000000000e+01 6.000000000000000000e+00 1.000000000000000000e+00 5.790000000000000000e+02 8.600000000000000000e+01
8.200000000000000000e+01 2.500000000000000000e+01 1.000000000000000000e+00 8.130000000000000000e+02 1.080000000000000000e+02
8.700000000000000000e+01 2.100000000000000000e+01 1.000000000000000000e+00 7.120000000000000000e+02 1.080000000000000000e+02
7.100000000000000000e+01 1.100000000000000000e+01 1.000000000000000000e+00 6.860000000000000000e+02 8.200000000000000000e+01
8.500000000000000000e+01 1.200000000000000000e+01 1.000000000000000000e+00 7.360000000000000000e+02 9.800000000000000000e+01
6.300000000000000000e+01 1.900000000000000000e+01 3.000000000000000000e+00 5.660000000000000000e+02 8.500000000000000000e+01
8.700000000000000000e+01 1.900000000000000000e+01 2.000000000000000000e+00 7.800000000000000000e+02 1.080000000000000000e+02
8.700000000000000000e+01 2.400000000000000000e+01 4.000000000000000000e+00 7.000000000000000000e+02 1.150000000000000000e+02
5.900000000000000000e+01 2.600000000000000000e+01 5.000000000000000000e+00 8.130000000000000000e+02 8.800000000000000000e+01
1.150000000000000000e+02 1.600000000000000000e+01 0.000000000000000000e+00 7.690000000000000000e+02 1.300000000000000000e+02
6.700000000000000000e+01 1.600000000000000000e+01 2.000000000000000000e+00 6.820000000000000000e+02 8.400000000000000000e+01
8.300000000000000000e+01 1.500000000000000000e+01 1.000000000000000000e+00 5.920000000000000000e+02 9.900000000000000000e+01
9.200000000000000000e+01 2.000000000000000000e+01 0.000000000000000000e+00 6.710000000000000000e+02 1.120000000000000000e+02
9.600000000000000000e+01 1.500000000000000000e+01 0.000000000000000000e+00 7.350000000000000000e+02 1.100000000000000000e+02
7.800000000000000000e+01 2.100000000000000000e+01 1.000000000000000000e+00 7.550000000000000000e+02 9.800000000000000000e+01
7.700000000000000000e+01 2.100000000000000000e+01 2.000000000000000000e+00 7.350000000000000000e+02 1.000000000000000000e+02
9.000000000000000000e+01 2.100000000000000000e+01 2.000000000000000000e+00 7.310000000000000000e+02 1.110000000000000000e+02
8.500000000000000000e+01 1.600000000000000000e+01 3.000000000000000000e+00 7.270000000000000000e+02 1.030000000000000000e+02
6.900000000000000000e+01 2.000000000000000000e+01 2.000000000000000000e+00 7.510000000000000000e+02 9.000000000000000000e+01
6.600000000000000000e+01 2.100000000000000000e+01 0.000000000000000000e+00 7.730000000000000000e+02 8.700000000000000000e+01
1.230000000000000000e+02 2.000000000000000000e+01 1.000000000000000000e+00 7.500000000000000000e+02 1.420000000000000000e+02
8.500000000000000000e+01 2.500000000000000000e+01 2.000000000000000000e+00 7.130000000000000000e+02 1.120000000000000000e+02
7.300000000000000000e+01 2.100000000000000000e+01 2.000000000000000000e+00 6.620000000000000000e+02 9.600000000000000000e+01
6.800000000000000000e+01 1.700000000000000000e+01 2.000000000000000000e+00 7.170000000000000000e+02 8.700000000000000000e+01
1.030000000000000000e+02 1.300000000000000000e+01 0.000000000000000000e+00 8.050000000000000000e+02 1.160000000000000000e+02
8.200000000000000000e+01 1.600000000000000000e+01 0.000000000000000000e+00 6.800000000000000000e+02 9.700000000000000000e+01
7.900000000000000000e+01 2.400000000000000000e+01 4.000000000000000000e+00 6.460000000000000000e+02 1.070000000000000000e+02
8.400000000000000000e+01 2.300000000000000000e+01 1.000000000000000000e+00 7.260000000000000000e+02 1.070000000000000000e+02
7.700000000000000000e+01 2.300000000000000000e+01 0.000000000000000000e+00 6.810000000000000000e+02 9.900000000000000000e+01
9.400000000000000000e+01 2.400000000000000000e+01 0.000000000000000000e+00 8.290000000000000000e+02 1.170000000000000000e+02
9.000000000000000000e+01 1.600000000000000000e+01 1.000000000000000000e+00 7.700000000000000000e+02 1.070000000000000000e+02
6.700000000000000000e+01 1.700000000000000000e+01 1.000000000000000000e+00 8.160000000000000000e+02 8.300000000000000000e+01
7.000000000000000000e+01 1.800000000000000000e+01 3.000000000000000000e+00 6.580000000000000000e+02 9.000000000000000000e+01
9.100000000000000000e+01 1.600000000000000000e+01 1.000000000000000000e+00 6.340000000000000000e+02 1.070000000000000000e+02
8.800000000000000000e+01 2.000000000000000000e+01 1.000000000000000000e+00 7.140000000000000000e+02 1.090000000000000000e+02
8.900000000000000000e+01 2.100000000000000000e+01 1.000000000000000000e+00 7.890000000000000000e+02 1.090000000000000000e+02
8.800000000000000000e+01 1.900000000000000000e+01 3.000000000000000000e+00 7.860000000000000000e+02 1.090000000000000000e+02
7.300000000000000000e+01 2.200000000000000000e+01 0.000000000000000000e+00 6.780000000000000000e+02 9.400000000000000000e+01
7.600000000000000000e+01 2.200000000000000000e+01 1.000000000000000000e+00 7.260000000000000000e+02 9.900000000000000000e+01
9.900000000000000000e+01 1.600000000000000000e+01 0.000000000000000000e+00 6.550000000000000000e+02 1.150000000000000000e+02
9.200000000000000000e+01 2.000000000000000000e+01 1.000000000000000000e+00 6.910000000000000000e+02 1.110000000000000000e+02
7.800000000000000000e+01 1.400000000000000000e+01 1.000000000000000000e+00 7.840000000000000000e+02 9.300000000000000000e+01
8.000000000000000000e+01 1.400000000000000000e+01 0.000000000000000000e+00 7.040000000000000000e+02 9.400000000000000000e+01
6.100000000000000000e+01 2.100000000000000000e+01 0.000000000000000000e+00 7.460000000000000000e+02 8.000000000000000000e+01
8.500000000000000000e+01 2.100000000000000000e+01 0.000000000000000000e+00 7.160000000000000000e+02 1.050000000000000000e+02
5.800000000000000000e+01 1.700000000000000000e+01 0.000000000000000000e+00 6.240000000000000000e+02 7.300000000000000000e+01
7.600000000000000000e+01 1.600000000000000000e+01 2.000000000000000000e+00 6.840000000000000000e+02 9.400000000000000000e+01
8.300000000000000000e+01 1.500000000000000000e+01 1.000000000000000000e+00 6.270000000000000000e+02 9.700000000000000000e+01
7.300000000000000000e+01 1.800000000000000000e+01 2.000000000000000000e+00 7.160000000000000000e+02 9.000000000000000000e+01
7.500000000000000000e+01 1.100000000000000000e+01 1.000000000000000000e+00 7.760000000000000000e+02 8.700000000000000000e+01
6.400000000000000000e+01 2.100000000000000000e+01 3.000000000000000000e+00 4.840000000000000000e+02 8.800000000000000000e+01
5.300000000000000000e+01 1.900000000000000000e+01 2.000000000000000000e+00 6.210000000000000000e+02 7.300000000000000000e+01
8.100000000000000000e+01 2.100000000000000000e+01 1.000000000000000000e+00 6.380000000000000000e+02 1.020000000000000000e+02
8.200000000000000000e+01 2.700000000000000000e+01 4.000000000000000000e+00 7.970000000000000000e+02 1.130000000000000000e+02
6.700000000000000000e+01 2.100000000000000000e+01 4.000000000000000000e+00 6.670000000000000000e+02 9.100000000000000000e+01
9.900000000000000000e+01 1.500000000000000000e+01 0.000000000000000000e+00 8.010000000000000000e+02 1.140000000000000000e+02
7.200000000000000000e+01 1.900000000000000000e+01 3.000000000000000000e+00 6.930000000000000000e+02 9.200000000000000000e+01
6.800000000000000000e+01 2.400000000000000000e+01 4.000000000000000000e+00 8.040000000000000000e+02 9.500000000000000000e+01
8.200000000000000000e+01 1.500000000000000000e+01 0.000000000000000000e+00 6.360000000000000000e+02 9.600000000000000000e+01
9.500000000000000000e+01 1.600000000000000000e+01 2.000000000000000000e+00 6.960000000000000000e+02 1.130000000000000000e+02
6.900000000000000000e+01 1.800000000000000000e+01 2.000000000000000000e+00 6.910000000000000000e+02 8.900000000000000000e+01
6.800000000000000000e+01 1.800000000000000000e+01 1.000000000000000000e+00 5.920000000000000000e+02 8.700000000000000000e+01
8.500000000000000000e+01 1.400000000000000000e+01 3.000000000000000000e+00 6.650000000000000000e+02 1.020000000000000000e+02
8.200000000000000000e+01 1.600000000000000000e+01 1.000000000000000000e+00 7.570000000000000000e+02 9.800000000000000000e+01
8.400000000000000000e+01 2.000000000000000000e+01 1.000000000000000000e+00 6.800000000000000000e+02 1.040000000000000000e+02
7.300000000000000000e+01 1.900000000000000000e+01 3.000000000000000000e+00 6.670000000000000000e+02 9.400000000000000000e+01
7.200000000000000000e+01 1.700000000000000000e+01 1.000000000000000000e+00 6.780000000000000000e+02 8.800000000000000000e+01
8.500000000000000000e+01 2.300000000000000000e+01 2.000000000000000000e+00 7.150000000000000000e+02 1.090000000000000000e+02
7.600000000000000000e+01 2.300000000000000000e+01 1.000000000000000000e+00 5.720000000000000000e+02 1.000000000000000000e+02
8.600000000000000000e+01 1.300000000000000000e+01 1.000000000000000000e+00 6.980000000000000000e+02 1.000000000000000000e+02
7.700000000000000000e+01 1.900000000000000000e+01 1.000000000000000000e+00 7.150000000000000000e+02 9.600000000000000000e+01
8.300000000000000000e+01 1.700000000000000000e+01 0.000000000000000000e+00 7.680000000000000000e+02 9.900000000000000000e+01
7.600000000000000000e+01 1.600000000000000000e+01 1.000000000000000000e+00 7.390000000000000000e+02 9.300000000000000000e+01
7.600000000000000000e+01 2.600000000000000000e+01 3.000000000000000000e+00 7.440000000000000000e+02 1.050000000000000000e+02
7.200000000000000000e+01 2.600000000000000000e+01 2.000000000000000000e+00 6.130000000000000000e+02 1.000000000000000000e+02
8.200000000000000000e+01 2.500000000000000000e+01 1.000000000000000000e+00 5.580000000000000000e+02 1.080000000000000000e+02
7.100000000000000000e+01 1.900000000000000000e+01 4.000000000000000000e+00 6.300000000000000000e+02 9.400000000000000000e+01
8.700000000000000000e+01 2.300000000000000000e+01 2.000000000000000000e+00 7.450000000000000000e+02 1.110000000000000000e+02
8.700000000000000000e+01 1.900000000000000000e+01 1.000000000000000000e+00 7.920000000000000000e+02 1.070000000000000000e+02
