6.124000000000000000e+03 3.650000000000000000e+02 2.700000000000000000e+01 2.180700000000000000e+04 1.585000000000000000e+03
6.099000000000000000e+03 3.830000000000000000e+02 2.300000000000000000e+01 2.053400000000000000e+04 1.730000000000000000e+03
6.375000000000000000e+03 3.570000000000000000e+02 3.000000000000000000e+01 2.136200000000000000e+04 1.567000000000000000e+03
6.193000000000000000e+03 3.620000000000000000e+02 2.600000000000000000e+01 2.134900000000000000e+04 1.580000000000000000e+03
5.920000000000000000e+03 3.620000000000000000e+02 2.300000000000000000e+01 2.036400000000000000e+04 1.693000000000000000e+03
6.111000000000000000e+03 3.430000000000000000e+02 2.600000000000000000e+01 2.152200000000000000e+04 1.581000000000000000e+03
6.310000000000000000e+03 3.910000000000000000e+02 3.000000000000000000e+01 2.260000000000000000e+04 1.593000000000000000e+03
6.420000000000000000e+03 3.890000000000000000e+02 2.300000000000000000e+01 2.128600000000000000e+04 1.676000000000000000e+03
5.798000000000000000e+03 3.840000000000000000e+02 2.800000000000000000e+01 2.056400000000000000e+04 1.795000000000000000e+03
6.176000000000000000e+03 3.600000000000000000e+02 4.100000000000000000e+01 2.061200000000000000e+04 1.638000000000000000e+03
6.485000000000000000e+03 3.450000000000000000e+02 3.100000000000000000e+01 2.127600000000000000e+04 1.614000000000000000e+03
6.186000000000000000e+03 3.740000000000000000e+02 2.600000000000000000e+01 2.119700000000000000e+04 1.684000000000000000e+03
5.137000000000000000e+03 3.610000000000000000e+02 2.700000000000000000e+01 1.863600000000000000e+04 1.677000000000000000e+03
5.937000000000000000e+03 3.240000000000000000e+02 2.500000000000000000e+01 2.024500000000000000e+04 1.603000000000000000e+03
6.378000000000000000e+03 3.140000000000000000e+02 2.300000000000000000e+01 2.209100000000000000e+04 1.499000000000000000e+03
6.076000000000000000e+03 3.840000000000000000e+02 2.100000000000000000e+01 2.074800000000000000e+04 1.623000000000000000e+03
5.590000000000000000e+03 4.170000000000000000e+02 3.100000000000000000e+01 2.052700000000000000e+04 1.672000000000000000e+03
6.282000000000000000e+03 3.980000000000000000e+02 2.300000000000000000e+01 2.075200000000000000e+04 1.845000000000000000e+03
6.667000000000000000e+03 3.080000000000000000e+02 2.200000000000000000e+01 2.210900000000000000e+04 1.576000000000000000e+03
6.078000000000000000e+03 3.740000000000000000e+02 2.200000000000000000e+01 2.041700000000000000e+04 1.647000000000000000e+03
6.123000000000000000e+03 3.730000000000000000e+02 2.600000000000000000e+01 2.069900000000000000e+04 1.578000000000000000e+03
5.900000000000000000e+03 3.360000000000000000e+02 2.400000000000000000e+01 2.013700000000000000e+04 1.644000000000000000e+03
5.831000000000000000e+03 3.240000000000000000e+02 2.700000000000000000e+01 2.026200000000000000e+04 1.577000000000000000e+03
5.817000000000000000e+03 3.690000000000000000e+02 3.200000000000000000e+01 2.057000000000000000e+04 1.635000000000000000e+03
6.357000000000000000e+03 3.430000000000000000e+02 2.600000000000000000e+01 2.106500000000000000e+04 1.660000000000000000e+03
6.460000000000000000e+03 3.420000000000000000e+02 2.700000000000000000e+01 2.187900000000000000e+04 1.702000000000000000e+03
6.336000000000000000e+03 3.430000000000000000e+02 3.700000000000000000e+01 2.125700000000000000e+04 1.580000000000000000e+03
6.963000000000000000e+03 3.900000000000000000e+02 3.500000000000000000e+01 2.247400000000000000e+04 1.451000000000000000e+03
6.405000000000000000e+03 4.020000000000000000e+02 2.700000000000000000e+01 2.143700000000000000e+04 1.736000000000000000e+03
6.059000000000000000e+03 3.890000000000000000e+02 2.100000000000000000e+01 2.001300000000000000e+04 1.696000000000000000e+03
6.491000000000000000e+03 3.730000000000000000e+02 2.500000000000000000e+01 2.182400000000000000e+04 1.664000000000000000e+03
6.498000000000000000e+03 3.490000000000000000e+02 1.900000000000000000e+01 2.153100000000000000e+04 1.662000000000000000e+03
6.169000000000000000e+03 3.590000000000000000e+02 1.600000000000000000e+01 2.033100000000000000e+04 1.694000000000000000e+03
6.682000000000000000e+03 3.970000000000000000e+02 2.700000000000000000e+01 2.161900000000000000e+04 1.728000000000000000e+03
6.410000000000000000e+03 3.420000000000000000e+02 3.000000000000000000e+01 2.199700000000000000e+04 1.609000000000000000e+03
6.275000000000000000e+03 3.380000000000000000e+02 3.100000000000000000e+01 2.102300000000000000e+04 1.551000000000000000e+03
6.339000000000000000e+03 3.700000000000000000e+02 2.100000000000000000e+01 2.197900000000000000e+04 1.599000000000000000e+03
5.896000000000000000e+03 3.480000000000000000e+02 2.000000000000000000e+01 2.057100000000000000e+04 1.567000000000000000e+03
6.414000000000000000e+03 3.650000000000000000e+02 2.000000000000000000e+01 2.208100000000000000e+04 1.664000000000000000e+03
5.640000000000000000e+03 3.680000000000000000e+02 2.800000000000000000e+01 2.048000000000000000e+04 1.595000000000000000e+03
5.704000000000000000e+03 3.730000000000000000e+02 3.000000000000000000e+01 2.045100000000000000e+04 1.620000000000000000e+03
6.593000000000000000e+03 3.750000000000000000e+02 2.800000000000000000e+01 2.228700000000000000e+04 1.614000000000000000e+03
5.432000000000000000e+03 3.610000000000000000e+02 3.300000000000000000e+01 1.926500000000000000e+04 1.629000000000000000e+03
5.991000000000000000e+03 3.680000000000000000e+02 3.000000000000000000e+01 2.103900000000000000e+04 1.703000000000000000e+03
5.909000000000000000e+03 3.580000000000000000e+02 2.600000000000000000e+01 2.021800000000000000e+04 1.672000000000000000e+03
5.956000000000000000e+03 3.830000000000000000e+02 2.700000000000000000e+01 2.062200000000000000e+04 1.658000000000000000e+03
5.947000000000000000e+03 3.470000000000000000e+02 2.800000000000000000e+01 1.992800000000000000e+04 1.708000000000000000e+03
5.089000000000000000e+03 3.650000000000000000e+02 2.300000000000000000e+01 1.901300000000000000e+04 1.573000000000000000e+03
5.974000000000000000e+03 3.750000000000000000e+02 3.000000000000000000e+01 2.096900000000000000e+04 1.599000000000000000e+03
6.037000000000000000e+03 3.160000000000000000e+02 2.700000000000000000e+01 2.145400000000000000e+04 1.594000000000000000e+03
6.496000000000000000e+03 3.670000000000000000e+02 2.000000000000000000e+01 2.131100000000000000e+04 1.713000000000000000e+03
6.058000000000000000e+03 3.190000000000000000e+02 2.000000000000000000e+01 2.107700000000000000e+04 1.600000000000000000e+03
5.994000000000000000e+03 3.510000000000000000e+02 3.500000000000000000e+01 2.153700000000000000e+04 1.589000000000000000e+03
6.122000000000000000e+03 3.860000000000000000e+02 2.400000000000000000e+01 2.060500000000000000e+04 1.665000000000000000e+03
5.940000000000000000e+03 3.320000000000000000e+02 2.300000000000000000e+01 2.111800000000000000e+04 1.637000000000000000e+03
6.120000000000000000e+03 3.450000000000000000e+02 1.600000000000000000e+01 2.146000000000000000e+04 1.553000000000000000e+03
6.045000000000000000e+03 3.460000000000000000e+02 2.400000000000000000e+01 2.084800000000000000e+04 1.599000000000000000e+03
6.370000000000000000e+03 3.270000000000000000e+02 2.400000000000000000e+01 2.160800000000000000e+04 1.556000000000000000e+03
6.108000000000000000e+03 3.380000000000000000e+02 2.200000000000000000e+01 2.160500000000000000e+04 1.577000000000000000e+03
6.064000000000000000e+03 3.480000000000000000e+02 2.100000000000000000e+01 2.093400000000000000e+04 1.617000000000000000e+03
5.913000000000000000e+03 3.850000000000000000e+02 2.700000000000000000e+01 2.075600000000000000e+04 1.550000000000000000e+03
6.321000000000000000e+03 3.600000000000000000e+02 2.200000000000000000e+01 2.201900000000000000e+04 1.593000000000000000e+03
6.115000000000000000e+03 3.750000000000000000e+02 2.700000000000000000e+01 2.156700000000000000e+04 1.624000000000000000e+03
5.768000000000000000e+03 3.330000000000000000e+02 2.600000000000000000e+01 2.047400000000000000e+04 1.636000000000000000e+03
5.952000000000000000e+03 3.710000000000000000e+02 2.700000000000000000e+01 2.042500000000000000e+04 1.668000000000000000e+03
6.127000000000000000e+03 3.550000000000000000e+02 2.900000000000000000e+01 2.251200000000000000e+04 1.589000000000000000e+03
6.267000000000000000e+03 3.400000000000000000e+02 2.000000000000000000e+01 2.179900000000000000e+04 1.546000000000000000e+03
6.479000000000000000e+03 3.400000000000000000e+02 2.200000000000000000e+01 2.159800000000000000e+04 1.546000000000000000e+03
5.944000000000000000e+03 3.400000000000000000e+02 2.000000000000000000e+01 2.104200000000000000e+04 1.531000000000000000e+03
6.155000000000000000e+03 3.460000000000000000e+02 2.500000000000000000e+01 2.118300000000000000e+04 1.554000000000000000e+03
5.810000000000000000e+03 4.080000000000000000e+02 3.100000000000000000e+01 2.005300000000000000e+04 1.660000000000000000e+03
6.140000000000000000e+03 3.220000000000000000e+02 2.400000000000000000e+01 2.124400000000000000e+04 1.605000000000000000e+03
6.382000000000000000e+03 3.510000000000000000e+02 2.400000000000000000e+01 2.206200000000000000e+04 1.581000000000000000e+03
6.068000000000000000e+03 3.270000000000000000e+02 2.100000000000000000e+01 2.083100000000000000e+04 1.616000000000000000e+03
6.216000000000000000e+03 3.320000000000000000e+02 3.200000000000000000e+01 2.160800000000000000e+04 1.539000000000000000e+03
6.002000000000000000e+03 3.780000000000000000e+02 2.900000000000000000e+01 2.076000000000000000e+04 1.639000000000000000e+03
6.144000000000000000e+03 3.750000000000000000e+02 2.500000000000000000e+01 2.142000000000000000e+04 1.508000000000000000e+03
6.041000000000000000e+03 3.840000000000000000e+02 2.600000000000000000e+01 2.044000000000000000e+04 1.703000000000000000e+03
6.278000000000000000e+03 3.520000000000000000e+02 2.700000000000000000e+01 2.111400000000000000e+04 1.710000000000000000e+03
5.982000000000000000e+03 3.630000000000000000e+02 3.100000000000000000e+01 2.069700000000000000e+04 1.561000000000000000e+03
6.000000000000000000e+03 3.530000000000000000e+02 2.500000000000000000e+01 2.041300000000000000e+04 1.664000000000000000e+03
5.979000000000000000e+03 3.950000000000000000e+02 1.800000000000000000e+01 2.070500000000000000e+04 1.660000000000000000e+03
5.914000000000000000e+03 3.700000000000000000e+02 1.700000000000000000e+01 2.019900000000000000e+04 1.656000000000000000e+03
6.264000000000000000e+03 3.870000000000000000e+02 3.400000000000000000e+01 2.165300000000000000e+04 1.560000000000000000e+03
6.063000000000000000e+03 3.670000000000000000e+02 3.500000000000000000e+01 2.133900000000000000e+04 1.563000000000000000e+03
5.753000000000000000e+03 3.280000000000000000e+02 2.600000000000000000e+01 2.063100000000000000e+04 1.616000000000000000e+03
5.909000000000000000e+03 3.740000000000000000e+02 2.700000000000000000e+01 2.057700000000000000e+04 1.649000000000000000e+03
5.901000000000000000e+03 3.690000000000000000e+02 2.100000000000000000e+01 2.088000000000000000e+04 1.643000000000000000e+03
5.888000000000000000e+03 3.630000000000000000e+02 2.800000000000000000e+01 2.004700000000000000e+04 1.702000000000000000e+03
6.268000000000000000e+03 3.400000000000000000e+02 2.400000000000000000e+01 2.172900000000000000e+04 1.597000000000000000e+03
5.962000000000000000e+03 3.230000000000000000e+02 3.200000000000000000e+01 2.069400000000000000e+04 1.555000000000000000e+03
5.586000000000000000e+03 4.310000000000000000e+02 3.000000000000000000e+01 1.962700000000000000e+04 1.727000000000000000e+03
6.982000000000000000e+03 4.140000000000000000e+02 2.200000000000000000e+01 2.194700000000000000e+04 1.742000000000000000e+03
5.959000000000000000e+03 3.120000000000000000e+02 2.300000000000000000e+01 2.052500000000000000e+04 1.609000000000000000e+03
6.379000000000000000e+03 4.020000000000000000e+02 2.900000000000000000e+01 2.167000000000000000e+04 1.690000000000000000e+03
6.262000000000000000e+03 3.380000000000000000e+02 2.000000000000000000e+01 2.163300000000000000e+04 1.543000000000000000e+03
6.153000000000000000e+03 3.320000000000000000e+02 3.000000000000000000e+01 2.151400000000000000e+04 1.603000000000000000e+03
6.299000000000000000e+03 3.780000000000000000e+02 2.200000000000000000e+01 2.179500000000000000e+04 1.516000000000000000e+03
6.103000000000000000e+03 3.900000000000000000e+02 2.700000000000000000e+01 2.161900000000000000e+04 1.685000000000000000e+03
6.191000000000000000e+03 3.280000000000000000e+02 2.100000000000000000e+01 2.091500000000000000e+04 1.614000000000000000e+03
6.298000000000000000e+03 3.590000000000000000e+02 1.700000000000000000e+01 2.153900000000000000e+04 1.559000000000000000e+03
6.366000000000000000e+03 3.400000000000000000e+02 3.100000000000000000e+01 2.202400000000000000e+04 1.573000000000000000e+03
5.624000000000000000e+03 3.500000000000000000e+02 3.000000000000000000e+01 2.054800000000000000e+04 1.621000000000000000e+03
5.829000000000000000e+03 3.920000000000000000e+02 2.500000000000000000e+01 2.083700000000000000e+04 1.594000000000000000e+03
6.418000000000000000e+03 3.420000000000000000e+02 2.600000000000000000e+01 2.189600000000000000e+04 1.639000000000000000e+03
6.534000000000000000e+03 3.520000000000000000e+02 3.700000000000000000e+01 2.164400000000000000e+04 1.547000000000000000e+03
6.588000000000000000e+03 3.250000000000000000e+02 2.700000000000000000e+01 2.190400000000000000e+04 1.594000000000000000e+03
5.476000000000000000e+03 3.940000000000000000e+02 3.400000000000000000e+01 1.911200000000000000e+04 1.745000000000000000e+03
6.012000000000000000e+03 3.810000000000000000e+02 2.800000000000000000e+01 2.087900000000000000e+04 1.660000000000000000e+03
6.424000000000000000e+03 3.480000000000000000e+02 2.300000000000000000e+01 2.134800000000000000e+04 1.586000000000000000e+03
5.293000000000000000e+03 3.810000000000000000e+02 3.800000000000000000e+01 1.893900000000000000e+04 1.736000000000000000e+03
6.250000000000000000e+03 3.200000000000000000e+02 2.400000000000000000e+01 2.067900000000000000e+04 1.629000000000000000e+03
6.076000000000000000e+03 3.750000000000000000e+02 2.300000000000000000e+01 2.136600000000000000e+04 1.616000000000000000e+03
5.923000000000000000e+03 4.000000000000000000e+02 3.500000000000000000e+01 1.993500000000000000e+04 1.682000000000000000e+03
6.226000000000000000e+03 3.160000000000000000e+02 2.400000000000000000e+01 2.182900000000000000e+04 1.588000000000000000e+03
6.143000000000000000e+03 3.180000000000000000e+02 1.800000000000000000e+01 2.148900000000000000e+04 1.551000000000000000e+03
6.273000000000000000e+03 3.610000000000000000e+02 2.600000000000000000e+01 2.175100000000000000e+04 1.634000000000000000e+03
6.300000000000000000e+03 3.660000000000000000e+02 3.200000000000000000e+01 2.203800000000000000e+04 1.612000000000000000e+03
5.994000000000000000e+03 3.430000000000000000e+02 2.000000000000000000e+01 2.093100000000000000e+04 1.585000000000000000e+03
5.628000000000000000e+03 3.640000000000000000e+02 2.200000000000000000e+01 2.075600000000000000e+04 1.632000000000000000e+03
6.262000000000000000e+03 3.370000000000000000e+02 2.200000000000000000e+01 2.148900000000000000e+04 1.570000000000000000e+03
5.715000000000000000e+03 3.750000000000000000e+02 2.700000000000000000e+01 2.057500000000000000e+04 1.690000000000000000e+03
6.079000000000000000e+03 3.780000000000000000e+02 2.600000000000000000e+01 2.101600000000000000e+04 1.598000000000000000e+03
6.113000000000000000e+03 3.670000000000000000e+02 2.600000000000000000e+01 2.061300000000000000e+04 1.649000000000000000e+03
6.523000000000000000e+03 3.900000000000000000e+02 3.100000000000000000e+01 2.139200000000000000e+04 1.776000000000000000e+03
5.772000000000000000e+03 4.090000000000000000e+02 2.600000000000000000e+01 2.033700000000000000e+04 1.688000000000000000e+03
6.256000000000000000e+03 3.800000000000000000e+02 3.000000000000000000e+01 2.252700000000000000e+04 1.612000000000000000e+03
6.247000000000000000e+03 3.160000000000000000e+02 2.900000000000000000e+01 2.131500000000000000e+04 1.587000000000000000e+03
6.379000000000000000e+03 3.480000000000000000e+02 2.700000000000000000e+01 2.151900000000000000e+04 1.609000000000000000e+03
6.148000000000000000e+03 3.500000000000000000e+02 2.300000000000000000e+01 2.131800000000000000e+04 1.605000000000000000e+03
6.076000000000000000e+03 3.320000000000000000e+02 2.400000000000000000e+01 2.120100000000000000e+04 1.647000000000000000e+03
5.942000000000000000e+03 3.530000000000000000e+02 2.700000000000000000e+01 2.030400000000000000e+04 1.631000000000000000e+03
6.576000000000000000e+03 3.920000000000000000e+02 2.600000000000000000e+01 2.212600000000000000e+04 1.679000000000000000e+03
6.060000000000000000e+03 3.280000000000000000e+02 2.500000000000000000e+01 2.120200000000000000e+04 1.643000000000000000e+03
5.999000000000000000e+03 3.750000000000000000e+02 3.000000000000000000e+01 2.050300000000000000e+04 1.784000000000000000e+03
6.235000000000000000e+03 3.580000000000000000e+02 3.100000000000000000e+01 2.116500000000000000e+04 1.614000000000000000e+03
6.060000000000000000e+03 3.560000000000000000e+02 2.800000000000000000e+01 2.054200000000000000e+04 1.608000000000000000e+03
5.775000000000000000e+03 3.440000000000000000e+02 2.300000000000000000e+01 2.136800000000000000e+04 1.663000000000000000e+03
5.518000000000000000e+03 3.910000000000000000e+02 3.200000000000000000e+01 2.015800000000000000e+04 1.690000000000000000e+03
5.886000000000000000e+03 3.370000000000000000e+02 1.900000000000000000e+01 2.039400000000000000e+04 1.617000000000000000e+03
5.919000000000000000e+03 3.510000000000000000e+02 3.800000000000000000e+01 2.051500000000000000e+04 1.687000000000000000e+03
5.893000000000000000e+03 3.810000000000000000e+02 2.600000000000000000e+01 1.978100000000000000e+04 1.751000000000000000e+03
6.454000000000000000e+03 3.680000000000000000e+02 3.100000000000000000e+01 2.138800000000000000e+04 1.626000000000000000e+03
6.227000000000000000e+03 3.910000000000000000e+02 2.800000000000000000e+01 2.144900000000000000e+04 1.663000000000000000e+03
6.023000000000000000e+03 3.440000000000000000e+02 1.900000000000000000e+01 2.055600000000000000e+04 1.640000000000000000e+03
6.120000000000000000e+03 3.470000000000000000e+02 2.900000000000000000e+01 2.052700000000000000e+04 1.688000000000000000e+03
5.335000000000000000e+03 3.870000000000000000e+02 3.100000000000000000e+01 1.904500000000000000e+04 1.742000000000000000e+03
5.656000000000000000e+03 3.620000000000000000e+02 2.000000000000000000e+01 1.973000000000000000e+04 1.704000000000000000e+03
6.002000000000000000e+03 3.660000000000000000e+02 1.900000000000000000e+01 2.067600000000000000e+04 1.679000000000000000e+03
5.611000000000000000e+03 3.500000000000000000e+02 2.800000000000000000e+01 2.053300000000000000e+04 1.683000000000000000e+03
6.603000000000000000e+03 3.830000000000000000e+02 2.100000000000000000e+01 2.219700000000000000e+04 1.666000000000000000e+03
6.174000000000000000e+03 3.670000000000000000e+02 2.700000000000000000e+01 2.070300000000000000e+04 1.652000000000000000e+03
6.493000000000000000e+03 3.180000000000000000e+02 1.800000000000000000e+01 2.218400000000000000e+04 1.546000000000000000e+03
5.791000000000000000e+03 4.030000000000000000e+02 2.200000000000000000e+01 1.932200000000000000e+04 1.736000000000000000e+03
6.653000000000000000e+03 3.600000000000000000e+02 2.000000000000000000e+01 2.198800000000000000e+04 1.712000000000000000e+03
6.180000000000000000e+03 3.610000000000000000e+02 3.000000000000000000e+01 2.155400000000000000e+04 1.621000000000000000e+03
6.037000000000000000e+03 3.720000000000000000e+02 2.100000000000000000e+01 2.070500000000000000e+04 1.647000000000000000e+03
6.721000000000000000e+03 3.770000000000000000e+02 2.800000000000000000e+01 2.127100000000000000e+04 1.755000000000000000e+03
6.393000000000000000e+03 3.820000000000000000e+02 3.100000000000000000e+01 2.147200000000000000e+04 1.751000000000000000e+03
6.035000000000000000e+03 4.070000000000000000e+02 3.600000000000000000e+01 1.977500000000000000e+04 1.739000000000000000e+03
5.960000000000000000e+03 3.560000000000000000e+02 2.800000000000000000e+01 2.045100000000000000e+04 1.657000000000000000e+03
6.086000000000000000e+03 3.610000000000000000e+02 3.500000000000000000e+01 2.102200000000000000e+04 1.712000000000000000e+03
6.410000000000000000e+03 3.550000000000000000e+02 2.600000000000000000e+01 2.129600000000000000e+04 1.665000000000000000e+03
6.200000000000000000e+03 3.590000000000000000e+02 2.600000000000000000e+01 2.097800000000000000e+04 1.681000000000000000e+03
6.106000000000000000e+03 3.690000000000000000e+02 2.400000000000000000e+01 2.106000000000000000e+04 1.655000000000000000e+03
6.419000000000000000e+03 3.590000000000000000e+02 2.400000000000000000e+01 2.129000000000000000e+04 1.740000000000000000e+03
5.969000000000000000e+03 3.350000000000000000e+02 2.500000000000000000e+01 2.062500000000000000e+04 1.577000000000000000e+03
5.567000000000000000e+03 3.510000000000000000e+02 2.900000000000000000e+01 2.068600000000000000e+04 1.586000000000000000e+03
6.103000000000000000e+03 3.990000000000000000e+02 3.300000000000000000e+01 2.017800000000000000e+04 1.700000000000000000e+03
6.010000000000000000e+03 3.290000000000000000e+02 2.500000000000000000e+01 2.083700000000000000e+04 1.633000000000000000e+03
6.248000000000000000e+03 3.590000000000000000e+02 3.000000000000000000e+01 2.096100000000000000e+04 1.575000000000000000e+03
6.221000000000000000e+03 3.680000000000000000e+02 1.700000000000000000e+01 2.028700000000000000e+04 1.676000000000000000e+03
6.038000000000000000e+03 3.590000000000000000e+02 2.000000000000000000e+01 2.056900000000000000e+04 1.696000000000000000e+03
6.248000000000000000e+03 4.060000000000000000e+02 3.100000000000000000e+01 2.086100000000000000e+04 1.751000000000000000e+03
6.270000000000000000e+03 3.700000000000000000e+02 1.600000000000000000e+01 2.085400000000000000e+04 1.628000000000000000e+03
5.750000000000000000e+03 3.560000000000000000e+02 3.200000000000000000e+01 2.084000000000000000e+04 1.548000000000000000e+03
6.318000000000000000e+03 3.730000000000000000e+02 2.600000000000000000e+01 2.196700000000000000e+04 1.660000000000000000e+03
6.241000000000000000e+03 3.590000000000000000e+02 2.600000000000000000e+01 2.133700000000000000e+04 1.619000000000000000e+03
5.592000000000000000e+03 3.740000000000000000e+02 3.000000000000000000e+01 1.942600000000000000e+04 1.738000000000000000e+03
6.160000000000000000e+03 3.490000000000000000e+02 2.300000000000000000e+01 2.087300000000000000e+04 1.591000000000000000e+03
5.982000000000000000e+03 3.760000000000000000e+02 2.400000000000000000e+01 2.072100000000000000e+04 1.639000000000000000e+03
6.425000000000000000e+03 3.730000000000000000e+02 2.500000000000000000e+01 2.154800000000000000e+04 1.621000000000000000e+03
5.894000000000000000e+03 3.650000000000000000e+02 2.400000000000000000e+01 2.040700000000000000e+04 1.660000000000000000e+03
5.789000000000000000e+03 3.420000000000000000e+02 2.800000000000000000e+01 2.036400000000000000e+04 1.635000000000000000e+03
6.355000000000000000e+03 3.390000000000000000e+02 2.600000000000000000e+01 2.179200000000000000e+04 1.630000000000000000e+03
5.469000000000000000e+03 3.830000000000000000e+02 3.500000000000000000e+01 1.945600000000000000e+04 1.718000000000000000e+03
6.196000000000000000e+03 3.870000000000000000e+02 3.100000000000000000e+01 2.176300000000000000e+04 1.612000000000000000e+03
6.283000000000000000e+03 3.900000000000000000e+02 2.300000000000000000e+01 2.132900000000000000e+04 1.569000000000000000e+03
6.201000000000000000e+03 3.920000000000000000e+02 2.300000000000000000e+01 2.105100000000000000e+04 1.663000000000000000e+03
6.342000000000000000e+03 3.560000000000000000e+02 2.300000000000000000e+01 2.189500000000000000e+04 1.605000000000000000e+03
6.004000000000000000e+03 3.130000000000000000e+02 1.000000000000000000e+01 2.079300000000000000e+04 1.552000000000000000e+03
5.840000000000000000e+03 3.780000000000000000e+02 2.800000000000000000e+01 2.087200000000000000e+04 1.554000000000000000e+03
6.080000000000000000e+03 3.770000000000000000e+02 1.700000000000000000e+01 2.115800000000000000e+04 1.595000000000000000e+03
6.228000000000000000e+03 3.660000000000000000e+02 1.900000000000000000e+01 2.101300000000000000e+04 1.577000000000000000e+03
5.805000000000000000e+03 3.570000000000000000e+02 2.200000000000000000e+01 2.025200000000000000e+04 1.624000000000000000e+03
6.648000000000000000e+03 3.960000000000000000e+02 3.300000000000000000e+01 2.106900000000000000e+04 1.670000000000000000e+03
6.048000000000000000e+03 3.360000000000000000e+02 2.400000000000000000e+01 2.085400000000000000e+04 1.642000000000000000e+03
5.955000000000000000e+03 3.390000000000000000e+02 2.500000000000000000e+01 2.097100000000000000e+04 1.635000000000000000e+03
6.072000000000000000e+03 3.650000000000000000e+02 2.100000000000000000e+01 2.049700000000000000e+04 1.686000000000000000e+03
6.043000000000000000e+03 3.920000000000000000e+02 2.300000000000000000e+01 2.080500000000000000e+04 1.664000000000000000e+03
6.397000000000000000e+03 3.830000000000000000e+02 3.000000000000000000e+01 2.056500000000000000e+04 1.804000000000000000e+03
6.273000000000000000e+03 3.550000000000000000e+02 1.700000000000000000e+01 2.088500000000000000e+04 1.736000000000000000e+03
6.178000000000000000e+03 3.570000000000000000e+02 3.100000000000000000e+01 2.128500000000000000e+04 1.681000000000000000e+03
6.437000000000000000e+03 3.630000000000000000e+02 2.100000000000000000e+01 2.116000000000000000e+04 1.600000000000000000e+03
6.352000000000000000e+03 3.600000000000000000e+02 1.600000000000000000e+01 2.195900000000000000e+04 1.639000000000000000e+03
5.875000000000000000e+03 3.640000000000000000e+02 2.500000000000000000e+01 2.071000000000000000e+04 1.590000000000000000e+03
6.066000000000000000e+03 3.530000000000000000e+02 3.000000000000000000e+01 2.088300000000000000e+04 1.595000000000000000e+03
6.496000000000000000e+03 3.560000000000000000e+02 2.800000000000000000e+01 2.230900000000000000e+04 1.602000000000000000e+03
6.182000000000000000e+03 3.810000000000000000e+02 1.700000000000000000e+01 2.114500000000000000e+04 1.683000000000000000e+03
5.504000000000000000e+03 3.990000000000000000e+02 2.800000000000000000e+01 1.931900000000000000e+04 1.770000000000000000e+03
6.302000000000000000e+03 3.860000000000000000e+02 3.000000000000000000e+01 2.090100000000000000e+04 1.617000000000000000e+03
6.235000000000000000e+03 3.260000000000000000e+02 2.200000000000000000e+01 2.162000000000000000e+04 1.534000000000000000e+03
6.059000000000000000e+03 3.910000000000000000e+02 2.200000000000000000e+01 2.029000000000000000e+04 1.676000000000000000e+03
6.292000000000000000e+03 3.100000000000000000e+02 1.900000000000000000e+01 2.187200000000000000e+04 1.485000000000000000e+03
5.885000000000000000e+03 3.830000000000000000e+02 2.500000000000000000e+01 2.039900000000000000e+04 1.703000000000000000e+03
5.552000000000000000e+03 4.090000000000000000e+02 2.900000000000000000e+01 1.908700000000000000e+04 1.774000000000000000e+03
6.154000000000000000e+03 3.830000000000000000e+02 3.000000000000000000e+01 2.080400000000000000e+04 1.730000000000000000e+03
6.401000000000000000e+03 3.580000000000000000e+02 1.200000000000000000e+01 2.119900000000000000e+04 1.576000000000000000e+03
6.303000000000000000e+03 3.990000000000000000e+02 3.200000000000000000e+01 2.118000000000000000e+04 1.643000000000000000e+03
6.205000000000000000e+03 3.440000000000000000e+02 1.900000000000000000e+01 2.240700000000000000e+04 1.589000000000000000e+03
6.143000000000000000e+03 3.820000000000000000e+02 2.700000000000000000e+01 2.162500000000000000e+04 1.554000000000000000e+03
6.260000000000000000e+03 3.560000000000000000e+02 3.100000000000000000e+01 2.144500000000000000e+04 1.588000000000000000e+03
6.221000000000000000e+03 3.760000000000000000e+02 3.400000000000000000e+01 2.170800000000000000e+04 1.619000000000000000e+03
6.712000000000000000e+03 3.420000000000000000e+02 2.000000000000000000e+01 2.268600000000000000e+04 1.636000000000000000e+03
5.734000000000000000e+03 3.780000000000000000e+02 2.900000000000000000e+01 1.991400000000000000e+04 1.569000000000000000e+03
6.430000000000000000e+03 3.660000000000000000e+02 3.200000000000000000e+01 2.175300000000000000e+04 1.656000000000000000e+03
5.214000000000000000e+03 3.640000000000000000e+02 2.300000000000000000e+01 1.868600000000000000e+04 1.757000000000000000e+03
6.526000000000000000e+03 3.980000000000000000e+02 2.800000000000000000e+01 2.179100000000000000e+04 1.779000000000000000e+03
6.026000000000000000e+03 3.650000000000000000e+02 2.500000000000000000e+01 2.103600000000000000e+04 1.586000000000000000e+03
6.055000000000000000e+03 3.750000000000000000e+02 2.700000000000000000e+01 2.067900000000000000e+04 1.623000000000000000e+03
6.506000000000000000e+03 3.510000000000000000e+02 2.300000000000000000e+01 2.209600000000000000e+04 1.553000000000000000e+03
5.602000000000000000e+03 3.400000000000000000e+02 2.300000000000000000e+01 2.065500000000000000e+04 1.566000000000000000e+03
5.570000000000000000e+03 3.500000000000000000e+02 1.900000000000000000e+01 1.941400000000000000e+04 1.597000000000000000e+03
6.049000000000000000e+03 3.440000000000000000e+02 2.100000000000000000e+01 2.150600000000000000e+04 1.595000000000000000e+03
6.101000000000000000e+03 3.560000000000000000e+02 2.400000000000000000e+01 2.109800000000000000e+04 1.652000000000000000e+03
6.153000000000000000e+03 3.590000000000000000e+02 3.300000000000000000e+01 2.182300000000000000e+04 1.598000000000000000e+03
6.241000000000000000e+03 3.520000000000000000e+02 1.900000000000000000e+01 2.125700000000000000e+04 1.620000000000000000e+03
6.149000000000000000e+03 3.660000000000000000e+02 2.700000000000000000e+01 2.083000000000000000e+04 1.658000000000000000e+03
5.764000000000000000e+03 3.640000000000000000e+02 2.500000000000000000e+01 2.044800000000000000e+04 1.554000000000000000e+03
5.621000000000000000e+03 3.630000000000000000e+02 2.900000000000000000e+01 2.002900000000000000e+04 1.676000000000000000e+03
5.787000000000000000e+03 3.660000000000000000e+02 2.300000000000000000e+01 2.086300000000000000e+04 1.645000000000000000e+03
5.822000000000000000e+03 3.710000000000000000e+02 1.700000000000000000e+01 2.059200000000000000e+04 1.612000000000000000e+03
5.979000000000000000e+03 3.680000000000000000e+02 3.000000000000000000e+01 2.083200000000000000e+04 1.616000000000000000e+03
6.379000000000000000e+03 3.750000000000000000e+02 2.600000000000000000e+01 2.192100000000000000e+04 1.580000000000000000e+03
6.079000000000000000e+03 3.920000000000000000e+02 2.300000000000000000e+01 2.149300000000000000e+04 1.709000000000000000e+03
5.435000000000000000e+03 4.300000000000000000e+02 2.800000000000000000e+01 1.900800000000000000e+04 1.689000000000000000e+03
5.750000000000000000e+03 3.170000000000000000e+02 1.800000000000000000e+01 2.018700000000000000e+04 1.538000000000000000e+03
6.295000000000000000e+03 4.030000000000000000e+02 2.900000000000000000e+01 2.109400000000000000e+04 1.645000000000000000e+03
6.336000000000000000e+03 4.120000000000000000e+02 3.800000000000000000e+01 2.159700000000000000e+04 1.790000000000000000e+03
6.554000000000000000e+03 3.300000000000000000e+02 2.500000000000000000e+01 2.230400000000000000e+04 1.647000000000000000e+03
