1.870000000000000000e+02 1.900000000000000000e+01 1.000000000000000000e+00 1.502000000000000000e+03 2.050000000000000000e+02
1.460000000000000000e+02 2.800000000000000000e+01 0.000000000000000000e+00 1.459000000000000000e+03 1.730000000000000000e+02
1.300000000000000000e+02 3.100000000000000000e+01 1.000000000000000000e+00 1.473000000000000000e+03 1.610000000000000000e+02
1.940000000000000000e+02 2.300000000000000000e+01 2.000000000000000000e+00 1.631000000000000000e+03 2.190000000000000000e+02
1.710000000000000000e+02 3.100000000000000000e+01 2.000000000000000000e+00 1.521000000000000000e+03 2.020000000000000000e+02
1.460000000000000000e+02 2.500000000000000000e+01 0.000000000000000000e+00 1.522000000000000000e+03 1.700000000000000000e+02
1.580000000000000000e+02 2.500000000000000000e+01 2.000000000000000000e+00 1.501000000000000000e+03 1.850000000000000000e+02
1.530000000000000000e+02 2.600000000000000000e+01 0.000000000000000000e+00 1.473000000000000000e+03 1.760000000000000000e+02
1.830000000000000000e+02 2.900000000000000000e+01 1.000000000000000000e+00 1.565000000000000000e+03 2.130000000000000000e+02
1.680000000000000000e+02 2.600000000000000000e+01 0.000000000000000000e+00 1.353000000000000000e+03 1.920000000000000000e+02
1.810000000000000000e+02 3.400000000000000000e+01 0.000000000000000000e+00 1.791000000000000000e+03 2.110000000000000000e+02
1.590000000000000000e+02 2.200000000000000000e+01 0.000000000000000000e+00 1.563000000000000000e+03 1.790000000000000000e+02
1.980000000000000000e+02 3.500000000000000000e+01 1.000000000000000000e+00 1.706000000000000000e+03 2.320000000000000000e+02
1.630000000000000000e+02 3.100000000000000000e+01 0.000000000000000000e+00 1.452000000000000000e+03 1.930000000000000000e+02
1.600000000000000000e+02 2.400000000000000000e+01 0.000000000000000000e+00 1.385000000000000000e+03 1.840000000000000000e+02
1.690000000000000000e+02 2.600000000000000000e+01 3.000000000000000000e+00 1.427000000000000000e+03 1.940000000000000000e+02
1.650000000000000000e+02 2.900000000000000000e+01 3.000000000000000000e+00 1.535000000000000000e+03 1.970000000000000000e+02
1.550000000000000000e+02 2.700000000000000000e+01 1.000000000000000000e+00 1.389000000000000000e+03 1.810000000000000000e+02
1.900000000000000000e+02 2.800000000000000000e+01 0.000000000000000000e+00 1.591000000000000000e+03 2.150000000000000000e+02
1.670000000000000000e+02 3.800000000000000000e+01 3.000000000000000000e+00 1.305000000000000000e+03 2.070000000000000000e+02
1.590000000000000000e+02 2.000000000000000000e+01 2.000000000000000000e+00 1.347000000000000000e+03 1.810000000000000000e+02
1.600000000000000000e+02 2.400000000000000000e+01 1.000000000000000000e+00 1.261000000000000000e+03 1.830000000000000000e+02
1.620000000000000000e+02 3.400000000000000000e+01 4.000000000000000000e+00 1.317000000000000000e+03 1.990000000000000000e+02
1.520000000000000000e+02 3.200000000000000000e+01 0.000000000000000000e+00 1.637000000000000000e+03 1.820000000000000000e+02
1.680000000000000000e+02 4.100000000000000000e+01 1.000000000000000000e+00 1.624000000000000000e+03 2.070000000000000000e+02
1.330000000000000000e+02 2.100000000000000000e+01 0.000000000000000000e+00 1.628000000000000000e+03 1.520000000000000000e+02
1.930000000000000000e+02 3.100000000000000000e+01 0.000000000000000000e+00 1.651000000000000000e+03 2.210000000000000000e+02
1.450000000000000000e+02 2.600000000000000000e+01 1.000000000000000000e+00 1.362000000000000000e+03 1.720000000000000000e+02
1.710000000000000000e+02 3.100000000000000000e+01 0.000000000000000000e+00 1.657000000000000000e+03 2.020000000000000000e+02
1.620000000000000000e+02 2.700000000000000000e+01 1.000000000000000000e+00 1.624000000000000000e+03 1.890000000000000000e+02
1.330000000000000000e+02 2.500000000000000000e+01 0.000000000000000000e+00 1.067000000000000000e+03 1.580000000000000000e+02
1.310000000000000000e+02 2.400000000000000000e+01 1.000000000000000000e+00 1.114000000000000000e+03 1.540000000000000000e+02
1.620000000000000000e+02 2.500000000000000000e+01 1.000000000000000000e+00 1.442000000000000000e+03 1.870000000000000000e+02
1.940000000000000000e+02 2.700000000000000000e+01 0.000000000000000000e+00 1.469000000000000000e+03 2.190000000000000000e+02
1.600000000000000000e+02 2.800000000000000000e+01 3.000000000000000000e+00 1.547000000000000000e+03 1.910000000000000000e+02
1.720000000000000000e+02 2.800000000000000000e+01 0.000000000000000000e+00 1.494000000000000000e+03 1.990000000000000000e+02
1.740000000000000000e+02 3.200000000000000000e+01 1.000000000000000000e+00 1.489000000000000000e+03 2.060000000000000000e+02
2.190000000000000000e+02 4.300000000000000000e+01 3.000000000000000000e+00 1.585000000000000000e+03 2.620000000000000000e+02
1.540000000000000000e+02 2.700000000000000000e+01 1.000000000000000000e+00 1.774000000000000000e+03 1.770000000000000000e+02
1.500000000000000000e+02 2.300000000000000000e+01 1.000000000000000000e+00 1.324000000000000000e+03 1.720000000000000000e+02
1.650000000000000000e+02 3.000000000000000000e+01 0.000000000000000000e+00 1.443000000000000000e+03 1.920000000000000000e+02
1.640000000000000000e+02 2.500000000000000000e+01 2.000000000000000000e+00 1.569000000000000000e+03 1.910000000000000000e+02
2.030000000000000000e+02 3.100000000000000000e+01 2.000000000000000000e+00 1.704000000000000000e+03 2.350000000000000000e+02
1.900000000000000000e+02 2.200000000000000000e+01 0.000000000000000000e+00 1.582000000000000000e+03 2.100000000000000000e+02
1.650000000000000000e+02 2.600000000000000000e+01 1.000000000000000000e+00 1.588000000000000000e+03 1.910000000000000000e+02
1.750000000000000000e+02 3.200000000000000000e+01 3.000000000000000000e+00 1.547000000000000000e+03 2.070000000000000000e+02
1.700000000000000000e+02 2.200000000000000000e+01 1.000000000000000000e+00 1.603000000000000000e+03 1.900000000000000000e+02
1.630000000000000000e+02 2.900000000000000000e+01 0.000000000000000000e+00 1.507000000000000000e+03 1.920000000000000000e+02
1.220000000000000000e+02 1.600000000000000000e+01 0.000000000000000000e+00 1.207000000000000000e+03 1.380000000000000000e+02
1.480000000000000000e+02 2.600000000000000000e+01 2.000000000000000000e+00 1.462000000000000000e+03 1.740000000000000000e+02
1.340000000000000000e+02 2.200000000000000000e+01 1.000000000000000000e+00 1.634000000000000000e+03 1.550000000000000000e+02
1.670000000000000000e+02 3.000000000000000000e+01 2.000000000000000000e+00 1.609000000000000000e+03 1.960000000000000000e+02
1.650000000000000000e+02 3.200000000000000000e+01 1.000000000000000000e+00 1.726000000000000000e+03 1.980000000000000000e+02
1.610000000000000000e+02 2.000000000000000000e+01 1.000000000000000000e+00 1.598000000000000000e+03 1.810000000000000000e+02
1.620000000000000000e+02 2.300000000000000000e+01 0.000000000000000000e+00 1.450000000000000000e+03 1.840000000000000000e+02
1.780000000000000000e+02 2.400000000000000000e+01 1.000000000000000000e+00 1.579000000000000000e+03 2.010000000000000000e+02
1.910000000000000000e+02 3.200000000000000000e+01 2.000000000000000000e+00 1.652000000000000000e+03 2.210000000000000000e+02
1.560000000000000000e+02 2.100000000000000000e+01 1.000000000000000000e+00 1.294000000000000000e+03 1.770000000000000000e+02
1.660000000000000000e+02 2.400000000000000000e+01 1.000000000000000000e+00 1.386000000000000000e+03 1.890000000000000000e+02
1.540000000000000000e+02 2.200000000000000000e+01 1.000000000000000000e+00 1.417000000000000000e+03 1.760000000000000000e+02
1.470000000000000000e+02 2.100000000000000000e+01 2.000000000000000000e+00 1.520000000000000000e+03 1.700000000000000000e+02
1.850000000000000000e+02 3.100000000000000000e+01 0.000000000000000000e+00 1.531000000000000000e+03 2.140000000000000000e+02
1.620000000000000000e+02 2.500000000000000000e+01 3.000000000000000000e+00 1.527000000000000000e+03 1.900000000000000000e+02
1.370000000000000000e+02 2.100000000000000000e+01 2.000000000000000000e+00 1.491000000000000000e+03 1.590000000000000000e+02
1.530000000000000000e+02 2.100000000000000000e+01 1.000000000000000000e+00 1.523000000000000000e+03 1.720000000000000000e+02
1.640000000000000000e+02 2.600000000000000000e+01 2.000000000000000000e+00 1.409000000000000000e+03 1.900000000000000000e+02
1.750000000000000000e+02 2.600000000000000000e+01 0.000000000000000000e+00 1.501000000000000000e+03 1.990000000000000000e+02
1.540000000000000000e+02 2.000000000000000000e+01 1.000000000000000000e+00 1.310000000000000000e+03 1.730000000000000000e+02
1.510000000000000000e+02 2.100000000000000000e+01 0.000000000000000000e+00 1.489000000000000000e+03 1.700000000000000000e+02
1.580000000000000000e+02 1.900000000000000000e+01 2.000000000000000000e+00 1.448000000000000000e+03 1.780000000000000000e+02
1.470000000000000000e+02 2.100000000000000000e+01 0.000000000000000000e+00 1.437000000000000000e+03 1.680000000000000000e+02
1.750000000000000000e+02 3.200000000000000000e+01 2.000000000000000000e+00 1.461000000000000000e+03 2.040000000000000000e+02
1.630000000000000000e+02 2.200000000000000000e+01 1.000000000000000000e+00 1.436000000000000000e+03 1.840000000000000000e+02
1.410000000000000000e+02 2.700000000000000000e+01 1.000000000000000000e+00 1.553000000000000000e+03 1.680000000000000000e+02
1.810000000000000000e+02 3.200000000000000000e+01 0.000000000000000000e+00 1.609000000000000000e+03 2.120000000000000000e+02
1.520000000000000000e+02 2.400000000000000000e+01 1.000000000000000000e+00 1.166000000000000000e+03 1.770000000000000000e+02
1.370000000000000000e+02 2.000000000000000000e+01 0.000000000000000000e+00 1.544000000000000000e+03 1.570000000000000000e+02
1.730000000000000000e+02 3.000000000000000000e+01 4.000000000000000000e+00 1.463000000000000000e+03 2.060000000000000000e+02
1.300000000000000000e+02 3.600000000000000000e+01 0.000000000000000000e+00 1.582000000000000000e+03 1.650000000000000000e+02
1.710000000000000000e+02 2.500000000000000000e+01 1.000000000000000000e+00 1.601000000000000000e+03 1.960000000000000000e+02
1.510000000000000000e+02 2.800000000000000000e+01 1.000000000000000000e+00 1.436000000000000000e+03 1.760000000000000000e+02
1.810000000000000000e+02 2.400000000000000000e+01 1.000000000000000000e+00 1.452000000000000000e+03 2.050000000000000000e+02
1.750000000000000000e+02 2.900000000000000000e+01 1.000000000000000000e+00 1.619000000000000000e+03 2.030000000000000000e+02
1.530000000000000000e+02 2.100000000000000000e+01 2.000000000000000000e+00 1.299000000000000000e+03 1.740000000000000000e+02
1.310000000000000000e+02 2.400000000000000000e+01 3.000000000000000000e+00 1.344000000000000000e+03 1.570000000000000000e+02
1.630000000000000000e+02 3.600000000000000000e+01 0.000000000000000000e+00 1.449000000000000000e+03 1.980000000000000000e+02
1.750000000000000000e+02 2.300000000000000000e+01 2.000000000000000000e+00 1.528000000000000000e+03 1.940000000000000000e+02
1.690000000000000000e+02 2.800000000000000000e+01 3.000000000000000000e+00 1.631000000000000000e+03 1.970000000000000000e+02
1.660000000000000000e+02 1.700000000000000000e+01 0.000000000000000000e+00 1.346000000000000000e+03 1.810000000000000000e+02
1.710000000000000000e+02 3.500000000000000000e+01 1.000000000000000000e+00 1.420000000000000000e+03 2.070000000000000000e+02
1.330000000000000000e+02 2.000000000000000000e+01 0.000000000000000000e+00 1.387000000000000000e+03 1.520000000000000000e+02
1.730000000000000000e+02 2.900000000000000000e+01 2.000000000000000000e+00 1.508000000000000000e+03 2.020000000000000000e+02
1.600000000000000000e+02 2.100000000000000000e+01 0.000000000000000000e+00 1.278000000000000000e+03 1.800000000000000000e+02
1.630000000000000000e+02 2.100000000000000000e+01 4.000000000000000000e+00 1.467000000000000000e+03 1.830000000000000000e+02
1.500000000000000000e+02 2.600000000000000000e+01 0.000000000000000000e+00 1.640000000000000000e+03 1.750000000000000000e+02
1.830000000000000000e+02 1.500000000000000000e+01 0.000000000000000000e+00 1.420000000000000000e+03 1.970000000000000000e+02
1.600000000000000000e+02 2.600000000000000000e+01 4.000000000000000000e+00 1.501000000000000000e+03 1.870000000000000000e+02
1.670000000000000000e+02 2.900000000000000000e+01 0.000000000000000000e+00 1.462000000000000000e+03 1.960000000000000000e+02
1.580000000000000000e+02 2.800000000000000000e+01 0.000000000000000000e+00 1.368000000000000000e+03 1.850000000000000000e+02
1.670000000000000000e+02 2.300000000000000000e+01 1.000000000000000000e+00 1.316000000000000000e+03 1.910000000000000000e+02
1.600000000000000000e+02 2.400000000000000000e+01 1.000000000000000000e+00 1.585000000000000000e+03 1.840000000000000000e+02
1.370000000000000000e+02 3.200000000000000000e+01 2.000000000000000000e+00 1.336000000000000000e+03 1.700000000000000000e+02
1.380000000000000000e+02 2.500000000000000000e+01 0.000000000000000000e+00 1.322000000000000000e+03 1.610000000000000000e+02
1.720000000000000000e+02 2.400000000000000000e+01 0.000000000000000000e+00 1.458000000000000000e+03 1.960000000000000000e+02
1.650000000000000000e+02 2.800000000000000000e+01 0.000000000000000000e+00 1.573000000000000000e+03 1.910000000000000000e+02
1.500000000000000000e+02 2.900000000000000000e+01 0.000000000000000000e+00 1.465000000000000000e+03 1.770000000000000000e+02
1.970000000000000000e+02 2.300000000000000000e+01 1.000000000000000000e+00 1.521000000000000000e+03 2.200000000000000000e+02
1.860000000000000000e+02 2.000000000000000000e+01 1.000000000000000000e+00 1.528000000000000000e+03 2.060000000000000000e+02
1.260000000000000000e+02 1.900000000000000000e+01 1.000000000000000000e+00 1.529000000000000000e+03 1.450000000000000000e+02
1.780000000000000000e+02 3.100000000000000000e+01 0.000000000000000000e+00 1.639000000000000000e+03 2.070000000000000000e+02
1.710000000000000000e+02 3.800000000000000000e+01 1.000000000000000000e+00 1.328000000000000000e+03 2.090000000000000000e+02
1.730000000000000000e+02 2.700000000000000000e+01 1.000000000000000000e+00 1.714000000000000000e+03 2.010000000000000000e+02
1.380000000000000000e+02 1.600000000000000000e+01 1.000000000000000000e+00 1.392000000000000000e+03 1.550000000000000000e+02
1.840000000000000000e+02 2.700000000000000000e+01 1.000000000000000000e+00 1.518000000000000000e+03 2.110000000000000000e+02
1.460000000000000000e+02 3.500000000000000000e+01 0.000000000000000000e+00 1.548000000000000000e+03 1.790000000000000000e+02
1.430000000000000000e+02 2.700000000000000000e+01 2.000000000000000000e+00 1.399000000000000000e+03 1.690000000000000000e+02
1.830000000000000000e+02 2.800000000000000000e+01 1.000000000000000000e+00 1.506000000000000000e+03 2.110000000000000000e+02
1.380000000000000000e+02 2.400000000000000000e+01 1.000000000000000000e+00 1.197000000000000000e+03 1.620000000000000000e+02
1.840000000000000000e+02 2.600000000000000000e+01 1.000000000000000000e+00 1.632000000000000000e+03 2.070000000000000000e+02
1.660000000000000000e+02 3.100000000000000000e+01 0.000000000000000000e+00 1.595000000000000000e+03 1.960000000000000000e+02
1.940000000000000000e+02 2.200000000000000000e+01 2.000000000000000000e+00 1.563000000000000000e+03 2.180000000000000000e+02
1.490000000000000000e+02 2.900000000000000000e+01 3.000000000000000000e+00 1.402000000000000000e+03 1.810000000000000000e+02
1.640000000000000000e+02 2.700000000000000000e+01 0.000000000000000000e+00 1.591000000000000000e+03 1.890000000000000000e+02
1.850000000000000000e+02 2.700000000000000000e+01 1.000000000000000000e+00 1.585000000000000000e+03 2.100000000000000000e+02
1.760000000000000000e+02 3.100000000000000000e+01 1.000000000000000000e+00 1.573000000000000000e+03 2.070000000000000000e+02
1.560000000000000000e+02 2.100000000000000000e+01 1.000000000000000000e+00 1.705000000000000000e+03 1.780000000000000000e+02
1.440000000000000000e+02 2.600000000000000000e+01 0.000000000000000000e+00 1.480000000000000000e+03 1.690000000000000000e+02
1.520000000000000000e+02 1.800000000000000000e+01 0.000000000000000000e+00 1.365000000000000000e+03 1.690000000000000000e+02
1.600000000000000000e+02 1.800000000000000000e+01 0.000000000000000000e+00 1.165000000000000000e+03 1.770000000000000000e+02
1.460000000000000000e+02 2.800000000000000000e+01 2.000000000000000000e+00 1.573000000000000000e+03 1.760000000000000000e+02
1.900000000000000000e+02 2.700000000000000000e+01 2.000000000000000000e+00 1.483000000000000000e+03 2.180000000000000000e+02
1.460000000000000000e+02 1.800000000000000000e+01 0.000000000000000000e+00 1.439000000000000000e+03 1.630000000000000000e+02
1.840000000000000000e+02 2.100000000000000000e+01 1.000000000000000000e+00 1.450000000000000000e+03 2.050000000000000000e+02
1.660000000000000000e+02 2.400000000000000000e+01 3.000000000000000000e+00 1.642000000000000000e+03 1.920000000000000000e+02
1.820000000000000000e+02 3.600000000000000000e+01 5.000000000000000000e+00 1.568000000000000000e+03 2.220000000000000000e+02
1.860000000000000000e+02 2.300000000000000000e+01 0.000000000000000000e+00 1.549000000000000000e+03 2.080000000000000000e+02
1.830000000000000000e+02 3.300000000000000000e+01 2.000000000000000000e+00 1.565000000000000000e+03 2.180000000000000000e+02
1.590000000000000000e+02 3.300000000000000000e+01 1.000000000000000000e+00 1.588000000000000000e+03 1.930000000000000000e+02
1.630000000000000000e+02 2.800000000000000000e+01 2.000000000000000000e+00 1.506000000000000000e+03 1.910000000000000000e+02
1.830000000000000000e+02 4.000000000000000000e+01 4.000000000000000000e+00 1.554000000000000000e+03 2.260000000000000000e+02
1.520000000000000000e+02 3.200000000000000000e+01 0.000000000000000000e+00 1.510000000000000000e+03 1.830000000000000000e+02
1.610000000000000000e+02 2.500000000000000000e+01 1.000000000000000000e+00 1.442000000000000000e+03 1.860000000000000000e+02
1.860000000000000000e+02 3.000000000000000000e+01 5.000000000000000000e+00 1.678000000000000000e+03 2.200000000000000000e+02
1.990000000000000000e+02 3.400000000000000000e+01 2.000000000000000000e+00 1.686000000000000000e+03 2.340000000000000000e+02
1.510000000000000000e+02 2.600000000000000000e+01 2.000000000000000000e+00 1.521000000000000000e+03 1.790000000000000000e+02
1.500000000000000000e+02 2.600000000000000000e+01 2.000000000000000000e+00 1.369000000000000000e+03 1.760000000000000000e+02
1.480000000000000000e+02 3.200000000000000000e+01 2.000000000000000000e+00 1.375000000000000000e+03 1.780000000000000000e+02
1.680000000000000000e+02 2.600000000000000000e+01 4.000000000000000000e+00 1.428000000000000000e+03 1.980000000000000000e+02
1.580000000000000000e+02 2.400000000000000000e+01 0.000000000000000000e+00 1.378000000000000000e+03 1.790000000000000000e+02
1.600000000000000000e+02 2.800000000000000000e+01 1.000000000000000000e+00 1.436000000000000000e+03 1.890000000000000000e+02
1.540000000000000000e+02 2.400000000000000000e+01 1.000000000000000000e+00 1.423000000000000000e+03 1.790000000000000000e+02
1.810000000000000000e+02 2.700000000000000000e+01 0.000000000000000000e+00 1.654000000000000000e+03 2.080000000000000000e+02
1.870000000000000000e+02 3.000000000000000000e+01 0.000000000000000000e+00 1.523000000000000000e+03 2.160000000000000000e+02
1.520000000000000000e+02 2.700000000000000000e+01 2.000000000000000000e+00 1.272000000000000000e+03 1.790000000000000000e+02
1.450000000000000000e+02 2.900000000000000000e+01 0.000000000000000000e+00 1.687000000000000000e+03 1.720000000000000000e+02
1.420000000000000000e+02 2.300000000000000000e+01 0.000000000000000000e+00 1.278000000000000000e+03 1.620000000000000000e+02
1.590000000000000000e+02 2.400000000000000000e+01 0.000000000000000000e+00 1.430000000000000000e+03 1.800000000000000000e+02
1.410000000000000000e+02 3.100000000000000000e+01 1.000000000000000000e+00 1.505000000000000000e+03 1.730000000000000000e+02
1.370000000000000000e+02 2.500000000000000000e+01 1.000000000000000000e+00 1.149000000000000000e+03 1.620000000000000000e+02
1.920000000000000000e+02 3.100000000000000000e+01 0.000000000000000000e+00 1.664000000000000000e+03 2.230000000000000000e+02
1.540000000000000000e+02 2.300000000000000000e+01 0.000000000000000000e+00 1.419000000000000000e+03 1.730000000000000000e+02
1.410000000000000000e+02 2.000000000000000000e+01 2.000000000000000000e+00 1.228000000000000000e+03 1.610000000000000000e+02
1.540000000000000000e+02 2.200000000000000000e+01 1.000000000000000000e+00 1.199000000000000000e+03 1.750000000000000000e+02
1.850000000000000000e+02 1.300000000000000000e+01 1.000000000000000000e+00 1.598000000000000000e+03 1.980000000000000000e+02
1.680000000000000000e+02 2.600000000000000000e+01 1.000000000000000000e+00 1.777000000000000000e+03 1.940000000000000000e+02
1.570000000000000000e+02 2.200000000000000000e+01 6.000000000000000000e+00 1.467000000000000000e+03 1.830000000000000000e+02
1.780000000000000000e+02 2.700000000000000000e+01 0.000000000000000000e+00 1.478000000000000000e+03 2.050000000000000000e+02
1.570000000000000000e+02 2.800000000000000000e+01 1.000000000000000000e+00 1.712000000000000000e+03 1.860000000000000000e+02
1.870000000000000000e+02 2.400000000000000000e+01 1.000000000000000000e+00 1.598000000000000000e+03 2.110000000000000000e+02
1.760000000000000000e+02 3.900000000000000000e+01 2.000000000000000000e+00 1.454000000000000000e+03 2.140000000000000000e+02
1.510000000000000000e+02 2.100000000000000000e+01 0.000000000000000000e+00 1.611000000000000000e+03 1.710000000000000000e+02
1.480000000000000000e+02 3.100000000000000000e+01 2.000000000000000000e+00 1.331000000000000000e+03 1.750000000000000000e+02
1.630000000000000000e+02 2.700000000000000000e+01 1.000000000000000000e+00 1.398000000000000000e+03 1.910000000000000000e+02
1.430000000000000000e+02 1.800000000000000000e+01 0.000000000000000000e+00 1.511000000000000000e+03 1.590000000000000000e+02
1.410000000000000000e+02 1.800000000000000000e+01 0.000000000000000000e+00 1.344000000000000000e+03 1.590000000000000000e+02
1.640000000000000000e+02 2.500000000000000000e+01 1.000000000000000000e+00 1.478000000000000000e+03 1.890000000000000000e+02
1.690000000000000000e+02 2.700000000000000000e+01 2.000000000000000000e+00 1.721000000000000000e+03 1.980000000000000000e+02
1.590000000000000000e+02 2.500000000000000000e+01 0.000000000000000000e+00 1.464000000000000000e+03 1.800000000000000000e+02
1.670000000000000000e+02 1.700000000000000000e+01 1.000000000000000000e+00 1.503000000000000000e+03 1.810000000000000000e+02
1.790000000000000000e+02 2.800000000000000000e+01 5.000000000000000000e+00 1.480000000000000000e+03 2.110000000000000000e+02
1.370000000000000000e+02 2.500000000000000000e+01 1.000000000000000000e+00 1.118000000000000000e+03 1.610000000000000000e+02
1.810000000000000000e+02 1.800000000000000000e+01 0.000000000000000000e+00 1.620000000000000000e+03 1.970000000000000000e+02
1.680000000000000000e+02 3.000000000000000000e+01 1.000000000000000000e+00 1.614000000000000000e+03 1.990000000000000000e+02
1.480000000000000000e+02 3.100000000000000000e+01 1.000000000000000000e+00 1.515000000000000000e+03 1.790000000000000000e+02
1.600000000000000000e+02 3.000000000000000000e+01 1.000000000000000000e+00 1.567000000000000000e+03 1.900000000000000000e+02
1.920000000000000000e+02 2.900000000000000000e+01 0.000000000000000000e+00 1.479000000000000000e+03 2.200000000000000000e+02
1.310000000000000000e+02 2.100000000000000000e+01 1.000000000000000000e+00 1.084000000000000000e+03 1.530000000000000000e+02
1.840000000000000000e+02 2.100000000000000000e+01 2.000000000000000000e+00 1.576000000000000000e+03 2.060000000000000000e+02
1.600000000000000000e+02 2.400000000000000000e+01 2.000000000000000000e+00 1.536000000000000000e+03 1.860000000000000000e+02
1.710000000000000000e+02 3.400000000000000000e+01 1.000000000000000000e+00 1.671000000000000000e+03 2.030000000000000000e+02
1.420000000000000000e+02 3.900000000000000000e+01 0.000000000000000000e+00 1.576000000000000000e+03 1.790000000000000000e+02
1.720000000000000000e+02 2.100000000000000000e+01 1.000000000000000000e+00 1.544000000000000000e+03 1.930000000000000000e+02
1.530000000000000000e+02 3.800000000000000000e+01 2.000000000000000000e+00 1.559000000000000000e+03 1.920000000000000000e+02
2.100000000000000000e+02 2.500000000000000000e+01 3.000000000000000000e+00 1.606000000000000000e+03 2.330000000000000000e+02
1.890000000000000000e+02 2.700000000000000000e+01 1.000000000000000000e+00 1.574000000000000000e+03 2.160000000000000000e+02
1.710000000000000000e+02 1.800000000000000000e+01 0.000000000000000000e+00 1.502000000000000000e+03 1.870000000000000000e+02
1.800000000000000000e+02 2.200000000000000000e+01 0.000000000000000000e+00 1.651000000000000000e+03 2.000000000000000000e+02
1.530000000000000000e+02 1.900000000000000000e+01 0.000000000000000000e+00 1.382000000000000000e+03 1.710000000000000000e+02
1.500000000000000000e+02 3.400000000000000000e+01 2.000000000000000000e+00 1.219000000000000000e+03 1.850000000000000000e+02
1.280000000000000000e+02 2.000000000000000000e+01 1.000000000000000000e+00 1.408000000000000000e+03 1.480000000000000000e+02
1.560000000000000000e+02 3.100000000000000000e+01 1.000000000000000000e+00 1.375000000000000000e+03 1.880000000000000000e+02
1.770000000000000000e+02 2.700000000000000000e+01 1.000000000000000000e+00 1.524000000000000000e+03 2.040000000000000000e+02
1.300000000000000000e+02 2.800000000000000000e+01 0.000000000000000000e+00 1.291000000000000000e+03 1.570000000000000000e+02
1.650000000000000000e+02 1.800000000000000000e+01 2.000000000000000000e+00 1.542000000000000000e+03 1.850000000000000000e+02
1.890000000000000000e+02 2.900000000000000000e+01 1.000000000000000000e+00 1.522000000000000000e+03 2.170000000000000000e+02
1.400000000000000000e+02 1.500000000000000000e+01 0.000000000000000000e+00 1.246000000000000000e+03 1.540000000000000000e+02
1.570000000000000000e+02 2.500000000000000000e+01 2.000000000000000000e+00 1.407000000000000000e+03 1.820000000000000000e+02
1.360000000000000000e+02 2.500000000000000000e+01 1.000000000000000000e+00 1.148000000000000000e+03 1.620000000000000000e+02
1.730000000000000000e+02 2.100000000000000000e+01 2.000000000000000000e+00 1.463000000000000000e+03 1.940000000000000000e+02
1.650000000000000000e+02 3.500000000000000000e+01 1.000000000000000000e+00 1.379000000000000000e+03 1.980000000000000000e+02
1.550000000000000000e+02 2.100000000000000000e+01 3.000000000000000000e+00 1.346000000000000000e+03 1.780000000000000000e+02
1.520000000000000000e+02 2.300000000000000000e+01 1.000000000000000000e+00 1.351000000000000000e+03 1.760000000000000000e+02
1.610000000000000000e+02 2.900000000000000000e+01 2.000000000000000000e+00 1.281000000000000000e+03 1.920000000000000000e+02
1.330000000000000000e+02 2.500000000000000000e+01 1.000000000000000000e+00 1.188000000000000000e+03 1.590000000000000000e+02
1.660000000000000000e+02 2.500000000000000000e+01 1.000000000000000000e+00 1.615000000000000000e+03 1.880000000000000000e+02
1.860000000000000000e+02 3.000000000000000000e+01 2.000000000000000000e+00 1.547000000000000000e+03 2.170000000000000000e+02
1.740000000000000000e+02 2.000000000000000000e+01 2.000000000000000000e+00 1.545000000000000000e+03 1.950000000000000000e+02
1.760000000000000000e+02 2.700000000000000000e+01 1.000000000000000000e+00 1.658000000000000000e+03 2.020000000000000000e+02
1.650000000000000000e+02 2.200000000000000000e+01 1.000000000000000000e+00 1.404000000000000000e+03 1.860000000000000000e+02
1.510000000000000000e+02 2.800000000000000000e+01 3.000000000000000000e+00 1.503000000000000000e+03 1.820000000000000000e+02
1.320000000000000000e+02 2.400000000000000000e+01 2.000000000000000000e+00 1.157000000000000000e+03 1.570000000000000000e+02
1.640000000000000000e+02 2.500000000000000000e+01 2.000000000000000000e+00 1.501000000000000000e+03 1.900000000000000000e+02
2.000000000000000000e+02 3.400000000000000000e+01 0.000000000000000000e+00 1.671000000000000000e+03 2.340000000000000000e+02
1.680000000000000000e+02 2.000000000000000000e+01 2.000000000000000000e+00 1.295000000000000000e+03 1.880000000000000000e+02
1.770000000000000000e+02 2.600000000000000000e+01 1.000000000000000000e+00 1.626000000000000000e+03 2.040000000000000000e+02
1.710000000000000000e+02 2.100000000000000000e+01 3.000000000000000000e+00 1.563000000000000000e+03 1.920000000000000000e+02
1.700000000000000000e+02 2.600000000000000000e+01 1.000000000000000000e+00 1.570000000000000000e+03 1.950000000000000000e+02
1.870000000000000000e+02 3.000000000000000000e+01 3.000000000000000000e+00 1.734000000000000000e+03 2.190000000000000000e+02
1.490000000000000000e+02 2.700000000000000000e+01 1.000000000000000000e+00 1.595000000000000000e+03 1.760000000000000000e+02
1.850000000000000000e+02 3.100000000000000000e+01 0.000000000000000000e+00 1.593000000000000000e+03 2.160000000000000000e+02
1.310000000000000000e+02 3.000000000000000000e+01 3.000000000000000000e+00 1.186000000000000000e+03 1.630000000000000000e+02
1.750000000000000000e+02 2.100000000000000000e+01 4.000000000000000000e+00 1.414000000000000000e+03 2.000000000000000000e+02
1.730000000000000000e+02 2.600000000000000000e+01 1.000000000000000000e+00 1.629000000000000000e+03 1.950000000000000000e+02
1.460000000000000000e+02 2.600000000000000000e+01 2.000000000000000000e+00 1.644000000000000000e+03 1.740000000000000000e+02
1.680000000000000000e+02 2.100000000000000000e+01 1.000000000000000000e+00 1.337000000000000000e+03 1.870000000000000000e+02
1.760000000000000000e+02 2.600000000000000000e+01 1.000000000000000000e+00 1.670000000000000000e+03 2.000000000000000000e+02
1.890000000000000000e+02 3.500000000000000000e+01 0.000000000000000000e+00 1.502000000000000000e+03 2.230000000000000000e+02
1.960000000000000000e+02 1.900000000000000000e+01 0.000000000000000000e+00 1.574000000000000000e+03 2.140000000000000000e+02
1.590000000000000000e+02 3.600000000000000000e+01 2.000000000000000000e+00 1.590000000000000000e+03 1.950000000000000000e+02
1.460000000000000000e+02 1.800000000000000000e+01 2.000000000000000000e+00 1.360000000000000000e+03 1.630000000000000000e+02
1.460000000000000000e+02 1.800000000000000000e+01 0.000000000000000000e+00 1.245000000000000000e+03 1.630000000000000000e+02
1.550000000000000000e+02 3.100000000000000000e+01 1.000000000000000000e+00 1.544000000000000000e+03 1.870000000000000000e+02
1.300000000000000000e+02 2.000000000000000000e+01 1.000000000000000000e+00 1.174000000000000000e+03 1.500000000000000000e+02
1.860000000000000000e+02 2.700000000000000000e+01 1.000000000000000000e+00 1.462000000000000000e+03 2.100000000000000000e+02
1.650000000000000000e+02 2.300000000000000000e+01 1.000000000000000000e+00 1.467000000000000000e+03 1.880000000000000000e+02
1.820000000000000000e+02 2.500000000000000000e+01 0.000000000000000000e+00 1.433000000000000000e+03 2.060000000000000000e+02
1.690000000000000000e+02 2.800000000000000000e+01 0.000000000000000000e+00 1.515000000000000000e+03 1.950000000000000000e+02
1.490000000000000000e+02 2.100000000000000000e+01 2.000000000000000000e+00 1.231000000000000000e+03 1.710000000000000000e+02
1.550000000000000000e+02 3.500000000000000000e+01 0.000000000000000000e+00 1.279000000000000000e+03 1.900000000000000000e+02
1.630000000000000000e+02 1.800000000000000000e+01 0.000000000000000000e+00 1.038000000000000000e+03 1.790000000000000000e+02
