1.190000000000000000e+02 2.600000000000000000e+01 2.000000000000000000e+00 1.430000000000000000e+03 1.450000000000000000e+02
1.260000000000000000e+02 2.200000000000000000e+01 0.000000000000000000e+00 1.461000000000000000e+03 1.460000000000000000e+02
1.270000000000000000e+02 3.400000000000000000e+01 1.000000000000000000e+00 1.437000000000000000e+03 1.610000000000000000e+02
1.530000000000000000e+02 2.700000000000000000e+01 1.000000000000000000e+00 1.408000000000000000e+03 1.790000000000000000e+02
1.750000000000000000e+02 3.500000000000000000e+01 2.000000000000000000e+00 1.651000000000000000e+03 2.120000000000000000e+02
1.460000000000000000e+02 2.900000000000000000e+01 1.000000000000000000e+00 1.625000000000000000e+03 1.730000000000000000e+02
1.550000000000000000e+02 3.800000000000000000e+01 7.000000000000000000e+00 1.499000000000000000e+03 1.980000000000000000e+02
1.760000000000000000e+02 3.500000000000000000e+01 1.000000000000000000e+00 1.589000000000000000e+03 2.090000000000000000e+02
1.580000000000000000e+02 2.300000000000000000e+01 1.000000000000000000e+00 1.515000000000000000e+03 1.790000000000000000e+02
1.520000000000000000e+02 3.000000000000000000e+01 3.000000000000000000e+00 1.616000000000000000e+03 1.820000000000000000e+02
1.570000000000000000e+02 3.400000000000000000e+01 0.000000000000000000e+00 1.649000000000000000e+03 1.890000000000000000e+02
1.540000000000000000e+02 2.600000000000000000e+01 1.000000000000000000e+00 1.472000000000000000e+03 1.790000000000000000e+02
1.560000000000000000e+02 3.100000000000000000e+01 2.000000000000000000e+00 1.621000000000000000e+03 1.890000000000000000e+02
1.700000000000000000e+02 3.800000000000000000e+01 2.000000000000000000e+00 1.804000000000000000e+03 2.060000000000000000e+02
1.290000000000000000e+02 3.100000000000000000e+01 3.000000000000000000e+00 1.403000000000000000e+03 1.630000000000000000e+02
1.500000000000000000e+02 3.900000000000000000e+01 1.000000000000000000e+00 1.720000000000000000e+03 1.880000000000000000e+02
1.670000000000000000e+02 3.200000000000000000e+01 1.000000000000000000e+00 1.674000000000000000e+03 1.980000000000000000e+02
1.500000000000000000e+02 3.400000000000000000e+01 1.000000000000000000e+00 1.702000000000000000e+03 1.850000000000000000e+02
2.080000000000000000e+02 3.700000000000000000e+01 1.000000000000000000e+00 1.644000000000000000e+03 2.460000000000000000e+02
1.460000000000000000e+02 2.600000000000000000e+01 2.000000000000000000e+00 1.679000000000000000e+03 1.710000000000000000e+02
1.850000000000000000e+02 2.900000000000000000e+01 1.000000000000000000e+00 1.708000000000000000e+03 2.130000000000000000e+02
1.400000000000000000e+02 2.400000000000000000e+01 0.000000000000000000e+00 1.551000000000000000e+03 1.640000000000000000e+02
1.660000000000000000e+02 2.600000000000000000e+01 1.000000000000000000e+00 1.842000000000000000e+03 1.890000000000000000e+02
1.360000000000000000e+02 2.400000000000000000e+01 1.000000000000000000e+00 1.536000000000000000e+03 1.590000000000000000e+02
1.450000000000000000e+02 2.000000000000000000e+01 1.000000000000000000e+00 1.407000000000000000e+03 1.650000000000000000e+02
1.950000000000000000e+02 3.600000000000000000e+01 2.000000000000000000e+00 1.596000000000000000e+03 2.320000000000000000e+02
1.500000000000000000e+02 2.900000000000000000e+01 0.000000000000000000e+00 1.571000000000000000e+03 1.770000000000000000e+02
1.420000000000000000e+02 2.400000000000000000e+01 0.000000000000000000e+00 1.516000000000000000e+03 1.660000000000000000e+02
1.290000000000000000e+02 2.500000000000000000e+01 2.000000000000000000e+00 1.529000000000000000e+03 1.540000000000000000e+02
1.720000000000000000e+02 3.500000000000000000e+01 2.000000000000000000e+00 1.575000000000000000e+03 2.070000000000000000e+02
1.200000000000000000e+02 2.900000000000000000e+01 3.000000000000000000e+00 1.318000000000000000e+03 1.500000000000000000e+02
1.600000000000000000e+02 3.500000000000000000e+01 1.000000000000000000e+00 1.496000000000000000e+03 1.950000000000000000e+02
1.430000000000000000e+02 3.300000000000000000e+01 2.000000000000000000e+00 1.504000000000000000e+03 1.770000000000000000e+02
1.720000000000000000e+02 2.900000000000000000e+01 2.000000000000000000e+00 1.703000000000000000e+03 2.020000000000000000e+02
1.850000000000000000e+02 3.100000000000000000e+01 1.000000000000000000e+00 1.684000000000000000e+03 2.160000000000000000e+02
1.560000000000000000e+02 2.600000000000000000e+01 1.000000000000000000e+00 1.420000000000000000e+03 1.800000000000000000e+02
1.600000000000000000e+02 3.600000000000000000e+01 0.000000000000000000e+00 1.524000000000000000e+03 1.950000000000000000e+02
1.590000000000000000e+02 2.700000000000000000e+01 3.000000000000000000e+00 1.660000000000000000e+03 1.850000000000000000e+02
1.610000000000000000e+02 3.200000000000000000e+01 2.000000000000000000e+00 1.569000000000000000e+03 1.930000000000000000e+02
1.610000000000000000e+02 3.600000000000000000e+01 1.000000000000000000e+00 1.706000000000000000e+03 1.970000000000000000e+02
1.770000000000000000e+02 2.400000000000000000e+01 1.000000000000000000e+00 1.767000000000000000e+03 1.980000000000000000e+02
1.320000000000000000e+02 3.500000000000000000e+01 1.000000000000000000e+00 1.612000000000000000e+03 1.680000000000000000e+02
1.220000000000000000e+02 3.200000000000000000e+01 0.000000000000000000e+00 1.479000000000000000e+03 1.520000000000000000e+02
1.660000000000000000e+02 2.700000000000000000e+01 1.000000000000000000e+00 1.667000000000000000e+03 1.930000000000000000e+02
1.410000000000000000e+02 2.300000000000000000e+01 1.000000000000000000e+00 1.581000000000000000e+03 1.650000000000000000e+02
1.860000000000000000e+02 4.100000000000000000e+01 3.000000000000000000e+00 1.728000000000000000e+03 2.270000000000000000e+02
1.730000000000000000e+02 3.500000000000000000e+01 2.000000000000000000e+00 1.663000000000000000e+03 2.100000000000000000e+02
1.470000000000000000e+02 2.700000000000000000e+01 2.000000000000000000e+00 1.532000000000000000e+03 1.750000000000000000e+02
1.520000000000000000e+02 3.800000000000000000e+01 1.000000000000000000e+00 1.710000000000000000e+03 1.900000000000000000e+02
2.010000000000000000e+02 3.500000000000000000e+01 1.000000000000000000e+00 1.749000000000000000e+03 2.350000000000000000e+02
1.670000000000000000e+02 4.100000000000000000e+01 0.000000000000000000e+00 1.556000000000000000e+03 2.070000000000000000e+02
1.140000000000000000e+02 2.800000000000000000e+01 3.000000000000000000e+00 1.537000000000000000e+03 1.430000000000000000e+02
1.580000000000000000e+02 2.200000000000000000e+01 1.000000000000000000e+00 1.480000000000000000e+03 1.780000000000000000e+02
1.780000000000000000e+02 3.300000000000000000e+01 2.000000000000000000e+00 1.740000000000000000e+03 2.120000000000000000e+02
9.500000000000000000e+01 2.900000000000000000e+01 1.000000000000000000e+00 1.218000000000000000e+03 1.240000000000000000e+02
1.460000000000000000e+02 4.000000000000000000e+01 1.000000000000000000e+00 1.690000000000000000e+03 1.830000000000000000e+02
1.540000000000000000e+02 3.100000000000000000e+01 1.000000000000000000e+00 1.558000000000000000e+03 1.860000000000000000e+02
1.670000000000000000e+02 4.000000000000000000e+01 4.000000000000000000e+00 1.703000000000000000e+03 2.090000000000000000e+02
1.160000000000000000e+02 2.500000000000000000e+01 3.000000000000000000e+00 1.308000000000000000e+03 1.440000000000000000e+02
1.340000000000000000e+02 4.100000000000000000e+01 2.000000000000000000e+00 1.529000000000000000e+03 1.760000000000000000e+02
1.640000000000000000e+02 3.700000000000000000e+01 2.000000000000000000e+00 1.645000000000000000e+03 2.030000000000000000e+02
1.850000000000000000e+02 3.300000000000000000e+01 1.000000000000000000e+00 1.665000000000000000e+03 2.190000000000000000e+02
1.520000000000000000e+02 2.900000000000000000e+01 4.000000000000000000e+00 1.502000000000000000e+03 1.820000000000000000e+02
2.060000000000000000e+02 4.300000000000000000e+01 2.000000000000000000e+00 1.792000000000000000e+03 2.500000000000000000e+02
1.740000000000000000e+02 3.100000000000000000e+01 1.000000000000000000e+00 1.718000000000000000e+03 2.040000000000000000e+02
1.910000000000000000e+02 3.400000000000000000e+01 0.000000000000000000e+00 1.805000000000000000e+03 2.240000000000000000e+02
1.450000000000000000e+02 2.800000000000000000e+01 0.000000000000000000e+00 1.305000000000000000e+03 1.720000000000000000e+02
1.080000000000000000e+02 2.600000000000000000e+01 1.000000000000000000e+00 1.615000000000000000e+03 1.340000000000000000e+02
1.880000000000000000e+02 3.100000000000000000e+01 3.000000000000000000e+00 1.833000000000000000e+03 2.220000000000000000e+02
1.650000000000000000e+02 3.600000000000000000e+01 2.000000000000000000e+00 1.710000000000000000e+03 2.010000000000000000e+02
1.640000000000000000e+02 3.300000000000000000e+01 2.000000000000000000e+00 1.675000000000000000e+03 1.940000000000000000e+02
1.650000000000000000e+02 3.100000000000000000e+01 3.000000000000000000e+00 1.508000000000000000e+03 1.940000000000000000e+02
1.480000000000000000e+02 2.700000000000000000e+01 2.000000000000000000e+00 1.717000000000000000e+03 1.770000000000000000e+02
1.310000000000000000e+02 3.000000000000000000e+01 3.000000000000000000e+00 1.400000000000000000e+03 1.630000000000000000e+02
1.640000000000000000e+02 2.600000000000000000e+01 1.000000000000000000e+00 1.792000000000000000e+03 1.910000000000000000e+02
1.560000000000000000e+02 2.800000000000000000e+01 0.000000000000000000e+00 1.533000000000000000e+03 1.840000000000000000e+02
1.770000000000000000e+02 2.900000000000000000e+01 2.000000000000000000e+00 1.548000000000000000e+03 2.050000000000000000e+02
1.320000000000000000e+02 3.600000000000000000e+01 0.000000000000000000e+00 1.425000000000000000e+03 1.670000000000000000e+02
1.950000000000000000e+02 3.900000000000000000e+01 4.000000000000000000e+00 1.797000000000000000e+03 2.360000000000000000e+02
1.710000000000000000e+02 3.600000000000000000e+01 2.000000000000000000e+00 1.702000000000000000e+03 2.070000000000000000e+02
1.320000000000000000e+02 3.200000000000000000e+01 3.000000000000000000e+00 1.623000000000000000e+03 1.650000000000000000e+02
1.980000000000000000e+02 3.100000000000000000e+01 3.000000000000000000e+00 1.634000000000000000e+03 2.310000000000000000e+02
1.740000000000000000e+02 4.100000000000000000e+01 0.000000000000000000e+00 1.577000000000000000e+03 2.130000000000000000e+02
1.890000000000000000e+02 3.900000000000000000e+01 2.000000000000000000e+00 1.597000000000000000e+03 2.260000000000000000e+02
1.790000000000000000e+02 3.900000000000000000e+01 5.000000000000000000e+00 1.667000000000000000e+03 2.220000000000000000e+02
1.420000000000000000e+02 4.000000000000000000e+01 3.000000000000000000e+00 1.433000000000000000e+03 1.840000000000000000e+02
1.560000000000000000e+02 2.500000000000000000e+01 1.000000000000000000e+00 1.600000000000000000e+03 1.810000000000000000e+02
1.160000000000000000e+02 2.400000000000000000e+01 2.000000000000000000e+00 1.437000000000000000e+03 1.390000000000000000e+02
1.470000000000000000e+02 3.000000000000000000e+01 1.000000000000000000e+00 1.515000000000000000e+03 1.770000000000000000e+02
1.580000000000000000e+02 2.800000000000000000e+01 3.000000000000000000e+00 1.693000000000000000e+03 1.870000000000000000e+02
1.620000000000000000e+02 4.000000000000000000e+01 1.000000000000000000e+00 1.699000000000000000e+03 2.020000000000000000e+02
1.510000000000000000e+02 2.900000000000000000e+01 1.000000000000000000e+00 1.582000000000000000e+03 1.790000000000000000e+02
1.570000000000000000e+02 2.700000000000000000e+01 2.000000000000000000e+00 1.685000000000000000e+03 1.850000000000000000e+02
1.790000000000000000e+02 2.600000000000000000e+01 1.000000000000000000e+00 1.689000000000000000e+03 2.030000000000000000e+02
1.540000000000000000e+02 2.300000000000000000e+01 0.000000000000000000e+00 1.744000000000000000e+03 1.740000000000000000e+02
1.640000000000000000e+02 4.000000000000000000e+01 0.000000000000000000e+00 1.556000000000000000e+03 2.030000000000000000e+02
1.120000000000000000e+02 2.700000000000000000e+01 3.000000000000000000e+00 1.501000000000000000e+03 1.410000000000000000e+02
1.650000000000000000e+02 2.500000000000000000e+01 4.000000000000000000e+00 1.632000000000000000e+03 1.940000000000000000e+02
1.500000000000000000e+02 2.700000000000000000e+01 0.000000000000000000e+00 1.722000000000000000e+03 1.770000000000000000e+02
1.480000000000000000e+02 3.400000000000000000e+01 0.000000000000000000e+00 1.636000000000000000e+03 1.800000000000000000e+02
1.760000000000000000e+02 4.400000000000000000e+01 2.000000000000000000e+00 1.620000000000000000e+03 2.190000000000000000e+02
1.660000000000000000e+02 3.500000000000000000e+01 0.000000000000000000e+00 1.505000000000000000e+03 2.000000000000000000e+02
1.590000000000000000e+02 2.700000000000000000e+01 0.000000000000000000e+00 1.630000000000000000e+03 1.860000000000000000e+02
1.700000000000000000e+02 3.000000000000000000e+01 3.000000000000000000e+00 1.615000000000000000e+03 2.030000000000000000e+02
1.430000000000000000e+02 4.000000000000000000e+01 0.000000000000000000e+00 1.644000000000000000e+03 1.810000000000000000e+02
1.500000000000000000e+02 3.600000000000000000e+01 2.000000000000000000e+00 1.578000000000000000e+03 1.820000000000000000e+02
1.830000000000000000e+02 3.200000000000000000e+01 2.000000000000000000e+00 1.789000000000000000e+03 2.160000000000000000e+02
1.690000000000000000e+02 3.300000000000000000e+01 2.000000000000000000e+00 1.745000000000000000e+03 2.030000000000000000e+02
1.560000000000000000e+02 2.500000000000000000e+01 0.000000000000000000e+00 1.416000000000000000e+03 1.790000000000000000e+02
1.750000000000000000e+02 3.400000000000000000e+01 1.000000000000000000e+00 1.706000000000000000e+03 2.090000000000000000e+02
1.740000000000000000e+02 3.400000000000000000e+01 1.000000000000000000e+00 1.771000000000000000e+03 2.070000000000000000e+02
1.850000000000000000e+02 3.400000000000000000e+01 1.000000000000000000e+00 1.708000000000000000e+03 2.180000000000000000e+02
1.790000000000000000e+02 2.700000000000000000e+01 2.000000000000000000e+00 1.537000000000000000e+03 2.050000000000000000e+02
1.530000000000000000e+02 2.100000000000000000e+01 1.000000000000000000e+00 1.628000000000000000e+03 1.730000000000000000e+02
1.360000000000000000e+02 2.700000000000000000e+01 1.000000000000000000e+00 1.431000000000000000e+03 1.620000000000000000e+02
1.390000000000000000e+02 3.300000000000000000e+01 1.000000000000000000e+00 1.614000000000000000e+03 1.670000000000000000e+02
1.570000000000000000e+02 3.400000000000000000e+01 1.000000000000000000e+00 1.589000000000000000e+03 1.900000000000000000e+02
1.610000000000000000e+02 2.800000000000000000e+01 3.000000000000000000e+00 1.623000000000000000e+03 1.890000000000000000e+02
1.340000000000000000e+02 3.200000000000000000e+01 2.000000000000000000e+00 1.679000000000000000e+03 1.670000000000000000e+02
1.570000000000000000e+02 3.400000000000000000e+01 4.000000000000000000e+00 1.570000000000000000e+03 1.920000000000000000e+02
1.590000000000000000e+02 3.600000000000000000e+01 1.000000000000000000e+00 1.772000000000000000e+03 1.940000000000000000e+02
1.720000000000000000e+02 2.600000000000000000e+01 1.000000000000000000e+00 1.592000000000000000e+03 1.970000000000000000e+02
1.650000000000000000e+02 3.300000000000000000e+01 2.000000000000000000e+00 1.461000000000000000e+03 1.970000000000000000e+02
1.680000000000000000e+02 3.100000000000000000e+01 5.000000000000000000e+00 1.464000000000000000e+03 2.010000000000000000e+02
1.460000000000000000e+02 4.600000000000000000e+01 1.000000000000000000e+00 1.496000000000000000e+03 1.920000000000000000e+02
1.650000000000000000e+02 3.300000000000000000e+01 1.000000000000000000e+00 1.521000000000000000e+03 1.980000000000000000e+02
1.670000000000000000e+02 3.600000000000000000e+01 1.000000000000000000e+00 1.825000000000000000e+03 2.020000000000000000e+02
1.510000000000000000e+02 3.500000000000000000e+01 1.000000000000000000e+00 1.691000000000000000e+03 1.860000000000000000e+02
1.430000000000000000e+02 3.800000000000000000e+01 1.000000000000000000e+00 1.615000000000000000e+03 1.800000000000000000e+02
1.860000000000000000e+02 2.400000000000000000e+01 3.000000000000000000e+00 1.525000000000000000e+03 2.120000000000000000e+02
1.930000000000000000e+02 4.100000000000000000e+01 3.000000000000000000e+00 1.721000000000000000e+03 2.340000000000000000e+02
1.330000000000000000e+02 2.700000000000000000e+01 1.000000000000000000e+00 1.467000000000000000e+03 1.590000000000000000e+02
1.530000000000000000e+02 3.400000000000000000e+01 3.000000000000000000e+00 1.642000000000000000e+03 1.880000000000000000e+02
1.890000000000000000e+02 3.400000000000000000e+01 2.000000000000000000e+00 1.643000000000000000e+03 2.230000000000000000e+02
1.550000000000000000e+02 3.500000000000000000e+01 2.000000000000000000e+00 1.716000000000000000e+03 1.890000000000000000e+02
1.360000000000000000e+02 2.700000000000000000e+01 0.000000000000000000e+00 1.435000000000000000e+03 1.620000000000000000e+02
1.320000000000000000e+02 3.900000000000000000e+01 4.000000000000000000e+00 1.679000000000000000e+03 1.750000000000000000e+02
1.670000000000000000e+02 2.900000000000000000e+01 2.000000000000000000e+00 1.495000000000000000e+03 1.950000000000000000e+02
1.380000000000000000e+02 3.400000000000000000e+01 0.000000000000000000e+00 1.611000000000000000e+03 1.700000000000000000e+02
1.740000000000000000e+02 3.400000000000000000e+01 0.000000000000000000e+00 1.657000000000000000e+03 2.060000000000000000e+02
1.530000000000000000e+02 2.300000000000000000e+01 1.000000000000000000e+00 1.686000000000000000e+03 1.770000000000000000e+02
1.710000000000000000e+02 4.300000000000000000e+01 4.000000000000000000e+00 1.541000000000000000e+03 2.160000000000000000e+02
1.440000000000000000e+02 3.600000000000000000e+01 0.000000000000000000e+00 1.622000000000000000e+03 1.800000000000000000e+02
1.800000000000000000e+02 3.100000000000000000e+01 1.000000000000000000e+00 1.740000000000000000e+03 2.100000000000000000e+02
1.680000000000000000e+02 2.800000000000000000e+01 1.000000000000000000e+00 1.538000000000000000e+03 1.950000000000000000e+02
1.260000000000000000e+02 2.800000000000000000e+01 1.000000000000000000e+00 1.597000000000000000e+03 1.540000000000000000e+02
1.310000000000000000e+02 2.200000000000000000e+01 1.000000000000000000e+00 1.292000000000000000e+03 1.500000000000000000e+02
1.480000000000000000e+02 3.200000000000000000e+01 1.000000000000000000e+00 1.337000000000000000e+03 1.780000000000000000e+02
1.500000000000000000e+02 3.000000000000000000e+01 1.000000000000000000e+00 1.484000000000000000e+03 1.780000000000000000e+02
1.590000000000000000e+02 3.000000000000000000e+01 4.000000000000000000e+00 1.676000000000000000e+03 1.930000000000000000e+02
1.590000000000000000e+02 2.900000000000000000e+01 3.000000000000000000e+00 1.727000000000000000e+03 1.910000000000000000e+02
1.690000000000000000e+02 3.700000000000000000e+01 2.000000000000000000e+00 1.717000000000000000e+03 2.050000000000000000e+02
1.570000000000000000e+02 3.800000000000000000e+01 2.000000000000000000e+00 1.759000000000000000e+03 1.970000000000000000e+02
1.710000000000000000e+02 3.900000000000000000e+01 2.000000000000000000e+00 1.721000000000000000e+03 2.110000000000000000e+02
1.610000000000000000e+02 3.800000000000000000e+01 3.000000000000000000e+00 1.594000000000000000e+03 2.010000000000000000e+02
1.810000000000000000e+02 3.600000000000000000e+01 2.000000000000000000e+00 1.605000000000000000e+03 2.190000000000000000e+02
1.500000000000000000e+02 3.100000000000000000e+01 0.000000000000000000e+00 1.626000000000000000e+03 1.810000000000000000e+02
1.390000000000000000e+02 2.100000000000000000e+01 2.000000000000000000e+00 1.580000000000000000e+03 1.590000000000000000e+02
1.610000000000000000e+02 2.600000000000000000e+01 0.000000000000000000e+00 1.554000000000000000e+03 1.840000000000000000e+02
1.640000000000000000e+02 3.600000000000000000e+01 1.000000000000000000e+00 1.618000000000000000e+03 1.990000000000000000e+02
1.490000000000000000e+02 2.900000000000000000e+01 0.000000000000000000e+00 1.578000000000000000e+03 1.770000000000000000e+02
1.580000000000000000e+02 3.600000000000000000e+01 3.000000000000000000e+00 1.378000000000000000e+03 1.960000000000000000e+02
1.400000000000000000e+02 3.700000000000000000e+01 6.000000000000000000e+00 1.479000000000000000e+03 1.800000000000000000e+02
1.480000000000000000e+02 3.100000000000000000e+01 3.000000000000000000e+00 1.655000000000000000e+03 1.820000000000000000e+02
1.250000000000000000e+02 2.300000000000000000e+01 1.000000000000000000e+00 1.590000000000000000e+03 1.480000000000000000e+02
1.820000000000000000e+02 5.600000000000000000e+01 2.000000000000000000e+00 1.739000000000000000e+03 2.380000000000000000e+02
1.580000000000000000e+02 2.800000000000000000e+01 2.000000000000000000e+00 1.530000000000000000e+03 1.880000000000000000e+02
1.760000000000000000e+02 3.400000000000000000e+01 2.000000000000000000e+00 1.835000000000000000e+03 2.110000000000000000e+02
1.610000000000000000e+02 4.100000000000000000e+01 1.000000000000000000e+00 1.527000000000000000e+03 2.020000000000000000e+02
1.900000000000000000e+02 3.100000000000000000e+01 4.000000000000000000e+00 1.648000000000000000e+03 2.240000000000000000e+02
1.480000000000000000e+02 3.200000000000000000e+01 0.000000000000000000e+00 1.449000000000000000e+03 1.780000000000000000e+02
1.730000000000000000e+02 4.100000000000000000e+01 3.000000000000000000e+00 1.705000000000000000e+03 2.160000000000000000e+02
1.370000000000000000e+02 3.700000000000000000e+01 4.000000000000000000e+00 1.702000000000000000e+03 1.760000000000000000e+02
1.200000000000000000e+02 2.700000000000000000e+01 1.000000000000000000e+00 1.396000000000000000e+03 1.470000000000000000e+02
1.400000000000000000e+02 3.800000000000000000e+01 3.000000000000000000e+00 1.428000000000000000e+03 1.810000000000000000e+02
1.650000000000000000e+02 3.400000000000000000e+01 3.000000000000000000e+00 1.690000000000000000e+03 2.010000000000000000e+02
1.740000000000000000e+02 3.100000000000000000e+01 4.000000000000000000e+00 1.624000000000000000e+03 2.070000000000000000e+02
1.900000000000000000e+02 3.500000000000000000e+01 4.000000000000000000e+00 1.695000000000000000e+03 2.290000000000000000e+02
2.070000000000000000e+02 3.400000000000000000e+01 2.000000000000000000e+00 1.579000000000000000e+03 2.430000000000000000e+02
1.460000000000000000e+02 3.800000000000000000e+01 3.000000000000000000e+00 1.696000000000000000e+03 1.870000000000000000e+02
1.680000000000000000e+02 2.500000000000000000e+01 2.000000000000000000e+00 1.336000000000000000e+03 1.920000000000000000e+02
1.740000000000000000e+02 4.000000000000000000e+01 0.000000000000000000e+00 1.780000000000000000e+03 2.140000000000000000e+02
1.380000000000000000e+02 2.300000000000000000e+01 2.000000000000000000e+00 1.687000000000000000e+03 1.620000000000000000e+02
1.720000000000000000e+02 2.700000000000000000e+01 0.000000000000000000e+00 1.574000000000000000e+03 1.950000000000000000e+02
1.740000000000000000e+02 3.600000000000000000e+01 1.000000000000000000e+00 1.528000000000000000e+03 2.100000000000000000e+02
1.620000000000000000e+02 2.600000000000000000e+01 2.000000000000000000e+00 1.501000000000000000e+03 1.870000000000000000e+02
1.510000000000000000e+02 2.500000000000000000e+01 1.000000000000000000e+00 1.776000000000000000e+03 1.760000000000000000e+02
1.840000000000000000e+02 3.000000000000000000e+01 1.000000000000000000e+00 1.642000000000000000e+03 2.120000000000000000e+02
1.420000000000000000e+02 3.600000000000000000e+01 1.000000000000000000e+00 1.530000000000000000e+03 1.770000000000000000e+02
1.780000000000000000e+02 3.000000000000000000e+01 0.000000000000000000e+00 1.559000000000000000e+03 2.060000000000000000e+02
1.480000000000000000e+02 3.800000000000000000e+01 1.000000000000000000e+00 1.532000000000000000e+03 1.870000000000000000e+02
2.080000000000000000e+02 2.800000000000000000e+01 4.000000000000000000e+00 1.657000000000000000e+03 2.390000000000000000e+02
1.430000000000000000e+02 2.500000000000000000e+01 0.000000000000000000e+00 1.485000000000000000e+03 1.680000000000000000e+02
1.670000000000000000e+02 3.400000000000000000e+01 1.000000000000000000e+00 1.666000000000000000e+03 2.000000000000000000e+02
1.560000000000000000e+02 3.700000000000000000e+01 2.000000000000000000e+00 1.681000000000000000e+03 1.930000000000000000e+02
1.410000000000000000e+02 1.100000000000000000e+01 2.000000000000000000e+00 9.630000000000000000e+02 1.540000000000000000e+02
2.120000000000000000e+02 3.500000000000000000e+01 1.000000000000000000e+00 1.621000000000000000e+03 2.460000000000000000e+02
1.850000000000000000e+02 3.100000000000000000e+01 2.000000000000000000e+00 1.603000000000000000e+03 2.180000000000000000e+02
1.960000000000000000e+02 3.500000000000000000e+01 1.000000000000000000e+00 1.773000000000000000e+03 2.320000000000000000e+02
1.620000000000000000e+02 2.800000000000000000e+01 3.000000000000000000e+00 1.669000000000000000e+03 1.920000000000000000e+02
1.600000000000000000e+02 3.800000000000000000e+01 3.000000000000000000e+00 1.627000000000000000e+03 2.000000000000000000e+02
1.970000000000000000e+02 4.400000000000000000e+01 3.000000000000000000e+00 1.771000000000000000e+03 2.400000000000000000e+02
1.430000000000000000e+02 2.800000000000000000e+01 0.000000000000000000e+00 1.618000000000000000e+03 1.690000000000000000e+02
1.630000000000000000e+02 3.500000000000000000e+01 0.000000000000000000e+00 1.723000000000000000e+03 1.960000000000000000e+02
1.600000000000000000e+02 3.200000000000000000e+01 1.000000000000000000e+00 1.670000000000000000e+03 1.910000000000000000e+02
1.610000000000000000e+02 3.000000000000000000e+01 1.000000000000000000e+00 1.589000000000000000e+03 1.920000000000000000e+02
1.720000000000000000e+02 3.600000000000000000e+01 3.000000000000000000e+00 1.552000000000000000e+03 2.110000000000000000e+02
1.450000000000000000e+02 2.300000000000000000e+01 1.000000000000000000e+00 1.635000000000000000e+03 1.680000000000000000e+02
1.280000000000000000e+02 2.900000000000000000e+01 1.000000000000000000e+00 1.548000000000000000e+03 1.570000000000000000e+02
1.310000000000000000e+02 2.400000000000000000e+01 1.000000000000000000e+00 1.707000000000000000e+03 1.540000000000000000e+02
1.570000000000000000e+02 1.900000000000000000e+01 1.000000000000000000e+00 1.731000000000000000e+03 1.760000000000000000e+02
1.730000000000000000e+02 3.200000000000000000e+01 1.000000000000000000e+00 1.670000000000000000e+03 2.050000000000000000e+02
1.930000000000000000e+02 3.700000000000000000e+01 1.000000000000000000e+00 1.596000000000000000e+03 2.300000000000000000e+02
1.290000000000000000e+02 3.100000000000000000e+01 2.000000000000000000e+00 1.568000000000000000e+03 1.600000000000000000e+02
2.010000000000000000e+02 3.300000000000000000e+01 2.000000000000000000e+00 1.673000000000000000e+03 2.330000000000000000e+02
1.030000000000000000e+02 2.600000000000000000e+01 2.000000000000000000e+00 1.164000000000000000e+03 1.290000000000000000e+02
1.830000000000000000e+02 3.600000000000000000e+01 0.000000000000000000e+00 1.722000000000000000e+03 2.180000000000000000e+02
1.520000000000000000e+02 3.200000000000000000e+01 2.000000000000000000e+00 1.443000000000000000e+03 1.860000000000000000e+02
1.710000000000000000e+02 3.500000000000000000e+01 0.000000000000000000e+00 1.722000000000000000e+03 2.040000000000000000e+02
1.480000000000000000e+02 1.600000000000000000e+01 0.000000000000000000e+00 1.172000000000000000e+03 1.620000000000000000e+02
1.390000000000000000e+02 3.300000000000000000e+01 1.000000000000000000e+00 1.546000000000000000e+03 1.690000000000000000e+02
1.500000000000000000e+02 4.100000000000000000e+01 1.000000000000000000e+00 1.722000000000000000e+03 1.910000000000000000e+02
1.750000000000000000e+02 4.000000000000000000e+01 2.000000000000000000e+00 1.668000000000000000e+03 2.160000000000000000e+02
1.640000000000000000e+02 2.500000000000000000e+01 2.000000000000000000e+00 1.407000000000000000e+03 1.890000000000000000e+02
1.890000000000000000e+02 3.300000000000000000e+01 0.000000000000000000e+00 1.666000000000000000e+03 2.220000000000000000e+02
1.560000000000000000e+02 3.100000000000000000e+01 1.000000000000000000e+00 1.648000000000000000e+03 1.870000000000000000e+02
1.870000000000000000e+02 3.300000000000000000e+01 4.000000000000000000e+00 1.562000000000000000e+03 2.220000000000000000e+02
1.470000000000000000e+02 3.000000000000000000e+01 1.000000000000000000e+00 1.395000000000000000e+03 1.770000000000000000e+02
1.290000000000000000e+02 4.000000000000000000e+01 4.000000000000000000e+00 1.573000000000000000e+03 1.720000000000000000e+02
1.750000000000000000e+02 4.300000000000000000e+01 3.000000000000000000e+00 1.640000000000000000e+03 2.210000000000000000e+02
1.580000000000000000e+02 3.400000000000000000e+01 1.000000000000000000e+00 1.663000000000000000e+03 1.920000000000000000e+02
1.630000000000000000e+02 3.700000000000000000e+01 4.000000000000000000e+00 1.678000000000000000e+03 2.040000000000000000e+02
1.830000000000000000e+02 4.200000000000000000e+01 3.000000000000000000e+00 1.611000000000000000e+03 2.240000000000000000e+02
1.400000000000000000e+02 3.100000000000000000e+01 2.000000000000000000e+00 1.574000000000000000e+03 1.720000000000000000e+02
1.480000000000000000e+02 2.700000000000000000e+01 1.000000000000000000e+00 1.539000000000000000e+03 1.760000000000000000e+02
1.540000000000000000e+02 3.200000000000000000e+01 1.000000000000000000e+00 1.461000000000000000e+03 1.840000000000000000e+02
1.620000000000000000e+02 2.900000000000000000e+01 0.000000000000000000e+00 1.661000000000000000e+03 1.890000000000000000e+02
1.670000000000000000e+02 2.800000000000000000e+01 2.000000000000000000e+00 1.834000000000000000e+03 1.950000000000000000e+02
1.800000000000000000e+02 2.500000000000000000e+01 1.000000000000000000e+00 1.718000000000000000e+03 2.050000000000000000e+02
1.690000000000000000e+02 3.200000000000000000e+01 0.000000000000000000e+00 1.526000000000000000e+03 2.000000000000000000e+02
1.800000000000000000e+02 3.000000000000000000e+01 1.000000000000000000e+00 1.743000000000000000e+03 2.080000000000000000e+02
1.490000000000000000e+02 2.800000000000000000e+01 1.000000000000000000e+00 1.645000000000000000e+03 1.760000000000000000e+02
1.450000000000000000e+02 3.100000000000000000e+01 1.000000000000000000e+00 1.416000000000000000e+03 1.760000000000000000e+02
1.730000000000000000e+02 3.800000000000000000e+01 1.000000000000000000e+00 1.737000000000000000e+03 2.110000000000000000e+02
1.990000000000000000e+02 4.100000000000000000e+01 4.000000000000000000e+00 1.770000000000000000e+03 2.430000000000000000e+02
1.690000000000000000e+02 3.500000000000000000e+01 0.000000000000000000e+00 1.651000000000000000e+03 2.020000000000000000e+02
1.920000000000000000e+02 3.300000000000000000e+01 1.000000000000000000e+00 1.569000000000000000e+03 2.220000000000000000e+02
1.340000000000000000e+02 2.700000000000000000e+01 1.000000000000000000e+00 1.582000000000000000e+03 1.580000000000000000e+02
1.400000000000000000e+02 2.400000000000000000e+01 0.000000000000000000e+00 1.429000000000000000e+03 1.630000000000000000e+02
1.520000000000000000e+02 2.900000000000000000e+01 2.000000000000000000e+00 1.681000000000000000e+03 1.820000000000000000e+02
