9.100000000000000000e+02 6.800000000000000000e+01 0.000000000000000000e+00 3.930000000000000000e+03 8.080000000000000000e+02
7.550000000000000000e+02 8.800000000000000000e+01 3.000000000000000000e+00 3.887000000000000000e+03 7.360000000000000000e+02
7.910000000000000000e+02 6.300000000000000000e+01 2.000000000000000000e+00 3.921000000000000000e+03 7.330000000000000000e+02
7.740000000000000000e+02 7.500000000000000000e+01 2.000000000000000000e+00 3.536000000000000000e+03 7.580000000000000000e+02
8.140000000000000000e+02 7.900000000000000000e+01 1.000000000000000000e+00 4.035000000000000000e+03 7.590000000000000000e+02
7.580000000000000000e+02 6.600000000000000000e+01 2.000000000000000000e+00 3.699000000000000000e+03 7.200000000000000000e+02
5.070000000000000000e+02 4.500000000000000000e+01 1.000000000000000000e+00 1.679000000000000000e+03 5.410000000000000000e+02
7.990000000000000000e+02 6.900000000000000000e+01 0.000000000000000000e+00 3.955000000000000000e+03 7.530000000000000000e+02
7.420000000000000000e+02 7.100000000000000000e+01 1.000000000000000000e+00 3.252000000000000000e+03 7.320000000000000000e+02
7.140000000000000000e+02 7.500000000000000000e+01 2.000000000000000000e+00 2.924000000000000000e+03 7.280000000000000000e+02
8.630000000000000000e+02 6.900000000000000000e+01 5.000000000000000000e+00 4.052000000000000000e+03 7.600000000000000000e+02
7.480000000000000000e+02 7.100000000000000000e+01 2.000000000000000000e+00 3.288000000000000000e+03 7.420000000000000000e+02
8.090000000000000000e+02 7.800000000000000000e+01 5.000000000000000000e+00 3.676000000000000000e+03 7.840000000000000000e+02
7.550000000000000000e+02 7.100000000000000000e+01 3.000000000000000000e+00 3.400000000000000000e+03 7.610000000000000000e+02
7.290000000000000000e+02 8.100000000000000000e+01 3.000000000000000000e+00 3.833000000000000000e+03 7.300000000000000000e+02
7.130000000000000000e+02 6.900000000000000000e+01 3.000000000000000000e+00 3.576000000000000000e+03 7.010000000000000000e+02
7.730000000000000000e+02 7.800000000000000000e+01 3.000000000000000000e+00 3.476000000000000000e+03 7.250000000000000000e+02
6.990000000000000000e+02 5.600000000000000000e+01 2.000000000000000000e+00 3.089000000000000000e+03 7.050000000000000000e+02
8.110000000000000000e+02 6.300000000000000000e+01 2.000000000000000000e+00 3.799000000000000000e+03 7.260000000000000000e+02
7.340000000000000000e+02 6.800000000000000000e+01 3.000000000000000000e+00 3.760000000000000000e+03 7.210000000000000000e+02
7.600000000000000000e+02 8.500000000000000000e+01 4.000000000000000000e+00 3.665000000000000000e+03 7.770000000000000000e+02
5.780000000000000000e+02 6.900000000000000000e+01 3.000000000000000000e+00 2.609000000000000000e+03 6.040000000000000000e+02
6.390000000000000000e+02 6.200000000000000000e+01 3.000000000000000000e+00 3.300000000000000000e+03 6.530000000000000000e+02
7.930000000000000000e+02 7.500000000000000000e+01 0.000000000000000000e+00 3.914000000000000000e+03 7.740000000000000000e+02
8.360000000000000000e+02 7.700000000000000000e+01 1.000000000000000000e+00 3.987000000000000000e+03 8.100000000000000000e+02
7.540000000000000000e+02 8.100000000000000000e+01 1.000000000000000000e+00 3.540000000000000000e+03 7.060000000000000000e+02
9.090000000000000000e+02 8.800000000000000000e+01 1.000000000000000000e+00 4.181000000000000000e+03 8.220000000000000000e+02
6.560000000000000000e+02 7.600000000000000000e+01 3.000000000000000000e+00 3.327000000000000000e+03 6.990000000000000000e+02
7.480000000000000000e+02 7.000000000000000000e+01 1.000000000000000000e+00 3.721000000000000000e+03 7.140000000000000000e+02
8.610000000000000000e+02 8.000000000000000000e+01 2.000000000000000000e+00 3.924000000000000000e+03 8.010000000000000000e+02
8.140000000000000000e+02 6.500000000000000000e+01 1.000000000000000000e+00 3.864000000000000000e+03 7.690000000000000000e+02
7.130000000000000000e+02 6.400000000000000000e+01 4.000000000000000000e+00 3.662000000000000000e+03 6.930000000000000000e+02
7.560000000000000000e+02 7.200000000000000000e+01 5.000000000000000000e+00 3.192000000000000000e+03 7.600000000000000000e+02
7.720000000000000000e+02 8.800000000000000000e+01 2.000000000000000000e+00 4.016000000000000000e+03 7.530000000000000000e+02
7.160000000000000000e+02 7.000000000000000000e+01 4.000000000000000000e+00 3.460000000000000000e+03 7.050000000000000000e+02
7.630000000000000000e+02 8.800000000000000000e+01 2.000000000000000000e+00 3.695000000000000000e+03 7.440000000000000000e+02
7.650000000000000000e+02 6.500000000000000000e+01 0.000000000000000000e+00 3.406000000000000000e+03 7.040000000000000000e+02
7.780000000000000000e+02 5.800000000000000000e+01 5.000000000000000000e+00 3.793000000000000000e+03 7.330000000000000000e+02
7.110000000000000000e+02 6.900000000000000000e+01 1.000000000000000000e+00 3.835000000000000000e+03 7.150000000000000000e+02
7.470000000000000000e+02 8.600000000000000000e+01 3.000000000000000000e+00 3.537000000000000000e+03 7.430000000000000000e+02
8.860000000000000000e+02 7.400000000000000000e+01 2.000000000000000000e+00 4.399000000000000000e+03 8.090000000000000000e+02
6.970000000000000000e+02 7.800000000000000000e+01 4.000000000000000000e+00 3.460000000000000000e+03 7.040000000000000000e+02
7.720000000000000000e+02 7.800000000000000000e+01 6.000000000000000000e+00 3.804000000000000000e+03 7.470000000000000000e+02
6.680000000000000000e+02 7.800000000000000000e+01 0.000000000000000000e+00 2.860000000000000000e+03 6.840000000000000000e+02
8.220000000000000000e+02 7.700000000000000000e+01 2.000000000000000000e+00 3.561000000000000000e+03 8.140000000000000000e+02
7.500000000000000000e+02 7.000000000000000000e+01 3.000000000000000000e+00 3.145000000000000000e+03 7.100000000000000000e+02
6.570000000000000000e+02 6.800000000000000000e+01 3.000000000000000000e+00 3.576000000000000000e+03 6.690000000000000000e+02
6.740000000000000000e+02 8.700000000000000000e+01 5.000000000000000000e+00 3.006000000000000000e+03 6.940000000000000000e+02
8.390000000000000000e+02 8.100000000000000000e+01 1.000000000000000000e+00 3.806000000000000000e+03 7.930000000000000000e+02
8.030000000000000000e+02 8.900000000000000000e+01 6.000000000000000000e+00 3.874000000000000000e+03 7.810000000000000000e+02
7.280000000000000000e+02 6.900000000000000000e+01 3.000000000000000000e+00 3.477000000000000000e+03 7.240000000000000000e+02
8.050000000000000000e+02 7.500000000000000000e+01 2.000000000000000000e+00 3.974000000000000000e+03 7.670000000000000000e+02
8.910000000000000000e+02 8.300000000000000000e+01 4.000000000000000000e+00 4.163000000000000000e+03 8.190000000000000000e+02
7.480000000000000000e+02 6.900000000000000000e+01 1.000000000000000000e+00 3.538000000000000000e+03 7.340000000000000000e+02
7.140000000000000000e+02 7.100000000000000000e+01 1.000000000000000000e+00 3.343000000000000000e+03 7.270000000000000000e+02
7.850000000000000000e+02 7.300000000000000000e+01 0.000000000000000000e+00 3.756000000000000000e+03 7.480000000000000000e+02
7.420000000000000000e+02 6.800000000000000000e+01 0.000000000000000000e+00 3.507000000000000000e+03 7.410000000000000000e+02
7.650000000000000000e+02 7.300000000000000000e+01 4.000000000000000000e+00 3.624000000000000000e+03 7.030000000000000000e+02
8.250000000000000000e+02 8.200000000000000000e+01 2.000000000000000000e+00 4.103000000000000000e+03 7.950000000000000000e+02
7.410000000000000000e+02 7.200000000000000000e+01 2.000000000000000000e+00 3.804000000000000000e+03 7.510000000000000000e+02
7.090000000000000000e+02 6.700000000000000000e+01 1.000000000000000000e+00 3.669000000000000000e+03 7.020000000000000000e+02
7.340000000000000000e+02 7.400000000000000000e+01 3.000000000000000000e+00 3.354000000000000000e+03 7.210000000000000000e+02
7.130000000000000000e+02 6.500000000000000000e+01 3.000000000000000000e+00 3.513000000000000000e+03 7.240000000000000000e+02
7.770000000000000000e+02 8.800000000000000000e+01 5.000000000000000000e+00 3.305000000000000000e+03 7.900000000000000000e+02
6.010000000000000000e+02 4.700000000000000000e+01 0.000000000000000000e+00 2.310000000000000000e+03 6.220000000000000000e+02
7.080000000000000000e+02 7.000000000000000000e+01 3.000000000000000000e+00 3.393000000000000000e+03 7.240000000000000000e+02
6.730000000000000000e+02 7.000000000000000000e+01 2.000000000000000000e+00 3.301000000000000000e+03 6.950000000000000000e+02
7.960000000000000000e+02 5.700000000000000000e+01 2.000000000000000000e+00 3.584000000000000000e+03 7.570000000000000000e+02
7.730000000000000000e+02 5.800000000000000000e+01 3.000000000000000000e+00 3.861000000000000000e+03 7.000000000000000000e+02
4.700000000000000000e+02 5.900000000000000000e+01 3.000000000000000000e+00 1.453000000000000000e+03 5.250000000000000000e+02
7.470000000000000000e+02 7.100000000000000000e+01 4.000000000000000000e+00 3.383000000000000000e+03 7.510000000000000000e+02
7.330000000000000000e+02 5.700000000000000000e+01 1.000000000000000000e+00 3.521000000000000000e+03 7.270000000000000000e+02
8.060000000000000000e+02 6.900000000000000000e+01 1.000000000000000000e+00 3.477000000000000000e+03 7.530000000000000000e+02
7.940000000000000000e+02 7.700000000000000000e+01 6.000000000000000000e+00 3.728000000000000000e+03 7.620000000000000000e+02
7.100000000000000000e+02 7.800000000000000000e+01 3.000000000000000000e+00 3.451000000000000000e+03 7.210000000000000000e+02
7.780000000000000000e+02 7.100000000000000000e+01 5.000000000000000000e+00 3.709000000000000000e+03 7.270000000000000000e+02
7.650000000000000000e+02 8.100000000000000000e+01 2.000000000000000000e+00 3.863000000000000000e+03 7.420000000000000000e+02
6.390000000000000000e+02 6.400000000000000000e+01 1.000000000000000000e+00 3.157000000000000000e+03 6.820000000000000000e+02
7.500000000000000000e+02 7.200000000000000000e+01 4.000000000000000000e+00 3.851000000000000000e+03 7.410000000000000000e+02
7.280000000000000000e+02 8.300000000000000000e+01 2.000000000000000000e+00 3.642000000000000000e+03 7.230000000000000000e+02
7.690000000000000000e+02 6.500000000000000000e+01 5.000000000000000000e+00 3.432000000000000000e+03 7.450000000000000000e+02
6.090000000000000000e+02 9.700000000000000000e+01 3.000000000000000000e+00 2.551000000000000000e+03 6.670000000000000000e+02
7.000000000000000000e+02 8.300000000000000000e+01 4.000000000000000000e+00 3.240000000000000000e+03 7.180000000000000000e+02
8.230000000000000000e+02 6.300000000000000000e+01 0.000000000000000000e+00 3.965000000000000000e+03 7.690000000000000000e+02
7.940000000000000000e+02 8.200000000000000000e+01 2.000000000000000000e+00 3.999000000000000000e+03 7.680000000000000000e+02
8.570000000000000000e+02 9.300000000000000000e+01 4.000000000000000000e+00 4.077000000000000000e+03 8.050000000000000000e+02
6.870000000000000000e+02 6.900000000000000000e+01 3.000000000000000000e+00 3.838000000000000000e+03 7.150000000000000000e+02
6.970000000000000000e+02 8.000000000000000000e+01 2.000000000000000000e+00 3.706000000000000000e+03 6.980000000000000000e+02
5.890000000000000000e+02 6.600000000000000000e+01 2.000000000000000000e+00 3.286000000000000000e+03 6.150000000000000000e+02
6.770000000000000000e+02 6.700000000000000000e+01 5.000000000000000000e+00 3.449000000000000000e+03 6.940000000000000000e+02
7.500000000000000000e+02 8.200000000000000000e+01 3.000000000000000000e+00 3.856000000000000000e+03 7.730000000000000000e+02
6.520000000000000000e+02 7.800000000000000000e+01 1.000000000000000000e+00 3.240000000000000000e+03 6.590000000000000000e+02
7.090000000000000000e+02 7.600000000000000000e+01 2.000000000000000000e+00 3.507000000000000000e+03 7.270000000000000000e+02
7.620000000000000000e+02 8.100000000000000000e+01 4.000000000000000000e+00 3.394000000000000000e+03 7.420000000000000000e+02
6.750000000000000000e+02 6.800000000000000000e+01 4.000000000000000000e+00 3.435000000000000000e+03 6.940000000000000000e+02
7.010000000000000000e+02 8.100000000000000000e+01 4.000000000000000000e+00 3.321000000000000000e+03 7.110000000000000000e+02
7.310000000000000000e+02 6.600000000000000000e+01 4.000000000000000000e+00 3.245000000000000000e+03 7.290000000000000000e+02
6.960000000000000000e+02 8.000000000000000000e+01 2.000000000000000000e+00 3.435000000000000000e+03 7.350000000000000000e+02
7.930000000000000000e+02 8.200000000000000000e+01 2.000000000000000000e+00 3.898000000000000000e+03 7.790000000000000000e+02
8.010000000000000000e+02 7.600000000000000000e+01 0.000000000000000000e+00 3.548000000000000000e+03 7.150000000000000000e+02
7.960000000000000000e+02 7.500000000000000000e+01 7.000000000000000000e+00 3.967000000000000000e+03 7.690000000000000000e+02
8.250000000000000000e+02 7.100000000000000000e+01 4.000000000000000000e+00 3.741000000000000000e+03 7.530000000000000000e+02
8.060000000000000000e+02 7.100000000000000000e+01 3.000000000000000000e+00 3.872000000000000000e+03 7.380000000000000000e+02
8.080000000000000000e+02 8.300000000000000000e+01 0.000000000000000000e+00 3.382000000000000000e+03 7.480000000000000000e+02
8.610000000000000000e+02 8.100000000000000000e+01 5.000000000000000000e+00 3.801000000000000000e+03 8.010000000000000000e+02
6.320000000000000000e+02 7.000000000000000000e+01 2.000000000000000000e+00 2.865000000000000000e+03 6.760000000000000000e+02
7.810000000000000000e+02 8.000000000000000000e+01 3.000000000000000000e+00 3.611000000000000000e+03 7.550000000000000000e+02
7.920000000000000000e+02 7.300000000000000000e+01 1.000000000000000000e+00 3.706000000000000000e+03 7.610000000000000000e+02
7.360000000000000000e+02 7.700000000000000000e+01 2.000000000000000000e+00 3.729000000000000000e+03 7.070000000000000000e+02
6.780000000000000000e+02 5.800000000000000000e+01 5.000000000000000000e+00 3.185000000000000000e+03 6.810000000000000000e+02
6.430000000000000000e+02 7.900000000000000000e+01 3.000000000000000000e+00 2.725000000000000000e+03 6.830000000000000000e+02
7.840000000000000000e+02 8.000000000000000000e+01 6.000000000000000000e+00 3.880000000000000000e+03 7.830000000000000000e+02
6.800000000000000000e+02 6.400000000000000000e+01 5.000000000000000000e+00 2.868000000000000000e+03 6.810000000000000000e+02
6.870000000000000000e+02 7.300000000000000000e+01 3.000000000000000000e+00 2.934000000000000000e+03 6.870000000000000000e+02
7.450000000000000000e+02 6.100000000000000000e+01 2.000000000000000000e+00 3.783000000000000000e+03 7.190000000000000000e+02
6.910000000000000000e+02 5.500000000000000000e+01 0.000000000000000000e+00 3.207000000000000000e+03 7.010000000000000000e+02
7.860000000000000000e+02 7.500000000000000000e+01 1.000000000000000000e+00 3.867000000000000000e+03 7.480000000000000000e+02
7.940000000000000000e+02 8.800000000000000000e+01 4.000000000000000000e+00 4.190000000000000000e+03 7.670000000000000000e+02
7.390000000000000000e+02 7.000000000000000000e+01 2.000000000000000000e+00 3.739000000000000000e+03 7.320000000000000000e+02
7.650000000000000000e+02 8.500000000000000000e+01 5.000000000000000000e+00 3.653000000000000000e+03 7.460000000000000000e+02
6.340000000000000000e+02 7.200000000000000000e+01 1.000000000000000000e+00 3.137000000000000000e+03 6.670000000000000000e+02
8.050000000000000000e+02 7.800000000000000000e+01 4.000000000000000000e+00 3.929000000000000000e+03 7.550000000000000000e+02
7.300000000000000000e+02 8.400000000000000000e+01 2.000000000000000000e+00 3.597000000000000000e+03 7.230000000000000000e+02
8.250000000000000000e+02 7.300000000000000000e+01 2.000000000000000000e+00 3.938000000000000000e+03 7.740000000000000000e+02
7.380000000000000000e+02 5.800000000000000000e+01 2.000000000000000000e+00 3.464000000000000000e+03 6.980000000000000000e+02
6.520000000000000000e+02 6.200000000000000000e+01 2.000000000000000000e+00 2.872000000000000000e+03 6.730000000000000000e+02
7.780000000000000000e+02 6.500000000000000000e+01 3.000000000000000000e+00 3.945000000000000000e+03 7.220000000000000000e+02
5.360000000000000000e+02 5.700000000000000000e+01 0.000000000000000000e+00 2.551000000000000000e+03 5.660000000000000000e+02
6.970000000000000000e+02 5.400000000000000000e+01 5.000000000000000000e+00 4.142000000000000000e+03 6.780000000000000000e+02
6.560000000000000000e+02 8.900000000000000000e+01 3.000000000000000000e+00 3.182000000000000000e+03 7.060000000000000000e+02
7.000000000000000000e+02 8.000000000000000000e+01 4.000000000000000000e+00 3.543000000000000000e+03 7.190000000000000000e+02
5.760000000000000000e+02 7.700000000000000000e+01 1.000000000000000000e+00 3.149000000000000000e+03 6.140000000000000000e+02
8.180000000000000000e+02 6.500000000000000000e+01 1.000000000000000000e+00 3.716000000000000000e+03 7.570000000000000000e+02
6.800000000000000000e+02 7.200000000000000000e+01 1.000000000000000000e+00 3.586000000000000000e+03 7.010000000000000000e+02
7.840000000000000000e+02 7.600000000000000000e+01 2.000000000000000000e+00 3.638000000000000000e+03 7.720000000000000000e+02
8.170000000000000000e+02 6.900000000000000000e+01 2.000000000000000000e+00 4.188000000000000000e+03 7.670000000000000000e+02
8.430000000000000000e+02 8.200000000000000000e+01 2.000000000000000000e+00 4.294000000000000000e+03 7.980000000000000000e+02
8.340000000000000000e+02 8.600000000000000000e+01 2.000000000000000000e+00 4.391000000000000000e+03 8.010000000000000000e+02
7.720000000000000000e+02 7.900000000000000000e+01 1.000000000000000000e+00 3.391000000000000000e+03 7.530000000000000000e+02
7.850000000000000000e+02 7.800000000000000000e+01 7.000000000000000000e+00 3.786000000000000000e+03 7.540000000000000000e+02
8.020000000000000000e+02 7.700000000000000000e+01 3.000000000000000000e+00 3.258000000000000000e+03 7.760000000000000000e+02
6.750000000000000000e+02 6.600000000000000000e+01 1.000000000000000000e+00 3.339000000000000000e+03 6.940000000000000000e+02
8.080000000000000000e+02 7.000000000000000000e+01 0.000000000000000000e+00 3.855000000000000000e+03 7.600000000000000000e+02
8.560000000000000000e+02 7.800000000000000000e+01 3.000000000000000000e+00 3.975000000000000000e+03 8.340000000000000000e+02
8.300000000000000000e+02 7.600000000000000000e+01 2.000000000000000000e+00 3.799000000000000000e+03 7.770000000000000000e+02
8.140000000000000000e+02 8.000000000000000000e+01 2.000000000000000000e+00 3.692000000000000000e+03 7.630000000000000000e+02
7.710000000000000000e+02 8.100000000000000000e+01 4.000000000000000000e+00 3.482000000000000000e+03 7.560000000000000000e+02
6.740000000000000000e+02 5.600000000000000000e+01 1.000000000000000000e+00 3.155000000000000000e+03 6.770000000000000000e+02
7.630000000000000000e+02 7.500000000000000000e+01 5.000000000000000000e+00 3.810000000000000000e+03 7.610000000000000000e+02
7.510000000000000000e+02 8.000000000000000000e+01 3.000000000000000000e+00 3.198000000000000000e+03 7.270000000000000000e+02
7.310000000000000000e+02 6.700000000000000000e+01 2.000000000000000000e+00 3.278000000000000000e+03 7.100000000000000000e+02
6.880000000000000000e+02 6.700000000000000000e+01 2.000000000000000000e+00 3.119000000000000000e+03 6.850000000000000000e+02
7.390000000000000000e+02 7.500000000000000000e+01 4.000000000000000000e+00 3.416000000000000000e+03 7.410000000000000000e+02
7.810000000000000000e+02 7.200000000000000000e+01 3.000000000000000000e+00 3.573000000000000000e+03 7.660000000000000000e+02
8.990000000000000000e+02 7.300000000000000000e+01 6.000000000000000000e+00 4.064000000000000000e+03 7.700000000000000000e+02
8.260000000000000000e+02 8.400000000000000000e+01 3.000000000000000000e+00 3.963000000000000000e+03 7.790000000000000000e+02
7.020000000000000000e+02 6.700000000000000000e+01 0.000000000000000000e+00 3.450000000000000000e+03 7.070000000000000000e+02
5.890000000000000000e+02 6.800000000000000000e+01 3.000000000000000000e+00 2.657000000000000000e+03 6.390000000000000000e+02
7.860000000000000000e+02 8.900000000000000000e+01 3.000000000000000000e+00 3.708000000000000000e+03 7.680000000000000000e+02
7.050000000000000000e+02 6.600000000000000000e+01 4.000000000000000000e+00 3.524000000000000000e+03 6.930000000000000000e+02
7.460000000000000000e+02 6.800000000000000000e+01 1.000000000000000000e+00 3.634000000000000000e+03 7.230000000000000000e+02
7.040000000000000000e+02 8.400000000000000000e+01 4.000000000000000000e+00 3.608000000000000000e+03 6.990000000000000000e+02
8.700000000000000000e+02 7.800000000000000000e+01 2.000000000000000000e+00 4.082000000000000000e+03 7.850000000000000000e+02
7.420000000000000000e+02 6.400000000000000000e+01 6.000000000000000000e+00 3.401000000000000000e+03 7.100000000000000000e+02
6.780000000000000000e+02 8.000000000000000000e+01 0.000000000000000000e+00 3.032000000000000000e+03 7.170000000000000000e+02
7.140000000000000000e+02 6.300000000000000000e+01 4.000000000000000000e+00 3.102000000000000000e+03 7.160000000000000000e+02
8.940000000000000000e+02 8.000000000000000000e+01 6.000000000000000000e+00 3.921000000000000000e+03 8.230000000000000000e+02
8.290000000000000000e+02 7.300000000000000000e+01 4.000000000000000000e+00 3.499000000000000000e+03 7.790000000000000000e+02
7.280000000000000000e+02 7.200000000000000000e+01 3.000000000000000000e+00 3.488000000000000000e+03 7.150000000000000000e+02
8.580000000000000000e+02 6.700000000000000000e+01 2.000000000000000000e+00 3.652000000000000000e+03 7.660000000000000000e+02
8.010000000000000000e+02 7.800000000000000000e+01 5.000000000000000000e+00 4.054000000000000000e+03 7.520000000000000000e+02
7.840000000000000000e+02 7.600000000000000000e+01 4.000000000000000000e+00 3.997000000000000000e+03 7.700000000000000000e+02
7.890000000000000000e+02 7.000000000000000000e+01 3.000000000000000000e+00 3.825000000000000000e+03 7.520000000000000000e+02
7.490000000000000000e+02 8.700000000000000000e+01 3.000000000000000000e+00 3.920000000000000000e+03 7.250000000000000000e+02
8.520000000000000000e+02 7.600000000000000000e+01 1.000000000000000000e+00 3.988000000000000000e+03 7.980000000000000000e+02
7.570000000000000000e+02 8.000000000000000000e+01 1.000000000000000000e+00 3.966000000000000000e+03 7.650000000000000000e+02
7.640000000000000000e+02 6.200000000000000000e+01 2.000000000000000000e+00 3.853000000000000000e+03 7.300000000000000000e+02
7.150000000000000000e+02 6.700000000000000000e+01 5.000000000000000000e+00 3.408000000000000000e+03 7.000000000000000000e+02
8.260000000000000000e+02 8.800000000000000000e+01 3.000000000000000000e+00 4.076000000000000000e+03 7.800000000000000000e+02
8.010000000000000000e+02 6.800000000000000000e+01 3.000000000000000000e+00 3.741000000000000000e+03 7.750000000000000000e+02
7.740000000000000000e+02 6.900000000000000000e+01 1.000000000000000000e+00 3.792000000000000000e+03 7.470000000000000000e+02
7.460000000000000000e+02 7.600000000000000000e+01 1.000000000000000000e+00 3.726000000000000000e+03 7.410000000000000000e+02
7.200000000000000000e+02 8.500000000000000000e+01 3.000000000000000000e+00 3.567000000000000000e+03 7.150000000000000000e+02
7.590000000000000000e+02 7.500000000000000000e+01 2.000000000000000000e+00 3.413000000000000000e+03 7.430000000000000000e+02
7.420000000000000000e+02 6.700000000000000000e+01 0.000000000000000000e+00 3.411000000000000000e+03 6.940000000000000000e+02
7.660000000000000000e+02 6.400000000000000000e+01 3.000000000000000000e+00 3.630000000000000000e+03 7.550000000000000000e+02
5.960000000000000000e+02 5.600000000000000000e+01 3.000000000000000000e+00 2.251000000000000000e+03 6.220000000000000000e+02
7.650000000000000000e+02 7.800000000000000000e+01 5.000000000000000000e+00 4.163000000000000000e+03 7.820000000000000000e+02
8.210000000000000000e+02 6.100000000000000000e+01 1.000000000000000000e+00 3.940000000000000000e+03 7.770000000000000000e+02
8.210000000000000000e+02 8.500000000000000000e+01 3.000000000000000000e+00 4.020000000000000000e+03 7.930000000000000000e+02
7.280000000000000000e+02 6.100000000000000000e+01 1.000000000000000000e+00 3.351000000000000000e+03 7.290000000000000000e+02
7.610000000000000000e+02 7.400000000000000000e+01 5.000000000000000000e+00 3.639000000000000000e+03 7.300000000000000000e+02
7.740000000000000000e+02 8.800000000000000000e+01 5.000000000000000000e+00 3.428000000000000000e+03 7.550000000000000000e+02
7.080000000000000000e+02 7.700000000000000000e+01 3.000000000000000000e+00 3.576000000000000000e+03 7.330000000000000000e+02
6.490000000000000000e+02 3.800000000000000000e+01 1.000000000000000000e+00 2.911000000000000000e+03 6.520000000000000000e+02
6.710000000000000000e+02 6.900000000000000000e+01 2.000000000000000000e+00 3.466000000000000000e+03 6.670000000000000000e+02
8.060000000000000000e+02 6.800000000000000000e+01 3.000000000000000000e+00 4.078000000000000000e+03 7.690000000000000000e+02
8.270000000000000000e+02 7.100000000000000000e+01 2.000000000000000000e+00 3.703000000000000000e+03 7.800000000000000000e+02
6.690000000000000000e+02 5.600000000000000000e+01 2.000000000000000000e+00 2.770000000000000000e+03 6.830000000000000000e+02
6.380000000000000000e+02 7.300000000000000000e+01 3.000000000000000000e+00 2.874000000000000000e+03 6.810000000000000000e+02
7.900000000000000000e+02 8.200000000000000000e+01 1.000000000000000000e+00 4.031000000000000000e+03 7.860000000000000000e+02
8.280000000000000000e+02 5.800000000000000000e+01 2.000000000000000000e+00 3.526000000000000000e+03 7.540000000000000000e+02
5.520000000000000000e+02 6.700000000000000000e+01 3.000000000000000000e+00 2.287000000000000000e+03 6.110000000000000000e+02
7.090000000000000000e+02 7.100000000000000000e+01 4.000000000000000000e+00 3.653000000000000000e+03 7.020000000000000000e+02
7.440000000000000000e+02 9.300000000000000000e+01 2.000000000000000000e+00 3.706000000000000000e+03 7.550000000000000000e+02
8.550000000000000000e+02 9.200000000000000000e+01 5.000000000000000000e+00 4.243000000000000000e+03 8.170000000000000000e+02
6.090000000000000000e+02 7.200000000000000000e+01 4.000000000000000000e+00 2.587000000000000000e+03 6.470000000000000000e+02
8.140000000000000000e+02 9.200000000000000000e+01 3.000000000000000000e+00 3.839000000000000000e+03 7.870000000000000000e+02
7.700000000000000000e+02 7.600000000000000000e+01 5.000000000000000000e+00 3.605000000000000000e+03 7.650000000000000000e+02
6.790000000000000000e+02 6.400000000000000000e+01 3.000000000000000000e+00 3.301000000000000000e+03 6.970000000000000000e+02
8.360000000000000000e+02 8.500000000000000000e+01 3.000000000000000000e+00 4.176000000000000000e+03 8.140000000000000000e+02
7.200000000000000000e+02 6.100000000000000000e+01 0.000000000000000000e+00 3.632000000000000000e+03 7.130000000000000000e+02
7.770000000000000000e+02 8.400000000000000000e+01 3.000000000000000000e+00 3.511000000000000000e+03 7.120000000000000000e+02
7.640000000000000000e+02 7.800000000000000000e+01 4.000000000000000000e+00 3.671000000000000000e+03 7.140000000000000000e+02
8.460000000000000000e+02 8.000000000000000000e+01 1.000000000000000000e+00 3.761000000000000000e+03 7.830000000000000000e+02
8.000000000000000000e+02 7.100000000000000000e+01 3.000000000000000000e+00 3.758000000000000000e+03 7.680000000000000000e+02
7.100000000000000000e+02 8.400000000000000000e+01 2.000000000000000000e+00 3.704000000000000000e+03 7.230000000000000000e+02
7.730000000000000000e+02 7.400000000000000000e+01 3.000000000000000000e+00 3.482000000000000000e+03 7.260000000000000000e+02
7.280000000000000000e+02 6.100000000000000000e+01 1.000000000000000000e+00 3.361000000000000000e+03 7.270000000000000000e+02
6.530000000000000000e+02 4.800000000000000000e+01 5.000000000000000000e+00 3.002000000000000000e+03 6.630000000000000000e+02
7.770000000000000000e+02 6.800000000000000000e+01 2.000000000000000000e+00 3.159000000000000000e+03 7.330000000000000000e+02
7.770000000000000000e+02 7.900000000000000000e+01 4.000000000000000000e+00 3.719000000000000000e+03 7.780000000000000000e+02
8.120000000000000000e+02 6.600000000000000000e+01 2.000000000000000000e+00 3.494000000000000000e+03 7.550000000000000000e+02
8.150000000000000000e+02 6.700000000000000000e+01 3.000000000000000000e+00 3.863000000000000000e+03 7.890000000000000000e+02
8.000000000000000000e+02 6.400000000000000000e+01 1.000000000000000000e+00 3.700000000000000000e+03 7.640000000000000000e+02
7.280000000000000000e+02 7.200000000000000000e+01 2.000000000000000000e+00 3.475000000000000000e+03 7.220000000000000000e+02
6.890000000000000000e+02 7.400000000000000000e+01 1.000000000000000000e+00 3.250000000000000000e+03 7.080000000000000000e+02
6.320000000000000000e+02 7.200000000000000000e+01 1.000000000000000000e+00 3.565000000000000000e+03 6.550000000000000000e+02
6.420000000000000000e+02 7.100000000000000000e+01 0.000000000000000000e+00 3.081000000000000000e+03 6.600000000000000000e+02
9.300000000000000000e+02 9.400000000000000000e+01 1.000000000000000000e+00 3.853000000000000000e+03 8.520000000000000000e+02
8.930000000000000000e+02 8.900000000000000000e+01 5.000000000000000000e+00 4.010000000000000000e+03 8.240000000000000000e+02
6.850000000000000000e+02 6.400000000000000000e+01 2.000000000000000000e+00 3.674000000000000000e+03 6.880000000000000000e+02
7.750000000000000000e+02 7.400000000000000000e+01 4.000000000000000000e+00 3.919000000000000000e+03 7.410000000000000000e+02
7.310000000000000000e+02 5.500000000000000000e+01 1.000000000000000000e+00 3.250000000000000000e+03 7.030000000000000000e+02
9.100000000000000000e+02 6.500000000000000000e+01 1.000000000000000000e+00 3.946000000000000000e+03 8.180000000000000000e+02
7.610000000000000000e+02 9.500000000000000000e+01 4.000000000000000000e+00 3.659000000000000000e+03 7.460000000000000000e+02
8.500000000000000000e+02 7.800000000000000000e+01 0.000000000000000000e+00 3.703000000000000000e+03 7.840000000000000000e+02
7.890000000000000000e+02 6.300000000000000000e+01 1.000000000000000000e+00 3.766000000000000000e+03 7.210000000000000000e+02
7.340000000000000000e+02 6.500000000000000000e+01 4.000000000000000000e+00 3.774000000000000000e+03 7.180000000000000000e+02
8.970000000000000000e+02 9.200000000000000000e+01 4.000000000000000000e+00 4.298000000000000000e+03 8.450000000000000000e+02
7.210000000000000000e+02 9.100000000000000000e+01 1.000000000000000000e+00 3.377000000000000000e+03 7.300000000000000000e+02
8.250000000000000000e+02 8.100000000000000000e+01 2.000000000000000000e+00 3.913000000000000000e+03 7.600000000000000000e+02
5.210000000000000000e+02 6.300000000000000000e+01 0.000000000000000000e+00 1.812000000000000000e+03 5.800000000000000000e+02
7.710000000000000000e+02 7.700000000000000000e+01 3.000000000000000000e+00 3.531000000000000000e+03 7.440000000000000000e+02
5.980000000000000000e+02 7.000000000000000000e+01 2.000000000000000000e+00 3.236000000000000000e+03 6.380000000000000000e+02
7.440000000000000000e+02 6.900000000000000000e+01 1.000000000000000000e+00 3.710000000000000000e+03 7.260000000000000000e+02
7.320000000000000000e+02 7.000000000000000000e+01 6.000000000000000000e+00 3.486000000000000000e+03 7.120000000000000000e+02
7.640000000000000000e+02 8.700000000000000000e+01 7.000000000000000000e+00 3.332000000000000000e+03 7.400000000000000000e+02
6.250000000000000000e+02 7.400000000000000000e+01 3.000000000000000000e+00 3.051000000000000000e+03 6.620000000000000000e+02
6.070000000000000000e+02 7.200000000000000000e+01 0.000000000000000000e+00 2.879000000000000000e+03 6.480000000000000000e+02
