3.510000000000000000e+02 1.390000000000000000e+02 2.500000000000000000e+01 3.022000000000000000e+03 5.110000000000000000e+02
3.920000000000000000e+02 1.540000000000000000e+02 3.400000000000000000e+01 2.844000000000000000e+03 5.550000000000000000e+02
3.830000000000000000e+02 1.670000000000000000e+02 2.900000000000000000e+01 2.659000000000000000e+03 5.550000000000000000e+02
3.520000000000000000e+02 1.590000000000000000e+02 2.700000000000000000e+01 2.640000000000000000e+03 5.360000000000000000e+02
4.240000000000000000e+02 1.370000000000000000e+02 2.500000000000000000e+01 2.916000000000000000e+03 5.780000000000000000e+02
4.090000000000000000e+02 1.750000000000000000e+02 3.600000000000000000e+01 3.083000000000000000e+03 6.080000000000000000e+02
3.080000000000000000e+02 1.700000000000000000e+02 3.400000000000000000e+01 2.870000000000000000e+03 5.070000000000000000e+02
3.640000000000000000e+02 1.670000000000000000e+02 3.300000000000000000e+01 2.879000000000000000e+03 5.520000000000000000e+02
4.700000000000000000e+02 1.730000000000000000e+02 2.300000000000000000e+01 3.017000000000000000e+03 6.190000000000000000e+02
4.150000000000000000e+02 1.560000000000000000e+02 2.500000000000000000e+01 2.950000000000000000e+03 5.620000000000000000e+02
3.620000000000000000e+02 1.760000000000000000e+02 3.200000000000000000e+01 2.662000000000000000e+03 5.520000000000000000e+02
2.620000000000000000e+02 1.320000000000000000e+02 2.800000000000000000e+01 2.492000000000000000e+03 4.220000000000000000e+02
3.560000000000000000e+02 1.370000000000000000e+02 2.100000000000000000e+01 2.677000000000000000e+03 4.990000000000000000e+02
3.390000000000000000e+02 1.580000000000000000e+02 3.000000000000000000e+01 2.537000000000000000e+03 5.240000000000000000e+02
3.920000000000000000e+02 1.550000000000000000e+02 3.000000000000000000e+01 2.944000000000000000e+03 5.570000000000000000e+02
4.990000000000000000e+02 1.740000000000000000e+02 4.000000000000000000e+01 2.907000000000000000e+03 6.530000000000000000e+02
2.860000000000000000e+02 1.380000000000000000e+02 2.400000000000000000e+01 2.182000000000000000e+03 4.460000000000000000e+02
2.980000000000000000e+02 1.380000000000000000e+02 1.900000000000000000e+01 2.074000000000000000e+03 4.550000000000000000e+02
2.970000000000000000e+02 1.670000000000000000e+02 2.800000000000000000e+01 2.907000000000000000e+03 4.890000000000000000e+02
4.000000000000000000e+02 1.640000000000000000e+02 2.500000000000000000e+01 2.812000000000000000e+03 5.620000000000000000e+02
3.620000000000000000e+02 1.470000000000000000e+02 2.800000000000000000e+01 2.687000000000000000e+03 5.240000000000000000e+02
3.760000000000000000e+02 1.670000000000000000e+02 1.900000000000000000e+01 2.669000000000000000e+03 5.480000000000000000e+02
3.730000000000000000e+02 1.640000000000000000e+02 2.300000000000000000e+01 2.968000000000000000e+03 5.570000000000000000e+02
3.870000000000000000e+02 1.730000000000000000e+02 3.400000000000000000e+01 3.002000000000000000e+03 5.870000000000000000e+02
4.010000000000000000e+02 1.600000000000000000e+02 2.500000000000000000e+01 2.905000000000000000e+03 5.820000000000000000e+02
3.640000000000000000e+02 1.550000000000000000e+02 2.700000000000000000e+01 2.693000000000000000e+03 5.430000000000000000e+02
2.850000000000000000e+02 1.410000000000000000e+02 2.900000000000000000e+01 2.569000000000000000e+03 4.520000000000000000e+02
3.780000000000000000e+02 1.520000000000000000e+02 3.000000000000000000e+01 2.691000000000000000e+03 5.450000000000000000e+02
2.340000000000000000e+02 1.430000000000000000e+02 2.500000000000000000e+01 1.921000000000000000e+03 4.000000000000000000e+02
3.450000000000000000e+02 1.450000000000000000e+02 2.300000000000000000e+01 2.680000000000000000e+03 5.000000000000000000e+02
2.890000000000000000e+02 1.500000000000000000e+02 1.700000000000000000e+01 2.492000000000000000e+03 4.550000000000000000e+02
4.390000000000000000e+02 1.570000000000000000e+02 2.500000000000000000e+01 2.900000000000000000e+03 6.030000000000000000e+02
3.750000000000000000e+02 2.010000000000000000e+02 3.700000000000000000e+01 3.074000000000000000e+03 6.090000000000000000e+02
3.560000000000000000e+02 1.650000000000000000e+02 2.500000000000000000e+01 2.870000000000000000e+03 5.430000000000000000e+02
4.340000000000000000e+02 1.940000000000000000e+02 2.800000000000000000e+01 3.108000000000000000e+03 5.990000000000000000e+02
3.450000000000000000e+02 1.830000000000000000e+02 3.500000000000000000e+01 2.841000000000000000e+03 5.400000000000000000e+02
4.420000000000000000e+02 1.870000000000000000e+02 2.900000000000000000e+01 3.338000000000000000e+03 6.160000000000000000e+02
3.090000000000000000e+02 1.400000000000000000e+02 2.000000000000000000e+01 2.236000000000000000e+03 4.680000000000000000e+02
3.970000000000000000e+02 1.740000000000000000e+02 2.300000000000000000e+01 2.799000000000000000e+03 5.630000000000000000e+02
3.430000000000000000e+02 1.440000000000000000e+02 2.500000000000000000e+01 2.882000000000000000e+03 5.060000000000000000e+02
3.430000000000000000e+02 1.340000000000000000e+02 1.700000000000000000e+01 2.365000000000000000e+03 4.850000000000000000e+02
3.050000000000000000e+02 1.330000000000000000e+02 3.200000000000000000e+01 2.776000000000000000e+03 4.660000000000000000e+02
3.730000000000000000e+02 1.630000000000000000e+02 2.700000000000000000e+01 2.633000000000000000e+03 5.580000000000000000e+02
3.280000000000000000e+02 1.270000000000000000e+02 2.100000000000000000e+01 2.692000000000000000e+03 4.720000000000000000e+02
3.790000000000000000e+02 1.600000000000000000e+02 1.500000000000000000e+01 2.700000000000000000e+03 5.420000000000000000e+02
3.050000000000000000e+02 1.390000000000000000e+02 1.700000000000000000e+01 2.525000000000000000e+03 4.610000000000000000e+02
3.210000000000000000e+02 1.320000000000000000e+02 1.700000000000000000e+01 2.773000000000000000e+03 4.650000000000000000e+02
2.760000000000000000e+02 1.340000000000000000e+02 2.900000000000000000e+01 2.614000000000000000e+03 4.370000000000000000e+02
3.060000000000000000e+02 1.400000000000000000e+02 2.500000000000000000e+01 2.502000000000000000e+03 4.660000000000000000e+02
3.850000000000000000e+02 1.740000000000000000e+02 2.700000000000000000e+01 2.869000000000000000e+03 5.640000000000000000e+02
3.680000000000000000e+02 1.280000000000000000e+02 1.800000000000000000e+01 2.684000000000000000e+03 5.040000000000000000e+02
3.960000000000000000e+02 1.510000000000000000e+02 2.400000000000000000e+01 2.715000000000000000e+03 5.600000000000000000e+02
3.810000000000000000e+02 1.650000000000000000e+02 3.600000000000000000e+01 3.017000000000000000e+03 5.610000000000000000e+02
4.320000000000000000e+02 1.880000000000000000e+02 3.400000000000000000e+01 2.914000000000000000e+03 6.410000000000000000e+02
3.350000000000000000e+02 1.560000000000000000e+02 3.200000000000000000e+01 2.855000000000000000e+03 5.150000000000000000e+02
4.340000000000000000e+02 1.640000000000000000e+02 2.100000000000000000e+01 3.138000000000000000e+03 5.940000000000000000e+02
3.380000000000000000e+02 1.210000000000000000e+02 2.700000000000000000e+01 2.528000000000000000e+03 4.780000000000000000e+02
3.300000000000000000e+02 1.210000000000000000e+02 3.900000000000000000e+01 2.466000000000000000e+03 4.900000000000000000e+02
4.270000000000000000e+02 1.500000000000000000e+02 2.700000000000000000e+01 2.538000000000000000e+03 5.870000000000000000e+02
3.400000000000000000e+02 1.650000000000000000e+02 3.100000000000000000e+01 2.664000000000000000e+03 5.160000000000000000e+02
3.340000000000000000e+02 1.480000000000000000e+02 3.100000000000000000e+01 2.625000000000000000e+03 5.120000000000000000e+02
3.200000000000000000e+02 1.540000000000000000e+02 2.900000000000000000e+01 2.728000000000000000e+03 4.940000000000000000e+02
4.140000000000000000e+02 1.340000000000000000e+02 2.400000000000000000e+01 2.781000000000000000e+03 5.530000000000000000e+02
3.180000000000000000e+02 1.500000000000000000e+02 2.500000000000000000e+01 2.697000000000000000e+03 4.930000000000000000e+02
3.740000000000000000e+02 1.750000000000000000e+02 2.500000000000000000e+01 2.917000000000000000e+03 5.620000000000000000e+02
3.080000000000000000e+02 1.440000000000000000e+02 2.700000000000000000e+01 2.621000000000000000e+03 4.700000000000000000e+02
4.230000000000000000e+02 1.810000000000000000e+02 2.200000000000000000e+01 3.170000000000000000e+03 6.040000000000000000e+02
3.860000000000000000e+02 2.020000000000000000e+02 3.000000000000000000e+01 3.058000000000000000e+03 5.830000000000000000e+02
3.400000000000000000e+02 1.500000000000000000e+02 3.400000000000000000e+01 3.031000000000000000e+03 5.130000000000000000e+02
4.180000000000000000e+02 1.800000000000000000e+02 3.500000000000000000e+01 2.746000000000000000e+03 6.070000000000000000e+02
3.840000000000000000e+02 1.740000000000000000e+02 2.700000000000000000e+01 2.949000000000000000e+03 5.620000000000000000e+02
3.640000000000000000e+02 1.640000000000000000e+02 3.100000000000000000e+01 2.887000000000000000e+03 5.530000000000000000e+02
3.090000000000000000e+02 1.140000000000000000e+02 1.900000000000000000e+01 2.712000000000000000e+03 4.350000000000000000e+02
3.430000000000000000e+02 1.530000000000000000e+02 3.000000000000000000e+01 2.763000000000000000e+03 5.140000000000000000e+02
4.080000000000000000e+02 1.560000000000000000e+02 2.500000000000000000e+01 2.884000000000000000e+03 5.700000000000000000e+02
3.690000000000000000e+02 1.320000000000000000e+02 2.600000000000000000e+01 2.834000000000000000e+03 5.190000000000000000e+02
3.140000000000000000e+02 1.540000000000000000e+02 3.600000000000000000e+01 2.728000000000000000e+03 5.030000000000000000e+02
4.610000000000000000e+02 1.560000000000000000e+02 3.400000000000000000e+01 3.052000000000000000e+03 6.080000000000000000e+02
2.830000000000000000e+02 1.320000000000000000e+02 2.300000000000000000e+01 2.645000000000000000e+03 4.370000000000000000e+02
3.270000000000000000e+02 1.570000000000000000e+02 2.500000000000000000e+01 2.735000000000000000e+03 5.020000000000000000e+02
3.020000000000000000e+02 1.590000000000000000e+02 3.100000000000000000e+01 2.807000000000000000e+03 4.900000000000000000e+02
2.960000000000000000e+02 1.430000000000000000e+02 2.800000000000000000e+01 2.784000000000000000e+03 4.590000000000000000e+02
3.880000000000000000e+02 1.420000000000000000e+02 2.100000000000000000e+01 2.551000000000000000e+03 5.390000000000000000e+02
4.920000000000000000e+02 1.930000000000000000e+02 1.700000000000000000e+01 2.980000000000000000e+03 6.480000000000000000e+02
3.070000000000000000e+02 1.550000000000000000e+02 2.100000000000000000e+01 2.600000000000000000e+03 4.790000000000000000e+02
3.330000000000000000e+02 1.470000000000000000e+02 2.300000000000000000e+01 2.668000000000000000e+03 4.990000000000000000e+02
3.720000000000000000e+02 1.380000000000000000e+02 1.500000000000000000e+01 2.750000000000000000e+03 5.210000000000000000e+02
3.110000000000000000e+02 1.360000000000000000e+02 2.900000000000000000e+01 2.810000000000000000e+03 4.670000000000000000e+02
4.220000000000000000e+02 1.750000000000000000e+02 3.200000000000000000e+01 2.939000000000000000e+03 6.020000000000000000e+02
4.180000000000000000e+02 1.770000000000000000e+02 2.700000000000000000e+01 2.746000000000000000e+03 5.850000000000000000e+02
4.360000000000000000e+02 1.560000000000000000e+02 2.500000000000000000e+01 2.897000000000000000e+03 5.990000000000000000e+02
3.530000000000000000e+02 1.680000000000000000e+02 2.400000000000000000e+01 2.539000000000000000e+03 5.280000000000000000e+02
3.650000000000000000e+02 1.720000000000000000e+02 2.600000000000000000e+01 3.027000000000000000e+03 5.400000000000000000e+02
4.180000000000000000e+02 1.600000000000000000e+02 2.500000000000000000e+01 3.001000000000000000e+03 5.840000000000000000e+02
3.410000000000000000e+02 1.280000000000000000e+02 2.000000000000000000e+01 2.805000000000000000e+03 4.860000000000000000e+02
3.860000000000000000e+02 1.340000000000000000e+02 2.600000000000000000e+01 2.734000000000000000e+03 5.360000000000000000e+02
3.120000000000000000e+02 1.580000000000000000e+02 2.700000000000000000e+01 2.836000000000000000e+03 4.790000000000000000e+02
3.060000000000000000e+02 1.540000000000000000e+02 3.000000000000000000e+01 2.574000000000000000e+03 4.880000000000000000e+02
3.550000000000000000e+02 1.560000000000000000e+02 3.300000000000000000e+01 2.778000000000000000e+03 5.410000000000000000e+02
3.970000000000000000e+02 1.750000000000000000e+02 3.000000000000000000e+01 2.814000000000000000e+03 5.900000000000000000e+02
3.430000000000000000e+02 1.460000000000000000e+02 2.300000000000000000e+01 2.769000000000000000e+03 5.080000000000000000e+02
3.880000000000000000e+02 1.740000000000000000e+02 4.000000000000000000e+01 3.119000000000000000e+03 5.920000000000000000e+02
3.500000000000000000e+02 1.510000000000000000e+02 3.100000000000000000e+01 2.796000000000000000e+03 5.210000000000000000e+02
3.820000000000000000e+02 1.590000000000000000e+02 2.200000000000000000e+01 2.865000000000000000e+03 5.550000000000000000e+02
4.200000000000000000e+02 1.480000000000000000e+02 2.800000000000000000e+01 2.751000000000000000e+03 5.780000000000000000e+02
3.240000000000000000e+02 1.350000000000000000e+02 2.400000000000000000e+01 2.706000000000000000e+03 4.810000000000000000e+02
4.130000000000000000e+02 1.690000000000000000e+02 2.900000000000000000e+01 2.986000000000000000e+03 5.910000000000000000e+02
3.630000000000000000e+02 1.670000000000000000e+02 2.900000000000000000e+01 2.534000000000000000e+03 5.410000000000000000e+02
3.210000000000000000e+02 1.490000000000000000e+02 3.300000000000000000e+01 2.774000000000000000e+03 5.000000000000000000e+02
4.030000000000000000e+02 1.570000000000000000e+02 2.200000000000000000e+01 2.908000000000000000e+03 5.600000000000000000e+02
3.280000000000000000e+02 1.410000000000000000e+02 1.900000000000000000e+01 2.644000000000000000e+03 4.780000000000000000e+02
3.820000000000000000e+02 1.490000000000000000e+02 3.200000000000000000e+01 2.903000000000000000e+03 5.460000000000000000e+02
3.330000000000000000e+02 1.540000000000000000e+02 2.900000000000000000e+01 2.469000000000000000e+03 5.120000000000000000e+02
4.800000000000000000e+02 1.860000000000000000e+02 3.200000000000000000e+01 2.953000000000000000e+03 6.570000000000000000e+02
4.010000000000000000e+02 1.550000000000000000e+02 1.600000000000000000e+01 2.856000000000000000e+03 5.510000000000000000e+02
3.520000000000000000e+02 1.600000000000000000e+02 3.300000000000000000e+01 2.922000000000000000e+03 5.320000000000000000e+02
4.010000000000000000e+02 1.690000000000000000e+02 2.300000000000000000e+01 2.867000000000000000e+03 5.430000000000000000e+02
3.300000000000000000e+02 1.390000000000000000e+02 1.600000000000000000e+01 2.918000000000000000e+03 4.790000000000000000e+02
4.800000000000000000e+02 1.620000000000000000e+02 2.100000000000000000e+01 2.817000000000000000e+03 6.150000000000000000e+02
3.250000000000000000e+02 1.630000000000000000e+02 2.600000000000000000e+01 2.780000000000000000e+03 5.120000000000000000e+02
3.080000000000000000e+02 1.510000000000000000e+02 2.300000000000000000e+01 2.688000000000000000e+03 4.820000000000000000e+02
3.870000000000000000e+02 1.330000000000000000e+02 1.600000000000000000e+01 2.682000000000000000e+03 5.320000000000000000e+02
3.610000000000000000e+02 1.480000000000000000e+02 1.900000000000000000e+01 2.656000000000000000e+03 5.280000000000000000e+02
4.380000000000000000e+02 1.620000000000000000e+02 2.900000000000000000e+01 3.136000000000000000e+03 5.970000000000000000e+02
3.410000000000000000e+02 1.500000000000000000e+02 1.800000000000000000e+01 2.482000000000000000e+03 5.010000000000000000e+02
4.210000000000000000e+02 1.870000000000000000e+02 2.900000000000000000e+01 2.893000000000000000e+03 6.070000000000000000e+02
3.920000000000000000e+02 1.620000000000000000e+02 3.600000000000000000e+01 2.967000000000000000e+03 5.820000000000000000e+02
3.180000000000000000e+02 1.500000000000000000e+02 3.400000000000000000e+01 2.345000000000000000e+03 4.910000000000000000e+02
4.060000000000000000e+02 1.620000000000000000e+02 2.700000000000000000e+01 2.912000000000000000e+03 5.640000000000000000e+02
2.690000000000000000e+02 1.000000000000000000e+02 2.400000000000000000e+01 2.137000000000000000e+03 3.930000000000000000e+02
3.070000000000000000e+02 1.390000000000000000e+02 3.100000000000000000e+01 2.540000000000000000e+03 4.730000000000000000e+02
3.670000000000000000e+02 1.460000000000000000e+02 2.000000000000000000e+01 2.834000000000000000e+03 5.190000000000000000e+02
4.700000000000000000e+02 2.020000000000000000e+02 2.700000000000000000e+01 3.104000000000000000e+03 6.370000000000000000e+02
5.150000000000000000e+02 2.190000000000000000e+02 4.200000000000000000e+01 3.375000000000000000e+03 6.940000000000000000e+02
3.750000000000000000e+02 1.670000000000000000e+02 2.500000000000000000e+01 2.905000000000000000e+03 5.580000000000000000e+02
3.000000000000000000e+02 1.320000000000000000e+02 2.400000000000000000e+01 1.967000000000000000e+03 4.540000000000000000e+02
3.480000000000000000e+02 1.620000000000000000e+02 3.400000000000000000e+01 2.687000000000000000e+03 5.330000000000000000e+02
3.960000000000000000e+02 1.510000000000000000e+02 3.000000000000000000e+01 2.805000000000000000e+03 5.670000000000000000e+02
3.580000000000000000e+02 1.670000000000000000e+02 2.700000000000000000e+01 2.657000000000000000e+03 5.450000000000000000e+02
2.940000000000000000e+02 1.430000000000000000e+02 2.600000000000000000e+01 2.867000000000000000e+03 4.600000000000000000e+02
4.610000000000000000e+02 2.080000000000000000e+02 3.900000000000000000e+01 3.014000000000000000e+03 6.490000000000000000e+02
3.880000000000000000e+02 1.520000000000000000e+02 2.500000000000000000e+01 2.963000000000000000e+03 5.590000000000000000e+02
4.160000000000000000e+02 1.720000000000000000e+02 3.000000000000000000e+01 2.881000000000000000e+03 5.930000000000000000e+02
3.840000000000000000e+02 1.760000000000000000e+02 2.500000000000000000e+01 2.738000000000000000e+03 5.600000000000000000e+02
3.980000000000000000e+02 1.820000000000000000e+02 3.500000000000000000e+01 2.904000000000000000e+03 5.930000000000000000e+02
3.580000000000000000e+02 1.630000000000000000e+02 2.400000000000000000e+01 2.743000000000000000e+03 5.360000000000000000e+02
3.230000000000000000e+02 1.450000000000000000e+02 3.500000000000000000e+01 2.705000000000000000e+03 4.980000000000000000e+02
3.870000000000000000e+02 1.560000000000000000e+02 1.600000000000000000e+01 2.880000000000000000e+03 5.390000000000000000e+02
3.450000000000000000e+02 1.500000000000000000e+02 1.900000000000000000e+01 2.527000000000000000e+03 5.070000000000000000e+02
3.330000000000000000e+02 1.440000000000000000e+02 2.000000000000000000e+01 2.748000000000000000e+03 4.870000000000000000e+02
3.500000000000000000e+02 1.850000000000000000e+02 3.600000000000000000e+01 2.496000000000000000e+03 5.540000000000000000e+02
3.360000000000000000e+02 1.430000000000000000e+02 2.400000000000000000e+01 2.582000000000000000e+03 4.980000000000000000e+02
3.260000000000000000e+02 1.490000000000000000e+02 3.000000000000000000e+01 2.719000000000000000e+03 5.020000000000000000e+02
4.250000000000000000e+02 1.740000000000000000e+02 2.100000000000000000e+01 3.006000000000000000e+03 5.840000000000000000e+02
3.640000000000000000e+02 1.630000000000000000e+02 3.000000000000000000e+01 2.585000000000000000e+03 5.500000000000000000e+02
3.760000000000000000e+02 1.660000000000000000e+02 2.700000000000000000e+01 2.684000000000000000e+03 5.590000000000000000e+02
3.470000000000000000e+02 1.580000000000000000e+02 2.200000000000000000e+01 2.838000000000000000e+03 5.130000000000000000e+02
2.900000000000000000e+02 1.300000000000000000e+02 3.000000000000000000e+01 2.346000000000000000e+03 4.480000000000000000e+02
3.890000000000000000e+02 1.630000000000000000e+02 2.600000000000000000e+01 2.658000000000000000e+03 5.590000000000000000e+02
3.450000000000000000e+02 1.350000000000000000e+02 2.400000000000000000e+01 2.302000000000000000e+03 5.010000000000000000e+02
3.080000000000000000e+02 1.270000000000000000e+02 2.400000000000000000e+01 2.432000000000000000e+03 4.570000000000000000e+02
3.990000000000000000e+02 1.550000000000000000e+02 2.100000000000000000e+01 2.911000000000000000e+03 5.700000000000000000e+02
3.810000000000000000e+02 1.700000000000000000e+02 2.300000000000000000e+01 2.864000000000000000e+03 5.460000000000000000e+02
3.710000000000000000e+02 1.710000000000000000e+02 2.900000000000000000e+01 2.637000000000000000e+03 5.470000000000000000e+02
3.340000000000000000e+02 1.340000000000000000e+02 1.800000000000000000e+01 2.575000000000000000e+03 4.850000000000000000e+02
3.000000000000000000e+02 1.520000000000000000e+02 2.600000000000000000e+01 2.675000000000000000e+03 4.770000000000000000e+02
4.280000000000000000e+02 1.390000000000000000e+02 1.900000000000000000e+01 2.878000000000000000e+03 5.620000000000000000e+02
2.810000000000000000e+02 1.450000000000000000e+02 2.700000000000000000e+01 2.279000000000000000e+03 4.530000000000000000e+02
3.870000000000000000e+02 1.800000000000000000e+02 2.400000000000000000e+01 3.040000000000000000e+03 5.740000000000000000e+02
3.670000000000000000e+02 1.650000000000000000e+02 2.800000000000000000e+01 2.890000000000000000e+03 5.570000000000000000e+02
2.880000000000000000e+02 1.540000000000000000e+02 2.500000000000000000e+01 2.511000000000000000e+03 4.660000000000000000e+02
3.250000000000000000e+02 1.440000000000000000e+02 2.400000000000000000e+01 2.387000000000000000e+03 4.890000000000000000e+02
3.810000000000000000e+02 1.760000000000000000e+02 3.400000000000000000e+01 3.057000000000000000e+03 5.660000000000000000e+02
3.260000000000000000e+02 1.340000000000000000e+02 1.900000000000000000e+01 2.888000000000000000e+03 4.790000000000000000e+02
3.320000000000000000e+02 1.770000000000000000e+02 2.600000000000000000e+01 2.504000000000000000e+03 5.240000000000000000e+02
3.010000000000000000e+02 1.560000000000000000e+02 3.000000000000000000e+01 2.669000000000000000e+03 4.840000000000000000e+02
3.070000000000000000e+02 1.550000000000000000e+02 2.800000000000000000e+01 2.767000000000000000e+03 4.860000000000000000e+02
3.580000000000000000e+02 1.510000000000000000e+02 3.600000000000000000e+01 2.765000000000000000e+03 5.370000000000000000e+02
3.670000000000000000e+02 1.790000000000000000e+02 3.800000000000000000e+01 2.937000000000000000e+03 5.790000000000000000e+02
3.470000000000000000e+02 1.710000000000000000e+02 2.000000000000000000e+01 2.804000000000000000e+03 5.270000000000000000e+02
3.530000000000000000e+02 1.360000000000000000e+02 1.900000000000000000e+01 2.662000000000000000e+03 5.060000000000000000e+02
3.490000000000000000e+02 1.590000000000000000e+02 2.700000000000000000e+01 2.742000000000000000e+03 5.290000000000000000e+02
2.960000000000000000e+02 1.620000000000000000e+02 2.800000000000000000e+01 2.635000000000000000e+03 4.840000000000000000e+02
3.380000000000000000e+02 1.750000000000000000e+02 1.700000000000000000e+01 2.881000000000000000e+03 5.090000000000000000e+02
4.340000000000000000e+02 1.790000000000000000e+02 2.100000000000000000e+01 2.659000000000000000e+03 6.050000000000000000e+02
3.460000000000000000e+02 1.540000000000000000e+02 3.100000000000000000e+01 2.655000000000000000e+03 5.130000000000000000e+02
3.400000000000000000e+02 1.380000000000000000e+02 1.300000000000000000e+01 2.617000000000000000e+03 4.850000000000000000e+02
3.600000000000000000e+02 1.520000000000000000e+02 3.300000000000000000e+01 2.665000000000000000e+03 5.280000000000000000e+02
3.940000000000000000e+02 1.480000000000000000e+02 2.500000000000000000e+01 2.784000000000000000e+03 5.530000000000000000e+02
3.720000000000000000e+02 1.310000000000000000e+02 2.800000000000000000e+01 2.638000000000000000e+03 5.270000000000000000e+02
3.610000000000000000e+02 1.590000000000000000e+02 2.400000000000000000e+01 2.877000000000000000e+03 5.310000000000000000e+02
3.310000000000000000e+02 1.580000000000000000e+02 2.500000000000000000e+01 2.598000000000000000e+03 5.070000000000000000e+02
3.820000000000000000e+02 1.260000000000000000e+02 2.900000000000000000e+01 2.607000000000000000e+03 5.180000000000000000e+02
3.030000000000000000e+02 1.460000000000000000e+02 3.200000000000000000e+01 2.823000000000000000e+03 4.810000000000000000e+02
3.020000000000000000e+02 1.360000000000000000e+02 1.900000000000000000e+01 2.689000000000000000e+03 4.570000000000000000e+02
4.030000000000000000e+02 1.610000000000000000e+02 2.300000000000000000e+01 2.761000000000000000e+03 5.770000000000000000e+02
3.430000000000000000e+02 1.450000000000000000e+02 2.600000000000000000e+01 2.608000000000000000e+03 5.030000000000000000e+02
4.540000000000000000e+02 1.660000000000000000e+02 2.700000000000000000e+01 3.004000000000000000e+03 6.220000000000000000e+02
3.190000000000000000e+02 1.330000000000000000e+02 2.800000000000000000e+01 2.604000000000000000e+03 4.740000000000000000e+02
4.060000000000000000e+02 1.720000000000000000e+02 2.500000000000000000e+01 2.993000000000000000e+03 5.790000000000000000e+02
3.360000000000000000e+02 1.220000000000000000e+02 1.800000000000000000e+01 2.337000000000000000e+03 4.730000000000000000e+02
3.590000000000000000e+02 1.450000000000000000e+02 2.900000000000000000e+01 2.560000000000000000e+03 5.200000000000000000e+02
4.150000000000000000e+02 1.690000000000000000e+02 2.200000000000000000e+01 2.913000000000000000e+03 5.860000000000000000e+02
4.310000000000000000e+02 2.110000000000000000e+02 4.000000000000000000e+01 3.247000000000000000e+03 6.380000000000000000e+02
3.110000000000000000e+02 1.320000000000000000e+02 2.900000000000000000e+01 2.451000000000000000e+03 4.690000000000000000e+02
2.900000000000000000e+02 1.130000000000000000e+02 1.300000000000000000e+01 2.294000000000000000e+03 4.160000000000000000e+02
3.040000000000000000e+02 1.460000000000000000e+02 1.900000000000000000e+01 2.608000000000000000e+03 4.690000000000000000e+02
2.970000000000000000e+02 1.440000000000000000e+02 2.700000000000000000e+01 2.386000000000000000e+03 4.630000000000000000e+02
4.220000000000000000e+02 1.540000000000000000e+02 3.100000000000000000e+01 3.021000000000000000e+03 5.970000000000000000e+02
3.820000000000000000e+02 1.430000000000000000e+02 2.900000000000000000e+01 2.746000000000000000e+03 5.470000000000000000e+02
4.310000000000000000e+02 2.030000000000000000e+02 3.300000000000000000e+01 2.934000000000000000e+03 6.400000000000000000e+02
2.910000000000000000e+02 1.430000000000000000e+02 3.000000000000000000e+01 2.478000000000000000e+03 4.620000000000000000e+02
3.460000000000000000e+02 1.360000000000000000e+02 2.000000000000000000e+01 2.654000000000000000e+03 4.970000000000000000e+02
3.690000000000000000e+02 1.470000000000000000e+02 2.400000000000000000e+01 2.719000000000000000e+03 5.240000000000000000e+02
3.620000000000000000e+02 1.760000000000000000e+02 2.900000000000000000e+01 2.848000000000000000e+03 5.620000000000000000e+02
3.460000000000000000e+02 1.440000000000000000e+02 3.600000000000000000e+01 2.386000000000000000e+03 5.190000000000000000e+02
5.260000000000000000e+02 2.110000000000000000e+02 3.800000000000000000e+01 3.122000000000000000e+03 7.220000000000000000e+02
4.260000000000000000e+02 1.810000000000000000e+02 3.500000000000000000e+01 2.956000000000000000e+03 6.160000000000000000e+02
3.980000000000000000e+02 1.410000000000000000e+02 2.200000000000000000e+01 2.902000000000000000e+03 5.530000000000000000e+02
4.320000000000000000e+02 1.720000000000000000e+02 3.100000000000000000e+01 2.704000000000000000e+03 5.960000000000000000e+02
3.370000000000000000e+02 1.520000000000000000e+02 2.500000000000000000e+01 2.892000000000000000e+03 5.090000000000000000e+02
3.660000000000000000e+02 1.390000000000000000e+02 1.900000000000000000e+01 2.727000000000000000e+03 5.150000000000000000e+02
3.950000000000000000e+02 1.730000000000000000e+02 1.800000000000000000e+01 2.771000000000000000e+03 5.680000000000000000e+02
3.690000000000000000e+02 1.390000000000000000e+02 1.900000000000000000e+01 2.918000000000000000e+03 5.150000000000000000e+02
3.240000000000000000e+02 1.510000000000000000e+02 2.900000000000000000e+01 2.585000000000000000e+03 4.910000000000000000e+02
3.060000000000000000e+02 1.310000000000000000e+02 2.400000000000000000e+01 2.500000000000000000e+03 4.590000000000000000e+02
3.700000000000000000e+02 1.730000000000000000e+02 2.900000000000000000e+01 2.614000000000000000e+03 5.490000000000000000e+02
2.920000000000000000e+02 1.410000000000000000e+02 2.900000000000000000e+01 2.298000000000000000e+03 4.600000000000000000e+02
3.440000000000000000e+02 1.470000000000000000e+02 2.900000000000000000e+01 2.502000000000000000e+03 5.190000000000000000e+02
4.210000000000000000e+02 1.820000000000000000e+02 2.800000000000000000e+01 2.667000000000000000e+03 6.090000000000000000e+02
3.280000000000000000e+02 1.740000000000000000e+02 2.900000000000000000e+01 2.936000000000000000e+03 5.260000000000000000e+02
2.430000000000000000e+02 1.430000000000000000e+02 2.100000000000000000e+01 2.143000000000000000e+03 4.050000000000000000e+02
4.070000000000000000e+02 1.450000000000000000e+02 3.200000000000000000e+01 3.032000000000000000e+03 5.700000000000000000e+02
3.380000000000000000e+02 1.600000000000000000e+02 2.700000000000000000e+01 2.779000000000000000e+03 4.970000000000000000e+02
3.650000000000000000e+02 1.620000000000000000e+02 3.900000000000000000e+01 2.822000000000000000e+03 5.590000000000000000e+02
3.900000000000000000e+02 1.760000000000000000e+02 3.500000000000000000e+01 2.951000000000000000e+03 5.740000000000000000e+02
3.360000000000000000e+02 1.400000000000000000e+02 2.000000000000000000e+01 2.544000000000000000e+03 4.950000000000000000e+02
3.700000000000000000e+02 1.610000000000000000e+02 2.600000000000000000e+01 2.613000000000000000e+03 5.490000000000000000e+02
3.320000000000000000e+02 1.610000000000000000e+02 3.900000000000000000e+01 2.907000000000000000e+03 5.260000000000000000e+02
3.720000000000000000e+02 1.480000000000000000e+02 3.200000000000000000e+01 2.561000000000000000e+03 5.300000000000000000e+02
4.210000000000000000e+02 1.350000000000000000e+02 2.100000000000000000e+01 2.796000000000000000e+03 5.580000000000000000e+02
3.560000000000000000e+02 1.630000000000000000e+02 4.200000000000000000e+01 2.797000000000000000e+03 5.470000000000000000e+02
3.600000000000000000e+02 1.460000000000000000e+02 3.500000000000000000e+01 2.653000000000000000e+03 5.380000000000000000e+02
3.640000000000000000e+02 1.660000000000000000e+02 3.100000000000000000e+01 3.031000000000000000e+03 5.470000000000000000e+02
4.030000000000000000e+02 1.500000000000000000e+02 2.400000000000000000e+01 2.897000000000000000e+03 5.560000000000000000e+02
3.680000000000000000e+02 1.470000000000000000e+02 2.200000000000000000e+01 2.919000000000000000e+03 5.330000000000000000e+02
4.650000000000000000e+02 1.710000000000000000e+02 2.900000000000000000e+01 2.730000000000000000e+03 6.320000000000000000e+02
3.600000000000000000e+02 1.660000000000000000e+02 3.900000000000000000e+01 2.895000000000000000e+03 5.570000000000000000e+02
2.540000000000000000e+02 1.280000000000000000e+02 3.000000000000000000e+01 2.183000000000000000e+03 4.070000000000000000e+02
3.230000000000000000e+02 1.540000000000000000e+02 2.900000000000000000e+01 2.648000000000000000e+03 4.990000000000000000e+02
