9.400000000000000000e+01 5.000000000000000000e+00 1.000000000000000000e+00 5.260000000000000000e+02 1.000000000000000000e+02
1.020000000000000000e+02 4.000000000000000000e+00 0.000000000000000000e+00 4.120000000000000000e+02 1.060000000000000000e+02
9.400000000000000000e+01 4.000000000000000000e+00 0.000000000000000000e+00 5.490000000000000000e+02 9.800000000000000000e+01
1.020000000000000000e+02 9.000000000000000000e+00 0.000000000000000000e+00 5.350000000000000000e+02 1.110000000000000000e+02
1.110000000000000000e+02 5.000000000000000000e+00 0.000000000000000000e+00 4.980000000000000000e+02 1.160000000000000000e+02
8.700000000000000000e+01 1.100000000000000000e+01 0.000000000000000000e+00 5.180000000000000000e+02 9.800000000000000000e+01
9.600000000000000000e+01 4.000000000000000000e+00 0.000000000000000000e+00 4.680000000000000000e+02 1.000000000000000000e+02
8.800000000000000000e+01 5.000000000000000000e+00 0.000000000000000000e+00 4.870000000000000000e+02 9.300000000000000000e+01
9.500000000000000000e+01 8.000000000000000000e+00 0.000000000000000000e+00 4.760000000000000000e+02 1.030000000000000000e+02
1.090000000000000000e+02 6.000000000000000000e+00 0.000000000000000000e+00 4.840000000000000000e+02 1.150000000000000000e+02
9.300000000000000000e+01 7.000000000000000000e+00 0.000000000000000000e+00 2.410000000000000000e+02 1.000000000000000000e+02
8.800000000000000000e+01 2.000000000000000000e+00 0.000000000000000000e+00 4.330000000000000000e+02 8.900000000000000000e+01
9.200000000000000000e+01 6.000000000000000000e+00 0.000000000000000000e+00 4.640000000000000000e+02 9.800000000000000000e+01
7.800000000000000000e+01 4.000000000000000000e+00 0.000000000000000000e+00 4.270000000000000000e+02 8.200000000000000000e+01
9.500000000000000000e+01 4.000000000000000000e+00 0.000000000000000000e+00 3.670000000000000000e+02 9.900000000000000000e+01
1.070000000000000000e+02 7.000000000000000000e+00 0.000000000000000000e+00 4.400000000000000000e+02 1.130000000000000000e+02
8.200000000000000000e+01 4.000000000000000000e+00 0.000000000000000000e+00 5.300000000000000000e+02 8.600000000000000000e+01
9.600000000000000000e+01 1.000000000000000000e+00 0.000000000000000000e+00 4.330000000000000000e+02 9.600000000000000000e+01
9.300000000000000000e+01 3.000000000000000000e+00 0.000000000000000000e+00 5.120000000000000000e+02 9.600000000000000000e+01
9.900000000000000000e+01 2.000000000000000000e+00 0.000000000000000000e+00 5.830000000000000000e+02 1.000000000000000000e+02
1.040000000000000000e+02 8.000000000000000000e+00 0.000000000000000000e+00 5.560000000000000000e+02 1.110000000000000000e+02
8.400000000000000000e+01 6.000000000000000000e+00 0.000000000000000000e+00 5.000000000000000000e+02 9.000000000000000000e+01
1.030000000000000000e+02 4.000000000000000000e+00 0.000000000000000000e+00 4.810000000000000000e+02 1.070000000000000000e+02
1.170000000000000000e+02 1.000000000000000000e+01 0.000000000000000000e+00 6.540000000000000000e+02 1.270000000000000000e+02
1.040000000000000000e+02 8.000000000000000000e+00 0.000000000000000000e+00 4.960000000000000000e+02 1.110000000000000000e+02
1.030000000000000000e+02 2.000000000000000000e+00 0.000000000000000000e+00 5.610000000000000000e+02 1.050000000000000000e+02
9.300000000000000000e+01 3.000000000000000000e+00 0.000000000000000000e+00 5.970000000000000000e+02 9.600000000000000000e+01
1.030000000000000000e+02 9.000000000000000000e+00 0.000000000000000000e+00 6.190000000000000000e+02 1.120000000000000000e+02
8.600000000000000000e+01 2.000000000000000000e+00 0.000000000000000000e+00 5.120000000000000000e+02 8.700000000000000000e+01
9.900000000000000000e+01 7.000000000000000000e+00 0.000000000000000000e+00 4.910000000000000000e+02 1.060000000000000000e+02
8.700000000000000000e+01 6.000000000000000000e+00 0.000000000000000000e+00 4.210000000000000000e+02 9.200000000000000000e+01
9.500000000000000000e+01 7.000000000000000000e+00 0.000000000000000000e+00 4.370000000000000000e+02 1.020000000000000000e+02
9.700000000000000000e+01 2.000000000000000000e+00 0.000000000000000000e+00 5.110000000000000000e+02 9.900000000000000000e+01
9.000000000000000000e+01 5.000000000000000000e+00 0.000000000000000000e+00 5.740000000000000000e+02 9.500000000000000000e+01
1.090000000000000000e+02 4.000000000000000000e+00 0.000000000000000000e+00 5.540000000000000000e+02 1.120000000000000000e+02
9.900000000000000000e+01 4.000000000000000000e+00 0.000000000000000000e+00 4.690000000000000000e+02 1.020000000000000000e+02
9.500000000000000000e+01 3.000000000000000000e+00 0.000000000000000000e+00 4.410000000000000000e+02 9.800000000000000000e+01
9.800000000000000000e+01 3.000000000000000000e+00 0.000000000000000000e+00 5.010000000000000000e+02 1.010000000000000000e+02
1.140000000000000000e+02 1.100000000000000000e+01 0.000000000000000000e+00 5.500000000000000000e+02 1.240000000000000000e+02
9.900000000000000000e+01 3.000000000000000000e+00 0.000000000000000000e+00 4.550000000000000000e+02 1.020000000000000000e+02
9.500000000000000000e+01 4.000000000000000000e+00 0.000000000000000000e+00 5.980000000000000000e+02 9.800000000000000000e+01
1.020000000000000000e+02 4.000000000000000000e+00 0.000000000000000000e+00 5.400000000000000000e+02 1.060000000000000000e+02
1.020000000000000000e+02 4.000000000000000000e+00 1.000000000000000000e+00 4.540000000000000000e+02 1.070000000000000000e+02
9.600000000000000000e+01 2.000000000000000000e+00 0.000000000000000000e+00 5.230000000000000000e+02 9.800000000000000000e+01
8.900000000000000000e+01 8.000000000000000000e+00 1.000000000000000000e+00 6.210000000000000000e+02 9.800000000000000000e+01
1.020000000000000000e+02 4.000000000000000000e+00 0.000000000000000000e+00 6.090000000000000000e+02 1.060000000000000000e+02
9.400000000000000000e+01 7.000000000000000000e+00 0.000000000000000000e+00 4.680000000000000000e+02 1.010000000000000000e+02
8.600000000000000000e+01 4.000000000000000000e+00 0.000000000000000000e+00 5.000000000000000000e+02 9.000000000000000000e+01
9.700000000000000000e+01 9.000000000000000000e+00 0.000000000000000000e+00 4.060000000000000000e+02 1.060000000000000000e+02
9.600000000000000000e+01 7.000000000000000000e+00 0.000000000000000000e+00 4.680000000000000000e+02 1.030000000000000000e+02
1.000000000000000000e+02 6.000000000000000000e+00 0.000000000000000000e+00 4.110000000000000000e+02 1.060000000000000000e+02
1.140000000000000000e+02 6.000000000000000000e+00 0.000000000000000000e+00 5.480000000000000000e+02 1.200000000000000000e+02
1.020000000000000000e+02 6.000000000000000000e+00 1.000000000000000000e+00 5.230000000000000000e+02 1.090000000000000000e+02
9.900000000000000000e+01 4.000000000000000000e+00 0.000000000000000000e+00 5.420000000000000000e+02 1.030000000000000000e+02
1.100000000000000000e+02 7.000000000000000000e+00 1.000000000000000000e+00 5.680000000000000000e+02 1.180000000000000000e+02
9.900000000000000000e+01 1.100000000000000000e+01 0.000000000000000000e+00 6.040000000000000000e+02 1.080000000000000000e+02
1.140000000000000000e+02 3.000000000000000000e+00 0.000000000000000000e+00 5.660000000000000000e+02 1.170000000000000000e+02
8.400000000000000000e+01 8.000000000000000000e+00 0.000000000000000000e+00 4.480000000000000000e+02 9.100000000000000000e+01
7.800000000000000000e+01 3.000000000000000000e+00 1.000000000000000000e+00 5.160000000000000000e+02 8.200000000000000000e+01
1.030000000000000000e+02 5.000000000000000000e+00 0.000000000000000000e+00 5.710000000000000000e+02 1.080000000000000000e+02
1.080000000000000000e+02 3.000000000000000000e+00 0.000000000000000000e+00 6.330000000000000000e+02 1.110000000000000000e+02
1.060000000000000000e+02 2.000000000000000000e+00 0.000000000000000000e+00 4.980000000000000000e+02 1.080000000000000000e+02
9.400000000000000000e+01 7.000000000000000000e+00 1.000000000000000000e+00 5.480000000000000000e+02 1.020000000000000000e+02
8.700000000000000000e+01 5.000000000000000000e+00 0.000000000000000000e+00 3.360000000000000000e+02 9.200000000000000000e+01
8.400000000000000000e+01 7.000000000000000000e+00 0.000000000000000000e+00 3.890000000000000000e+02 9.100000000000000000e+01
1.010000000000000000e+02 5.000000000000000000e+00 0.000000000000000000e+00 5.630000000000000000e+02 1.060000000000000000e+02
1.310000000000000000e+02 5.000000000000000000e+00 0.000000000000000000e+00 6.530000000000000000e+02 1.360000000000000000e+02
9.300000000000000000e+01 7.000000000000000000e+00 0.000000000000000000e+00 4.700000000000000000e+02 1.000000000000000000e+02
9.000000000000000000e+01 2.000000000000000000e+00 0.000000000000000000e+00 5.150000000000000000e+02 9.200000000000000000e+01
8.500000000000000000e+01 1.000000000000000000e+00 0.000000000000000000e+00 2.530000000000000000e+02 8.600000000000000000e+01
9.000000000000000000e+01 5.000000000000000000e+00 0.000000000000000000e+00 2.860000000000000000e+02 9.500000000000000000e+01
1.080000000000000000e+02 2.000000000000000000e+00 0.000000000000000000e+00 5.140000000000000000e+02 1.100000000000000000e+02
9.100000000000000000e+01 9.000000000000000000e+00 1.000000000000000000e+00 5.310000000000000000e+02 1.010000000000000000e+02
8.400000000000000000e+01 1.000000000000000000e+01 0.000000000000000000e+00 6.030000000000000000e+02 9.400000000000000000e+01
8.700000000000000000e+01 2.000000000000000000e+00 0.000000000000000000e+00 6.320000000000000000e+02 8.800000000000000000e+01
1.170000000000000000e+02 9.000000000000000000e+00 2.000000000000000000e+00 5.540000000000000000e+02 1.280000000000000000e+02
1.020000000000000000e+02 5.000000000000000000e+00 0.000000000000000000e+00 5.670000000000000000e+02 1.060000000000000000e+02
1.020000000000000000e+02 5.000000000000000000e+00 0.000000000000000000e+00 5.070000000000000000e+02 1.070000000000000000e+02
9.600000000000000000e+01 4.000000000000000000e+00 0.000000000000000000e+00 4.240000000000000000e+02 1.000000000000000000e+02
1.010000000000000000e+02 5.000000000000000000e+00 0.000000000000000000e+00 5.030000000000000000e+02 1.050000000000000000e+02
1.070000000000000000e+02 6.000000000000000000e+00 0.000000000000000000e+00 4.980000000000000000e+02 1.130000000000000000e+02
9.200000000000000000e+01 3.000000000000000000e+00 0.000000000000000000e+00 4.250000000000000000e+02 9.500000000000000000e+01
1.000000000000000000e+02 4.000000000000000000e+00 0.000000000000000000e+00 5.140000000000000000e+02 1.040000000000000000e+02
1.050000000000000000e+02 2.000000000000000000e+00 0.000000000000000000e+00 4.720000000000000000e+02 1.070000000000000000e+02
1.030000000000000000e+02 5.000000000000000000e+00 0.000000000000000000e+00 5.350000000000000000e+02 1.080000000000000000e+02
1.130000000000000000e+02 4.000000000000000000e+00 0.000000000000000000e+00 6.480000000000000000e+02 1.160000000000000000e+02
9.500000000000000000e+01 4.000000000000000000e+00 1.000000000000000000e+00 4.880000000000000000e+02 1.000000000000000000e+02
1.020000000000000000e+02 4.000000000000000000e+00 0.000000000000000000e+00 5.300000000000000000e+02 1.060000000000000000e+02
8.000000000000000000e+01 7.000000000000000000e+00 0.000000000000000000e+00 4.630000000000000000e+02 8.700000000000000000e+01
9.500000000000000000e+01 2.000000000000000000e+00 0.000000000000000000e+00 5.080000000000000000e+02 9.700000000000000000e+01
9.300000000000000000e+01 7.000000000000000000e+00 1.000000000000000000e+00 3.750000000000000000e+02 1.010000000000000000e+02
9.400000000000000000e+01 7.000000000000000000e+00 0.000000000000000000e+00 4.030000000000000000e+02 1.010000000000000000e+02
1.040000000000000000e+02 6.000000000000000000e+00 0.000000000000000000e+00 5.190000000000000000e+02 1.090000000000000000e+02
8.000000000000000000e+01 4.000000000000000000e+00 0.000000000000000000e+00 5.460000000000000000e+02 8.300000000000000000e+01
1.030000000000000000e+02 6.000000000000000000e+00 0.000000000000000000e+00 3.490000000000000000e+02 1.090000000000000000e+02
1.020000000000000000e+02 5.000000000000000000e+00 0.000000000000000000e+00 4.560000000000000000e+02 1.070000000000000000e+02
9.000000000000000000e+01 4.000000000000000000e+00 0.000000000000000000e+00 4.510000000000000000e+02 9.400000000000000000e+01
9.600000000000000000e+01 7.000000000000000000e+00 0.000000000000000000e+00 5.180000000000000000e+02 1.030000000000000000e+02
1.040000000000000000e+02 4.000000000000000000e+00 0.000000000000000000e+00 5.020000000000000000e+02 1.080000000000000000e+02
1.080000000000000000e+02 4.000000000000000000e+00 1.000000000000000000e+00 5.490000000000000000e+02 1.130000000000000000e+02
9.000000000000000000e+01 5.000000000000000000e+00 0.000000000000000000e+00 4.770000000000000000e+02 9.500000000000000000e+01
1.070000000000000000e+02 6.000000000000000000e+00 1.000000000000000000e+00 5.290000000000000000e+02 1.140000000000000000e+02
9.300000000000000000e+01 4.000000000000000000e+00 0.000000000000000000e+00 4.710000000000000000e+02 9.700000000000000000e+01
1.080000000000000000e+02 5.000000000000000000e+00 0.000000000000000000e+00 5.600000000000000000e+02 1.120000000000000000e+02
1.020000000000000000e+02 1.200000000000000000e+01 1.000000000000000000e+00 5.090000000000000000e+02 1.150000000000000000e+02
9.500000000000000000e+01 8.000000000000000000e+00 0.000000000000000000e+00 5.430000000000000000e+02 1.030000000000000000e+02
9.000000000000000000e+01 5.000000000000000000e+00 0.000000000000000000e+00 4.050000000000000000e+02 9.500000000000000000e+01
1.130000000000000000e+02 5.000000000000000000e+00 0.000000000000000000e+00 5.480000000000000000e+02 1.170000000000000000e+02
8.400000000000000000e+01 5.000000000000000000e+00 0.000000000000000000e+00 3.440000000000000000e+02 8.800000000000000000e+01
9.900000000000000000e+01 4.000000000000000000e+00 0.000000000000000000e+00 4.560000000000000000e+02 1.030000000000000000e+02
1.000000000000000000e+02 3.000000000000000000e+00 0.000000000000000000e+00 5.750000000000000000e+02 1.020000000000000000e+02
1.080000000000000000e+02 8.000000000000000000e+00 0.000000000000000000e+00 5.920000000000000000e+02 1.160000000000000000e+02
1.010000000000000000e+02 6.000000000000000000e+00 0.000000000000000000e+00 4.800000000000000000e+02 1.070000000000000000e+02
8.300000000000000000e+01 2.000000000000000000e+00 0.000000000000000000e+00 5.000000000000000000e+02 8.500000000000000000e+01
9.300000000000000000e+01 6.000000000000000000e+00 0.000000000000000000e+00 5.030000000000000000e+02 9.900000000000000000e+01
9.100000000000000000e+01 4.000000000000000000e+00 0.000000000000000000e+00 4.340000000000000000e+02 9.500000000000000000e+01
9.300000000000000000e+01 5.000000000000000000e+00 1.000000000000000000e+00 5.560000000000000000e+02 9.800000000000000000e+01
1.050000000000000000e+02 9.000000000000000000e+00 0.000000000000000000e+00 6.110000000000000000e+02 1.120000000000000000e+02
9.800000000000000000e+01 7.000000000000000000e+00 0.000000000000000000e+00 3.620000000000000000e+02 1.050000000000000000e+02
9.700000000000000000e+01 6.000000000000000000e+00 0.000000000000000000e+00 5.830000000000000000e+02 1.030000000000000000e+02
8.900000000000000000e+01 4.000000000000000000e+00 1.000000000000000000e+00 4.860000000000000000e+02 9.300000000000000000e+01
1.170000000000000000e+02 4.000000000000000000e+00 0.000000000000000000e+00 5.870000000000000000e+02 1.190000000000000000e+02
1.110000000000000000e+02 8.000000000000000000e+00 1.000000000000000000e+00 5.570000000000000000e+02 1.190000000000000000e+02
1.000000000000000000e+02 4.000000000000000000e+00 0.000000000000000000e+00 4.360000000000000000e+02 1.040000000000000000e+02
1.130000000000000000e+02 7.000000000000000000e+00 0.000000000000000000e+00 5.920000000000000000e+02 1.200000000000000000e+02
9.900000000000000000e+01 2.000000000000000000e+00 0.000000000000000000e+00 4.700000000000000000e+02 1.010000000000000000e+02
1.020000000000000000e+02 4.000000000000000000e+00 0.000000000000000000e+00 3.920000000000000000e+02 1.060000000000000000e+02
1.120000000000000000e+02 1.300000000000000000e+01 0.000000000000000000e+00 5.360000000000000000e+02 1.250000000000000000e+02
1.150000000000000000e+02 5.000000000000000000e+00 0.000000000000000000e+00 6.060000000000000000e+02 1.200000000000000000e+02
1.100000000000000000e+02 4.000000000000000000e+00 0.000000000000000000e+00 5.850000000000000000e+02 1.140000000000000000e+02
9.500000000000000000e+01 3.000000000000000000e+00 0.000000000000000000e+00 3.980000000000000000e+02 9.700000000000000000e+01
9.800000000000000000e+01 4.000000000000000000e+00 0.000000000000000000e+00 5.360000000000000000e+02 1.020000000000000000e+02
1.030000000000000000e+02 7.000000000000000000e+00 1.000000000000000000e+00 5.030000000000000000e+02 1.110000000000000000e+02
9.600000000000000000e+01 4.000000000000000000e+00 0.000000000000000000e+00 5.880000000000000000e+02 9.900000000000000000e+01
9.200000000000000000e+01 1.200000000000000000e+01 0.000000000000000000e+00 4.000000000000000000e+02 1.030000000000000000e+02
1.190000000000000000e+02 6.000000000000000000e+00 0.000000000000000000e+00 5.580000000000000000e+02 1.230000000000000000e+02
1.060000000000000000e+02 1.100000000000000000e+01 0.000000000000000000e+00 5.140000000000000000e+02 1.170000000000000000e+02
1.160000000000000000e+02 4.000000000000000000e+00 0.000000000000000000e+00 5.090000000000000000e+02 1.200000000000000000e+02
8.900000000000000000e+01 6.000000000000000000e+00 0.000000000000000000e+00 3.790000000000000000e+02 9.500000000000000000e+01
9.200000000000000000e+01 5.000000000000000000e+00 0.000000000000000000e+00 5.200000000000000000e+02 9.700000000000000000e+01
1.230000000000000000e+02 6.000000000000000000e+00 0.000000000000000000e+00 5.460000000000000000e+02 1.280000000000000000e+02
9.200000000000000000e+01 4.000000000000000000e+00 0.000000000000000000e+00 5.010000000000000000e+02 9.600000000000000000e+01
9.400000000000000000e+01 6.000000000000000000e+00 0.000000000000000000e+00 5.650000000000000000e+02 1.000000000000000000e+02
9.700000000000000000e+01 4.000000000000000000e+00 0.000000000000000000e+00 5.200000000000000000e+02 1.000000000000000000e+02
8.500000000000000000e+01 6.000000000000000000e+00 1.000000000000000000e+00 5.100000000000000000e+02 9.200000000000000000e+01
9.800000000000000000e+01 4.000000000000000000e+00 1.000000000000000000e+00 4.090000000000000000e+02 1.030000000000000000e+02
1.180000000000000000e+02 6.000000000000000000e+00 0.000000000000000000e+00 5.190000000000000000e+02 1.220000000000000000e+02
9.900000000000000000e+01 3.000000000000000000e+00 0.000000000000000000e+00 5.230000000000000000e+02 1.010000000000000000e+02
1.050000000000000000e+02 5.000000000000000000e+00 0.000000000000000000e+00 5.490000000000000000e+02 1.090000000000000000e+02
9.500000000000000000e+01 3.000000000000000000e+00 0.000000000000000000e+00 4.620000000000000000e+02 9.800000000000000000e+01
9.500000000000000000e+01 3.000000000000000000e+00 0.000000000000000000e+00 4.300000000000000000e+02 9.800000000000000000e+01
8.100000000000000000e+01 7.000000000000000000e+00 1.000000000000000000e+00 3.790000000000000000e+02 8.900000000000000000e+01
9.900000000000000000e+01 4.000000000000000000e+00 1.000000000000000000e+00 4.890000000000000000e+02 1.040000000000000000e+02
1.000000000000000000e+02 4.000000000000000000e+00 1.000000000000000000e+00 5.150000000000000000e+02 1.050000000000000000e+02
1.020000000000000000e+02 3.000000000000000000e+00 0.000000000000000000e+00 4.750000000000000000e+02 1.040000000000000000e+02
7.200000000000000000e+01 3.000000000000000000e+00 0.000000000000000000e+00 2.970000000000000000e+02 7.400000000000000000e+01
1.130000000000000000e+02 3.000000000000000000e+00 0.000000000000000000e+00 4.580000000000000000e+02 1.160000000000000000e+02
1.020000000000000000e+02 3.000000000000000000e+00 0.000000000000000000e+00 5.910000000000000000e+02 1.040000000000000000e+02
8.600000000000000000e+01 8.000000000000000000e+00 0.000000000000000000e+00 5.780000000000000000e+02 9.400000000000000000e+01
8.900000000000000000e+01 6.000000000000000000e+00 0.000000000000000000e+00 5.380000000000000000e+02 9.500000000000000000e+01
1.060000000000000000e+02 9.000000000000000000e+00 1.000000000000000000e+00 4.500000000000000000e+02 1.160000000000000000e+02
1.080000000000000000e+02 5.000000000000000000e+00 0.000000000000000000e+00 5.040000000000000000e+02 1.130000000000000000e+02
1.080000000000000000e+02 5.000000000000000000e+00 1.000000000000000000e+00 5.270000000000000000e+02 1.140000000000000000e+02
1.090000000000000000e+02 2.000000000000000000e+00 0.000000000000000000e+00 5.050000000000000000e+02 1.110000000000000000e+02
9.600000000000000000e+01 6.000000000000000000e+00 0.000000000000000000e+00 4.020000000000000000e+02 1.020000000000000000e+02
9.900000000000000000e+01 2.000000000000000000e+00 0.000000000000000000e+00 4.890000000000000000e+02 1.000000000000000000e+02
9.300000000000000000e+01 7.000000000000000000e+00 0.000000000000000000e+00 5.070000000000000000e+02 9.900000000000000000e+01
9.400000000000000000e+01 6.000000000000000000e+00 0.000000000000000000e+00 6.330000000000000000e+02 9.900000000000000000e+01
9.000000000000000000e+01 5.000000000000000000e+00 0.000000000000000000e+00 5.330000000000000000e+02 9.400000000000000000e+01
7.100000000000000000e+01 5.000000000000000000e+00 0.000000000000000000e+00 5.310000000000000000e+02 7.600000000000000000e+01
1.010000000000000000e+02 5.000000000000000000e+00 1.000000000000000000e+00 5.770000000000000000e+02 1.070000000000000000e+02
8.300000000000000000e+01 1.000000000000000000e+00 0.000000000000000000e+00 4.090000000000000000e+02 8.400000000000000000e+01
1.060000000000000000e+02 7.000000000000000000e+00 0.000000000000000000e+00 6.040000000000000000e+02 1.130000000000000000e+02
1.100000000000000000e+02 3.000000000000000000e+00 0.000000000000000000e+00 5.050000000000000000e+02 1.130000000000000000e+02
8.600000000000000000e+01 5.000000000000000000e+00 1.000000000000000000e+00 2.940000000000000000e+02 9.100000000000000000e+01
9.600000000000000000e+01 6.000000000000000000e+00 1.000000000000000000e+00 5.090000000000000000e+02 1.030000000000000000e+02
9.500000000000000000e+01 6.000000000000000000e+00 2.000000000000000000e+00 4.760000000000000000e+02 1.030000000000000000e+02
1.090000000000000000e+02 8.000000000000000000e+00 0.000000000000000000e+00 6.090000000000000000e+02 1.170000000000000000e+02
9.700000000000000000e+01 7.000000000000000000e+00 0.000000000000000000e+00 2.780000000000000000e+02 1.030000000000000000e+02
1.000000000000000000e+02 5.000000000000000000e+00 0.000000000000000000e+00 5.840000000000000000e+02 1.040000000000000000e+02
1.020000000000000000e+02 4.000000000000000000e+00 0.000000000000000000e+00 5.360000000000000000e+02 1.060000000000000000e+02
9.900000000000000000e+01 7.000000000000000000e+00 1.000000000000000000e+00 5.860000000000000000e+02 1.070000000000000000e+02
1.060000000000000000e+02 7.000000000000000000e+00 0.000000000000000000e+00 5.580000000000000000e+02 1.120000000000000000e+02
1.000000000000000000e+02 5.000000000000000000e+00 0.000000000000000000e+00 3.990000000000000000e+02 1.050000000000000000e+02
8.100000000000000000e+01 7.000000000000000000e+00 0.000000000000000000e+00 5.330000000000000000e+02 8.800000000000000000e+01
9.800000000000000000e+01 0.000000000000000000e+00 0.000000000000000000e+00 5.750000000000000000e+02 9.800000000000000000e+01
7.700000000000000000e+01 7.000000000000000000e+00 0.000000000000000000e+00 2.680000000000000000e+02 8.400000000000000000e+01
9.600000000000000000e+01 7.000000000000000000e+00 0.000000000000000000e+00 4.460000000000000000e+02 1.030000000000000000e+02
1.120000000000000000e+02 6.000000000000000000e+00 1.000000000000000000e+00 5.060000000000000000e+02 1.190000000000000000e+02
9.800000000000000000e+01 4.000000000000000000e+00 0.000000000000000000e+00 5.210000000000000000e+02 1.020000000000000000e+02
9.500000000000000000e+01 6.000000000000000000e+00 0.000000000000000000e+00 4.430000000000000000e+02 1.000000000000000000e+02
1.080000000000000000e+02 4.000000000000000000e+00 0.000000000000000000e+00 3.700000000000000000e+02 1.120000000000000000e+02
1.080000000000000000e+02 4.000000000000000000e+00 0.000000000000000000e+00 4.790000000000000000e+02 1.120000000000000000e+02
8.800000000000000000e+01 7.000000000000000000e+00 0.000000000000000000e+00 3.670000000000000000e+02 9.500000000000000000e+01
9.400000000000000000e+01 5.000000000000000000e+00 0.000000000000000000e+00 4.760000000000000000e+02 9.900000000000000000e+01
8.900000000000000000e+01 3.000000000000000000e+00 0.000000000000000000e+00 4.490000000000000000e+02 9.100000000000000000e+01
9.400000000000000000e+01 7.000000000000000000e+00 0.000000000000000000e+00 2.930000000000000000e+02 1.010000000000000000e+02
8.300000000000000000e+01 6.000000000000000000e+00 0.000000000000000000e+00 3.080000000000000000e+02 8.900000000000000000e+01
9.600000000000000000e+01 6.000000000000000000e+00 0.000000000000000000e+00 3.860000000000000000e+02 1.020000000000000000e+02
9.200000000000000000e+01 1.000000000000000000e+01 0.000000000000000000e+00 4.720000000000000000e+02 1.020000000000000000e+02
1.050000000000000000e+02 8.000000000000000000e+00 0.000000000000000000e+00 5.030000000000000000e+02 1.130000000000000000e+02
1.120000000000000000e+02 7.000000000000000000e+00 0.000000000000000000e+00 4.980000000000000000e+02 1.190000000000000000e+02
9.700000000000000000e+01 6.000000000000000000e+00 1.000000000000000000e+00 6.030000000000000000e+02 1.040000000000000000e+02
9.600000000000000000e+01 5.000000000000000000e+00 0.000000000000000000e+00 4.720000000000000000e+02 1.000000000000000000e+02
1.070000000000000000e+02 7.000000000000000000e+00 0.000000000000000000e+00 5.280000000000000000e+02 1.140000000000000000e+02
1.030000000000000000e+02 5.000000000000000000e+00 0.000000000000000000e+00 3.830000000000000000e+02 1.080000000000000000e+02
1.010000000000000000e+02 6.000000000000000000e+00 1.000000000000000000e+00 5.270000000000000000e+02 1.070000000000000000e+02
9.500000000000000000e+01 7.000000000000000000e+00 1.000000000000000000e+00 5.180000000000000000e+02 1.030000000000000000e+02
9.900000000000000000e+01 3.000000000000000000e+00 0.000000000000000000e+00 6.270000000000000000e+02 1.020000000000000000e+02
1.040000000000000000e+02 4.000000000000000000e+00 0.000000000000000000e+00 6.390000000000000000e+02 1.080000000000000000e+02
7.900000000000000000e+01 6.000000000000000000e+00 0.000000000000000000e+00 2.010000000000000000e+02 8.500000000000000000e+01
8.500000000000000000e+01 5.000000000000000000e+00 0.000000000000000000e+00 5.150000000000000000e+02 9.000000000000000000e+01
1.010000000000000000e+02 5.000000000000000000e+00 0.000000000000000000e+00 4.990000000000000000e+02 1.060000000000000000e+02
1.080000000000000000e+02 6.000000000000000000e+00 0.000000000000000000e+00 5.130000000000000000e+02 1.140000000000000000e+02
8.900000000000000000e+01 4.000000000000000000e+00 0.000000000000000000e+00 4.700000000000000000e+02 9.300000000000000000e+01
7.400000000000000000e+01 6.000000000000000000e+00 0.000000000000000000e+00 3.820000000000000000e+02 8.000000000000000000e+01
1.070000000000000000e+02 3.000000000000000000e+00 0.000000000000000000e+00 5.660000000000000000e+02 1.100000000000000000e+02
9.400000000000000000e+01 7.000000000000000000e+00 0.000000000000000000e+00 4.740000000000000000e+02 1.010000000000000000e+02
9.600000000000000000e+01 7.000000000000000000e+00 0.000000000000000000e+00 5.830000000000000000e+02 1.030000000000000000e+02
9.900000000000000000e+01 5.000000000000000000e+00 0.000000000000000000e+00 5.530000000000000000e+02 1.030000000000000000e+02
1.050000000000000000e+02 5.000000000000000000e+00 0.000000000000000000e+00 5.330000000000000000e+02 1.100000000000000000e+02
9.000000000000000000e+01 6.000000000000000000e+00 0.000000000000000000e+00 5.570000000000000000e+02 9.600000000000000000e+01
9.300000000000000000e+01 9.000000000000000000e+00 0.000000000000000000e+00 4.770000000000000000e+02 1.020000000000000000e+02
1.010000000000000000e+02 5.000000000000000000e+00 0.000000000000000000e+00 5.670000000000000000e+02 1.050000000000000000e+02
1.010000000000000000e+02 7.000000000000000000e+00 0.000000000000000000e+00 5.320000000000000000e+02 1.070000000000000000e+02
9.600000000000000000e+01 6.000000000000000000e+00 0.000000000000000000e+00 3.230000000000000000e+02 1.020000000000000000e+02
1.020000000000000000e+02 6.000000000000000000e+00 0.000000000000000000e+00 4.650000000000000000e+02 1.070000000000000000e+02
9.200000000000000000e+01 1.600000000000000000e+01 2.000000000000000000e+00 3.760000000000000000e+02 1.100000000000000000e+02
1.020000000000000000e+02 4.000000000000000000e+00 0.000000000000000000e+00 5.260000000000000000e+02 1.060000000000000000e+02
1.010000000000000000e+02 4.000000000000000000e+00 0.000000000000000000e+00 5.510000000000000000e+02 1.050000000000000000e+02
9.900000000000000000e+01 5.000000000000000000e+00 0.000000000000000000e+00 5.480000000000000000e+02 1.030000000000000000e+02
1.070000000000000000e+02 8.000000000000000000e+00 0.000000000000000000e+00 6.030000000000000000e+02 1.150000000000000000e+02
9.100000000000000000e+01 3.000000000000000000e+00 0.000000000000000000e+00 3.510000000000000000e+02 9.400000000000000000e+01
9.700000000000000000e+01 1.000000000000000000e+00 0.000000000000000000e+00 4.730000000000000000e+02 9.700000000000000000e+01
9.300000000000000000e+01 7.000000000000000000e+00 0.000000000000000000e+00 4.750000000000000000e+02 1.000000000000000000e+02
1.080000000000000000e+02 6.000000000000000000e+00 0.000000000000000000e+00 4.500000000000000000e+02 1.140000000000000000e+02
9.700000000000000000e+01 5.000000000000000000e+00 1.000000000000000000e+00 6.710000000000000000e+02 1.030000000000000000e+02
9.500000000000000000e+01 5.000000000000000000e+00 0.000000000000000000e+00 4.260000000000000000e+02 1.000000000000000000e+02
1.070000000000000000e+02 2.000000000000000000e+00 0.000000000000000000e+00 5.400000000000000000e+02 1.090000000000000000e+02
9.700000000000000000e+01 4.000000000000000000e+00 0.000000000000000000e+00 5.940000000000000000e+02 1.010000000000000000e+02
1.130000000000000000e+02 7.000000000000000000e+00 0.000000000000000000e+00 5.070000000000000000e+02 1.200000000000000000e+02
1.080000000000000000e+02 4.000000000000000000e+00 0.000000000000000000e+00 4.760000000000000000e+02 1.100000000000000000e+02
1.090000000000000000e+02 4.000000000000000000e+00 0.000000000000000000e+00 4.840000000000000000e+02 1.120000000000000000e+02
9.100000000000000000e+01 1.000000000000000000e+00 0.000000000000000000e+00 4.080000000000000000e+02 9.100000000000000000e+01
8.900000000000000000e+01 4.000000000000000000e+00 0.000000000000000000e+00 4.510000000000000000e+02 9.300000000000000000e+01
9.500000000000000000e+01 6.000000000000000000e+00 0.000000000000000000e+00 5.020000000000000000e+02 1.010000000000000000e+02
9.100000000000000000e+01 5.000000000000000000e+00 2.000000000000000000e+00 4.790000000000000000e+02 9.800000000000000000e+01
9.000000000000000000e+01 1.100000000000000000e+01 0.000000000000000000e+00 5.750000000000000000e+02 1.000000000000000000e+02
1.110000000000000000e+02 1.000000000000000000e+01 0.000000000000000000e+00 6.250000000000000000e+02 1.210000000000000000e+02
1.130000000000000000e+02 3.000000000000000000e+00 0.000000000000000000e+00 5.590000000000000000e+02 1.160000000000000000e+02
