5.900000000000000000e+01 9.500000000000000000e+01 2.400000000000000000e+01 1.072000000000000000e+03 1.780000000000000000e+02
5.400000000000000000e+01 8.900000000000000000e+01 2.900000000000000000e+01 9.760000000000000000e+02 1.690000000000000000e+02
6.500000000000000000e+01 8.200000000000000000e+01 1.900000000000000000e+01 8.660000000000000000e+02 1.630000000000000000e+02
5.000000000000000000e+01 8.600000000000000000e+01 2.900000000000000000e+01 1.014000000000000000e+03 1.620000000000000000e+02
2.800000000000000000e+01 7.500000000000000000e+01 1.900000000000000000e+01 7.420000000000000000e+02 1.210000000000000000e+02
5.200000000000000000e+01 8.400000000000000000e+01 2.700000000000000000e+01 9.190000000000000000e+02 1.580000000000000000e+02
6.000000000000000000e+01 8.500000000000000000e+01 2.000000000000000000e+01 9.950000000000000000e+02 1.650000000000000000e+02
5.100000000000000000e+01 8.700000000000000000e+01 2.700000000000000000e+01 9.680000000000000000e+02 1.630000000000000000e+02
4.100000000000000000e+01 8.500000000000000000e+01 2.500000000000000000e+01 9.930000000000000000e+02 1.490000000000000000e+02
5.100000000000000000e+01 9.200000000000000000e+01 2.600000000000000000e+01 1.064000000000000000e+03 1.670000000000000000e+02
1.400000000000000000e+01 6.100000000000000000e+01 1.900000000000000000e+01 7.220000000000000000e+02 9.300000000000000000e+01
4.600000000000000000e+01 8.000000000000000000e+01 2.000000000000000000e+01 9.860000000000000000e+02 1.430000000000000000e+02
6.800000000000000000e+01 9.400000000000000000e+01 2.700000000000000000e+01 1.099000000000000000e+03 1.850000000000000000e+02
3.800000000000000000e+01 8.300000000000000000e+01 1.800000000000000000e+01 7.850000000000000000e+02 1.370000000000000000e+02
5.500000000000000000e+01 8.100000000000000000e+01 1.900000000000000000e+01 1.056000000000000000e+03 1.530000000000000000e+02
4.700000000000000000e+01 7.700000000000000000e+01 2.000000000000000000e+01 9.300000000000000000e+02 1.440000000000000000e+02
3.900000000000000000e+01 8.300000000000000000e+01 2.300000000000000000e+01 8.490000000000000000e+02 1.400000000000000000e+02
2.400000000000000000e+01 9.400000000000000000e+01 2.000000000000000000e+01 8.100000000000000000e+02 1.350000000000000000e+02
5.700000000000000000e+01 8.800000000000000000e+01 2.500000000000000000e+01 9.860000000000000000e+02 1.670000000000000000e+02
6.900000000000000000e+01 9.100000000000000000e+01 3.500000000000000000e+01 9.780000000000000000e+02 1.910000000000000000e+02
4.800000000000000000e+01 8.600000000000000000e+01 2.400000000000000000e+01 1.083000000000000000e+03 1.560000000000000000e+02
5.100000000000000000e+01 8.200000000000000000e+01 1.700000000000000000e+01 9.850000000000000000e+02 1.450000000000000000e+02
5.100000000000000000e+01 7.400000000000000000e+01 2.000000000000000000e+01 9.070000000000000000e+02 1.420000000000000000e+02
3.200000000000000000e+01 8.200000000000000000e+01 2.200000000000000000e+01 1.152000000000000000e+03 1.350000000000000000e+02
5.800000000000000000e+01 8.600000000000000000e+01 2.700000000000000000e+01 9.730000000000000000e+02 1.670000000000000000e+02
6.100000000000000000e+01 9.800000000000000000e+01 3.100000000000000000e+01 1.045000000000000000e+03 1.900000000000000000e+02
1.700000000000000000e+01 9.800000000000000000e+01 3.500000000000000000e+01 1.023000000000000000e+03 1.480000000000000000e+02
5.500000000000000000e+01 9.300000000000000000e+01 2.600000000000000000e+01 9.050000000000000000e+02 1.740000000000000000e+02
5.600000000000000000e+01 9.600000000000000000e+01 2.300000000000000000e+01 1.073000000000000000e+03 1.720000000000000000e+02
3.900000000000000000e+01 1.040000000000000000e+02 1.800000000000000000e+01 9.450000000000000000e+02 1.570000000000000000e+02
1.800000000000000000e+01 6.100000000000000000e+01 2.300000000000000000e+01 7.960000000000000000e+02 1.020000000000000000e+02
4.500000000000000000e+01 6.900000000000000000e+01 2.300000000000000000e+01 8.940000000000000000e+02 1.340000000000000000e+02
6.000000000000000000e+01 8.600000000000000000e+01 3.000000000000000000e+01 1.019000000000000000e+03 1.720000000000000000e+02
7.600000000000000000e+01 1.100000000000000000e+02 2.400000000000000000e+01 1.200000000000000000e+03 2.060000000000000000e+02
5.400000000000000000e+01 9.100000000000000000e+01 2.300000000000000000e+01 7.560000000000000000e+02 1.670000000000000000e+02
4.000000000000000000e+01 7.300000000000000000e+01 2.400000000000000000e+01 9.660000000000000000e+02 1.300000000000000000e+02
5.400000000000000000e+01 7.700000000000000000e+01 8.000000000000000000e+00 1.059000000000000000e+03 1.360000000000000000e+02
2.100000000000000000e+01 1.030000000000000000e+02 3.900000000000000000e+01 8.810000000000000000e+02 1.580000000000000000e+02
3.700000000000000000e+01 8.000000000000000000e+01 2.200000000000000000e+01 9.290000000000000000e+02 1.330000000000000000e+02
4.300000000000000000e+01 7.700000000000000000e+01 2.200000000000000000e+01 7.660000000000000000e+02 1.370000000000000000e+02
4.300000000000000000e+01 6.600000000000000000e+01 2.200000000000000000e+01 7.130000000000000000e+02 1.310000000000000000e+02
6.100000000000000000e+01 6.400000000000000000e+01 2.500000000000000000e+01 8.170000000000000000e+02 1.480000000000000000e+02
7.300000000000000000e+01 7.700000000000000000e+01 1.800000000000000000e+01 8.900000000000000000e+02 1.670000000000000000e+02
2.000000000000000000e+01 8.800000000000000000e+01 3.100000000000000000e+01 8.190000000000000000e+02 1.370000000000000000e+02
5.800000000000000000e+01 7.500000000000000000e+01 2.500000000000000000e+01 8.630000000000000000e+02 1.570000000000000000e+02
6.600000000000000000e+01 8.900000000000000000e+01 2.400000000000000000e+01 8.880000000000000000e+02 1.730000000000000000e+02
4.700000000000000000e+01 8.100000000000000000e+01 1.900000000000000000e+01 9.930000000000000000e+02 1.430000000000000000e+02
5.600000000000000000e+01 1.030000000000000000e+02 2.200000000000000000e+01 1.123000000000000000e+03 1.800000000000000000e+02
3.100000000000000000e+01 9.300000000000000000e+01 2.600000000000000000e+01 9.790000000000000000e+02 1.460000000000000000e+02
2.500000000000000000e+01 1.040000000000000000e+02 3.400000000000000000e+01 9.980000000000000000e+02 1.600000000000000000e+02
4.400000000000000000e+01 7.000000000000000000e+01 2.000000000000000000e+01 8.550000000000000000e+02 1.250000000000000000e+02
3.900000000000000000e+01 8.900000000000000000e+01 2.600000000000000000e+01 1.094000000000000000e+03 1.530000000000000000e+02
4.900000000000000000e+01 7.900000000000000000e+01 2.100000000000000000e+01 9.130000000000000000e+02 1.470000000000000000e+02
4.200000000000000000e+01 9.600000000000000000e+01 2.900000000000000000e+01 9.760000000000000000e+02 1.650000000000000000e+02
4.600000000000000000e+01 8.500000000000000000e+01 3.200000000000000000e+01 9.160000000000000000e+02 1.600000000000000000e+02
4.300000000000000000e+01 7.200000000000000000e+01 1.600000000000000000e+01 6.370000000000000000e+02 1.290000000000000000e+02
5.800000000000000000e+01 9.400000000000000000e+01 1.800000000000000000e+01 7.980000000000000000e+02 1.690000000000000000e+02
4.300000000000000000e+01 8.500000000000000000e+01 1.800000000000000000e+01 8.650000000000000000e+02 1.420000000000000000e+02
5.200000000000000000e+01 9.000000000000000000e+01 2.300000000000000000e+01 1.006000000000000000e+03 1.620000000000000000e+02
2.400000000000000000e+01 7.600000000000000000e+01 2.000000000000000000e+01 1.026000000000000000e+03 1.170000000000000000e+02
5.300000000000000000e+01 8.800000000000000000e+01 2.700000000000000000e+01 8.860000000000000000e+02 1.660000000000000000e+02
8.000000000000000000e+01 7.600000000000000000e+01 2.000000000000000000e+01 1.107000000000000000e+03 1.740000000000000000e+02
6.000000000000000000e+01 1.100000000000000000e+02 2.900000000000000000e+01 1.189000000000000000e+03 1.960000000000000000e+02
7.400000000000000000e+01 8.500000000000000000e+01 2.000000000000000000e+01 1.074000000000000000e+03 1.740000000000000000e+02
5.600000000000000000e+01 7.200000000000000000e+01 1.700000000000000000e+01 9.950000000000000000e+02 1.440000000000000000e+02
5.400000000000000000e+01 7.500000000000000000e+01 2.800000000000000000e+01 8.760000000000000000e+02 1.530000000000000000e+02
6.500000000000000000e+01 8.100000000000000000e+01 2.300000000000000000e+01 1.020000000000000000e+03 1.660000000000000000e+02
4.700000000000000000e+01 1.070000000000000000e+02 2.500000000000000000e+01 9.640000000000000000e+02 1.790000000000000000e+02
6.300000000000000000e+01 7.500000000000000000e+01 1.600000000000000000e+01 9.040000000000000000e+02 1.510000000000000000e+02
8.000000000000000000e+01 8.500000000000000000e+01 1.700000000000000000e+01 1.109000000000000000e+03 1.800000000000000000e+02
5.500000000000000000e+01 8.700000000000000000e+01 2.300000000000000000e+01 9.670000000000000000e+02 1.620000000000000000e+02
5.200000000000000000e+01 8.600000000000000000e+01 1.700000000000000000e+01 1.041000000000000000e+03 1.520000000000000000e+02
4.300000000000000000e+01 1.010000000000000000e+02 2.700000000000000000e+01 9.400000000000000000e+02 1.680000000000000000e+02
6.000000000000000000e+01 8.500000000000000000e+01 2.700000000000000000e+01 1.043000000000000000e+03 1.710000000000000000e+02
4.500000000000000000e+01 9.500000000000000000e+01 1.700000000000000000e+01 8.630000000000000000e+02 1.560000000000000000e+02
4.000000000000000000e+01 9.100000000000000000e+01 2.400000000000000000e+01 9.500000000000000000e+02 1.520000000000000000e+02
6.600000000000000000e+01 8.900000000000000000e+01 1.700000000000000000e+01 9.410000000000000000e+02 1.700000000000000000e+02
4.300000000000000000e+01 7.300000000000000000e+01 1.900000000000000000e+01 1.096000000000000000e+03 1.300000000000000000e+02
4.900000000000000000e+01 7.000000000000000000e+01 2.100000000000000000e+01 9.010000000000000000e+02 1.380000000000000000e+02
3.800000000000000000e+01 8.000000000000000000e+01 2.200000000000000000e+01 7.290000000000000000e+02 1.370000000000000000e+02
1.700000000000000000e+01 9.100000000000000000e+01 2.200000000000000000e+01 8.150000000000000000e+02 1.280000000000000000e+02
5.100000000000000000e+01 8.400000000000000000e+01 2.600000000000000000e+01 1.111000000000000000e+03 1.570000000000000000e+02
6.700000000000000000e+01 7.200000000000000000e+01 2.300000000000000000e+01 8.340000000000000000e+02 1.600000000000000000e+02
2.900000000000000000e+01 1.070000000000000000e+02 2.400000000000000000e+01 9.160000000000000000e+02 1.570000000000000000e+02
5.900000000000000000e+01 1.300000000000000000e+02 3.500000000000000000e+01 1.123000000000000000e+03 2.230000000000000000e+02
4.400000000000000000e+01 8.500000000000000000e+01 1.400000000000000000e+01 8.360000000000000000e+02 1.420000000000000000e+02
5.000000000000000000e+01 9.200000000000000000e+01 2.600000000000000000e+01 1.054000000000000000e+03 1.660000000000000000e+02
7.100000000000000000e+01 1.010000000000000000e+02 2.100000000000000000e+01 9.020000000000000000e+02 1.880000000000000000e+02
2.900000000000000000e+01 7.400000000000000000e+01 2.200000000000000000e+01 9.880000000000000000e+02 1.150000000000000000e+02
8.100000000000000000e+01 9.200000000000000000e+01 3.200000000000000000e+01 9.270000000000000000e+02 2.040000000000000000e+02
5.400000000000000000e+01 9.200000000000000000e+01 2.500000000000000000e+01 8.290000000000000000e+02 1.640000000000000000e+02
8.700000000000000000e+01 1.010000000000000000e+02 2.300000000000000000e+01 1.029000000000000000e+03 2.110000000000000000e+02
6.200000000000000000e+01 8.100000000000000000e+01 2.200000000000000000e+01 9.010000000000000000e+02 1.650000000000000000e+02
3.100000000000000000e+01 7.800000000000000000e+01 1.800000000000000000e+01 9.280000000000000000e+02 1.260000000000000000e+02
4.200000000000000000e+01 7.700000000000000000e+01 2.900000000000000000e+01 9.730000000000000000e+02 1.460000000000000000e+02
7.200000000000000000e+01 1.020000000000000000e+02 1.700000000000000000e+01 1.004000000000000000e+03 1.890000000000000000e+02
5.300000000000000000e+01 8.000000000000000000e+01 2.000000000000000000e+01 9.090000000000000000e+02 1.510000000000000000e+02
5.500000000000000000e+01 8.300000000000000000e+01 2.600000000000000000e+01 8.720000000000000000e+02 1.610000000000000000e+02
6.900000000000000000e+01 9.100000000000000000e+01 2.100000000000000000e+01 1.079000000000000000e+03 1.790000000000000000e+02
3.200000000000000000e+01 6.500000000000000000e+01 2.500000000000000000e+01 1.009000000000000000e+03 1.190000000000000000e+02
7.100000000000000000e+01 9.800000000000000000e+01 3.300000000000000000e+01 9.300000000000000000e+02 2.010000000000000000e+02
7.400000000000000000e+01 8.800000000000000000e+01 2.100000000000000000e+01 8.840000000000000000e+02 1.810000000000000000e+02
3.100000000000000000e+01 8.700000000000000000e+01 3.300000000000000000e+01 1.102000000000000000e+03 1.480000000000000000e+02
4.000000000000000000e+01 6.900000000000000000e+01 2.600000000000000000e+01 7.720000000000000000e+02 1.320000000000000000e+02
4.500000000000000000e+01 7.700000000000000000e+01 2.500000000000000000e+01 9.970000000000000000e+02 1.450000000000000000e+02
6.400000000000000000e+01 8.100000000000000000e+01 1.500000000000000000e+01 8.420000000000000000e+02 1.580000000000000000e+02
3.100000000000000000e+01 8.800000000000000000e+01 2.800000000000000000e+01 8.930000000000000000e+02 1.420000000000000000e+02
4.200000000000000000e+01 8.500000000000000000e+01 3.000000000000000000e+01 1.057000000000000000e+03 1.500000000000000000e+02
6.100000000000000000e+01 6.900000000000000000e+01 1.700000000000000000e+01 9.000000000000000000e+02 1.460000000000000000e+02
5.600000000000000000e+01 7.600000000000000000e+01 1.600000000000000000e+01 1.055000000000000000e+03 1.470000000000000000e+02
4.500000000000000000e+01 9.100000000000000000e+01 2.700000000000000000e+01 9.270000000000000000e+02 1.580000000000000000e+02
4.500000000000000000e+01 7.000000000000000000e+01 1.800000000000000000e+01 6.460000000000000000e+02 1.300000000000000000e+02
6.300000000000000000e+01 7.100000000000000000e+01 1.800000000000000000e+01 8.180000000000000000e+02 1.490000000000000000e+02
6.000000000000000000e+01 8.100000000000000000e+01 2.500000000000000000e+01 9.920000000000000000e+02 1.630000000000000000e+02
4.800000000000000000e+01 8.000000000000000000e+01 2.500000000000000000e+01 1.057000000000000000e+03 1.490000000000000000e+02
7.300000000000000000e+01 1.110000000000000000e+02 2.800000000000000000e+01 1.110000000000000000e+03 2.090000000000000000e+02
5.800000000000000000e+01 7.600000000000000000e+01 2.400000000000000000e+01 9.760000000000000000e+02 1.570000000000000000e+02
6.100000000000000000e+01 8.000000000000000000e+01 2.400000000000000000e+01 9.620000000000000000e+02 1.640000000000000000e+02
6.100000000000000000e+01 9.100000000000000000e+01 2.700000000000000000e+01 9.540000000000000000e+02 1.790000000000000000e+02
7.100000000000000000e+01 8.700000000000000000e+01 1.900000000000000000e+01 9.640000000000000000e+02 1.740000000000000000e+02
2.700000000000000000e+01 7.800000000000000000e+01 3.000000000000000000e+01 8.410000000000000000e+02 1.340000000000000000e+02
4.400000000000000000e+01 9.200000000000000000e+01 2.400000000000000000e+01 9.220000000000000000e+02 1.570000000000000000e+02
5.800000000000000000e+01 9.100000000000000000e+01 2.500000000000000000e+01 1.073000000000000000e+03 1.710000000000000000e+02
4.800000000000000000e+01 7.800000000000000000e+01 2.400000000000000000e+01 9.890000000000000000e+02 1.490000000000000000e+02
4.300000000000000000e+01 6.900000000000000000e+01 1.600000000000000000e+01 8.410000000000000000e+02 1.250000000000000000e+02
4.500000000000000000e+01 6.100000000000000000e+01 2.300000000000000000e+01 6.390000000000000000e+02 1.250000000000000000e+02
3.500000000000000000e+01 8.200000000000000000e+01 3.200000000000000000e+01 9.740000000000000000e+02 1.440000000000000000e+02
5.900000000000000000e+01 7.900000000000000000e+01 1.700000000000000000e+01 1.059000000000000000e+03 1.520000000000000000e+02
7.000000000000000000e+01 1.000000000000000000e+02 2.900000000000000000e+01 1.011000000000000000e+03 1.960000000000000000e+02
5.800000000000000000e+01 9.700000000000000000e+01 2.200000000000000000e+01 1.134000000000000000e+03 1.730000000000000000e+02
4.800000000000000000e+01 8.600000000000000000e+01 2.400000000000000000e+01 9.340000000000000000e+02 1.560000000000000000e+02
3.500000000000000000e+01 9.500000000000000000e+01 3.100000000000000000e+01 8.790000000000000000e+02 1.590000000000000000e+02
6.400000000000000000e+01 6.400000000000000000e+01 1.800000000000000000e+01 1.026000000000000000e+03 1.450000000000000000e+02
5.800000000000000000e+01 9.700000000000000000e+01 2.000000000000000000e+01 9.880000000000000000e+02 1.740000000000000000e+02
5.700000000000000000e+01 7.100000000000000000e+01 1.700000000000000000e+01 8.780000000000000000e+02 1.420000000000000000e+02
1.900000000000000000e+01 7.100000000000000000e+01 1.600000000000000000e+01 8.140000000000000000e+02 1.050000000000000000e+02
2.300000000000000000e+01 5.700000000000000000e+01 1.700000000000000000e+01 7.620000000000000000e+02 9.600000000000000000e+01
6.300000000000000000e+01 1.000000000000000000e+02 2.700000000000000000e+01 1.036000000000000000e+03 1.880000000000000000e+02
6.500000000000000000e+01 8.900000000000000000e+01 1.900000000000000000e+01 8.370000000000000000e+02 1.700000000000000000e+02
6.900000000000000000e+01 7.700000000000000000e+01 2.300000000000000000e+01 7.710000000000000000e+02 1.670000000000000000e+02
3.600000000000000000e+01 8.900000000000000000e+01 2.800000000000000000e+01 8.630000000000000000e+02 1.510000000000000000e+02
5.300000000000000000e+01 6.900000000000000000e+01 3.200000000000000000e+01 9.970000000000000000e+02 1.500000000000000000e+02
5.600000000000000000e+01 7.700000000000000000e+01 2.800000000000000000e+01 9.220000000000000000e+02 1.580000000000000000e+02
6.500000000000000000e+01 6.800000000000000000e+01 1.700000000000000000e+01 9.270000000000000000e+02 1.500000000000000000e+02
6.100000000000000000e+01 7.100000000000000000e+01 1.800000000000000000e+01 9.710000000000000000e+02 1.490000000000000000e+02
3.800000000000000000e+01 8.400000000000000000e+01 2.600000000000000000e+01 8.730000000000000000e+02 1.460000000000000000e+02
7.800000000000000000e+01 8.700000000000000000e+01 2.400000000000000000e+01 1.081000000000000000e+03 1.870000000000000000e+02
3.300000000000000000e+01 8.200000000000000000e+01 2.500000000000000000e+01 9.400000000000000000e+02 1.360000000000000000e+02
4.300000000000000000e+01 9.400000000000000000e+01 2.000000000000000000e+01 9.470000000000000000e+02 1.560000000000000000e+02
7.500000000000000000e+01 9.200000000000000000e+01 2.600000000000000000e+01 1.100000000000000000e+03 1.900000000000000000e+02
6.300000000000000000e+01 8.500000000000000000e+01 3.200000000000000000e+01 9.790000000000000000e+02 1.780000000000000000e+02
4.300000000000000000e+01 8.000000000000000000e+01 2.000000000000000000e+01 9.050000000000000000e+02 1.420000000000000000e+02
6.600000000000000000e+01 5.600000000000000000e+01 2.000000000000000000e+01 1.024000000000000000e+03 1.410000000000000000e+02
3.700000000000000000e+01 4.700000000000000000e+01 1.900000000000000000e+01 9.170000000000000000e+02 9.500000000000000000e+01
6.100000000000000000e+01 7.700000000000000000e+01 2.900000000000000000e+01 1.048000000000000000e+03 1.630000000000000000e+02
6.800000000000000000e+01 8.000000000000000000e+01 2.300000000000000000e+01 9.690000000000000000e+02 1.710000000000000000e+02
4.300000000000000000e+01 6.400000000000000000e+01 1.300000000000000000e+01 7.790000000000000000e+02 1.130000000000000000e+02
4.100000000000000000e+01 8.300000000000000000e+01 2.100000000000000000e+01 1.018000000000000000e+03 1.420000000000000000e+02
3.400000000000000000e+01 6.600000000000000000e+01 1.600000000000000000e+01 8.220000000000000000e+02 1.130000000000000000e+02
4.800000000000000000e+01 8.600000000000000000e+01 2.300000000000000000e+01 8.370000000000000000e+02 1.550000000000000000e+02
4.800000000000000000e+01 8.700000000000000000e+01 2.300000000000000000e+01 8.360000000000000000e+02 1.580000000000000000e+02
5.100000000000000000e+01 7.600000000000000000e+01 2.100000000000000000e+01 7.930000000000000000e+02 1.450000000000000000e+02
5.000000000000000000e+01 9.300000000000000000e+01 2.500000000000000000e+01 1.081000000000000000e+03 1.640000000000000000e+02
5.200000000000000000e+01 1.000000000000000000e+02 3.100000000000000000e+01 1.020000000000000000e+03 1.820000000000000000e+02
6.400000000000000000e+01 8.400000000000000000e+01 2.700000000000000000e+01 1.040000000000000000e+03 1.710000000000000000e+02
2.900000000000000000e+01 8.300000000000000000e+01 2.100000000000000000e+01 8.690000000000000000e+02 1.300000000000000000e+02
5.200000000000000000e+01 7.400000000000000000e+01 2.500000000000000000e+01 9.720000000000000000e+02 1.480000000000000000e+02
3.500000000000000000e+01 4.700000000000000000e+01 1.400000000000000000e+01 8.620000000000000000e+02 9.500000000000000000e+01
4.800000000000000000e+01 8.200000000000000000e+01 1.400000000000000000e+01 8.620000000000000000e+02 1.390000000000000000e+02
5.900000000000000000e+01 7.600000000000000000e+01 2.200000000000000000e+01 1.015000000000000000e+03 1.550000000000000000e+02
5.800000000000000000e+01 7.800000000000000000e+01 3.000000000000000000e+01 9.400000000000000000e+02 1.660000000000000000e+02
5.600000000000000000e+01 8.700000000000000000e+01 3.200000000000000000e+01 9.630000000000000000e+02 1.730000000000000000e+02
6.200000000000000000e+01 9.900000000000000000e+01 3.200000000000000000e+01 9.960000000000000000e+02 1.920000000000000000e+02
6.100000000000000000e+01 6.800000000000000000e+01 1.300000000000000000e+01 8.880000000000000000e+02 1.410000000000000000e+02
2.800000000000000000e+01 8.700000000000000000e+01 2.500000000000000000e+01 8.120000000000000000e+02 1.370000000000000000e+02
6.200000000000000000e+01 8.500000000000000000e+01 1.900000000000000000e+01 1.051000000000000000e+03 1.660000000000000000e+02
6.500000000000000000e+01 9.100000000000000000e+01 2.200000000000000000e+01 1.043000000000000000e+03 1.760000000000000000e+02
6.100000000000000000e+01 8.100000000000000000e+01 2.500000000000000000e+01 1.008000000000000000e+03 1.630000000000000000e+02
6.100000000000000000e+01 9.600000000000000000e+01 2.700000000000000000e+01 1.006000000000000000e+03 1.810000000000000000e+02
7.100000000000000000e+01 9.300000000000000000e+01 2.700000000000000000e+01 1.085000000000000000e+03 1.890000000000000000e+02
3.400000000000000000e+01 6.300000000000000000e+01 1.500000000000000000e+01 8.090000000000000000e+02 1.070000000000000000e+02
3.400000000000000000e+01 8.400000000000000000e+01 2.100000000000000000e+01 9.920000000000000000e+02 1.350000000000000000e+02
6.500000000000000000e+01 8.800000000000000000e+01 3.100000000000000000e+01 9.980000000000000000e+02 1.780000000000000000e+02
5.800000000000000000e+01 9.500000000000000000e+01 4.000000000000000000e+01 1.093000000000000000e+03 1.920000000000000000e+02
6.500000000000000000e+01 8.600000000000000000e+01 1.900000000000000000e+01 1.113000000000000000e+03 1.650000000000000000e+02
5.100000000000000000e+01 9.700000000000000000e+01 2.000000000000000000e+01 9.880000000000000000e+02 1.630000000000000000e+02
5.500000000000000000e+01 7.900000000000000000e+01 2.400000000000000000e+01 8.220000000000000000e+02 1.530000000000000000e+02
6.800000000000000000e+01 5.500000000000000000e+01 1.700000000000000000e+01 8.080000000000000000e+02 1.390000000000000000e+02
2.400000000000000000e+01 7.400000000000000000e+01 2.500000000000000000e+01 9.820000000000000000e+02 1.200000000000000000e+02
3.000000000000000000e+01 8.100000000000000000e+01 1.700000000000000000e+01 1.018000000000000000e+03 1.260000000000000000e+02
4.900000000000000000e+01 8.200000000000000000e+01 2.300000000000000000e+01 9.160000000000000000e+02 1.520000000000000000e+02
3.900000000000000000e+01 7.300000000000000000e+01 2.000000000000000000e+01 7.840000000000000000e+02 1.290000000000000000e+02
5.500000000000000000e+01 7.200000000000000000e+01 2.200000000000000000e+01 1.029000000000000000e+03 1.460000000000000000e+02
7.200000000000000000e+01 1.000000000000000000e+02 2.600000000000000000e+01 1.001000000000000000e+03 1.970000000000000000e+02
5.000000000000000000e+01 1.070000000000000000e+02 3.100000000000000000e+01 1.186000000000000000e+03 1.870000000000000000e+02
5.500000000000000000e+01 1.000000000000000000e+02 1.800000000000000000e+01 9.850000000000000000e+02 1.720000000000000000e+02
6.000000000000000000e+01 8.900000000000000000e+01 2.500000000000000000e+01 1.080000000000000000e+03 1.730000000000000000e+02
4.400000000000000000e+01 6.800000000000000000e+01 1.700000000000000000e+01 9.120000000000000000e+02 1.260000000000000000e+02
5.200000000000000000e+01 7.500000000000000000e+01 1.400000000000000000e+01 1.083000000000000000e+03 1.390000000000000000e+02
5.000000000000000000e+01 9.300000000000000000e+01 2.100000000000000000e+01 1.130000000000000000e+03 1.630000000000000000e+02
5.600000000000000000e+01 9.800000000000000000e+01 3.000000000000000000e+01 1.025000000000000000e+03 1.820000000000000000e+02
5.000000000000000000e+01 7.200000000000000000e+01 2.200000000000000000e+01 1.004000000000000000e+03 1.420000000000000000e+02
3.700000000000000000e+01 6.900000000000000000e+01 2.200000000000000000e+01 9.210000000000000000e+02 1.250000000000000000e+02
4.800000000000000000e+01 8.100000000000000000e+01 1.600000000000000000e+01 1.025000000000000000e+03 1.420000000000000000e+02
6.000000000000000000e+01 9.000000000000000000e+01 2.300000000000000000e+01 1.163000000000000000e+03 1.710000000000000000e+02
4.600000000000000000e+01 9.300000000000000000e+01 4.000000000000000000e+01 9.810000000000000000e+02 1.760000000000000000e+02
5.800000000000000000e+01 6.000000000000000000e+01 1.800000000000000000e+01 8.740000000000000000e+02 1.310000000000000000e+02
6.700000000000000000e+01 8.700000000000000000e+01 2.100000000000000000e+01 1.035000000000000000e+03 1.730000000000000000e+02
5.200000000000000000e+01 9.300000000000000000e+01 2.000000000000000000e+01 9.720000000000000000e+02 1.630000000000000000e+02
6.500000000000000000e+01 8.100000000000000000e+01 2.400000000000000000e+01 9.260000000000000000e+02 1.690000000000000000e+02
5.500000000000000000e+01 8.400000000000000000e+01 2.200000000000000000e+01 1.021000000000000000e+03 1.610000000000000000e+02
5.400000000000000000e+01 9.000000000000000000e+01 3.000000000000000000e+01 1.153000000000000000e+03 1.720000000000000000e+02
4.300000000000000000e+01 1.070000000000000000e+02 2.200000000000000000e+01 1.039000000000000000e+03 1.680000000000000000e+02
6.800000000000000000e+01 8.500000000000000000e+01 2.400000000000000000e+01 9.820000000000000000e+02 1.750000000000000000e+02
3.600000000000000000e+01 6.500000000000000000e+01 1.300000000000000000e+01 8.100000000000000000e+02 1.040000000000000000e+02
8.000000000000000000e+01 9.100000000000000000e+01 2.300000000000000000e+01 1.066000000000000000e+03 1.910000000000000000e+02
3.600000000000000000e+01 8.300000000000000000e+01 2.900000000000000000e+01 9.030000000000000000e+02 1.440000000000000000e+02
5.300000000000000000e+01 9.800000000000000000e+01 2.100000000000000000e+01 9.570000000000000000e+02 1.720000000000000000e+02
4.700000000000000000e+01 7.200000000000000000e+01 1.400000000000000000e+01 9.660000000000000000e+02 1.300000000000000000e+02
3.600000000000000000e+01 9.500000000000000000e+01 2.500000000000000000e+01 8.810000000000000000e+02 1.530000000000000000e+02
5.100000000000000000e+01 8.700000000000000000e+01 2.800000000000000000e+01 9.360000000000000000e+02 1.640000000000000000e+02
5.800000000000000000e+01 8.300000000000000000e+01 1.900000000000000000e+01 9.900000000000000000e+02 1.520000000000000000e+02
6.200000000000000000e+01 1.040000000000000000e+02 2.900000000000000000e+01 1.118000000000000000e+03 1.940000000000000000e+02
7.500000000000000000e+01 7.000000000000000000e+01 1.600000000000000000e+01 9.550000000000000000e+02 1.590000000000000000e+02
4.300000000000000000e+01 9.100000000000000000e+01 2.600000000000000000e+01 8.620000000000000000e+02 1.600000000000000000e+02
3.600000000000000000e+01 9.000000000000000000e+01 2.500000000000000000e+01 9.200000000000000000e+02 1.480000000000000000e+02
5.100000000000000000e+01 6.600000000000000000e+01 2.100000000000000000e+01 9.270000000000000000e+02 1.350000000000000000e+02
4.300000000000000000e+01 6.900000000000000000e+01 1.800000000000000000e+01 8.270000000000000000e+02 1.260000000000000000e+02
2.900000000000000000e+01 9.100000000000000000e+01 2.300000000000000000e+01 9.720000000000000000e+02 1.420000000000000000e+02
5.300000000000000000e+01 8.400000000000000000e+01 2.500000000000000000e+01 9.510000000000000000e+02 1.620000000000000000e+02
7.300000000000000000e+01 7.500000000000000000e+01 1.700000000000000000e+01 1.124000000000000000e+03 1.630000000000000000e+02
6.400000000000000000e+01 8.800000000000000000e+01 2.500000000000000000e+01 9.720000000000000000e+02 1.750000000000000000e+02
4.500000000000000000e+01 7.100000000000000000e+01 2.200000000000000000e+01 7.750000000000000000e+02 1.360000000000000000e+02
5.100000000000000000e+01 9.100000000000000000e+01 2.300000000000000000e+01 1.115000000000000000e+03 1.650000000000000000e+02
2.700000000000000000e+01 9.400000000000000000e+01 2.700000000000000000e+01 9.590000000000000000e+02 1.420000000000000000e+02
9.700000000000000000e+01 1.100000000000000000e+02 2.500000000000000000e+01 1.160000000000000000e+03 2.310000000000000000e+02
2.000000000000000000e+01 7.200000000000000000e+01 2.200000000000000000e+01 9.240000000000000000e+02 1.110000000000000000e+02
7.100000000000000000e+01 8.100000000000000000e+01 2.300000000000000000e+01 9.460000000000000000e+02 1.720000000000000000e+02
2.200000000000000000e+01 6.800000000000000000e+01 1.800000000000000000e+01 8.300000000000000000e+02 1.050000000000000000e+02
5.900000000000000000e+01 7.200000000000000000e+01 2.200000000000000000e+01 7.710000000000000000e+02 1.510000000000000000e+02
6.100000000000000000e+01 9.300000000000000000e+01 2.900000000000000000e+01 9.860000000000000000e+02 1.820000000000000000e+02
5.300000000000000000e+01 8.600000000000000000e+01 2.500000000000000000e+01 8.710000000000000000e+02 1.630000000000000000e+02
3.900000000000000000e+01 6.600000000000000000e+01 1.900000000000000000e+01 8.590000000000000000e+02 1.200000000000000000e+02
2.900000000000000000e+01 7.600000000000000000e+01 2.300000000000000000e+01 1.000000000000000000e+03 1.220000000000000000e+02
3.900000000000000000e+01 7.400000000000000000e+01 1.900000000000000000e+01 1.030000000000000000e+03 1.290000000000000000e+02
5.100000000000000000e+01 6.500000000000000000e+01 1.000000000000000000e+01 6.980000000000000000e+02 1.230000000000000000e+02
2.200000000000000000e+01 8.200000000000000000e+01 2.100000000000000000e+01 9.510000000000000000e+02 1.210000000000000000e+02
6.500000000000000000e+01 6.500000000000000000e+01 1.900000000000000000e+01 9.190000000000000000e+02 1.460000000000000000e+02
3.200000000000000000e+01 1.010000000000000000e+02 3.900000000000000000e+01 1.010000000000000000e+03 1.700000000000000000e+02
5.800000000000000000e+01 9.100000000000000000e+01 1.600000000000000000e+01 9.350000000000000000e+02 1.640000000000000000e+02
