3.187000000000000000e+03 4.620000000000000000e+02 5.600000000000000000e+01 1.086300000000000000e+04 1.549000000000000000e+03
3.655000000000000000e+03 4.760000000000000000e+02 6.500000000000000000e+01 1.048700000000000000e+04 1.830000000000000000e+03
3.246000000000000000e+03 4.630000000000000000e+02 7.200000000000000000e+01 9.860000000000000000e+03 1.783000000000000000e+03
3.439000000000000000e+03 4.560000000000000000e+02 5.800000000000000000e+01 1.089400000000000000e+04 1.614000000000000000e+03
3.511000000000000000e+03 4.690000000000000000e+02 5.100000000000000000e+01 1.052700000000000000e+04 1.862000000000000000e+03
2.862000000000000000e+03 4.290000000000000000e+02 6.500000000000000000e+01 1.035800000000000000e+04 1.701000000000000000e+03
3.109000000000000000e+03 4.550000000000000000e+02 6.400000000000000000e+01 9.911000000000000000e+03 1.807000000000000000e+03
3.127000000000000000e+03 4.820000000000000000e+02 6.100000000000000000e+01 1.012500000000000000e+04 1.823000000000000000e+03
3.438000000000000000e+03 4.530000000000000000e+02 5.600000000000000000e+01 1.005700000000000000e+04 1.836000000000000000e+03
3.067000000000000000e+03 4.380000000000000000e+02 6.200000000000000000e+01 1.102200000000000000e+04 1.500000000000000000e+03
3.239000000000000000e+03 4.440000000000000000e+02 5.900000000000000000e+01 1.050100000000000000e+04 1.763000000000000000e+03
3.423000000000000000e+03 4.690000000000000000e+02 7.200000000000000000e+01 1.048300000000000000e+04 1.808000000000000000e+03
3.015000000000000000e+03 4.670000000000000000e+02 6.200000000000000000e+01 9.814000000000000000e+03 1.739000000000000000e+03
2.619000000000000000e+03 3.980000000000000000e+02 5.600000000000000000e+01 1.005600000000000000e+04 1.602000000000000000e+03
2.947000000000000000e+03 4.540000000000000000e+02 6.100000000000000000e+01 1.021400000000000000e+04 1.809000000000000000e+03
3.583000000000000000e+03 4.970000000000000000e+02 6.700000000000000000e+01 1.084300000000000000e+04 1.786000000000000000e+03
3.548000000000000000e+03 4.750000000000000000e+02 6.300000000000000000e+01 1.087100000000000000e+04 1.826000000000000000e+03
2.973000000000000000e+03 3.930000000000000000e+02 3.400000000000000000e+01 1.087300000000000000e+04 1.424000000000000000e+03
3.126000000000000000e+03 4.490000000000000000e+02 6.500000000000000000e+01 1.061500000000000000e+04 1.822000000000000000e+03
3.255000000000000000e+03 4.250000000000000000e+02 6.000000000000000000e+01 1.044500000000000000e+04 1.537000000000000000e+03
3.654000000000000000e+03 4.810000000000000000e+02 6.600000000000000000e+01 1.019000000000000000e+04 1.879000000000000000e+03
3.087000000000000000e+03 4.410000000000000000e+02 6.500000000000000000e+01 1.063200000000000000e+04 1.809000000000000000e+03
3.432000000000000000e+03 4.630000000000000000e+02 5.600000000000000000e+01 1.066700000000000000e+04 1.547000000000000000e+03
3.137000000000000000e+03 4.870000000000000000e+02 5.700000000000000000e+01 1.027700000000000000e+04 1.836000000000000000e+03
3.389000000000000000e+03 4.650000000000000000e+02 6.700000000000000000e+01 1.100700000000000000e+04 1.706000000000000000e+03
2.960000000000000000e+03 4.500000000000000000e+02 6.800000000000000000e+01 1.035700000000000000e+04 1.658000000000000000e+03
3.315000000000000000e+03 4.500000000000000000e+02 7.300000000000000000e+01 1.046700000000000000e+04 1.726000000000000000e+03
2.980000000000000000e+03 4.060000000000000000e+02 6.300000000000000000e+01 1.047600000000000000e+04 1.469000000000000000e+03
2.918000000000000000e+03 4.170000000000000000e+02 6.600000000000000000e+01 9.468000000000000000e+03 1.802000000000000000e+03
3.580000000000000000e+03 5.030000000000000000e+02 5.900000000000000000e+01 1.102000000000000000e+04 1.875000000000000000e+03
3.538000000000000000e+03 4.410000000000000000e+02 5.700000000000000000e+01 1.104800000000000000e+04 1.591000000000000000e+03
3.688000000000000000e+03 4.790000000000000000e+02 5.700000000000000000e+01 1.148900000000000000e+04 1.645000000000000000e+03
3.059000000000000000e+03 4.330000000000000000e+02 6.100000000000000000e+01 1.084300000000000000e+04 1.526000000000000000e+03
2.885000000000000000e+03 4.890000000000000000e+02 5.900000000000000000e+01 1.080700000000000000e+04 1.738000000000000000e+03
3.440000000000000000e+03 4.470000000000000000e+02 5.800000000000000000e+01 1.031400000000000000e+04 1.589000000000000000e+03
3.288000000000000000e+03 4.540000000000000000e+02 7.700000000000000000e+01 1.101800000000000000e+04 1.770000000000000000e+03
3.324000000000000000e+03 5.150000000000000000e+02 7.500000000000000000e+01 1.040800000000000000e+04 1.780000000000000000e+03
3.009000000000000000e+03 4.640000000000000000e+02 8.000000000000000000e+01 1.049500000000000000e+04 1.782000000000000000e+03
2.847000000000000000e+03 4.350000000000000000e+02 6.500000000000000000e+01 1.036200000000000000e+04 1.704000000000000000e+03
2.669000000000000000e+03 4.400000000000000000e+02 6.400000000000000000e+01 9.636000000000000000e+03 1.637000000000000000e+03
3.189000000000000000e+03 4.390000000000000000e+02 6.500000000000000000e+01 1.067900000000000000e+04 1.753000000000000000e+03
3.174000000000000000e+03 4.650000000000000000e+02 6.500000000000000000e+01 1.022500000000000000e+04 1.779000000000000000e+03
3.097000000000000000e+03 4.740000000000000000e+02 7.200000000000000000e+01 1.057700000000000000e+04 1.795000000000000000e+03
3.369000000000000000e+03 4.740000000000000000e+02 6.500000000000000000e+01 1.048600000000000000e+04 1.829000000000000000e+03
3.102000000000000000e+03 4.400000000000000000e+02 5.900000000000000000e+01 1.023300000000000000e+04 1.804000000000000000e+03
3.067000000000000000e+03 4.460000000000000000e+02 5.000000000000000000e+01 1.100900000000000000e+04 1.564000000000000000e+03
3.493000000000000000e+03 4.410000000000000000e+02 5.900000000000000000e+01 1.031400000000000000e+04 1.839000000000000000e+03
2.840000000000000000e+03 4.100000000000000000e+02 5.000000000000000000e+01 9.680000000000000000e+03 1.669000000000000000e+03
2.728000000000000000e+03 4.040000000000000000e+02 4.400000000000000000e+01 9.002000000000000000e+03 1.672000000000000000e+03
3.103000000000000000e+03 4.520000000000000000e+02 7.800000000000000000e+01 1.086500000000000000e+04 1.780000000000000000e+03
3.544000000000000000e+03 4.880000000000000000e+02 6.700000000000000000e+01 1.046800000000000000e+04 1.782000000000000000e+03
3.388000000000000000e+03 4.430000000000000000e+02 7.200000000000000000e+01 1.010500000000000000e+04 1.809000000000000000e+03
3.408000000000000000e+03 4.880000000000000000e+02 6.600000000000000000e+01 9.977000000000000000e+03 1.880000000000000000e+03
2.981000000000000000e+03 4.070000000000000000e+02 6.600000000000000000e+01 1.042500000000000000e+04 1.715000000000000000e+03
3.327000000000000000e+03 4.730000000000000000e+02 6.400000000000000000e+01 1.045200000000000000e+04 1.884000000000000000e+03
3.008000000000000000e+03 5.090000000000000000e+02 5.900000000000000000e+01 1.021100000000000000e+04 1.777000000000000000e+03
3.132000000000000000e+03 4.500000000000000000e+02 6.500000000000000000e+01 9.990000000000000000e+03 1.759000000000000000e+03
3.353000000000000000e+03 4.490000000000000000e+02 5.600000000000000000e+01 9.992000000000000000e+03 1.758000000000000000e+03
3.081000000000000000e+03 4.820000000000000000e+02 7.300000000000000000e+01 9.811000000000000000e+03 1.844000000000000000e+03
3.509000000000000000e+03 5.250000000000000000e+02 6.500000000000000000e+01 1.065500000000000000e+04 1.876000000000000000e+03
3.603000000000000000e+03 5.550000000000000000e+02 9.000000000000000000e+01 1.074400000000000000e+04 1.828000000000000000e+03
3.309000000000000000e+03 4.100000000000000000e+02 5.400000000000000000e+01 1.165200000000000000e+04 1.504000000000000000e+03
3.289000000000000000e+03 5.510000000000000000e+02 6.500000000000000000e+01 1.068200000000000000e+04 1.840000000000000000e+03
3.640000000000000000e+03 4.400000000000000000e+02 5.000000000000000000e+01 1.123700000000000000e+04 1.555000000000000000e+03
3.426000000000000000e+03 4.940000000000000000e+02 5.800000000000000000e+01 1.059300000000000000e+04 1.850000000000000000e+03
2.985000000000000000e+03 4.930000000000000000e+02 7.600000000000000000e+01 1.056300000000000000e+04 1.725000000000000000e+03
3.543000000000000000e+03 4.870000000000000000e+02 7.300000000000000000e+01 1.082900000000000000e+04 1.868000000000000000e+03
3.668000000000000000e+03 4.230000000000000000e+02 5.900000000000000000e+01 1.129200000000000000e+04 1.478000000000000000e+03
3.353000000000000000e+03 4.340000000000000000e+02 5.600000000000000000e+01 1.090800000000000000e+04 1.548000000000000000e+03
3.392000000000000000e+03 4.730000000000000000e+02 6.900000000000000000e+01 1.065700000000000000e+04 1.798000000000000000e+03
3.057000000000000000e+03 4.340000000000000000e+02 6.100000000000000000e+01 1.054100000000000000e+04 1.795000000000000000e+03
3.177000000000000000e+03 4.590000000000000000e+02 5.900000000000000000e+01 1.034700000000000000e+04 1.760000000000000000e+03
3.520000000000000000e+03 5.290000000000000000e+02 6.900000000000000000e+01 1.093200000000000000e+04 1.829000000000000000e+03
3.511000000000000000e+03 4.740000000000000000e+02 5.400000000000000000e+01 1.105300000000000000e+04 1.572000000000000000e+03
3.522000000000000000e+03 5.070000000000000000e+02 6.900000000000000000e+01 1.084200000000000000e+04 1.807000000000000000e+03
3.272000000000000000e+03 4.480000000000000000e+02 6.200000000000000000e+01 1.068800000000000000e+04 1.800000000000000000e+03
3.358000000000000000e+03 5.260000000000000000e+02 7.100000000000000000e+01 1.062200000000000000e+04 1.863000000000000000e+03
3.734000000000000000e+03 5.180000000000000000e+02 7.000000000000000000e+01 1.050300000000000000e+04 1.896000000000000000e+03
3.076000000000000000e+03 4.630000000000000000e+02 5.800000000000000000e+01 1.014100000000000000e+04 1.786000000000000000e+03
3.642000000000000000e+03 5.580000000000000000e+02 8.700000000000000000e+01 1.121900000000000000e+04 1.863000000000000000e+03
3.221000000000000000e+03 5.140000000000000000e+02 6.800000000000000000e+01 9.727000000000000000e+03 1.822000000000000000e+03
2.743000000000000000e+03 4.170000000000000000e+02 6.100000000000000000e+01 9.446000000000000000e+03 1.701000000000000000e+03
2.916000000000000000e+03 4.570000000000000000e+02 6.600000000000000000e+01 1.031000000000000000e+04 1.758000000000000000e+03
3.393000000000000000e+03 5.020000000000000000e+02 6.900000000000000000e+01 1.106100000000000000e+04 1.835000000000000000e+03
3.608000000000000000e+03 4.890000000000000000e+02 6.500000000000000000e+01 1.011300000000000000e+04 1.844000000000000000e+03
2.757000000000000000e+03 4.490000000000000000e+02 7.600000000000000000e+01 9.929000000000000000e+03 1.744000000000000000e+03
3.371000000000000000e+03 5.030000000000000000e+02 7.500000000000000000e+01 1.065400000000000000e+04 1.672000000000000000e+03
4.018000000000000000e+03 5.010000000000000000e+02 6.400000000000000000e+01 1.142200000000000000e+04 1.609000000000000000e+03
3.514000000000000000e+03 4.550000000000000000e+02 6.000000000000000000e+01 1.107700000000000000e+04 1.781000000000000000e+03
3.620000000000000000e+03 4.700000000000000000e+02 5.500000000000000000e+01 1.108600000000000000e+04 1.721000000000000000e+03
2.754000000000000000e+03 3.960000000000000000e+02 7.200000000000000000e+01 8.898000000000000000e+03 1.704000000000000000e+03
3.225000000000000000e+03 4.480000000000000000e+02 6.500000000000000000e+01 1.017300000000000000e+04 1.839000000000000000e+03
3.271000000000000000e+03 4.640000000000000000e+02 6.100000000000000000e+01 1.081100000000000000e+04 1.708000000000000000e+03
3.612000000000000000e+03 5.280000000000000000e+02 8.100000000000000000e+01 1.042800000000000000e+04 1.903000000000000000e+03
3.127000000000000000e+03 4.980000000000000000e+02 5.800000000000000000e+01 1.040400000000000000e+04 1.814000000000000000e+03
3.585000000000000000e+03 5.010000000000000000e+02 7.000000000000000000e+01 9.921000000000000000e+03 1.851000000000000000e+03
3.162000000000000000e+03 4.570000000000000000e+02 8.400000000000000000e+01 9.854000000000000000e+03 1.822000000000000000e+03
3.434000000000000000e+03 4.700000000000000000e+02 6.400000000000000000e+01 1.064600000000000000e+04 1.785000000000000000e+03
3.486000000000000000e+03 4.680000000000000000e+02 6.700000000000000000e+01 1.064800000000000000e+04 1.826000000000000000e+03
3.140000000000000000e+03 4.900000000000000000e+02 6.400000000000000000e+01 1.029800000000000000e+04 1.713000000000000000e+03
3.091000000000000000e+03 4.760000000000000000e+02 6.400000000000000000e+01 1.094500000000000000e+04 1.788000000000000000e+03
3.052000000000000000e+03 4.660000000000000000e+02 8.000000000000000000e+01 1.022400000000000000e+04 1.765000000000000000e+03
2.927000000000000000e+03 4.510000000000000000e+02 5.900000000000000000e+01 1.003500000000000000e+04 1.729000000000000000e+03
3.240000000000000000e+03 4.290000000000000000e+02 5.200000000000000000e+01 1.040600000000000000e+04 1.816000000000000000e+03
3.578000000000000000e+03 4.470000000000000000e+02 5.200000000000000000e+01 1.078500000000000000e+04 1.679000000000000000e+03
3.437000000000000000e+03 4.820000000000000000e+02 7.400000000000000000e+01 1.087800000000000000e+04 1.866000000000000000e+03
3.457000000000000000e+03 4.590000000000000000e+02 6.000000000000000000e+01 1.026500000000000000e+04 1.832000000000000000e+03
3.553000000000000000e+03 4.970000000000000000e+02 6.000000000000000000e+01 1.076200000000000000e+04 1.548000000000000000e+03
2.985000000000000000e+03 4.570000000000000000e+02 6.800000000000000000e+01 1.012600000000000000e+04 1.786000000000000000e+03
3.402000000000000000e+03 4.820000000000000000e+02 5.900000000000000000e+01 1.047900000000000000e+04 1.805000000000000000e+03
3.101000000000000000e+03 4.430000000000000000e+02 7.900000000000000000e+01 9.763000000000000000e+03 1.768000000000000000e+03
3.086000000000000000e+03 4.090000000000000000e+02 5.900000000000000000e+01 1.006200000000000000e+04 1.759000000000000000e+03
3.426000000000000000e+03 4.100000000000000000e+02 5.600000000000000000e+01 1.034700000000000000e+04 1.782000000000000000e+03
2.937000000000000000e+03 4.360000000000000000e+02 6.100000000000000000e+01 9.638000000000000000e+03 1.758000000000000000e+03
3.286000000000000000e+03 4.450000000000000000e+02 6.100000000000000000e+01 1.051900000000000000e+04 1.817000000000000000e+03
2.852000000000000000e+03 4.260000000000000000e+02 5.800000000000000000e+01 1.009200000000000000e+04 1.779000000000000000e+03
3.595000000000000000e+03 4.920000000000000000e+02 6.400000000000000000e+01 1.122600000000000000e+04 1.718000000000000000e+03
2.857000000000000000e+03 3.900000000000000000e+02 6.100000000000000000e+01 9.795000000000000000e+03 1.694000000000000000e+03
3.446000000000000000e+03 5.080000000000000000e+02 6.700000000000000000e+01 9.869000000000000000e+03 1.795000000000000000e+03
3.165000000000000000e+03 4.290000000000000000e+02 5.600000000000000000e+01 9.957000000000000000e+03 1.749000000000000000e+03
3.492000000000000000e+03 5.360000000000000000e+02 8.300000000000000000e+01 1.059000000000000000e+04 1.878000000000000000e+03
3.137000000000000000e+03 5.010000000000000000e+02 5.500000000000000000e+01 1.064300000000000000e+04 1.744000000000000000e+03
3.165000000000000000e+03 4.400000000000000000e+02 6.300000000000000000e+01 1.037000000000000000e+04 1.801000000000000000e+03
2.704000000000000000e+03 4.720000000000000000e+02 5.600000000000000000e+01 9.838000000000000000e+03 1.711000000000000000e+03
3.204000000000000000e+03 4.420000000000000000e+02 6.200000000000000000e+01 1.043500000000000000e+04 1.788000000000000000e+03
2.933000000000000000e+03 4.750000000000000000e+02 6.500000000000000000e+01 1.123400000000000000e+04 1.583000000000000000e+03
3.195000000000000000e+03 4.580000000000000000e+02 6.500000000000000000e+01 9.861000000000000000e+03 1.776000000000000000e+03
3.587000000000000000e+03 4.870000000000000000e+02 6.900000000000000000e+01 1.118800000000000000e+04 1.868000000000000000e+03
3.564000000000000000e+03 4.830000000000000000e+02 7.500000000000000000e+01 1.092600000000000000e+04 1.877000000000000000e+03
3.076000000000000000e+03 4.790000000000000000e+02 6.300000000000000000e+01 9.958000000000000000e+03 1.756000000000000000e+03
2.972000000000000000e+03 4.360000000000000000e+02 6.800000000000000000e+01 1.097000000000000000e+04 1.497000000000000000e+03
3.316000000000000000e+03 4.710000000000000000e+02 5.400000000000000000e+01 1.114100000000000000e+04 1.874000000000000000e+03
3.537000000000000000e+03 5.480000000000000000e+02 8.500000000000000000e+01 1.068500000000000000e+04 1.874000000000000000e+03
3.025000000000000000e+03 4.520000000000000000e+02 6.000000000000000000e+01 1.142300000000000000e+04 1.762000000000000000e+03
3.208000000000000000e+03 4.410000000000000000e+02 6.200000000000000000e+01 9.838000000000000000e+03 1.600000000000000000e+03
3.563000000000000000e+03 4.910000000000000000e+02 6.300000000000000000e+01 1.108300000000000000e+04 1.645000000000000000e+03
3.527000000000000000e+03 4.360000000000000000e+02 7.800000000000000000e+01 1.048500000000000000e+04 1.721000000000000000e+03
3.041000000000000000e+03 4.470000000000000000e+02 7.900000000000000000e+01 9.850000000000000000e+03 1.733000000000000000e+03
3.312000000000000000e+03 4.780000000000000000e+02 7.100000000000000000e+01 1.075100000000000000e+04 1.845000000000000000e+03
3.489000000000000000e+03 4.780000000000000000e+02 5.900000000000000000e+01 9.430000000000000000e+03 1.866000000000000000e+03
3.390000000000000000e+03 5.090000000000000000e+02 7.300000000000000000e+01 1.070100000000000000e+04 1.870000000000000000e+03
3.049000000000000000e+03 3.900000000000000000e+02 5.300000000000000000e+01 9.802000000000000000e+03 1.761000000000000000e+03
2.900000000000000000e+03 4.530000000000000000e+02 7.000000000000000000e+01 9.606000000000000000e+03 1.765000000000000000e+03
3.465000000000000000e+03 4.600000000000000000e+02 5.700000000000000000e+01 1.047400000000000000e+04 1.853000000000000000e+03
3.096000000000000000e+03 4.470000000000000000e+02 6.400000000000000000e+01 1.037800000000000000e+04 1.741000000000000000e+03
2.561000000000000000e+03 3.820000000000000000e+02 5.300000000000000000e+01 8.869000000000000000e+03 1.685000000000000000e+03
2.593000000000000000e+03 4.150000000000000000e+02 4.800000000000000000e+01 9.929000000000000000e+03 1.681000000000000000e+03
3.751000000000000000e+03 4.740000000000000000e+02 7.900000000000000000e+01 1.118000000000000000e+04 1.864000000000000000e+03
3.172000000000000000e+03 4.590000000000000000e+02 6.200000000000000000e+01 9.760000000000000000e+03 1.758000000000000000e+03
3.471000000000000000e+03 5.050000000000000000e+02 5.800000000000000000e+01 9.911000000000000000e+03 1.899000000000000000e+03
3.023000000000000000e+03 4.490000000000000000e+02 6.100000000000000000e+01 9.955000000000000000e+03 1.790000000000000000e+03
2.710000000000000000e+03 3.940000000000000000e+02 5.700000000000000000e+01 9.925000000000000000e+03 1.712000000000000000e+03
3.308000000000000000e+03 4.970000000000000000e+02 7.000000000000000000e+01 1.049000000000000000e+04 1.841000000000000000e+03
3.135000000000000000e+03 4.510000000000000000e+02 5.900000000000000000e+01 1.042800000000000000e+04 1.488000000000000000e+03
2.793000000000000000e+03 4.190000000000000000e+02 6.200000000000000000e+01 1.050400000000000000e+04 1.564000000000000000e+03
3.399000000000000000e+03 5.150000000000000000e+02 6.600000000000000000e+01 1.095000000000000000e+04 1.857000000000000000e+03
3.199000000000000000e+03 5.210000000000000000e+02 6.000000000000000000e+01 1.048800000000000000e+04 1.820000000000000000e+03
3.099000000000000000e+03 4.280000000000000000e+02 5.400000000000000000e+01 1.062700000000000000e+04 1.632000000000000000e+03
3.294000000000000000e+03 4.650000000000000000e+02 5.100000000000000000e+01 1.075500000000000000e+04 1.832000000000000000e+03
3.072000000000000000e+03 4.380000000000000000e+02 6.100000000000000000e+01 1.050400000000000000e+04 1.758000000000000000e+03
3.152000000000000000e+03 4.370000000000000000e+02 6.000000000000000000e+01 1.006300000000000000e+04 1.823000000000000000e+03
3.560000000000000000e+03 4.930000000000000000e+02 7.900000000000000000e+01 1.110800000000000000e+04 1.870000000000000000e+03
3.648000000000000000e+03 4.970000000000000000e+02 7.300000000000000000e+01 1.111300000000000000e+04 1.893000000000000000e+03
3.095000000000000000e+03 5.270000000000000000e+02 6.600000000000000000e+01 1.007100000000000000e+04 1.789000000000000000e+03
2.708000000000000000e+03 4.220000000000000000e+02 5.500000000000000000e+01 8.971000000000000000e+03 1.689000000000000000e+03
3.405000000000000000e+03 4.790000000000000000e+02 7.100000000000000000e+01 1.059700000000000000e+04 1.851000000000000000e+03
3.578000000000000000e+03 5.160000000000000000e+02 7.800000000000000000e+01 1.015100000000000000e+04 1.873000000000000000e+03
3.074000000000000000e+03 4.980000000000000000e+02 5.700000000000000000e+01 1.045400000000000000e+04 1.765000000000000000e+03
3.365000000000000000e+03 4.350000000000000000e+02 7.300000000000000000e+01 1.036500000000000000e+04 1.672000000000000000e+03
3.423000000000000000e+03 4.470000000000000000e+02 5.900000000000000000e+01 1.115900000000000000e+04 1.498000000000000000e+03
3.140000000000000000e+03 4.380000000000000000e+02 6.700000000000000000e+01 9.992000000000000000e+03 1.836000000000000000e+03
3.393000000000000000e+03 4.290000000000000000e+02 4.700000000000000000e+01 1.111400000000000000e+04 1.716000000000000000e+03
3.301000000000000000e+03 4.930000000000000000e+02 7.600000000000000000e+01 1.072700000000000000e+04 1.787000000000000000e+03
3.651000000000000000e+03 5.100000000000000000e+02 6.800000000000000000e+01 1.103200000000000000e+04 1.826000000000000000e+03
3.575000000000000000e+03 4.700000000000000000e+02 5.700000000000000000e+01 1.030100000000000000e+04 1.893000000000000000e+03
3.294000000000000000e+03 4.550000000000000000e+02 7.800000000000000000e+01 1.007000000000000000e+04 1.780000000000000000e+03
3.364000000000000000e+03 4.460000000000000000e+02 6.800000000000000000e+01 1.114400000000000000e+04 1.604000000000000000e+03
3.728000000000000000e+03 4.900000000000000000e+02 6.400000000000000000e+01 1.077500000000000000e+04 1.894000000000000000e+03
3.424000000000000000e+03 4.840000000000000000e+02 6.600000000000000000e+01 1.057800000000000000e+04 1.826000000000000000e+03
3.227000000000000000e+03 4.950000000000000000e+02 6.100000000000000000e+01 1.074000000000000000e+04 1.784000000000000000e+03
3.506000000000000000e+03 4.600000000000000000e+02 7.000000000000000000e+01 1.106800000000000000e+04 1.603000000000000000e+03
3.117000000000000000e+03 4.580000000000000000e+02 7.200000000000000000e+01 9.862000000000000000e+03 1.781000000000000000e+03
3.042000000000000000e+03 4.400000000000000000e+02 5.800000000000000000e+01 9.800000000000000000e+03 1.718000000000000000e+03
3.489000000000000000e+03 5.470000000000000000e+02 7.600000000000000000e+01 1.055400000000000000e+04 1.869000000000000000e+03
3.061000000000000000e+03 4.720000000000000000e+02 6.800000000000000000e+01 1.035100000000000000e+04 1.805000000000000000e+03
3.265000000000000000e+03 4.660000000000000000e+02 6.100000000000000000e+01 9.785000000000000000e+03 1.762000000000000000e+03
3.080000000000000000e+03 4.470000000000000000e+02 6.200000000000000000e+01 1.001300000000000000e+04 1.744000000000000000e+03
2.944000000000000000e+03 4.490000000000000000e+02 6.400000000000000000e+01 9.744000000000000000e+03 1.724000000000000000e+03
3.530000000000000000e+03 4.750000000000000000e+02 6.300000000000000000e+01 1.071100000000000000e+04 1.504000000000000000e+03
2.836000000000000000e+03 4.290000000000000000e+02 5.600000000000000000e+01 1.016900000000000000e+04 1.706000000000000000e+03
3.247000000000000000e+03 4.750000000000000000e+02 6.300000000000000000e+01 1.055400000000000000e+04 1.849000000000000000e+03
3.058000000000000000e+03 4.410000000000000000e+02 4.800000000000000000e+01 9.958000000000000000e+03 1.813000000000000000e+03
3.206000000000000000e+03 4.780000000000000000e+02 8.700000000000000000e+01 1.007600000000000000e+04 1.808000000000000000e+03
3.136000000000000000e+03 4.460000000000000000e+02 6.900000000000000000e+01 9.342000000000000000e+03 1.731000000000000000e+03
3.346000000000000000e+03 4.760000000000000000e+02 4.400000000000000000e+01 9.951000000000000000e+03 1.803000000000000000e+03
3.132000000000000000e+03 4.580000000000000000e+02 5.700000000000000000e+01 1.023300000000000000e+04 1.814000000000000000e+03
3.558000000000000000e+03 5.400000000000000000e+02 8.900000000000000000e+01 1.025100000000000000e+04 1.837000000000000000e+03
3.313000000000000000e+03 5.150000000000000000e+02 5.800000000000000000e+01 1.030500000000000000e+04 1.797000000000000000e+03
3.156000000000000000e+03 5.000000000000000000e+02 6.400000000000000000e+01 1.061100000000000000e+04 1.720000000000000000e+03
3.284000000000000000e+03 4.820000000000000000e+02 7.600000000000000000e+01 1.053100000000000000e+04 1.849000000000000000e+03
3.015000000000000000e+03 4.500000000000000000e+02 5.100000000000000000e+01 9.838000000000000000e+03 1.721000000000000000e+03
2.914000000000000000e+03 4.240000000000000000e+02 5.900000000000000000e+01 1.023300000000000000e+04 1.789000000000000000e+03
3.127000000000000000e+03 4.570000000000000000e+02 6.800000000000000000e+01 1.028400000000000000e+04 1.785000000000000000e+03
3.614000000000000000e+03 4.680000000000000000e+02 6.000000000000000000e+01 1.073800000000000000e+04 1.857000000000000000e+03
3.151000000000000000e+03 4.290000000000000000e+02 6.100000000000000000e+01 9.863000000000000000e+03 1.768000000000000000e+03
3.304000000000000000e+03 4.400000000000000000e+02 7.400000000000000000e+01 1.066100000000000000e+04 1.682000000000000000e+03
3.828000000000000000e+03 5.050000000000000000e+02 6.300000000000000000e+01 1.088900000000000000e+04 1.779000000000000000e+03
3.235000000000000000e+03 5.030000000000000000e+02 6.600000000000000000e+01 1.033600000000000000e+04 1.807000000000000000e+03
2.505000000000000000e+03 3.980000000000000000e+02 6.300000000000000000e+01 9.883000000000000000e+03 1.663000000000000000e+03
3.368000000000000000e+03 4.790000000000000000e+02 6.600000000000000000e+01 1.051800000000000000e+04 1.789000000000000000e+03
3.531000000000000000e+03 4.600000000000000000e+02 5.400000000000000000e+01 1.079300000000000000e+04 1.727000000000000000e+03
2.634000000000000000e+03 4.240000000000000000e+02 5.000000000000000000e+01 9.749000000000000000e+03 1.677000000000000000e+03
3.064000000000000000e+03 4.670000000000000000e+02 7.200000000000000000e+01 9.910000000000000000e+03 1.761000000000000000e+03
3.141000000000000000e+03 4.680000000000000000e+02 6.800000000000000000e+01 1.016000000000000000e+04 1.793000000000000000e+03
3.452000000000000000e+03 4.820000000000000000e+02 5.600000000000000000e+01 1.119200000000000000e+04 1.513000000000000000e+03
3.389000000000000000e+03 4.750000000000000000e+02 6.400000000000000000e+01 1.040300000000000000e+04 1.816000000000000000e+03
3.596000000000000000e+03 4.830000000000000000e+02 6.100000000000000000e+01 1.082500000000000000e+04 1.898000000000000000e+03
3.134000000000000000e+03 4.810000000000000000e+02 7.300000000000000000e+01 1.084500000000000000e+04 1.792000000000000000e+03
3.463000000000000000e+03 4.520000000000000000e+02 6.700000000000000000e+01 1.127200000000000000e+04 1.861000000000000000e+03
3.608000000000000000e+03 5.150000000000000000e+02 6.700000000000000000e+01 1.061200000000000000e+04 1.913000000000000000e+03
3.401000000000000000e+03 5.060000000000000000e+02 6.300000000000000000e+01 1.045800000000000000e+04 1.895000000000000000e+03
3.345000000000000000e+03 5.150000000000000000e+02 7.600000000000000000e+01 1.077800000000000000e+04 1.852000000000000000e+03
3.492000000000000000e+03 5.080000000000000000e+02 6.100000000000000000e+01 1.156800000000000000e+04 1.669000000000000000e+03
2.685000000000000000e+03 4.300000000000000000e+02 6.100000000000000000e+01 9.950000000000000000e+03 1.726000000000000000e+03
3.277000000000000000e+03 4.560000000000000000e+02 5.900000000000000000e+01 1.114900000000000000e+04 1.773000000000000000e+03
3.049000000000000000e+03 4.540000000000000000e+02 7.700000000000000000e+01 1.046400000000000000e+04 1.783000000000000000e+03
2.842000000000000000e+03 4.750000000000000000e+02 6.700000000000000000e+01 1.052400000000000000e+04 1.772000000000000000e+03
3.139000000000000000e+03 4.350000000000000000e+02 6.400000000000000000e+01 1.047000000000000000e+04 1.726000000000000000e+03
3.191000000000000000e+03 3.980000000000000000e+02 5.600000000000000000e+01 1.117800000000000000e+04 1.491000000000000000e+03
3.330000000000000000e+03 4.700000000000000000e+02 7.300000000000000000e+01 1.081200000000000000e+04 1.809000000000000000e+03
3.056000000000000000e+03 4.910000000000000000e+02 7.100000000000000000e+01 1.088800000000000000e+04 1.671000000000000000e+03
2.859000000000000000e+03 4.390000000000000000e+02 4.500000000000000000e+01 9.922000000000000000e+03 1.719000000000000000e+03
3.013000000000000000e+03 4.480000000000000000e+02 7.400000000000000000e+01 1.040200000000000000e+04 1.709000000000000000e+03
2.776000000000000000e+03 3.890000000000000000e+02 6.600000000000000000e+01 9.727000000000000000e+03 1.672000000000000000e+03
3.641000000000000000e+03 4.660000000000000000e+02 6.200000000000000000e+01 1.171400000000000000e+04 1.456000000000000000e+03
3.478000000000000000e+03 4.710000000000000000e+02 6.900000000000000000e+01 1.152200000000000000e+04 1.546000000000000000e+03
3.671000000000000000e+03 4.710000000000000000e+02 7.500000000000000000e+01 1.115800000000000000e+04 1.767000000000000000e+03
3.136000000000000000e+03 4.780000000000000000e+02 6.000000000000000000e+01 1.054200000000000000e+04 1.784000000000000000e+03
3.148000000000000000e+03 4.580000000000000000e+02 5.700000000000000000e+01 9.687000000000000000e+03 1.722000000000000000e+03
3.047000000000000000e+03 4.750000000000000000e+02 6.400000000000000000e+01 9.862000000000000000e+03 1.747000000000000000e+03
3.181000000000000000e+03 4.380000000000000000e+02 7.600000000000000000e+01 9.886000000000000000e+03 1.807000000000000000e+03
3.493000000000000000e+03 4.830000000000000000e+02 7.100000000000000000e+01 1.084000000000000000e+04 1.800000000000000000e+03
3.705000000000000000e+03 4.960000000000000000e+02 6.000000000000000000e+01 1.125800000000000000e+04 1.757000000000000000e+03
3.033000000000000000e+03 4.830000000000000000e+02 7.800000000000000000e+01 9.833000000000000000e+03 1.740000000000000000e+03
3.332000000000000000e+03 4.320000000000000000e+02 5.500000000000000000e+01 1.065200000000000000e+04 1.779000000000000000e+03
3.411000000000000000e+03 4.310000000000000000e+02 6.900000000000000000e+01 1.041800000000000000e+04 1.806000000000000000e+03
1.998000000000000000e+03 3.670000000000000000e+02 6.800000000000000000e+01 8.106000000000000000e+03 1.495000000000000000e+03
3.304000000000000000e+03 4.690000000000000000e+02 7.200000000000000000e+01 1.069500000000000000e+04 1.856000000000000000e+03
3.180000000000000000e+03 4.440000000000000000e+02 7.400000000000000000e+01 1.064800000000000000e+04 1.781000000000000000e+03
3.476000000000000000e+03 4.810000000000000000e+02 6.400000000000000000e+01 1.070600000000000000e+04 1.879000000000000000e+03
