1.006000000000000000e+03 1.520000000000000000e+02 1.200000000000000000e+01 5.379000000000000000e+03 8.920000000000000000e+02
7.090000000000000000e+02 1.190000000000000000e+02 6.000000000000000000e+00 4.369000000000000000e+03 7.220000000000000000e+02
1.345000000000000000e+03 1.690000000000000000e+02 1.100000000000000000e+01 5.448000000000000000e+03 9.830000000000000000e+02
6.990000000000000000e+02 1.110000000000000000e+02 1.300000000000000000e+01 4.936000000000000000e+03 7.590000000000000000e+02
7.180000000000000000e+02 1.290000000000000000e+02 1.100000000000000000e+01 4.355000000000000000e+03 7.380000000000000000e+02
9.220000000000000000e+02 1.630000000000000000e+02 1.400000000000000000e+01 4.920000000000000000e+03 8.670000000000000000e+02
9.720000000000000000e+02 1.710000000000000000e+02 1.600000000000000000e+01 5.395000000000000000e+03 8.820000000000000000e+02
6.990000000000000000e+02 1.240000000000000000e+02 8.000000000000000000e+00 4.345000000000000000e+03 7.180000000000000000e+02
7.690000000000000000e+02 1.310000000000000000e+02 1.000000000000000000e+01 4.873000000000000000e+03 8.260000000000000000e+02
8.390000000000000000e+02 1.380000000000000000e+02 1.200000000000000000e+01 4.860000000000000000e+03 8.190000000000000000e+02
7.080000000000000000e+02 1.270000000000000000e+02 6.000000000000000000e+00 4.583000000000000000e+03 7.210000000000000000e+02
9.970000000000000000e+02 1.420000000000000000e+02 7.000000000000000000e+00 5.194000000000000000e+03 8.470000000000000000e+02
8.070000000000000000e+02 1.370000000000000000e+02 9.000000000000000000e+00 5.194000000000000000e+03 8.150000000000000000e+02
1.068000000000000000e+03 1.570000000000000000e+02 1.000000000000000000e+01 5.428000000000000000e+03 9.410000000000000000e+02
7.950000000000000000e+02 1.370000000000000000e+02 8.000000000000000000e+00 4.870000000000000000e+03 7.970000000000000000e+02
7.810000000000000000e+02 1.360000000000000000e+02 7.000000000000000000e+00 4.648000000000000000e+03 7.840000000000000000e+02
8.860000000000000000e+02 1.420000000000000000e+02 9.000000000000000000e+00 4.820000000000000000e+03 8.320000000000000000e+02
8.560000000000000000e+02 1.380000000000000000e+02 8.000000000000000000e+00 5.044000000000000000e+03 8.350000000000000000e+02
7.720000000000000000e+02 1.290000000000000000e+02 7.000000000000000000e+00 5.087000000000000000e+03 7.870000000000000000e+02
9.040000000000000000e+02 1.350000000000000000e+02 1.000000000000000000e+01 5.118000000000000000e+03 8.170000000000000000e+02
8.460000000000000000e+02 1.410000000000000000e+02 9.000000000000000000e+00 4.846000000000000000e+03 7.970000000000000000e+02
9.080000000000000000e+02 1.480000000000000000e+02 1.600000000000000000e+01 4.895000000000000000e+03 8.390000000000000000e+02
8.080000000000000000e+02 1.150000000000000000e+02 6.000000000000000000e+00 4.515000000000000000e+03 7.580000000000000000e+02
1.019000000000000000e+03 1.490000000000000000e+02 1.300000000000000000e+01 5.090000000000000000e+03 8.870000000000000000e+02
6.980000000000000000e+02 1.150000000000000000e+02 7.000000000000000000e+00 4.697000000000000000e+03 7.700000000000000000e+02
7.700000000000000000e+02 1.300000000000000000e+02 9.000000000000000000e+00 5.116000000000000000e+03 7.700000000000000000e+02
9.000000000000000000e+02 1.590000000000000000e+02 7.000000000000000000e+00 5.259000000000000000e+03 8.320000000000000000e+02
6.120000000000000000e+02 1.220000000000000000e+02 6.000000000000000000e+00 4.188000000000000000e+03 6.730000000000000000e+02
9.340000000000000000e+02 1.420000000000000000e+02 1.400000000000000000e+01 5.397000000000000000e+03 8.710000000000000000e+02
9.100000000000000000e+02 1.710000000000000000e+02 1.400000000000000000e+01 5.206000000000000000e+03 8.630000000000000000e+02
7.900000000000000000e+02 1.300000000000000000e+02 1.100000000000000000e+01 4.785000000000000000e+03 7.840000000000000000e+02
9.120000000000000000e+02 1.430000000000000000e+02 5.000000000000000000e+00 5.344000000000000000e+03 8.690000000000000000e+02
8.760000000000000000e+02 1.370000000000000000e+02 5.000000000000000000e+00 5.003000000000000000e+03 7.950000000000000000e+02
1.070000000000000000e+03 1.430000000000000000e+02 1.000000000000000000e+01 5.192000000000000000e+03 9.070000000000000000e+02
6.630000000000000000e+02 9.700000000000000000e+01 6.000000000000000000e+00 4.355000000000000000e+03 7.270000000000000000e+02
7.820000000000000000e+02 1.390000000000000000e+02 8.000000000000000000e+00 5.062000000000000000e+03 8.330000000000000000e+02
7.280000000000000000e+02 1.290000000000000000e+02 7.000000000000000000e+00 4.657000000000000000e+03 7.650000000000000000e+02
8.490000000000000000e+02 1.230000000000000000e+02 6.000000000000000000e+00 5.360000000000000000e+03 8.150000000000000000e+02
8.790000000000000000e+02 1.490000000000000000e+02 5.000000000000000000e+00 4.961000000000000000e+03 8.510000000000000000e+02
1.084000000000000000e+03 1.330000000000000000e+02 9.000000000000000000e+00 5.322000000000000000e+03 8.590000000000000000e+02
1.136000000000000000e+03 1.500000000000000000e+02 7.000000000000000000e+00 5.347000000000000000e+03 9.050000000000000000e+02
7.580000000000000000e+02 1.540000000000000000e+02 1.200000000000000000e+01 4.881000000000000000e+03 7.770000000000000000e+02
7.680000000000000000e+02 1.340000000000000000e+02 1.100000000000000000e+01 4.740000000000000000e+03 8.020000000000000000e+02
8.450000000000000000e+02 1.330000000000000000e+02 1.100000000000000000e+01 4.982000000000000000e+03 8.240000000000000000e+02
8.530000000000000000e+02 1.660000000000000000e+02 7.000000000000000000e+00 4.855000000000000000e+03 8.230000000000000000e+02
1.112000000000000000e+03 1.480000000000000000e+02 8.000000000000000000e+00 5.311000000000000000e+03 9.200000000000000000e+02
9.810000000000000000e+02 1.490000000000000000e+02 5.000000000000000000e+00 5.282000000000000000e+03 8.900000000000000000e+02
7.010000000000000000e+02 1.260000000000000000e+02 8.000000000000000000e+00 4.928000000000000000e+03 7.460000000000000000e+02
7.350000000000000000e+02 1.220000000000000000e+02 1.200000000000000000e+01 4.732000000000000000e+03 7.580000000000000000e+02
6.970000000000000000e+02 1.350000000000000000e+02 9.000000000000000000e+00 4.304000000000000000e+03 7.730000000000000000e+02
8.260000000000000000e+02 1.140000000000000000e+02 5.000000000000000000e+00 4.627000000000000000e+03 7.990000000000000000e+02
9.150000000000000000e+02 1.490000000000000000e+02 7.000000000000000000e+00 5.014000000000000000e+03 8.290000000000000000e+02
9.690000000000000000e+02 1.160000000000000000e+02 9.000000000000000000e+00 4.993000000000000000e+03 8.410000000000000000e+02
7.540000000000000000e+02 1.430000000000000000e+02 9.000000000000000000e+00 4.524000000000000000e+03 8.190000000000000000e+02
7.930000000000000000e+02 1.320000000000000000e+02 1.000000000000000000e+01 4.819000000000000000e+03 8.180000000000000000e+02
8.310000000000000000e+02 1.380000000000000000e+02 5.000000000000000000e+00 5.309000000000000000e+03 8.270000000000000000e+02
8.700000000000000000e+02 1.390000000000000000e+02 8.000000000000000000e+00 4.931000000000000000e+03 8.030000000000000000e+02
7.420000000000000000e+02 1.330000000000000000e+02 1.100000000000000000e+01 4.751000000000000000e+03 7.580000000000000000e+02
9.430000000000000000e+02 1.480000000000000000e+02 0.000000000000000000e+00 4.931000000000000000e+03 8.660000000000000000e+02
7.750000000000000000e+02 1.240000000000000000e+02 8.000000000000000000e+00 4.617000000000000000e+03 7.700000000000000000e+02
6.860000000000000000e+02 1.250000000000000000e+02 9.000000000000000000e+00 4.867000000000000000e+03 7.250000000000000000e+02
8.000000000000000000e+02 1.340000000000000000e+02 6.000000000000000000e+00 5.015000000000000000e+03 7.850000000000000000e+02
7.740000000000000000e+02 1.150000000000000000e+02 6.000000000000000000e+00 4.832000000000000000e+03 7.570000000000000000e+02
8.460000000000000000e+02 1.540000000000000000e+02 1.200000000000000000e+01 4.855000000000000000e+03 8.250000000000000000e+02
8.360000000000000000e+02 1.130000000000000000e+02 8.000000000000000000e+00 5.023000000000000000e+03 8.050000000000000000e+02
7.290000000000000000e+02 1.090000000000000000e+02 9.000000000000000000e+00 4.296000000000000000e+03 7.280000000000000000e+02
1.074000000000000000e+03 1.300000000000000000e+02 8.000000000000000000e+00 5.545000000000000000e+03 8.820000000000000000e+02
8.080000000000000000e+02 1.270000000000000000e+02 6.000000000000000000e+00 4.785000000000000000e+03 7.860000000000000000e+02
9.040000000000000000e+02 1.270000000000000000e+02 5.000000000000000000e+00 4.927000000000000000e+03 8.170000000000000000e+02
8.950000000000000000e+02 1.340000000000000000e+02 1.000000000000000000e+01 4.856000000000000000e+03 8.320000000000000000e+02
7.790000000000000000e+02 1.250000000000000000e+02 7.000000000000000000e+00 4.856000000000000000e+03 7.990000000000000000e+02
8.330000000000000000e+02 1.470000000000000000e+02 1.500000000000000000e+01 4.997000000000000000e+03 8.380000000000000000e+02
6.610000000000000000e+02 1.250000000000000000e+02 6.000000000000000000e+00 4.127000000000000000e+03 6.980000000000000000e+02
7.890000000000000000e+02 1.450000000000000000e+02 9.000000000000000000e+00 4.699000000000000000e+03 7.480000000000000000e+02
7.670000000000000000e+02 1.310000000000000000e+02 8.000000000000000000e+00 4.543000000000000000e+03 7.830000000000000000e+02
9.510000000000000000e+02 1.430000000000000000e+02 1.000000000000000000e+01 5.290000000000000000e+03 8.260000000000000000e+02
7.710000000000000000e+02 1.100000000000000000e+02 1.000000000000000000e+01 4.741000000000000000e+03 7.890000000000000000e+02
7.390000000000000000e+02 1.300000000000000000e+02 9.000000000000000000e+00 4.847000000000000000e+03 7.680000000000000000e+02
8.310000000000000000e+02 1.290000000000000000e+02 7.000000000000000000e+00 4.825000000000000000e+03 8.080000000000000000e+02
8.760000000000000000e+02 1.370000000000000000e+02 7.000000000000000000e+00 4.882000000000000000e+03 8.270000000000000000e+02
9.120000000000000000e+02 1.430000000000000000e+02 7.000000000000000000e+00 5.120000000000000000e+03 8.230000000000000000e+02
9.760000000000000000e+02 1.680000000000000000e+02 7.000000000000000000e+00 5.128000000000000000e+03 8.500000000000000000e+02
8.420000000000000000e+02 1.320000000000000000e+02 1.000000000000000000e+01 4.796000000000000000e+03 7.860000000000000000e+02
8.010000000000000000e+02 1.430000000000000000e+02 7.000000000000000000e+00 4.907000000000000000e+03 7.970000000000000000e+02
6.570000000000000000e+02 1.320000000000000000e+02 9.000000000000000000e+00 4.761000000000000000e+03 7.240000000000000000e+02
7.910000000000000000e+02 1.370000000000000000e+02 8.000000000000000000e+00 5.015000000000000000e+03 8.070000000000000000e+02
9.430000000000000000e+02 1.380000000000000000e+02 4.000000000000000000e+00 5.003000000000000000e+03 8.530000000000000000e+02
8.730000000000000000e+02 1.360000000000000000e+02 5.000000000000000000e+00 4.832000000000000000e+03 8.310000000000000000e+02
7.660000000000000000e+02 1.270000000000000000e+02 7.000000000000000000e+00 4.711000000000000000e+03 7.700000000000000000e+02
7.280000000000000000e+02 1.540000000000000000e+02 1.000000000000000000e+01 4.978000000000000000e+03 7.960000000000000000e+02
7.750000000000000000e+02 1.450000000000000000e+02 9.000000000000000000e+00 4.814000000000000000e+03 7.760000000000000000e+02
6.160000000000000000e+02 1.270000000000000000e+02 4.000000000000000000e+00 4.310000000000000000e+03 6.920000000000000000e+02
8.760000000000000000e+02 1.490000000000000000e+02 6.000000000000000000e+00 5.165000000000000000e+03 8.390000000000000000e+02
9.390000000000000000e+02 1.380000000000000000e+02 1.100000000000000000e+01 5.194000000000000000e+03 8.580000000000000000e+02
9.050000000000000000e+02 1.410000000000000000e+02 1.000000000000000000e+01 4.833000000000000000e+03 8.210000000000000000e+02
1.107000000000000000e+03 1.780000000000000000e+02 1.200000000000000000e+01 5.425000000000000000e+03 9.320000000000000000e+02
8.410000000000000000e+02 1.500000000000000000e+02 1.200000000000000000e+01 4.783000000000000000e+03 8.200000000000000000e+02
6.560000000000000000e+02 1.340000000000000000e+02 1.000000000000000000e+01 4.919000000000000000e+03 7.140000000000000000e+02
7.210000000000000000e+02 1.560000000000000000e+02 8.000000000000000000e+00 4.763000000000000000e+03 7.540000000000000000e+02
7.890000000000000000e+02 1.320000000000000000e+02 9.000000000000000000e+00 4.885000000000000000e+03 7.650000000000000000e+02
6.720000000000000000e+02 1.220000000000000000e+02 1.200000000000000000e+01 4.179000000000000000e+03 7.110000000000000000e+02
7.510000000000000000e+02 1.220000000000000000e+02 6.000000000000000000e+00 4.867000000000000000e+03 7.860000000000000000e+02
9.740000000000000000e+02 1.710000000000000000e+02 1.100000000000000000e+01 5.209000000000000000e+03 8.970000000000000000e+02
7.700000000000000000e+02 1.320000000000000000e+02 4.000000000000000000e+00 5.151000000000000000e+03 7.710000000000000000e+02
7.770000000000000000e+02 1.230000000000000000e+02 9.000000000000000000e+00 5.172000000000000000e+03 8.120000000000000000e+02
8.330000000000000000e+02 1.320000000000000000e+02 9.000000000000000000e+00 4.895000000000000000e+03 8.210000000000000000e+02
7.810000000000000000e+02 1.200000000000000000e+02 5.000000000000000000e+00 4.525000000000000000e+03 8.000000000000000000e+02
1.029000000000000000e+03 1.400000000000000000e+02 8.000000000000000000e+00 5.070000000000000000e+03 8.660000000000000000e+02
6.660000000000000000e+02 1.040000000000000000e+02 5.000000000000000000e+00 4.532000000000000000e+03 6.850000000000000000e+02
7.900000000000000000e+02 1.340000000000000000e+02 5.000000000000000000e+00 5.142000000000000000e+03 8.050000000000000000e+02
8.210000000000000000e+02 1.690000000000000000e+02 7.000000000000000000e+00 5.200000000000000000e+03 8.260000000000000000e+02
7.270000000000000000e+02 1.200000000000000000e+02 9.000000000000000000e+00 4.654000000000000000e+03 7.760000000000000000e+02
8.930000000000000000e+02 1.410000000000000000e+02 8.000000000000000000e+00 4.660000000000000000e+03 8.160000000000000000e+02
8.120000000000000000e+02 1.190000000000000000e+02 7.000000000000000000e+00 4.923000000000000000e+03 7.750000000000000000e+02
8.240000000000000000e+02 1.330000000000000000e+02 2.000000000000000000e+00 5.172000000000000000e+03 8.120000000000000000e+02
7.250000000000000000e+02 1.330000000000000000e+02 1.000000000000000000e+01 4.647000000000000000e+03 7.620000000000000000e+02
9.690000000000000000e+02 1.150000000000000000e+02 7.000000000000000000e+00 5.230000000000000000e+03 8.360000000000000000e+02
8.310000000000000000e+02 1.400000000000000000e+02 8.000000000000000000e+00 4.923000000000000000e+03 7.800000000000000000e+02
7.400000000000000000e+02 1.300000000000000000e+02 7.000000000000000000e+00 4.305000000000000000e+03 7.580000000000000000e+02
8.030000000000000000e+02 1.080000000000000000e+02 5.000000000000000000e+00 4.398000000000000000e+03 7.570000000000000000e+02
8.030000000000000000e+02 1.250000000000000000e+02 6.000000000000000000e+00 4.940000000000000000e+03 7.640000000000000000e+02
9.900000000000000000e+02 1.590000000000000000e+02 9.000000000000000000e+00 4.781000000000000000e+03 8.620000000000000000e+02
7.940000000000000000e+02 1.320000000000000000e+02 1.000000000000000000e+01 5.106000000000000000e+03 7.870000000000000000e+02
9.120000000000000000e+02 1.540000000000000000e+02 5.000000000000000000e+00 4.805000000000000000e+03 8.590000000000000000e+02
7.660000000000000000e+02 1.330000000000000000e+02 7.000000000000000000e+00 4.844000000000000000e+03 7.950000000000000000e+02
8.790000000000000000e+02 1.450000000000000000e+02 1.300000000000000000e+01 4.898000000000000000e+03 8.280000000000000000e+02
9.260000000000000000e+02 1.540000000000000000e+02 8.000000000000000000e+00 4.992000000000000000e+03 8.510000000000000000e+02
8.670000000000000000e+02 1.420000000000000000e+02 2.000000000000000000e+00 4.979000000000000000e+03 8.030000000000000000e+02
7.010000000000000000e+02 1.250000000000000000e+02 4.000000000000000000e+00 4.393000000000000000e+03 7.310000000000000000e+02
9.080000000000000000e+02 1.600000000000000000e+02 1.100000000000000000e+01 5.271000000000000000e+03 8.950000000000000000e+02
6.990000000000000000e+02 1.350000000000000000e+02 5.000000000000000000e+00 4.405000000000000000e+03 7.450000000000000000e+02
9.030000000000000000e+02 1.490000000000000000e+02 1.100000000000000000e+01 5.321000000000000000e+03 8.550000000000000000e+02
9.510000000000000000e+02 1.380000000000000000e+02 1.000000000000000000e+01 5.231000000000000000e+03 8.900000000000000000e+02
9.150000000000000000e+02 1.260000000000000000e+02 1.000000000000000000e+01 5.095000000000000000e+03 8.320000000000000000e+02
9.280000000000000000e+02 1.480000000000000000e+02 1.200000000000000000e+01 4.970000000000000000e+03 8.830000000000000000e+02
7.780000000000000000e+02 1.330000000000000000e+02 5.000000000000000000e+00 5.037000000000000000e+03 7.750000000000000000e+02
1.135000000000000000e+03 1.390000000000000000e+02 6.000000000000000000e+00 5.309000000000000000e+03 9.220000000000000000e+02
8.060000000000000000e+02 1.670000000000000000e+02 1.100000000000000000e+01 5.093000000000000000e+03 7.970000000000000000e+02
1.087000000000000000e+03 1.540000000000000000e+02 9.000000000000000000e+00 5.675000000000000000e+03 9.250000000000000000e+02
8.300000000000000000e+02 1.690000000000000000e+02 1.400000000000000000e+01 4.541000000000000000e+03 8.550000000000000000e+02
9.080000000000000000e+02 1.510000000000000000e+02 8.000000000000000000e+00 4.860000000000000000e+03 8.410000000000000000e+02
8.580000000000000000e+02 1.350000000000000000e+02 4.000000000000000000e+00 5.144000000000000000e+03 8.110000000000000000e+02
9.310000000000000000e+02 1.320000000000000000e+02 6.000000000000000000e+00 5.117000000000000000e+03 8.380000000000000000e+02
8.170000000000000000e+02 1.070000000000000000e+02 8.000000000000000000e+00 5.108000000000000000e+03 8.050000000000000000e+02
8.870000000000000000e+02 1.430000000000000000e+02 6.000000000000000000e+00 4.781000000000000000e+03 8.180000000000000000e+02
9.540000000000000000e+02 1.590000000000000000e+02 1.000000000000000000e+01 5.317000000000000000e+03 8.530000000000000000e+02
8.140000000000000000e+02 1.210000000000000000e+02 4.000000000000000000e+00 5.274000000000000000e+03 7.980000000000000000e+02
8.890000000000000000e+02 1.450000000000000000e+02 1.100000000000000000e+01 5.095000000000000000e+03 8.070000000000000000e+02
9.610000000000000000e+02 1.450000000000000000e+02 1.100000000000000000e+01 5.012000000000000000e+03 8.460000000000000000e+02
7.900000000000000000e+02 1.080000000000000000e+02 6.000000000000000000e+00 4.664000000000000000e+03 7.740000000000000000e+02
6.910000000000000000e+02 1.200000000000000000e+02 1.200000000000000000e+01 4.568000000000000000e+03 7.380000000000000000e+02
9.760000000000000000e+02 1.500000000000000000e+02 6.000000000000000000e+00 5.321000000000000000e+03 8.600000000000000000e+02
7.390000000000000000e+02 1.280000000000000000e+02 1.000000000000000000e+01 4.825000000000000000e+03 7.430000000000000000e+02
7.230000000000000000e+02 1.370000000000000000e+02 1.300000000000000000e+01 4.776000000000000000e+03 7.610000000000000000e+02
7.990000000000000000e+02 1.640000000000000000e+02 9.000000000000000000e+00 5.266000000000000000e+03 8.100000000000000000e+02
9.860000000000000000e+02 1.420000000000000000e+02 9.000000000000000000e+00 5.268000000000000000e+03 9.150000000000000000e+02
7.710000000000000000e+02 1.280000000000000000e+02 4.000000000000000000e+00 4.960000000000000000e+03 7.830000000000000000e+02
7.180000000000000000e+02 1.280000000000000000e+02 7.000000000000000000e+00 4.788000000000000000e+03 7.280000000000000000e+02
9.650000000000000000e+02 1.530000000000000000e+02 1.300000000000000000e+01 5.506000000000000000e+03 8.630000000000000000e+02
9.670000000000000000e+02 1.580000000000000000e+02 9.000000000000000000e+00 5.018000000000000000e+03 8.890000000000000000e+02
9.020000000000000000e+02 1.320000000000000000e+02 1.400000000000000000e+01 5.051000000000000000e+03 8.230000000000000000e+02
9.350000000000000000e+02 1.540000000000000000e+02 1.200000000000000000e+01 5.103000000000000000e+03 8.760000000000000000e+02
7.380000000000000000e+02 1.460000000000000000e+02 9.000000000000000000e+00 5.153000000000000000e+03 8.310000000000000000e+02
6.720000000000000000e+02 1.260000000000000000e+02 1.400000000000000000e+01 4.688000000000000000e+03 7.430000000000000000e+02
7.410000000000000000e+02 1.150000000000000000e+02 1.000000000000000000e+01 4.623000000000000000e+03 7.590000000000000000e+02
9.830000000000000000e+02 1.430000000000000000e+02 1.000000000000000000e+01 4.977000000000000000e+03 8.950000000000000000e+02
1.042000000000000000e+03 1.420000000000000000e+02 4.000000000000000000e+00 5.410000000000000000e+03 9.170000000000000000e+02
8.870000000000000000e+02 1.450000000000000000e+02 1.100000000000000000e+01 5.104000000000000000e+03 8.460000000000000000e+02
8.160000000000000000e+02 1.300000000000000000e+02 9.000000000000000000e+00 5.228000000000000000e+03 7.990000000000000000e+02
9.270000000000000000e+02 1.410000000000000000e+02 4.000000000000000000e+00 4.980000000000000000e+03 8.160000000000000000e+02
7.680000000000000000e+02 1.410000000000000000e+02 8.000000000000000000e+00 4.836000000000000000e+03 7.910000000000000000e+02
9.610000000000000000e+02 1.370000000000000000e+02 6.000000000000000000e+00 4.940000000000000000e+03 8.370000000000000000e+02
7.700000000000000000e+02 1.270000000000000000e+02 1.300000000000000000e+01 4.491000000000000000e+03 8.290000000000000000e+02
1.102000000000000000e+03 1.740000000000000000e+02 1.300000000000000000e+01 5.304000000000000000e+03 9.660000000000000000e+02
8.360000000000000000e+02 1.170000000000000000e+02 6.000000000000000000e+00 4.325000000000000000e+03 7.630000000000000000e+02
7.730000000000000000e+02 1.230000000000000000e+02 3.000000000000000000e+00 4.921000000000000000e+03 7.590000000000000000e+02
9.030000000000000000e+02 1.440000000000000000e+02 9.000000000000000000e+00 5.085000000000000000e+03 8.920000000000000000e+02
8.010000000000000000e+02 1.380000000000000000e+02 8.000000000000000000e+00 4.929000000000000000e+03 8.130000000000000000e+02
9.530000000000000000e+02 1.420000000000000000e+02 7.000000000000000000e+00 5.116000000000000000e+03 8.790000000000000000e+02
7.610000000000000000e+02 1.360000000000000000e+02 5.000000000000000000e+00 4.853000000000000000e+03 7.820000000000000000e+02
9.250000000000000000e+02 1.230000000000000000e+02 8.000000000000000000e+00 5.320000000000000000e+03 8.330000000000000000e+02
6.900000000000000000e+02 1.150000000000000000e+02 7.000000000000000000e+00 4.586000000000000000e+03 7.290000000000000000e+02
7.180000000000000000e+02 1.070000000000000000e+02 9.000000000000000000e+00 4.164000000000000000e+03 7.200000000000000000e+02
8.440000000000000000e+02 1.400000000000000000e+02 7.000000000000000000e+00 4.907000000000000000e+03 8.310000000000000000e+02
7.680000000000000000e+02 1.240000000000000000e+02 9.000000000000000000e+00 4.478000000000000000e+03 7.500000000000000000e+02
7.220000000000000000e+02 1.170000000000000000e+02 4.000000000000000000e+00 4.707000000000000000e+03 7.560000000000000000e+02
8.140000000000000000e+02 1.500000000000000000e+02 8.000000000000000000e+00 4.641000000000000000e+03 8.030000000000000000e+02
7.660000000000000000e+02 1.410000000000000000e+02 7.000000000000000000e+00 4.659000000000000000e+03 7.680000000000000000e+02
7.830000000000000000e+02 1.280000000000000000e+02 1.400000000000000000e+01 5.011000000000000000e+03 7.500000000000000000e+02
7.250000000000000000e+02 1.170000000000000000e+02 9.000000000000000000e+00 4.807000000000000000e+03 7.280000000000000000e+02
7.400000000000000000e+02 1.280000000000000000e+02 5.000000000000000000e+00 4.650000000000000000e+03 7.690000000000000000e+02
9.340000000000000000e+02 1.240000000000000000e+02 7.000000000000000000e+00 5.130000000000000000e+03 8.360000000000000000e+02
9.170000000000000000e+02 1.450000000000000000e+02 6.000000000000000000e+00 4.663000000000000000e+03 8.280000000000000000e+02
7.890000000000000000e+02 1.300000000000000000e+02 7.000000000000000000e+00 4.471000000000000000e+03 8.310000000000000000e+02
7.810000000000000000e+02 1.450000000000000000e+02 4.000000000000000000e+00 4.728000000000000000e+03 7.890000000000000000e+02
9.870000000000000000e+02 1.550000000000000000e+02 9.000000000000000000e+00 5.555000000000000000e+03 8.730000000000000000e+02
9.960000000000000000e+02 1.530000000000000000e+02 9.000000000000000000e+00 5.354000000000000000e+03 8.940000000000000000e+02
9.510000000000000000e+02 1.470000000000000000e+02 4.000000000000000000e+00 5.329000000000000000e+03 8.610000000000000000e+02
5.910000000000000000e+02 1.200000000000000000e+02 5.000000000000000000e+00 4.126000000000000000e+03 6.620000000000000000e+02
7.540000000000000000e+02 1.600000000000000000e+02 1.100000000000000000e+01 4.816000000000000000e+03 7.810000000000000000e+02
9.640000000000000000e+02 1.350000000000000000e+02 7.000000000000000000e+00 5.238000000000000000e+03 8.740000000000000000e+02
7.760000000000000000e+02 1.430000000000000000e+02 1.000000000000000000e+01 4.559000000000000000e+03 8.310000000000000000e+02
8.350000000000000000e+02 1.310000000000000000e+02 5.000000000000000000e+00 5.215000000000000000e+03 8.600000000000000000e+02
8.560000000000000000e+02 1.400000000000000000e+02 8.000000000000000000e+00 5.012000000000000000e+03 8.240000000000000000e+02
7.530000000000000000e+02 1.220000000000000000e+02 1.500000000000000000e+01 4.250000000000000000e+03 7.710000000000000000e+02
7.060000000000000000e+02 1.440000000000000000e+02 7.000000000000000000e+00 4.607000000000000000e+03 7.580000000000000000e+02
8.510000000000000000e+02 1.330000000000000000e+02 6.000000000000000000e+00 5.190000000000000000e+03 8.160000000000000000e+02
8.830000000000000000e+02 1.490000000000000000e+02 1.400000000000000000e+01 4.956000000000000000e+03 8.400000000000000000e+02
9.020000000000000000e+02 1.410000000000000000e+02 1.800000000000000000e+01 5.088000000000000000e+03 8.190000000000000000e+02
7.220000000000000000e+02 1.300000000000000000e+02 1.000000000000000000e+01 4.830000000000000000e+03 7.260000000000000000e+02
5.570000000000000000e+02 9.600000000000000000e+01 6.000000000000000000e+00 3.877000000000000000e+03 6.430000000000000000e+02
8.340000000000000000e+02 1.320000000000000000e+02 5.000000000000000000e+00 5.038000000000000000e+03 8.500000000000000000e+02
8.650000000000000000e+02 1.260000000000000000e+02 6.000000000000000000e+00 4.792000000000000000e+03 8.260000000000000000e+02
1.078000000000000000e+03 1.680000000000000000e+02 6.000000000000000000e+00 5.276000000000000000e+03 9.300000000000000000e+02
8.850000000000000000e+02 1.300000000000000000e+02 8.000000000000000000e+00 5.115000000000000000e+03 8.420000000000000000e+02
1.021000000000000000e+03 1.540000000000000000e+02 1.000000000000000000e+01 4.969000000000000000e+03 8.820000000000000000e+02
9.440000000000000000e+02 1.300000000000000000e+02 7.000000000000000000e+00 4.610000000000000000e+03 8.570000000000000000e+02
8.640000000000000000e+02 1.410000000000000000e+02 4.000000000000000000e+00 5.000000000000000000e+03 8.050000000000000000e+02
7.830000000000000000e+02 1.410000000000000000e+02 1.000000000000000000e+01 4.752000000000000000e+03 8.140000000000000000e+02
9.130000000000000000e+02 1.500000000000000000e+02 1.400000000000000000e+01 4.992000000000000000e+03 8.480000000000000000e+02
7.500000000000000000e+02 1.340000000000000000e+02 7.000000000000000000e+00 4.826000000000000000e+03 7.470000000000000000e+02
8.580000000000000000e+02 1.530000000000000000e+02 6.000000000000000000e+00 5.048000000000000000e+03 8.070000000000000000e+02
9.730000000000000000e+02 1.400000000000000000e+02 9.000000000000000000e+00 5.429000000000000000e+03 9.040000000000000000e+02
7.760000000000000000e+02 1.380000000000000000e+02 1.000000000000000000e+01 4.913000000000000000e+03 8.250000000000000000e+02
9.940000000000000000e+02 1.480000000000000000e+02 6.000000000000000000e+00 5.293000000000000000e+03 8.620000000000000000e+02
9.840000000000000000e+02 1.500000000000000000e+02 7.000000000000000000e+00 5.166000000000000000e+03 8.640000000000000000e+02
5.960000000000000000e+02 9.200000000000000000e+01 6.000000000000000000e+00 4.363000000000000000e+03 6.230000000000000000e+02
8.870000000000000000e+02 1.530000000000000000e+02 1.100000000000000000e+01 5.177000000000000000e+03 9.050000000000000000e+02
7.710000000000000000e+02 1.300000000000000000e+02 3.000000000000000000e+00 4.651000000000000000e+03 7.940000000000000000e+02
8.770000000000000000e+02 1.370000000000000000e+02 1.000000000000000000e+01 5.244000000000000000e+03 8.190000000000000000e+02
1.034000000000000000e+03 1.560000000000000000e+02 8.000000000000000000e+00 4.909000000000000000e+03 8.760000000000000000e+02
8.170000000000000000e+02 1.440000000000000000e+02 1.000000000000000000e+01 5.003000000000000000e+03 8.370000000000000000e+02
7.730000000000000000e+02 1.380000000000000000e+02 1.600000000000000000e+01 4.786000000000000000e+03 7.620000000000000000e+02
7.490000000000000000e+02 1.520000000000000000e+02 1.100000000000000000e+01 4.632000000000000000e+03 7.500000000000000000e+02
8.390000000000000000e+02 1.390000000000000000e+02 9.000000000000000000e+00 4.924000000000000000e+03 8.410000000000000000e+02
9.740000000000000000e+02 1.420000000000000000e+02 1.100000000000000000e+01 5.235000000000000000e+03 8.330000000000000000e+02
9.020000000000000000e+02 1.610000000000000000e+02 1.000000000000000000e+01 5.359000000000000000e+03 8.590000000000000000e+02
1.051000000000000000e+03 1.600000000000000000e+02 9.000000000000000000e+00 5.320000000000000000e+03 9.180000000000000000e+02
7.380000000000000000e+02 1.310000000000000000e+02 9.000000000000000000e+00 4.755000000000000000e+03 7.410000000000000000e+02
1.010000000000000000e+03 1.340000000000000000e+02 4.000000000000000000e+00 5.223000000000000000e+03 8.900000000000000000e+02
7.860000000000000000e+02 1.370000000000000000e+02 6.000000000000000000e+00 5.037000000000000000e+03 8.070000000000000000e+02
8.150000000000000000e+02 1.280000000000000000e+02 7.000000000000000000e+00 4.550000000000000000e+03 7.810000000000000000e+02
8.280000000000000000e+02 1.400000000000000000e+02 4.000000000000000000e+00 5.238000000000000000e+03 8.380000000000000000e+02
8.150000000000000000e+02 1.200000000000000000e+02 8.000000000000000000e+00 4.990000000000000000e+03 8.100000000000000000e+02
9.810000000000000000e+02 1.670000000000000000e+02 6.000000000000000000e+00 5.451000000000000000e+03 9.160000000000000000e+02
8.360000000000000000e+02 1.310000000000000000e+02 1.000000000000000000e+01 4.915000000000000000e+03 8.260000000000000000e+02
8.060000000000000000e+02 1.390000000000000000e+02 9.000000000000000000e+00 4.865000000000000000e+03 7.950000000000000000e+02
8.260000000000000000e+02 1.360000000000000000e+02 1.400000000000000000e+01 4.704000000000000000e+03 8.110000000000000000e+02
7.820000000000000000e+02 1.440000000000000000e+02 8.000000000000000000e+00 4.699000000000000000e+03 7.910000000000000000e+02
9.720000000000000000e+02 1.540000000000000000e+02 1.000000000000000000e+01 5.209000000000000000e+03 9.010000000000000000e+02
