9.720000000000000000e+02 2.020000000000000000e+02 1.400000000000000000e+01 5.495000000000000000e+03 9.150000000000000000e+02
7.830000000000000000e+02 1.960000000000000000e+02 2.200000000000000000e+01 5.055000000000000000e+03 8.920000000000000000e+02
1.400000000000000000e+03 2.590000000000000000e+02 2.200000000000000000e+01 5.978000000000000000e+03 1.105000000000000000e+03
9.940000000000000000e+02 1.960000000000000000e+02 2.200000000000000000e+01 5.068000000000000000e+03 9.240000000000000000e+02
9.000000000000000000e+02 1.810000000000000000e+02 2.100000000000000000e+01 4.936000000000000000e+03 9.000000000000000000e+02
1.103000000000000000e+03 2.050000000000000000e+02 2.000000000000000000e+01 5.657000000000000000e+03 1.009000000000000000e+03
9.170000000000000000e+02 1.910000000000000000e+02 1.700000000000000000e+01 4.885000000000000000e+03 8.830000000000000000e+02
1.044000000000000000e+03 1.900000000000000000e+02 1.800000000000000000e+01 5.268000000000000000e+03 9.440000000000000000e+02
1.049000000000000000e+03 2.270000000000000000e+02 2.100000000000000000e+01 5.658000000000000000e+03 9.790000000000000000e+02
8.620000000000000000e+02 1.770000000000000000e+02 2.000000000000000000e+01 4.590000000000000000e+03 8.710000000000000000e+02
8.720000000000000000e+02 1.750000000000000000e+02 2.600000000000000000e+01 5.226000000000000000e+03 9.500000000000000000e+02
1.196000000000000000e+03 2.290000000000000000e+02 3.000000000000000000e+01 5.633000000000000000e+03 1.069000000000000000e+03
9.570000000000000000e+02 2.200000000000000000e+02 1.700000000000000000e+01 5.377000000000000000e+03 9.300000000000000000e+02
7.760000000000000000e+02 1.700000000000000000e+02 2.200000000000000000e+01 5.033000000000000000e+03 8.230000000000000000e+02
1.003000000000000000e+03 2.000000000000000000e+02 3.200000000000000000e+01 5.578000000000000000e+03 9.540000000000000000e+02
9.260000000000000000e+02 1.570000000000000000e+02 2.300000000000000000e+01 5.170000000000000000e+03 8.990000000000000000e+02
8.710000000000000000e+02 2.020000000000000000e+02 2.200000000000000000e+01 5.394000000000000000e+03 9.130000000000000000e+02
7.840000000000000000e+02 1.790000000000000000e+02 2.600000000000000000e+01 4.988000000000000000e+03 8.570000000000000000e+02
8.920000000000000000e+02 1.830000000000000000e+02 2.100000000000000000e+01 4.826000000000000000e+03 8.890000000000000000e+02
1.093000000000000000e+03 2.060000000000000000e+02 3.000000000000000000e+01 5.432000000000000000e+03 9.840000000000000000e+02
7.980000000000000000e+02 1.880000000000000000e+02 1.800000000000000000e+01 4.972000000000000000e+03 8.410000000000000000e+02
1.069000000000000000e+03 2.030000000000000000e+02 3.300000000000000000e+01 5.348000000000000000e+03 9.640000000000000000e+02
1.000000000000000000e+03 1.950000000000000000e+02 2.100000000000000000e+01 5.545000000000000000e+03 9.620000000000000000e+02
1.089000000000000000e+03 2.070000000000000000e+02 3.100000000000000000e+01 5.406000000000000000e+03 9.800000000000000000e+02
8.340000000000000000e+02 1.900000000000000000e+02 1.300000000000000000e+01 4.661000000000000000e+03 8.280000000000000000e+02
8.750000000000000000e+02 1.990000000000000000e+02 2.000000000000000000e+01 5.048000000000000000e+03 9.310000000000000000e+02
8.020000000000000000e+02 1.640000000000000000e+02 2.200000000000000000e+01 4.992000000000000000e+03 8.360000000000000000e+02
9.700000000000000000e+02 1.800000000000000000e+02 1.500000000000000000e+01 5.434000000000000000e+03 8.980000000000000000e+02
1.018000000000000000e+03 1.890000000000000000e+02 2.300000000000000000e+01 5.763000000000000000e+03 9.730000000000000000e+02
1.006000000000000000e+03 2.080000000000000000e+02 2.000000000000000000e+01 5.132000000000000000e+03 9.540000000000000000e+02
6.320000000000000000e+02 1.520000000000000000e+02 1.500000000000000000e+01 4.140000000000000000e+03 7.590000000000000000e+02
8.000000000000000000e+02 2.030000000000000000e+02 1.600000000000000000e+01 4.598000000000000000e+03 8.370000000000000000e+02
7.840000000000000000e+02 2.040000000000000000e+02 1.900000000000000000e+01 5.160000000000000000e+03 8.340000000000000000e+02
1.206000000000000000e+03 2.010000000000000000e+02 2.200000000000000000e+01 5.852000000000000000e+03 1.073000000000000000e+03
9.630000000000000000e+02 2.200000000000000000e+02 2.600000000000000000e+01 5.524000000000000000e+03 9.650000000000000000e+02
1.100000000000000000e+03 2.010000000000000000e+02 2.200000000000000000e+01 5.573000000000000000e+03 9.780000000000000000e+02
7.720000000000000000e+02 1.770000000000000000e+02 2.200000000000000000e+01 4.559000000000000000e+03 8.880000000000000000e+02
1.004000000000000000e+03 2.060000000000000000e+02 2.600000000000000000e+01 5.142000000000000000e+03 9.360000000000000000e+02
1.151000000000000000e+03 2.010000000000000000e+02 1.700000000000000000e+01 5.626000000000000000e+03 9.930000000000000000e+02
1.059000000000000000e+03 2.100000000000000000e+02 2.800000000000000000e+01 5.468000000000000000e+03 1.016000000000000000e+03
9.090000000000000000e+02 2.020000000000000000e+02 2.000000000000000000e+01 5.046000000000000000e+03 9.420000000000000000e+02
9.710000000000000000e+02 2.300000000000000000e+02 1.900000000000000000e+01 5.551000000000000000e+03 9.470000000000000000e+02
1.022000000000000000e+03 2.070000000000000000e+02 2.400000000000000000e+01 5.684000000000000000e+03 9.700000000000000000e+02
1.062000000000000000e+03 1.760000000000000000e+02 1.700000000000000000e+01 5.203000000000000000e+03 9.620000000000000000e+02
1.013000000000000000e+03 1.900000000000000000e+02 2.300000000000000000e+01 5.482000000000000000e+03 9.990000000000000000e+02
8.640000000000000000e+02 1.660000000000000000e+02 2.100000000000000000e+01 4.644000000000000000e+03 8.850000000000000000e+02
7.590000000000000000e+02 1.760000000000000000e+02 1.200000000000000000e+01 5.116000000000000000e+03 8.250000000000000000e+02
1.305000000000000000e+03 2.210000000000000000e+02 2.200000000000000000e+01 5.237000000000000000e+03 1.076000000000000000e+03
7.640000000000000000e+02 1.780000000000000000e+02 1.500000000000000000e+01 4.751000000000000000e+03 8.590000000000000000e+02
9.720000000000000000e+02 2.170000000000000000e+02 1.900000000000000000e+01 5.929000000000000000e+03 9.690000000000000000e+02
1.059000000000000000e+03 2.450000000000000000e+02 3.000000000000000000e+01 5.801000000000000000e+03 1.002000000000000000e+03
1.488000000000000000e+03 2.440000000000000000e+02 1.100000000000000000e+01 5.849000000000000000e+03 1.164000000000000000e+03
7.910000000000000000e+02 1.490000000000000000e+02 2.000000000000000000e+01 4.792000000000000000e+03 8.400000000000000000e+02
1.032000000000000000e+03 1.940000000000000000e+02 2.100000000000000000e+01 5.048000000000000000e+03 9.340000000000000000e+02
9.270000000000000000e+02 1.990000000000000000e+02 1.500000000000000000e+01 5.171000000000000000e+03 9.280000000000000000e+02
8.430000000000000000e+02 1.960000000000000000e+02 1.900000000000000000e+01 4.990000000000000000e+03 8.600000000000000000e+02
9.390000000000000000e+02 1.990000000000000000e+02 2.000000000000000000e+01 5.160000000000000000e+03 9.260000000000000000e+02
9.300000000000000000e+02 1.860000000000000000e+02 1.000000000000000000e+01 5.400000000000000000e+03 9.350000000000000000e+02
1.200000000000000000e+03 2.320000000000000000e+02 2.400000000000000000e+01 5.780000000000000000e+03 1.053000000000000000e+03
9.270000000000000000e+02 1.920000000000000000e+02 2.400000000000000000e+01 5.315000000000000000e+03 9.100000000000000000e+02
9.960000000000000000e+02 1.900000000000000000e+02 1.700000000000000000e+01 5.172000000000000000e+03 9.510000000000000000e+02
9.540000000000000000e+02 1.790000000000000000e+02 1.900000000000000000e+01 5.158000000000000000e+03 9.040000000000000000e+02
1.037000000000000000e+03 2.020000000000000000e+02 2.200000000000000000e+01 5.112000000000000000e+03 9.640000000000000000e+02
8.110000000000000000e+02 1.970000000000000000e+02 2.400000000000000000e+01 4.918000000000000000e+03 8.550000000000000000e+02
1.061000000000000000e+03 1.910000000000000000e+02 2.000000000000000000e+01 5.440000000000000000e+03 1.001000000000000000e+03
1.072000000000000000e+03 2.390000000000000000e+02 2.400000000000000000e+01 5.419000000000000000e+03 1.041000000000000000e+03
9.980000000000000000e+02 2.000000000000000000e+02 2.500000000000000000e+01 5.294000000000000000e+03 9.260000000000000000e+02
7.870000000000000000e+02 1.840000000000000000e+02 2.000000000000000000e+01 4.885000000000000000e+03 8.400000000000000000e+02
8.750000000000000000e+02 1.640000000000000000e+02 1.700000000000000000e+01 4.789000000000000000e+03 8.720000000000000000e+02
1.143000000000000000e+03 2.450000000000000000e+02 2.900000000000000000e+01 5.423000000000000000e+03 1.027000000000000000e+03
8.600000000000000000e+02 1.970000000000000000e+02 1.600000000000000000e+01 4.671000000000000000e+03 8.810000000000000000e+02
9.790000000000000000e+02 1.770000000000000000e+02 2.100000000000000000e+01 5.124000000000000000e+03 9.020000000000000000e+02
7.020000000000000000e+02 1.670000000000000000e+02 2.300000000000000000e+01 4.335000000000000000e+03 7.720000000000000000e+02
8.710000000000000000e+02 1.910000000000000000e+02 3.100000000000000000e+01 5.291000000000000000e+03 9.010000000000000000e+02
1.321000000000000000e+03 2.270000000000000000e+02 1.800000000000000000e+01 5.798000000000000000e+03 1.060000000000000000e+03
8.090000000000000000e+02 1.820000000000000000e+02 1.700000000000000000e+01 5.111000000000000000e+03 8.450000000000000000e+02
1.048000000000000000e+03 2.260000000000000000e+02 1.900000000000000000e+01 5.556000000000000000e+03 1.023000000000000000e+03
8.940000000000000000e+02 1.750000000000000000e+02 2.300000000000000000e+01 5.312000000000000000e+03 9.340000000000000000e+02
9.950000000000000000e+02 1.730000000000000000e+02 1.800000000000000000e+01 5.230000000000000000e+03 9.310000000000000000e+02
7.740000000000000000e+02 1.490000000000000000e+02 2.100000000000000000e+01 4.953000000000000000e+03 8.510000000000000000e+02
8.960000000000000000e+02 2.120000000000000000e+02 2.900000000000000000e+01 5.260000000000000000e+03 9.480000000000000000e+02
9.380000000000000000e+02 2.350000000000000000e+02 1.900000000000000000e+01 5.304000000000000000e+03 9.640000000000000000e+02
7.530000000000000000e+02 1.930000000000000000e+02 1.300000000000000000e+01 4.883000000000000000e+03 8.460000000000000000e+02
8.930000000000000000e+02 1.920000000000000000e+02 2.200000000000000000e+01 4.968000000000000000e+03 8.810000000000000000e+02
8.650000000000000000e+02 2.010000000000000000e+02 2.300000000000000000e+01 5.160000000000000000e+03 8.800000000000000000e+02
7.840000000000000000e+02 1.900000000000000000e+02 2.600000000000000000e+01 4.892000000000000000e+03 8.300000000000000000e+02
1.171000000000000000e+03 2.210000000000000000e+02 2.200000000000000000e+01 5.372000000000000000e+03 1.027000000000000000e+03
1.180000000000000000e+03 2.190000000000000000e+02 2.400000000000000000e+01 5.864000000000000000e+03 1.062000000000000000e+03
8.190000000000000000e+02 1.680000000000000000e+02 2.000000000000000000e+01 4.844000000000000000e+03 8.510000000000000000e+02
8.420000000000000000e+02 1.760000000000000000e+02 2.000000000000000000e+01 4.984000000000000000e+03 8.850000000000000000e+02
8.790000000000000000e+02 1.870000000000000000e+02 1.500000000000000000e+01 5.070000000000000000e+03 9.310000000000000000e+02
9.610000000000000000e+02 2.090000000000000000e+02 2.300000000000000000e+01 5.558000000000000000e+03 9.250000000000000000e+02
7.660000000000000000e+02 1.830000000000000000e+02 1.900000000000000000e+01 4.974000000000000000e+03 8.330000000000000000e+02
1.154000000000000000e+03 2.610000000000000000e+02 2.800000000000000000e+01 5.629000000000000000e+03 1.061000000000000000e+03
1.134000000000000000e+03 2.170000000000000000e+02 2.500000000000000000e+01 5.805000000000000000e+03 1.024000000000000000e+03
6.550000000000000000e+02 1.670000000000000000e+02 2.500000000000000000e+01 4.260000000000000000e+03 7.700000000000000000e+02
1.252000000000000000e+03 2.310000000000000000e+02 2.100000000000000000e+01 5.541000000000000000e+03 1.048000000000000000e+03
9.360000000000000000e+02 1.860000000000000000e+02 1.600000000000000000e+01 5.185000000000000000e+03 9.630000000000000000e+02
1.258000000000000000e+03 2.140000000000000000e+02 2.200000000000000000e+01 5.619000000000000000e+03 1.092000000000000000e+03
1.038000000000000000e+03 2.190000000000000000e+02 3.100000000000000000e+01 5.405000000000000000e+03 9.730000000000000000e+02
9.130000000000000000e+02 2.110000000000000000e+02 2.300000000000000000e+01 5.343000000000000000e+03 9.070000000000000000e+02
9.320000000000000000e+02 1.820000000000000000e+02 2.800000000000000000e+01 5.078000000000000000e+03 9.360000000000000000e+02
6.620000000000000000e+02 1.510000000000000000e+02 2.000000000000000000e+01 3.855000000000000000e+03 7.630000000000000000e+02
8.490000000000000000e+02 2.100000000000000000e+02 2.100000000000000000e+01 5.492000000000000000e+03 8.970000000000000000e+02
1.093000000000000000e+03 2.220000000000000000e+02 2.200000000000000000e+01 5.520000000000000000e+03 1.005000000000000000e+03
8.560000000000000000e+02 1.630000000000000000e+02 1.100000000000000000e+01 5.140000000000000000e+03 8.690000000000000000e+02
9.100000000000000000e+02 2.020000000000000000e+02 2.400000000000000000e+01 5.471000000000000000e+03 8.910000000000000000e+02
9.250000000000000000e+02 1.860000000000000000e+02 1.000000000000000000e+01 5.114000000000000000e+03 9.250000000000000000e+02
7.900000000000000000e+02 1.900000000000000000e+02 2.200000000000000000e+01 4.776000000000000000e+03 8.640000000000000000e+02
8.870000000000000000e+02 2.100000000000000000e+02 2.900000000000000000e+01 5.346000000000000000e+03 9.100000000000000000e+02
7.540000000000000000e+02 1.610000000000000000e+02 1.900000000000000000e+01 4.592000000000000000e+03 8.010000000000000000e+02
7.810000000000000000e+02 1.630000000000000000e+02 1.500000000000000000e+01 4.857000000000000000e+03 8.730000000000000000e+02
1.174000000000000000e+03 2.100000000000000000e+02 2.300000000000000000e+01 5.635000000000000000e+03 9.900000000000000000e+02
9.460000000000000000e+02 1.650000000000000000e+02 1.400000000000000000e+01 4.931000000000000000e+03 8.900000000000000000e+02
7.170000000000000000e+02 1.730000000000000000e+02 1.900000000000000000e+01 5.100000000000000000e+03 8.010000000000000000e+02
9.260000000000000000e+02 1.650000000000000000e+02 1.800000000000000000e+01 5.372000000000000000e+03 9.210000000000000000e+02
7.940000000000000000e+02 2.140000000000000000e+02 2.100000000000000000e+01 4.846000000000000000e+03 9.110000000000000000e+02
9.530000000000000000e+02 1.830000000000000000e+02 1.900000000000000000e+01 5.486000000000000000e+03 9.480000000000000000e+02
9.930000000000000000e+02 1.950000000000000000e+02 2.500000000000000000e+01 5.194000000000000000e+03 1.006000000000000000e+03
8.330000000000000000e+02 2.070000000000000000e+02 2.900000000000000000e+01 5.230000000000000000e+03 8.860000000000000000e+02
8.360000000000000000e+02 2.200000000000000000e+02 2.200000000000000000e+01 5.327000000000000000e+03 8.950000000000000000e+02
8.870000000000000000e+02 2.080000000000000000e+02 1.900000000000000000e+01 5.187000000000000000e+03 8.880000000000000000e+02
1.338000000000000000e+03 2.300000000000000000e+02 2.700000000000000000e+01 5.306000000000000000e+03 1.124000000000000000e+03
8.890000000000000000e+02 1.770000000000000000e+02 1.200000000000000000e+01 4.888000000000000000e+03 8.780000000000000000e+02
1.210000000000000000e+03 2.290000000000000000e+02 2.400000000000000000e+01 5.464000000000000000e+03 1.034000000000000000e+03
1.232000000000000000e+03 2.180000000000000000e+02 2.800000000000000000e+01 5.572000000000000000e+03 1.007000000000000000e+03
8.730000000000000000e+02 2.030000000000000000e+02 2.100000000000000000e+01 5.219000000000000000e+03 8.650000000000000000e+02
7.290000000000000000e+02 1.630000000000000000e+02 1.500000000000000000e+01 4.726000000000000000e+03 8.070000000000000000e+02
8.630000000000000000e+02 2.060000000000000000e+02 1.200000000000000000e+01 5.359000000000000000e+03 8.810000000000000000e+02
5.930000000000000000e+02 1.910000000000000000e+02 2.300000000000000000e+01 4.184000000000000000e+03 7.280000000000000000e+02
1.114000000000000000e+03 2.070000000000000000e+02 1.100000000000000000e+01 5.513000000000000000e+03 9.790000000000000000e+02
8.530000000000000000e+02 1.750000000000000000e+02 1.800000000000000000e+01 4.611000000000000000e+03 8.710000000000000000e+02
7.840000000000000000e+02 2.200000000000000000e+02 2.300000000000000000e+01 4.697000000000000000e+03 9.040000000000000000e+02
9.720000000000000000e+02 2.150000000000000000e+02 3.000000000000000000e+01 5.682000000000000000e+03 9.520000000000000000e+02
1.015000000000000000e+03 1.990000000000000000e+02 1.300000000000000000e+01 4.805000000000000000e+03 9.410000000000000000e+02
9.110000000000000000e+02 2.050000000000000000e+02 2.200000000000000000e+01 4.992000000000000000e+03 9.190000000000000000e+02
9.400000000000000000e+02 1.990000000000000000e+02 2.600000000000000000e+01 5.277000000000000000e+03 9.600000000000000000e+02
1.018000000000000000e+03 2.260000000000000000e+02 3.700000000000000000e+01 5.656000000000000000e+03 1.002000000000000000e+03
9.650000000000000000e+02 1.840000000000000000e+02 2.400000000000000000e+01 5.392000000000000000e+03 9.230000000000000000e+02
8.280000000000000000e+02 1.820000000000000000e+02 2.900000000000000000e+01 5.152000000000000000e+03 9.210000000000000000e+02
8.570000000000000000e+02 1.820000000000000000e+02 1.600000000000000000e+01 5.343000000000000000e+03 8.440000000000000000e+02
9.190000000000000000e+02 2.020000000000000000e+02 2.400000000000000000e+01 5.517000000000000000e+03 9.590000000000000000e+02
8.990000000000000000e+02 1.780000000000000000e+02 1.500000000000000000e+01 4.889000000000000000e+03 8.790000000000000000e+02
9.870000000000000000e+02 2.050000000000000000e+02 2.600000000000000000e+01 5.596000000000000000e+03 9.380000000000000000e+02
9.050000000000000000e+02 1.810000000000000000e+02 1.200000000000000000e+01 5.169000000000000000e+03 8.940000000000000000e+02
1.050000000000000000e+03 2.120000000000000000e+02 1.400000000000000000e+01 5.567000000000000000e+03 1.009000000000000000e+03
1.112000000000000000e+03 1.960000000000000000e+02 2.500000000000000000e+01 5.830000000000000000e+03 1.032000000000000000e+03
1.016000000000000000e+03 2.110000000000000000e+02 1.800000000000000000e+01 5.202000000000000000e+03 9.820000000000000000e+02
1.138000000000000000e+03 2.230000000000000000e+02 2.000000000000000000e+01 5.590000000000000000e+03 1.035000000000000000e+03
9.150000000000000000e+02 1.910000000000000000e+02 2.100000000000000000e+01 4.831000000000000000e+03 8.600000000000000000e+02
1.435000000000000000e+03 2.140000000000000000e+02 2.100000000000000000e+01 5.718000000000000000e+03 1.133000000000000000e+03
1.044000000000000000e+03 2.350000000000000000e+02 1.800000000000000000e+01 5.487000000000000000e+03 1.003000000000000000e+03
9.050000000000000000e+02 2.100000000000000000e+02 2.200000000000000000e+01 5.143000000000000000e+03 8.970000000000000000e+02
8.940000000000000000e+02 2.050000000000000000e+02 2.300000000000000000e+01 5.416000000000000000e+03 9.290000000000000000e+02
1.395000000000000000e+03 2.260000000000000000e+02 2.000000000000000000e+01 5.590000000000000000e+03 1.079000000000000000e+03
8.640000000000000000e+02 1.920000000000000000e+02 1.300000000000000000e+01 5.145000000000000000e+03 9.030000000000000000e+02
8.900000000000000000e+02 2.130000000000000000e+02 2.600000000000000000e+01 5.397000000000000000e+03 9.540000000000000000e+02
1.023000000000000000e+03 2.000000000000000000e+02 1.500000000000000000e+01 5.156000000000000000e+03 9.640000000000000000e+02
7.660000000000000000e+02 2.010000000000000000e+02 1.900000000000000000e+01 4.671000000000000000e+03 8.440000000000000000e+02
9.470000000000000000e+02 2.250000000000000000e+02 2.000000000000000000e+01 5.779000000000000000e+03 9.930000000000000000e+02
1.164000000000000000e+03 2.100000000000000000e+02 2.500000000000000000e+01 5.543000000000000000e+03 1.033000000000000000e+03
1.000000000000000000e+03 2.050000000000000000e+02 2.700000000000000000e+01 4.992000000000000000e+03 9.390000000000000000e+02
1.275000000000000000e+03 2.420000000000000000e+02 3.200000000000000000e+01 5.793000000000000000e+03 1.085000000000000000e+03
9.360000000000000000e+02 2.210000000000000000e+02 2.000000000000000000e+01 5.284000000000000000e+03 9.260000000000000000e+02
9.360000000000000000e+02 1.950000000000000000e+02 3.400000000000000000e+01 5.451000000000000000e+03 8.960000000000000000e+02
1.156000000000000000e+03 1.880000000000000000e+02 2.000000000000000000e+01 5.279000000000000000e+03 1.012000000000000000e+03
1.145000000000000000e+03 2.230000000000000000e+02 1.700000000000000000e+01 5.517000000000000000e+03 9.930000000000000000e+02
9.670000000000000000e+02 2.100000000000000000e+02 2.300000000000000000e+01 5.490000000000000000e+03 9.560000000000000000e+02
1.211000000000000000e+03 1.800000000000000000e+02 1.500000000000000000e+01 5.190000000000000000e+03 1.017000000000000000e+03
8.480000000000000000e+02 1.880000000000000000e+02 2.600000000000000000e+01 5.228000000000000000e+03 8.810000000000000000e+02
1.150000000000000000e+03 1.940000000000000000e+02 2.000000000000000000e+01 5.607000000000000000e+03 9.640000000000000000e+02
1.141000000000000000e+03 2.210000000000000000e+02 2.900000000000000000e+01 5.263000000000000000e+03 1.005000000000000000e+03
1.021000000000000000e+03 2.130000000000000000e+02 1.700000000000000000e+01 5.639000000000000000e+03 9.850000000000000000e+02
1.013000000000000000e+03 1.730000000000000000e+02 1.400000000000000000e+01 5.119000000000000000e+03 9.020000000000000000e+02
1.041000000000000000e+03 2.470000000000000000e+02 2.700000000000000000e+01 5.792000000000000000e+03 9.480000000000000000e+02
9.260000000000000000e+02 1.930000000000000000e+02 1.300000000000000000e+01 5.404000000000000000e+03 9.370000000000000000e+02
7.940000000000000000e+02 1.840000000000000000e+02 2.600000000000000000e+01 5.045000000000000000e+03 8.760000000000000000e+02
9.130000000000000000e+02 1.970000000000000000e+02 2.000000000000000000e+01 5.075000000000000000e+03 8.740000000000000000e+02
6.570000000000000000e+02 1.570000000000000000e+02 2.500000000000000000e+01 4.529000000000000000e+03 7.830000000000000000e+02
1.051000000000000000e+03 1.830000000000000000e+02 2.300000000000000000e+01 5.313000000000000000e+03 9.100000000000000000e+02
9.290000000000000000e+02 2.150000000000000000e+02 2.900000000000000000e+01 5.121000000000000000e+03 9.140000000000000000e+02
1.068000000000000000e+03 2.270000000000000000e+02 1.800000000000000000e+01 5.487000000000000000e+03 9.530000000000000000e+02
7.340000000000000000e+02 1.720000000000000000e+02 1.600000000000000000e+01 4.845000000000000000e+03 8.220000000000000000e+02
7.980000000000000000e+02 2.060000000000000000e+02 2.900000000000000000e+01 5.514000000000000000e+03 9.000000000000000000e+02
7.520000000000000000e+02 1.500000000000000000e+02 1.200000000000000000e+01 4.939000000000000000e+03 8.020000000000000000e+02
7.780000000000000000e+02 1.640000000000000000e+02 1.500000000000000000e+01 4.695000000000000000e+03 8.550000000000000000e+02
1.015000000000000000e+03 2.040000000000000000e+02 2.400000000000000000e+01 5.503000000000000000e+03 1.000000000000000000e+03
1.159000000000000000e+03 1.960000000000000000e+02 2.400000000000000000e+01 5.542000000000000000e+03 1.060000000000000000e+03
9.880000000000000000e+02 1.920000000000000000e+02 2.100000000000000000e+01 5.166000000000000000e+03 9.710000000000000000e+02
7.980000000000000000e+02 1.670000000000000000e+02 1.500000000000000000e+01 4.863000000000000000e+03 8.370000000000000000e+02
7.970000000000000000e+02 1.870000000000000000e+02 1.900000000000000000e+01 5.032000000000000000e+03 8.770000000000000000e+02
7.000000000000000000e+02 1.470000000000000000e+02 2.200000000000000000e+01 4.846000000000000000e+03 7.820000000000000000e+02
1.140000000000000000e+03 2.220000000000000000e+02 2.100000000000000000e+01 5.288000000000000000e+03 1.011000000000000000e+03
1.099000000000000000e+03 1.990000000000000000e+02 1.400000000000000000e+01 5.339000000000000000e+03 1.007000000000000000e+03
8.990000000000000000e+02 2.020000000000000000e+02 1.800000000000000000e+01 5.122000000000000000e+03 9.020000000000000000e+02
8.740000000000000000e+02 1.640000000000000000e+02 2.000000000000000000e+01 5.020000000000000000e+03 8.710000000000000000e+02
1.132000000000000000e+03 2.310000000000000000e+02 2.200000000000000000e+01 5.406000000000000000e+03 9.670000000000000000e+02
8.250000000000000000e+02 1.780000000000000000e+02 1.600000000000000000e+01 4.992000000000000000e+03 8.930000000000000000e+02
9.100000000000000000e+02 2.060000000000000000e+02 3.300000000000000000e+01 4.976000000000000000e+03 9.140000000000000000e+02
1.094000000000000000e+03 2.180000000000000000e+02 2.300000000000000000e+01 5.681000000000000000e+03 1.007000000000000000e+03
1.011000000000000000e+03 2.170000000000000000e+02 2.000000000000000000e+01 5.185000000000000000e+03 9.200000000000000000e+02
1.166000000000000000e+03 2.050000000000000000e+02 2.300000000000000000e+01 5.544000000000000000e+03 1.022000000000000000e+03
1.066000000000000000e+03 1.780000000000000000e+02 1.700000000000000000e+01 5.477000000000000000e+03 9.640000000000000000e+02
1.087000000000000000e+03 1.980000000000000000e+02 2.300000000000000000e+01 5.157000000000000000e+03 9.500000000000000000e+02
1.144000000000000000e+03 2.210000000000000000e+02 2.800000000000000000e+01 5.361000000000000000e+03 1.042000000000000000e+03
1.031000000000000000e+03 1.830000000000000000e+02 1.900000000000000000e+01 5.206000000000000000e+03 9.340000000000000000e+02
1.002000000000000000e+03 2.170000000000000000e+02 1.400000000000000000e+01 5.415000000000000000e+03 9.430000000000000000e+02
1.072000000000000000e+03 2.240000000000000000e+02 2.400000000000000000e+01 5.182000000000000000e+03 9.730000000000000000e+02
8.240000000000000000e+02 1.910000000000000000e+02 1.900000000000000000e+01 4.958000000000000000e+03 8.400000000000000000e+02
9.310000000000000000e+02 2.060000000000000000e+02 2.200000000000000000e+01 5.345000000000000000e+03 9.730000000000000000e+02
1.312000000000000000e+03 2.610000000000000000e+02 2.800000000000000000e+01 5.657000000000000000e+03 1.095000000000000000e+03
1.055000000000000000e+03 2.420000000000000000e+02 1.800000000000000000e+01 5.383000000000000000e+03 9.830000000000000000e+02
7.900000000000000000e+02 1.960000000000000000e+02 2.600000000000000000e+01 5.102000000000000000e+03 8.660000000000000000e+02
8.730000000000000000e+02 1.790000000000000000e+02 1.700000000000000000e+01 5.007000000000000000e+03 8.970000000000000000e+02
9.510000000000000000e+02 1.810000000000000000e+02 2.100000000000000000e+01 5.298000000000000000e+03 9.710000000000000000e+02
1.032000000000000000e+03 2.020000000000000000e+02 1.500000000000000000e+01 4.891000000000000000e+03 9.610000000000000000e+02
1.051000000000000000e+03 2.290000000000000000e+02 1.400000000000000000e+01 5.654000000000000000e+03 9.970000000000000000e+02
1.085000000000000000e+03 2.100000000000000000e+02 1.700000000000000000e+01 5.412000000000000000e+03 9.910000000000000000e+02
1.275000000000000000e+03 2.170000000000000000e+02 2.400000000000000000e+01 5.646000000000000000e+03 1.035000000000000000e+03
9.130000000000000000e+02 1.960000000000000000e+02 2.200000000000000000e+01 5.002000000000000000e+03 9.060000000000000000e+02
8.770000000000000000e+02 1.950000000000000000e+02 2.300000000000000000e+01 5.127000000000000000e+03 8.890000000000000000e+02
1.030000000000000000e+03 2.180000000000000000e+02 2.300000000000000000e+01 5.653000000000000000e+03 9.810000000000000000e+02
1.193000000000000000e+03 2.170000000000000000e+02 2.400000000000000000e+01 5.124000000000000000e+03 1.023000000000000000e+03
1.362000000000000000e+03 2.360000000000000000e+02 1.900000000000000000e+01 5.791000000000000000e+03 1.139000000000000000e+03
9.480000000000000000e+02 1.760000000000000000e+02 2.000000000000000000e+01 5.257000000000000000e+03 9.240000000000000000e+02
7.150000000000000000e+02 1.870000000000000000e+02 2.600000000000000000e+01 4.617000000000000000e+03 8.580000000000000000e+02
9.780000000000000000e+02 1.920000000000000000e+02 1.800000000000000000e+01 4.948000000000000000e+03 9.160000000000000000e+02
9.410000000000000000e+02 1.880000000000000000e+02 1.700000000000000000e+01 5.212000000000000000e+03 9.540000000000000000e+02
1.000000000000000000e+03 1.940000000000000000e+02 2.300000000000000000e+01 5.033000000000000000e+03 8.990000000000000000e+02
9.500000000000000000e+02 1.820000000000000000e+02 1.900000000000000000e+01 4.899000000000000000e+03 8.850000000000000000e+02
1.277000000000000000e+03 2.550000000000000000e+02 2.000000000000000000e+01 5.792000000000000000e+03 1.033000000000000000e+03
1.012000000000000000e+03 1.790000000000000000e+02 1.300000000000000000e+01 5.393000000000000000e+03 9.450000000000000000e+02
9.370000000000000000e+02 1.840000000000000000e+02 1.900000000000000000e+01 5.022000000000000000e+03 9.150000000000000000e+02
7.850000000000000000e+02 1.690000000000000000e+02 2.400000000000000000e+01 5.199000000000000000e+03 8.420000000000000000e+02
7.190000000000000000e+02 1.820000000000000000e+02 2.400000000000000000e+01 5.085000000000000000e+03 8.010000000000000000e+02
9.560000000000000000e+02 1.830000000000000000e+02 2.400000000000000000e+01 5.352000000000000000e+03 9.400000000000000000e+02
1.014000000000000000e+03 2.060000000000000000e+02 2.100000000000000000e+01 5.278000000000000000e+03 9.690000000000000000e+02
8.490000000000000000e+02 1.730000000000000000e+02 2.600000000000000000e+01 5.321000000000000000e+03 8.660000000000000000e+02
9.600000000000000000e+02 1.790000000000000000e+02 2.200000000000000000e+01 5.154000000000000000e+03 9.160000000000000000e+02
8.520000000000000000e+02 1.650000000000000000e+02 1.800000000000000000e+01 5.409000000000000000e+03 8.800000000000000000e+02
8.960000000000000000e+02 2.130000000000000000e+02 2.500000000000000000e+01 4.802000000000000000e+03 9.030000000000000000e+02
9.540000000000000000e+02 1.820000000000000000e+02 2.100000000000000000e+01 5.083000000000000000e+03 9.040000000000000000e+02
1.206000000000000000e+03 2.320000000000000000e+02 3.200000000000000000e+01 5.784000000000000000e+03 1.114000000000000000e+03
9.570000000000000000e+02 1.980000000000000000e+02 1.500000000000000000e+01 5.318000000000000000e+03 9.120000000000000000e+02
1.027000000000000000e+03 2.250000000000000000e+02 2.100000000000000000e+01 5.278000000000000000e+03 1.001000000000000000e+03
7.020000000000000000e+02 1.750000000000000000e+02 2.400000000000000000e+01 4.314000000000000000e+03 8.390000000000000000e+02
1.030000000000000000e+03 2.290000000000000000e+02 2.400000000000000000e+01 5.422000000000000000e+03 9.720000000000000000e+02
7.750000000000000000e+02 1.720000000000000000e+02 1.300000000000000000e+01 4.912000000000000000e+03 8.690000000000000000e+02
1.189000000000000000e+03 2.340000000000000000e+02 2.900000000000000000e+01 5.588000000000000000e+03 1.067000000000000000e+03
1.013000000000000000e+03 2.030000000000000000e+02 2.100000000000000000e+01 5.700000000000000000e+03 9.960000000000000000e+02
