2.000000000000000000e+02 3.600000000000000000e+01 6.000000000000000000e+00 1.612000000000000000e+03 2.420000000000000000e+02
1.730000000000000000e+02 2.700000000000000000e+01 8.000000000000000000e+00 1.799000000000000000e+03 2.070000000000000000e+02
1.750000000000000000e+02 4.000000000000000000e+01 3.000000000000000000e+00 1.559000000000000000e+03 2.180000000000000000e+02
1.660000000000000000e+02 3.600000000000000000e+01 4.000000000000000000e+00 1.700000000000000000e+03 2.060000000000000000e+02
1.640000000000000000e+02 2.900000000000000000e+01 2.000000000000000000e+00 1.450000000000000000e+03 1.950000000000000000e+02
2.360000000000000000e+02 2.800000000000000000e+01 9.000000000000000000e+00 1.777000000000000000e+03 2.730000000000000000e+02
2.640000000000000000e+02 3.300000000000000000e+01 3.000000000000000000e+00 1.885000000000000000e+03 3.000000000000000000e+02
1.840000000000000000e+02 2.400000000000000000e+01 3.000000000000000000e+00 1.664000000000000000e+03 2.110000000000000000e+02
1.690000000000000000e+02 2.000000000000000000e+01 3.000000000000000000e+00 1.523000000000000000e+03 1.890000000000000000e+02
2.090000000000000000e+02 1.700000000000000000e+01 5.000000000000000000e+00 1.685000000000000000e+03 2.310000000000000000e+02
2.230000000000000000e+02 3.900000000000000000e+01 8.000000000000000000e+00 1.934000000000000000e+03 2.700000000000000000e+02
2.350000000000000000e+02 3.100000000000000000e+01 9.000000000000000000e+00 1.830000000000000000e+03 2.750000000000000000e+02
2.060000000000000000e+02 3.000000000000000000e+01 6.000000000000000000e+00 1.960000000000000000e+03 2.420000000000000000e+02
2.050000000000000000e+02 3.600000000000000000e+01 7.000000000000000000e+00 1.824000000000000000e+03 2.460000000000000000e+02
2.070000000000000000e+02 1.800000000000000000e+01 4.000000000000000000e+00 1.856000000000000000e+03 2.290000000000000000e+02
2.120000000000000000e+02 2.800000000000000000e+01 5.000000000000000000e+00 1.712000000000000000e+03 2.440000000000000000e+02
2.300000000000000000e+02 2.400000000000000000e+01 3.000000000000000000e+00 1.794000000000000000e+03 2.560000000000000000e+02
2.340000000000000000e+02 2.800000000000000000e+01 5.000000000000000000e+00 1.913000000000000000e+03 2.660000000000000000e+02
2.060000000000000000e+02 3.100000000000000000e+01 4.000000000000000000e+00 1.717000000000000000e+03 2.410000000000000000e+02
1.480000000000000000e+02 3.000000000000000000e+01 9.000000000000000000e+00 1.758000000000000000e+03 1.870000000000000000e+02
1.440000000000000000e+02 4.000000000000000000e+01 8.000000000000000000e+00 1.761000000000000000e+03 1.920000000000000000e+02
2.130000000000000000e+02 3.300000000000000000e+01 6.000000000000000000e+00 1.677000000000000000e+03 2.520000000000000000e+02
1.680000000000000000e+02 2.900000000000000000e+01 7.000000000000000000e+00 1.665000000000000000e+03 2.040000000000000000e+02
1.600000000000000000e+02 2.100000000000000000e+01 3.000000000000000000e+00 1.700000000000000000e+03 1.840000000000000000e+02
1.870000000000000000e+02 2.600000000000000000e+01 3.000000000000000000e+00 1.873000000000000000e+03 2.160000000000000000e+02
2.390000000000000000e+02 3.000000000000000000e+01 9.000000000000000000e+00 1.539000000000000000e+03 2.780000000000000000e+02
2.410000000000000000e+02 3.200000000000000000e+01 4.000000000000000000e+00 1.756000000000000000e+03 2.770000000000000000e+02
2.190000000000000000e+02 3.400000000000000000e+01 4.000000000000000000e+00 1.769000000000000000e+03 2.570000000000000000e+02
2.200000000000000000e+02 3.300000000000000000e+01 5.000000000000000000e+00 1.682000000000000000e+03 2.580000000000000000e+02
2.210000000000000000e+02 2.100000000000000000e+01 5.000000000000000000e+00 1.840000000000000000e+03 2.470000000000000000e+02
1.690000000000000000e+02 1.900000000000000000e+01 9.000000000000000000e+00 1.580000000000000000e+03 1.970000000000000000e+02
1.860000000000000000e+02 2.400000000000000000e+01 3.000000000000000000e+00 1.705000000000000000e+03 2.120000000000000000e+02
2.580000000000000000e+02 1.600000000000000000e+01 1.000000000000000000e+00 1.848000000000000000e+03 2.750000000000000000e+02
2.200000000000000000e+02 2.100000000000000000e+01 5.000000000000000000e+00 1.740000000000000000e+03 2.450000000000000000e+02
2.200000000000000000e+02 2.600000000000000000e+01 6.000000000000000000e+00 1.870000000000000000e+03 2.520000000000000000e+02
1.780000000000000000e+02 2.700000000000000000e+01 3.000000000000000000e+00 1.509000000000000000e+03 2.080000000000000000e+02
1.710000000000000000e+02 2.100000000000000000e+01 2.000000000000000000e+00 1.795000000000000000e+03 1.930000000000000000e+02
2.170000000000000000e+02 2.700000000000000000e+01 5.000000000000000000e+00 1.725000000000000000e+03 2.490000000000000000e+02
1.870000000000000000e+02 2.400000000000000000e+01 5.000000000000000000e+00 1.502000000000000000e+03 2.160000000000000000e+02
2.170000000000000000e+02 2.600000000000000000e+01 3.000000000000000000e+00 1.536000000000000000e+03 2.460000000000000000e+02
1.980000000000000000e+02 3.100000000000000000e+01 6.000000000000000000e+00 1.827000000000000000e+03 2.350000000000000000e+02
2.450000000000000000e+02 3.300000000000000000e+01 4.000000000000000000e+00 1.834000000000000000e+03 2.820000000000000000e+02
2.610000000000000000e+02 2.400000000000000000e+01 2.000000000000000000e+00 1.890000000000000000e+03 2.860000000000000000e+02
1.950000000000000000e+02 2.800000000000000000e+01 6.000000000000000000e+00 1.888000000000000000e+03 2.290000000000000000e+02
2.450000000000000000e+02 3.800000000000000000e+01 5.000000000000000000e+00 1.751000000000000000e+03 2.880000000000000000e+02
2.180000000000000000e+02 3.100000000000000000e+01 5.000000000000000000e+00 1.729000000000000000e+03 2.540000000000000000e+02
2.320000000000000000e+02 3.400000000000000000e+01 1.000000000000000000e+01 1.909000000000000000e+03 2.760000000000000000e+02
1.750000000000000000e+02 2.100000000000000000e+01 4.000000000000000000e+00 1.537000000000000000e+03 2.000000000000000000e+02
2.420000000000000000e+02 3.000000000000000000e+01 9.000000000000000000e+00 1.635000000000000000e+03 2.810000000000000000e+02
2.420000000000000000e+02 3.300000000000000000e+01 3.000000000000000000e+00 1.919000000000000000e+03 2.780000000000000000e+02
2.000000000000000000e+02 4.700000000000000000e+01 4.000000000000000000e+00 1.902000000000000000e+03 2.510000000000000000e+02
2.200000000000000000e+02 3.100000000000000000e+01 5.000000000000000000e+00 1.679000000000000000e+03 2.560000000000000000e+02
1.870000000000000000e+02 2.800000000000000000e+01 7.000000000000000000e+00 1.724000000000000000e+03 2.220000000000000000e+02
1.910000000000000000e+02 4.400000000000000000e+01 8.000000000000000000e+00 1.832000000000000000e+03 2.430000000000000000e+02
1.870000000000000000e+02 3.900000000000000000e+01 6.000000000000000000e+00 1.849000000000000000e+03 2.320000000000000000e+02
2.690000000000000000e+02 3.300000000000000000e+01 3.000000000000000000e+00 1.854000000000000000e+03 3.050000000000000000e+02
2.860000000000000000e+02 3.000000000000000000e+01 2.000000000000000000e+00 1.866000000000000000e+03 3.170000000000000000e+02
1.870000000000000000e+02 2.600000000000000000e+01 2.000000000000000000e+00 1.620000000000000000e+03 2.150000000000000000e+02
2.350000000000000000e+02 3.800000000000000000e+01 5.000000000000000000e+00 1.940000000000000000e+03 2.780000000000000000e+02
2.240000000000000000e+02 3.200000000000000000e+01 2.000000000000000000e+00 1.816000000000000000e+03 2.580000000000000000e+02
2.370000000000000000e+02 2.300000000000000000e+01 2.000000000000000000e+00 1.773000000000000000e+03 2.620000000000000000e+02
2.330000000000000000e+02 3.700000000000000000e+01 6.000000000000000000e+00 1.790000000000000000e+03 2.760000000000000000e+02
2.070000000000000000e+02 2.900000000000000000e+01 4.000000000000000000e+00 1.563000000000000000e+03 2.390000000000000000e+02
2.170000000000000000e+02 1.900000000000000000e+01 3.000000000000000000e+00 1.858000000000000000e+03 2.380000000000000000e+02
1.970000000000000000e+02 3.500000000000000000e+01 4.000000000000000000e+00 1.782000000000000000e+03 2.360000000000000000e+02
1.810000000000000000e+02 2.800000000000000000e+01 2.000000000000000000e+00 1.482000000000000000e+03 2.100000000000000000e+02
2.080000000000000000e+02 2.100000000000000000e+01 0.000000000000000000e+00 1.599000000000000000e+03 2.280000000000000000e+02
1.920000000000000000e+02 2.100000000000000000e+01 3.000000000000000000e+00 1.589000000000000000e+03 2.160000000000000000e+02
2.290000000000000000e+02 3.600000000000000000e+01 7.000000000000000000e+00 1.692000000000000000e+03 2.720000000000000000e+02
2.150000000000000000e+02 3.000000000000000000e+01 2.000000000000000000e+00 1.892000000000000000e+03 2.470000000000000000e+02
2.000000000000000000e+02 4.800000000000000000e+01 7.000000000000000000e+00 1.876000000000000000e+03 2.550000000000000000e+02
2.190000000000000000e+02 3.100000000000000000e+01 5.000000000000000000e+00 1.622000000000000000e+03 2.550000000000000000e+02
1.970000000000000000e+02 1.800000000000000000e+01 1.000000000000000000e+00 1.580000000000000000e+03 2.160000000000000000e+02
2.320000000000000000e+02 2.500000000000000000e+01 4.000000000000000000e+00 1.833000000000000000e+03 2.610000000000000000e+02
2.440000000000000000e+02 2.600000000000000000e+01 4.000000000000000000e+00 1.848000000000000000e+03 2.740000000000000000e+02
1.830000000000000000e+02 3.000000000000000000e+01 4.000000000000000000e+00 1.812000000000000000e+03 2.170000000000000000e+02
2.300000000000000000e+02 3.800000000000000000e+01 6.000000000000000000e+00 1.723000000000000000e+03 2.740000000000000000e+02
2.230000000000000000e+02 2.600000000000000000e+01 7.000000000000000000e+00 1.940000000000000000e+03 2.560000000000000000e+02
2.120000000000000000e+02 2.800000000000000000e+01 1.200000000000000000e+01 1.648000000000000000e+03 2.520000000000000000e+02
2.260000000000000000e+02 3.000000000000000000e+01 5.000000000000000000e+00 1.764000000000000000e+03 2.600000000000000000e+02
1.530000000000000000e+02 3.600000000000000000e+01 4.000000000000000000e+00 1.547000000000000000e+03 1.930000000000000000e+02
1.890000000000000000e+02 2.600000000000000000e+01 3.000000000000000000e+00 1.699000000000000000e+03 2.170000000000000000e+02
1.670000000000000000e+02 2.400000000000000000e+01 3.000000000000000000e+00 1.715000000000000000e+03 1.940000000000000000e+02
2.970000000000000000e+02 2.500000000000000000e+01 5.000000000000000000e+00 1.965000000000000000e+03 3.270000000000000000e+02
1.840000000000000000e+02 3.000000000000000000e+01 3.000000000000000000e+00 1.684000000000000000e+03 2.160000000000000000e+02
2.060000000000000000e+02 2.000000000000000000e+01 6.000000000000000000e+00 1.635000000000000000e+03 2.320000000000000000e+02
2.260000000000000000e+02 2.000000000000000000e+01 0.000000000000000000e+00 1.723000000000000000e+03 2.460000000000000000e+02
2.150000000000000000e+02 2.100000000000000000e+01 7.000000000000000000e+00 1.601000000000000000e+03 2.430000000000000000e+02
1.860000000000000000e+02 1.500000000000000000e+01 3.000000000000000000e+00 1.435000000000000000e+03 2.040000000000000000e+02
1.640000000000000000e+02 4.200000000000000000e+01 1.100000000000000000e+01 1.647000000000000000e+03 2.160000000000000000e+02
1.930000000000000000e+02 2.000000000000000000e+01 4.000000000000000000e+00 1.809000000000000000e+03 2.170000000000000000e+02
2.210000000000000000e+02 3.500000000000000000e+01 5.000000000000000000e+00 1.720000000000000000e+03 2.610000000000000000e+02
2.450000000000000000e+02 3.400000000000000000e+01 7.000000000000000000e+00 1.929000000000000000e+03 2.860000000000000000e+02
1.860000000000000000e+02 2.100000000000000000e+01 3.000000000000000000e+00 1.574000000000000000e+03 2.100000000000000000e+02
2.620000000000000000e+02 1.900000000000000000e+01 6.000000000000000000e+00 1.861000000000000000e+03 2.860000000000000000e+02
1.870000000000000000e+02 2.400000000000000000e+01 6.000000000000000000e+00 1.810000000000000000e+03 2.170000000000000000e+02
2.440000000000000000e+02 3.300000000000000000e+01 5.000000000000000000e+00 1.856000000000000000e+03 2.810000000000000000e+02
1.900000000000000000e+02 2.900000000000000000e+01 2.000000000000000000e+00 1.661000000000000000e+03 2.210000000000000000e+02
2.020000000000000000e+02 3.000000000000000000e+01 3.000000000000000000e+00 1.746000000000000000e+03 2.350000000000000000e+02
2.680000000000000000e+02 3.000000000000000000e+01 4.000000000000000000e+00 1.952000000000000000e+03 3.020000000000000000e+02
2.330000000000000000e+02 2.700000000000000000e+01 1.000000000000000000e+01 1.938000000000000000e+03 2.690000000000000000e+02
2.460000000000000000e+02 2.100000000000000000e+01 5.000000000000000000e+00 1.636000000000000000e+03 2.720000000000000000e+02
2.320000000000000000e+02 4.100000000000000000e+01 4.000000000000000000e+00 1.749000000000000000e+03 2.770000000000000000e+02
2.650000000000000000e+02 3.400000000000000000e+01 6.000000000000000000e+00 1.846000000000000000e+03 3.050000000000000000e+02
1.870000000000000000e+02 2.500000000000000000e+01 3.000000000000000000e+00 1.716000000000000000e+03 2.150000000000000000e+02
1.820000000000000000e+02 3.200000000000000000e+01 2.000000000000000000e+00 1.688000000000000000e+03 2.160000000000000000e+02
1.740000000000000000e+02 2.100000000000000000e+01 3.000000000000000000e+00 1.571000000000000000e+03 1.980000000000000000e+02
2.340000000000000000e+02 2.600000000000000000e+01 1.000000000000000000e+00 1.674000000000000000e+03 2.610000000000000000e+02
1.980000000000000000e+02 2.500000000000000000e+01 8.000000000000000000e+00 1.768000000000000000e+03 2.290000000000000000e+02
1.780000000000000000e+02 3.400000000000000000e+01 6.000000000000000000e+00 1.717000000000000000e+03 2.170000000000000000e+02
2.470000000000000000e+02 3.500000000000000000e+01 2.000000000000000000e+00 1.858000000000000000e+03 2.830000000000000000e+02
1.690000000000000000e+02 2.600000000000000000e+01 5.000000000000000000e+00 1.613000000000000000e+03 2.000000000000000000e+02
2.500000000000000000e+02 3.000000000000000000e+01 5.000000000000000000e+00 1.901000000000000000e+03 2.840000000000000000e+02
2.360000000000000000e+02 2.300000000000000000e+01 5.000000000000000000e+00 1.729000000000000000e+03 2.640000000000000000e+02
2.120000000000000000e+02 2.600000000000000000e+01 7.000000000000000000e+00 1.531000000000000000e+03 2.430000000000000000e+02
2.330000000000000000e+02 3.000000000000000000e+01 1.000000000000000000e+01 1.789000000000000000e+03 2.730000000000000000e+02
2.310000000000000000e+02 3.300000000000000000e+01 6.000000000000000000e+00 1.630000000000000000e+03 2.700000000000000000e+02
1.980000000000000000e+02 2.800000000000000000e+01 5.000000000000000000e+00 1.773000000000000000e+03 2.310000000000000000e+02
2.250000000000000000e+02 3.300000000000000000e+01 3.000000000000000000e+00 1.779000000000000000e+03 2.610000000000000000e+02
1.930000000000000000e+02 1.600000000000000000e+01 5.000000000000000000e+00 1.832000000000000000e+03 2.140000000000000000e+02
2.130000000000000000e+02 3.900000000000000000e+01 9.000000000000000000e+00 1.887000000000000000e+03 2.610000000000000000e+02
1.850000000000000000e+02 3.600000000000000000e+01 8.000000000000000000e+00 1.814000000000000000e+03 2.280000000000000000e+02
1.920000000000000000e+02 3.000000000000000000e+01 5.000000000000000000e+00 1.573000000000000000e+03 2.260000000000000000e+02
1.740000000000000000e+02 2.000000000000000000e+01 3.000000000000000000e+00 1.401000000000000000e+03 1.970000000000000000e+02
2.620000000000000000e+02 2.700000000000000000e+01 4.000000000000000000e+00 2.016000000000000000e+03 2.930000000000000000e+02
2.170000000000000000e+02 2.600000000000000000e+01 6.000000000000000000e+00 1.947000000000000000e+03 2.470000000000000000e+02
2.570000000000000000e+02 3.400000000000000000e+01 6.000000000000000000e+00 1.879000000000000000e+03 2.970000000000000000e+02
1.950000000000000000e+02 2.200000000000000000e+01 9.000000000000000000e+00 1.791000000000000000e+03 2.260000000000000000e+02
2.360000000000000000e+02 4.900000000000000000e+01 9.000000000000000000e+00 1.791000000000000000e+03 2.940000000000000000e+02
1.910000000000000000e+02 3.200000000000000000e+01 6.000000000000000000e+00 1.650000000000000000e+03 2.290000000000000000e+02
2.100000000000000000e+02 3.600000000000000000e+01 5.000000000000000000e+00 1.854000000000000000e+03 2.510000000000000000e+02
2.130000000000000000e+02 2.500000000000000000e+01 2.000000000000000000e+00 1.647000000000000000e+03 2.400000000000000000e+02
2.220000000000000000e+02 2.000000000000000000e+01 4.000000000000000000e+00 1.805000000000000000e+03 2.460000000000000000e+02
1.590000000000000000e+02 2.900000000000000000e+01 3.000000000000000000e+00 1.589000000000000000e+03 1.910000000000000000e+02
1.820000000000000000e+02 2.800000000000000000e+01 8.000000000000000000e+00 1.676000000000000000e+03 2.180000000000000000e+02
1.900000000000000000e+02 2.900000000000000000e+01 4.000000000000000000e+00 1.684000000000000000e+03 2.230000000000000000e+02
1.620000000000000000e+02 1.800000000000000000e+01 0.000000000000000000e+00 1.444000000000000000e+03 1.800000000000000000e+02
2.270000000000000000e+02 2.900000000000000000e+01 0.000000000000000000e+00 1.562000000000000000e+03 2.550000000000000000e+02
2.520000000000000000e+02 3.500000000000000000e+01 6.000000000000000000e+00 1.902000000000000000e+03 2.930000000000000000e+02
2.060000000000000000e+02 4.000000000000000000e+01 9.000000000000000000e+00 1.777000000000000000e+03 2.550000000000000000e+02
2.460000000000000000e+02 2.500000000000000000e+01 2.000000000000000000e+00 1.739000000000000000e+03 2.730000000000000000e+02
2.100000000000000000e+02 3.300000000000000000e+01 4.000000000000000000e+00 1.723000000000000000e+03 2.450000000000000000e+02
2.230000000000000000e+02 2.800000000000000000e+01 4.000000000000000000e+00 1.761000000000000000e+03 2.540000000000000000e+02
2.990000000000000000e+02 4.200000000000000000e+01 3.000000000000000000e+00 2.037000000000000000e+03 3.430000000000000000e+02
1.970000000000000000e+02 4.500000000000000000e+01 5.000000000000000000e+00 1.754000000000000000e+03 2.470000000000000000e+02
2.120000000000000000e+02 2.700000000000000000e+01 1.000000000000000000e+01 1.818000000000000000e+03 2.490000000000000000e+02
1.680000000000000000e+02 3.900000000000000000e+01 7.000000000000000000e+00 1.448000000000000000e+03 2.140000000000000000e+02
2.030000000000000000e+02 2.400000000000000000e+01 4.000000000000000000e+00 1.737000000000000000e+03 2.310000000000000000e+02
2.130000000000000000e+02 2.600000000000000000e+01 4.000000000000000000e+00 1.753000000000000000e+03 2.430000000000000000e+02
2.130000000000000000e+02 3.600000000000000000e+01 8.000000000000000000e+00 1.899000000000000000e+03 2.570000000000000000e+02
2.260000000000000000e+02 2.200000000000000000e+01 8.000000000000000000e+00 1.713000000000000000e+03 2.560000000000000000e+02
2.190000000000000000e+02 2.500000000000000000e+01 3.000000000000000000e+00 1.690000000000000000e+03 2.460000000000000000e+02
2.450000000000000000e+02 2.700000000000000000e+01 5.000000000000000000e+00 1.780000000000000000e+03 2.770000000000000000e+02
2.130000000000000000e+02 3.100000000000000000e+01 1.000000000000000000e+00 1.500000000000000000e+03 2.450000000000000000e+02
2.290000000000000000e+02 3.100000000000000000e+01 5.000000000000000000e+00 1.786000000000000000e+03 2.650000000000000000e+02
2.000000000000000000e+02 3.000000000000000000e+01 5.000000000000000000e+00 1.663000000000000000e+03 2.350000000000000000e+02
1.940000000000000000e+02 3.600000000000000000e+01 5.000000000000000000e+00 1.898000000000000000e+03 2.340000000000000000e+02
1.930000000000000000e+02 3.400000000000000000e+01 5.000000000000000000e+00 1.749000000000000000e+03 2.310000000000000000e+02
1.900000000000000000e+02 2.300000000000000000e+01 4.000000000000000000e+00 1.770000000000000000e+03 2.170000000000000000e+02
2.260000000000000000e+02 2.600000000000000000e+01 5.000000000000000000e+00 1.650000000000000000e+03 2.570000000000000000e+02
1.900000000000000000e+02 4.200000000000000000e+01 3.000000000000000000e+00 1.667000000000000000e+03 2.350000000000000000e+02
1.770000000000000000e+02 4.300000000000000000e+01 1.500000000000000000e+01 1.751000000000000000e+03 2.350000000000000000e+02
2.240000000000000000e+02 3.100000000000000000e+01 6.000000000000000000e+00 1.833000000000000000e+03 2.610000000000000000e+02
2.000000000000000000e+02 2.700000000000000000e+01 1.000000000000000000e+00 1.897000000000000000e+03 2.280000000000000000e+02
2.500000000000000000e+02 3.000000000000000000e+01 8.000000000000000000e+00 2.024000000000000000e+03 2.870000000000000000e+02
2.180000000000000000e+02 1.800000000000000000e+01 1.000000000000000000e+00 1.720000000000000000e+03 2.370000000000000000e+02
2.430000000000000000e+02 3.400000000000000000e+01 6.000000000000000000e+00 1.763000000000000000e+03 2.830000000000000000e+02
2.160000000000000000e+02 4.200000000000000000e+01 9.000000000000000000e+00 1.907000000000000000e+03 2.660000000000000000e+02
2.320000000000000000e+02 4.300000000000000000e+01 1.100000000000000000e+01 1.945000000000000000e+03 2.860000000000000000e+02
2.700000000000000000e+02 3.900000000000000000e+01 1.000000000000000000e+01 2.034000000000000000e+03 3.190000000000000000e+02
2.270000000000000000e+02 2.100000000000000000e+01 6.000000000000000000e+00 1.805000000000000000e+03 2.540000000000000000e+02
2.120000000000000000e+02 4.000000000000000000e+01 6.000000000000000000e+00 1.791000000000000000e+03 2.580000000000000000e+02
1.880000000000000000e+02 3.000000000000000000e+01 1.000000000000000000e+00 1.781000000000000000e+03 2.180000000000000000e+02
1.970000000000000000e+02 2.400000000000000000e+01 3.000000000000000000e+00 1.497000000000000000e+03 2.240000000000000000e+02
2.030000000000000000e+02 2.700000000000000000e+01 4.000000000000000000e+00 1.612000000000000000e+03 2.340000000000000000e+02
2.030000000000000000e+02 1.800000000000000000e+01 1.000000000000000000e+00 1.731000000000000000e+03 2.220000000000000000e+02
1.770000000000000000e+02 2.800000000000000000e+01 3.000000000000000000e+00 1.471000000000000000e+03 2.080000000000000000e+02
1.730000000000000000e+02 2.500000000000000000e+01 1.000000000000000000e+00 1.755000000000000000e+03 1.980000000000000000e+02
2.030000000000000000e+02 3.300000000000000000e+01 5.000000000000000000e+00 1.581000000000000000e+03 2.410000000000000000e+02
2.310000000000000000e+02 1.800000000000000000e+01 2.000000000000000000e+00 1.625000000000000000e+03 2.490000000000000000e+02
2.080000000000000000e+02 3.100000000000000000e+01 5.000000000000000000e+00 1.556000000000000000e+03 2.430000000000000000e+02
2.140000000000000000e+02 2.500000000000000000e+01 7.000000000000000000e+00 1.789000000000000000e+03 2.460000000000000000e+02
2.300000000000000000e+02 2.400000000000000000e+01 4.000000000000000000e+00 1.801000000000000000e+03 2.570000000000000000e+02
2.040000000000000000e+02 3.100000000000000000e+01 7.000000000000000000e+00 1.730000000000000000e+03 2.420000000000000000e+02
2.390000000000000000e+02 4.600000000000000000e+01 7.000000000000000000e+00 1.904000000000000000e+03 2.920000000000000000e+02
2.230000000000000000e+02 3.700000000000000000e+01 4.000000000000000000e+00 1.769000000000000000e+03 2.640000000000000000e+02
2.650000000000000000e+02 3.600000000000000000e+01 5.000000000000000000e+00 1.857000000000000000e+03 3.060000000000000000e+02
2.110000000000000000e+02 3.200000000000000000e+01 2.000000000000000000e+00 1.620000000000000000e+03 2.450000000000000000e+02
2.150000000000000000e+02 2.900000000000000000e+01 4.000000000000000000e+00 1.720000000000000000e+03 2.480000000000000000e+02
2.540000000000000000e+02 3.100000000000000000e+01 4.000000000000000000e+00 1.886000000000000000e+03 2.890000000000000000e+02
2.120000000000000000e+02 2.500000000000000000e+01 2.000000000000000000e+00 1.808000000000000000e+03 2.390000000000000000e+02
2.420000000000000000e+02 4.200000000000000000e+01 9.000000000000000000e+00 1.873000000000000000e+03 2.930000000000000000e+02
2.210000000000000000e+02 2.400000000000000000e+01 3.000000000000000000e+00 1.910000000000000000e+03 2.480000000000000000e+02
1.610000000000000000e+02 3.200000000000000000e+01 4.000000000000000000e+00 1.658000000000000000e+03 1.970000000000000000e+02
2.220000000000000000e+02 3.200000000000000000e+01 7.000000000000000000e+00 1.849000000000000000e+03 2.610000000000000000e+02
2.280000000000000000e+02 2.600000000000000000e+01 5.000000000000000000e+00 1.781000000000000000e+03 2.580000000000000000e+02
1.980000000000000000e+02 2.600000000000000000e+01 7.000000000000000000e+00 1.677000000000000000e+03 2.310000000000000000e+02
1.680000000000000000e+02 3.200000000000000000e+01 1.400000000000000000e+01 1.743000000000000000e+03 2.120000000000000000e+02
1.730000000000000000e+02 3.800000000000000000e+01 1.200000000000000000e+01 1.677000000000000000e+03 2.220000000000000000e+02
2.470000000000000000e+02 3.800000000000000000e+01 7.000000000000000000e+00 1.980000000000000000e+03 2.900000000000000000e+02
2.020000000000000000e+02 1.900000000000000000e+01 3.000000000000000000e+00 1.517000000000000000e+03 2.240000000000000000e+02
2.070000000000000000e+02 3.500000000000000000e+01 9.000000000000000000e+00 1.828000000000000000e+03 2.510000000000000000e+02
2.070000000000000000e+02 2.100000000000000000e+01 3.000000000000000000e+00 1.477000000000000000e+03 2.310000000000000000e+02
1.940000000000000000e+02 2.400000000000000000e+01 7.000000000000000000e+00 1.589000000000000000e+03 2.250000000000000000e+02
2.060000000000000000e+02 2.400000000000000000e+01 5.000000000000000000e+00 1.607000000000000000e+03 2.350000000000000000e+02
2.370000000000000000e+02 2.500000000000000000e+01 4.000000000000000000e+00 1.793000000000000000e+03 2.660000000000000000e+02
1.990000000000000000e+02 3.500000000000000000e+01 7.000000000000000000e+00 1.591000000000000000e+03 2.410000000000000000e+02
2.020000000000000000e+02 2.200000000000000000e+01 7.000000000000000000e+00 1.698000000000000000e+03 2.310000000000000000e+02
2.140000000000000000e+02 1.900000000000000000e+01 1.000000000000000000e+00 1.786000000000000000e+03 2.340000000000000000e+02
1.940000000000000000e+02 2.100000000000000000e+01 5.000000000000000000e+00 1.741000000000000000e+03 2.200000000000000000e+02
2.140000000000000000e+02 3.000000000000000000e+01 2.000000000000000000e+00 1.873000000000000000e+03 2.460000000000000000e+02
2.200000000000000000e+02 3.700000000000000000e+01 6.000000000000000000e+00 1.859000000000000000e+03 2.630000000000000000e+02
2.470000000000000000e+02 3.500000000000000000e+01 4.000000000000000000e+00 1.979000000000000000e+03 2.850000000000000000e+02
2.590000000000000000e+02 3.000000000000000000e+01 5.000000000000000000e+00 1.751000000000000000e+03 2.940000000000000000e+02
2.900000000000000000e+02 3.000000000000000000e+01 1.000000000000000000e+00 1.745000000000000000e+03 3.190000000000000000e+02
2.290000000000000000e+02 2.800000000000000000e+01 2.000000000000000000e+00 1.794000000000000000e+03 2.590000000000000000e+02
2.150000000000000000e+02 2.300000000000000000e+01 5.000000000000000000e+00 1.864000000000000000e+03 2.410000000000000000e+02
2.920000000000000000e+02 2.300000000000000000e+01 7.000000000000000000e+00 1.984000000000000000e+03 3.220000000000000000e+02
1.940000000000000000e+02 3.400000000000000000e+01 9.000000000000000000e+00 1.876000000000000000e+03 2.360000000000000000e+02
2.560000000000000000e+02 2.000000000000000000e+01 3.000000000000000000e+00 1.811000000000000000e+03 2.790000000000000000e+02
2.140000000000000000e+02 2.500000000000000000e+01 3.000000000000000000e+00 1.675000000000000000e+03 2.410000000000000000e+02
2.160000000000000000e+02 2.900000000000000000e+01 4.000000000000000000e+00 1.927000000000000000e+03 2.490000000000000000e+02
2.130000000000000000e+02 2.200000000000000000e+01 3.000000000000000000e+00 1.778000000000000000e+03 2.380000000000000000e+02
2.210000000000000000e+02 2.100000000000000000e+01 6.000000000000000000e+00 1.486000000000000000e+03 2.480000000000000000e+02
2.310000000000000000e+02 1.900000000000000000e+01 6.000000000000000000e+00 1.626000000000000000e+03 2.550000000000000000e+02
1.840000000000000000e+02 4.400000000000000000e+01 8.000000000000000000e+00 1.694000000000000000e+03 2.360000000000000000e+02
2.330000000000000000e+02 3.500000000000000000e+01 1.000000000000000000e+00 1.624000000000000000e+03 2.690000000000000000e+02
2.070000000000000000e+02 3.100000000000000000e+01 5.000000000000000000e+00 1.720000000000000000e+03 2.430000000000000000e+02
2.390000000000000000e+02 3.300000000000000000e+01 5.000000000000000000e+00 1.821000000000000000e+03 2.770000000000000000e+02
2.060000000000000000e+02 2.900000000000000000e+01 3.000000000000000000e+00 1.781000000000000000e+03 2.380000000000000000e+02
2.380000000000000000e+02 3.800000000000000000e+01 1.000000000000000000e+01 1.841000000000000000e+03 2.860000000000000000e+02
3.050000000000000000e+02 2.300000000000000000e+01 4.000000000000000000e+00 1.842000000000000000e+03 3.320000000000000000e+02
2.020000000000000000e+02 2.700000000000000000e+01 4.000000000000000000e+00 1.727000000000000000e+03 2.320000000000000000e+02
1.650000000000000000e+02 2.800000000000000000e+01 4.000000000000000000e+00 1.481000000000000000e+03 1.970000000000000000e+02
2.090000000000000000e+02 2.600000000000000000e+01 3.000000000000000000e+00 1.601000000000000000e+03 2.380000000000000000e+02
1.910000000000000000e+02 2.900000000000000000e+01 7.000000000000000000e+00 1.642000000000000000e+03 2.260000000000000000e+02
2.140000000000000000e+02 2.400000000000000000e+01 2.000000000000000000e+00 1.855000000000000000e+03 2.400000000000000000e+02
2.290000000000000000e+02 2.200000000000000000e+01 3.000000000000000000e+00 1.827000000000000000e+03 2.540000000000000000e+02
1.930000000000000000e+02 3.200000000000000000e+01 7.000000000000000000e+00 1.587000000000000000e+03 2.310000000000000000e+02
2.580000000000000000e+02 3.100000000000000000e+01 6.000000000000000000e+00 1.932000000000000000e+03 2.950000000000000000e+02
1.730000000000000000e+02 3.500000000000000000e+01 7.000000000000000000e+00 1.805000000000000000e+03 2.150000000000000000e+02
2.200000000000000000e+02 2.600000000000000000e+01 5.000000000000000000e+00 1.830000000000000000e+03 2.510000000000000000e+02
1.620000000000000000e+02 2.600000000000000000e+01 3.000000000000000000e+00 1.692000000000000000e+03 1.900000000000000000e+02
1.830000000000000000e+02 2.100000000000000000e+01 3.000000000000000000e+00 1.497000000000000000e+03 2.060000000000000000e+02
1.940000000000000000e+02 2.600000000000000000e+01 3.000000000000000000e+00 1.530000000000000000e+03 2.230000000000000000e+02
1.600000000000000000e+02 2.500000000000000000e+01 5.000000000000000000e+00 1.574000000000000000e+03 1.900000000000000000e+02
1.900000000000000000e+02 2.900000000000000000e+01 2.000000000000000000e+00 1.769000000000000000e+03 2.210000000000000000e+02
1.960000000000000000e+02 2.600000000000000000e+01 6.000000000000000000e+00 1.711000000000000000e+03 2.280000000000000000e+02
1.920000000000000000e+02 2.300000000000000000e+01 6.000000000000000000e+00 1.636000000000000000e+03 2.200000000000000000e+02
1.910000000000000000e+02 2.400000000000000000e+01 6.000000000000000000e+00 1.280000000000000000e+03 2.200000000000000000e+02
